1.114189147949218750e+00 7.392218336462974548e-03 -1.693556434474885464e-03 4.959163721650838852e-03 -6.984556093811988831e-03 2.075805095955729485e-04
1.131780147552490234e+00 4.489168990403413773e-03 -7.361942902207374573e-03 3.673108760267496109e-03 -1.176020968705415726e-02 1.168764865724369884e-04
1.129946470260620117e+00 6.547455675899982452e-03 -1.668445393443107605e-02 3.976386040449142456e-03 -1.345006749033927917e-02 3.282094839960336685e-04
1.125110149383544922e+00 2.457420341670513153e-03 6.594974547624588013e-03 5.078254616819322109e-04 -1.771152578294277191e-02 2.457092632539570332e-04
1.119605422019958496e+00 9.586169384419918060e-03 1.329618506133556366e-03 9.561222395859658718e-04 -1.642478629946708679e-02 2.428231382509693503e-04
1.117477178573608398e+00 9.544191882014274597e-03 5.450144875794649124e-03 1.244539394974708557e-03 -1.446320023387670517e-02 1.455995661672204733e-04
1.123567342758178711e+00 9.041983634233474731e-03 7.888535037636756897e-03 3.052749205380678177e-03 -1.390870846807956696e-02 5.781535292044281960e-04
1.115657925605773926e+00 9.547328576445579529e-03 3.768909024074673653e-03 3.968491684645414352e-03 -1.413351111114025116e-02 4.979217774234712124e-04
1.126986503601074219e+00 1.113838795572519302e-02 5.648109596222639084e-03 2.474781358614563942e-03 -1.418201159685850143e-02 2.435802016407251358e-04
1.117068290710449219e+00 1.631002873182296753e-02 -2.645736001431941986e-02 6.602559238672256470e-03 -9.559310041368007660e-03 3.939885646104812622e-04
1.116919636726379395e+00 8.671498857438564301e-03 -1.824551075696945190e-02 3.116857260465621948e-03 -1.617666147649288177e-02 7.245955057442188263e-04
1.132041931152343750e+00 9.612634778022766113e-03 -2.927915006875991821e-02 2.734019886702299118e-03 -2.054272964596748352e-02 6.120630423538386822e-04
1.132370233535766602e+00 5.927866324782371521e-03 -1.676570624113082886e-02 7.030251435935497284e-05 -2.027152664959430695e-02 9.756020153872668743e-05
1.134765148162841797e+00 1.000285055488348007e-02 -2.303195744752883911e-02 2.716043731197714806e-03 -1.768298633396625519e-02 5.285319057293236256e-04
1.122390627861022949e+00 7.157117128372192383e-03 -2.516173198819160461e-02 -4.149292362853884697e-05 -1.622078754007816315e-02 6.563941715285181999e-04
1.125662803649902344e+00 6.018680054694414139e-03 -3.362105041742324829e-02 3.595087444409728050e-03 -1.730596274137496948e-02 4.876779858022928238e-04
1.139192461967468262e+00 7.467963732779026031e-03 -2.842528559267520905e-02 3.592535387724637985e-03 -1.955932565033435822e-02 2.042055566562339664e-04
1.139014720916748047e+00 8.727139793336391449e-03 -2.847543684765696526e-03 -2.679087338037788868e-04 -1.769587025046348572e-02 5.444901762530207634e-04
1.130454778671264648e+00 9.884818457067012787e-03 -4.238523542881011963e-04 3.119241911917924881e-03 -1.410263404250144958e-02 7.986272685229778290e-04
1.135280609130859375e+00 2.076739212498068810e-03 8.522431366145610809e-03 -2.820331719703972340e-04 -1.547931134700775146e-02 7.691461942158639431e-04
1.132796645164489746e+00 6.316710263490676880e-03 -1.007331721484661102e-02 2.097469056025147438e-03 -1.469881646335124969e-02 3.303973062429577112e-04
1.124632596969604492e+00 3.598430426791310310e-03 -2.752358093857765198e-03 1.933859020937234163e-04 -1.784675754606723785e-02 6.076495046727359295e-04
1.135563969612121582e+00 -4.448961117304861546e-04 1.047003269195556641e-02 -3.444752655923366547e-04 -1.824052073061466217e-02 9.603592334315180779e-04
1.128054141998291016e+00 -2.320142928510904312e-03 2.001271769404411316e-02 -1.697012456133961678e-03 -1.691683381795883179e-02 1.021503005176782608e-03
1.120775461196899414e+00 2.000333275645971298e-03 -7.244009524583816528e-03 1.506785629317164421e-04 -1.667326129972934723e-02 9.581563062965869904e-04
1.109997630119323730e+00 3.453429788351058960e-03 -2.117779292166233063e-02 1.830326160416007042e-03 -1.644014008343219757e-02 7.383553311228752136e-04
1.098612308502197266e+00 3.605511505156755447e-03 -3.298810869455337524e-02 -4.670399066526442766e-04 -1.837983168661594391e-02 5.600961158052086830e-04
1.073535561561584473e+00 5.637793336063623428e-03 -3.535839542746543884e-02 5.552781280130147934e-03 -1.501751132309436798e-02 4.896154860034584999e-04
1.067537903785705566e+00 2.748344326391816139e-03 -6.473782937973737717e-03 3.147155977785587311e-03 -1.522206421941518784e-02 1.410363474860787392e-03
1.043185949325561523e+00 8.962594904005527496e-03 3.882119059562683105e-02 3.304258221760392189e-03 -9.226347319781780243e-03 1.441915519535541534e-03
1.028567910194396973e+00 5.000947974622249603e-03 1.788780093193054199e-02 -2.536763437092304230e-03 -1.477291993796825409e-02 1.382212270982563496e-03
1.000699043273925781e+00 7.987332530319690704e-03 3.183510527014732361e-02 2.951992210000753403e-03 -1.179706119000911713e-02 4.090995571459643543e-05
9.985156059265136719e-01 6.439178250730037689e-03 6.127993017435073853e-02 -3.054594621062278748e-03 -1.640269160270690918e-02 1.698063424555584788e-04
9.769286513328552246e-01 9.014020673930644989e-03 4.208103567361831665e-02 -1.621912349946796894e-03 -9.788488969206809998e-03 -4.165424907114356756e-04
9.606027007102966309e-01 7.582307327538728714e-03 -5.982229486107826233e-04 3.324265591800212860e-03 -1.080616377294063568e-02 4.591278266161680222e-04
9.303641319274902344e-01 2.253648592159152031e-03 3.062391653656959534e-02 -5.901764961890876293e-04 -1.055746152997016907e-02 9.537806035950779915e-04
9.027906060218811035e-01 5.968420300632715225e-03 1.283847354352474213e-02 2.434345427900552750e-03 -7.478938903659582138e-03 2.918230893556028605e-04
8.913953900337219238e-01 3.914932720363140106e-03 6.298732478171586990e-04 4.870342090725898743e-03 -1.036282442510128021e-02 -2.885357826016843319e-04
8.729733824729919434e-01 3.767865709960460663e-03 1.222689915448427200e-02 9.611246641725301743e-04 -1.374866627156734467e-02 2.915333607234060764e-04
8.451995253562927246e-01 7.321299519389867783e-03 2.433218993246555328e-02 -1.374151674099266529e-03 -6.770877167582511902e-03 -1.154036493971943855e-03
8.337827324867248535e-01 4.041515290737152100e-03 -2.111495472490787506e-02 2.869430230930447578e-03 -1.182954479008913040e-02 -6.695243646390736103e-04
8.127123713493347168e-01 -1.221877872012555599e-03 -5.857300478965044022e-03 3.403008449822664261e-03 -1.202910766005516052e-02 4.817968292627483606e-04
7.969491481781005859e-01 2.663015155121684074e-03 -6.210587918758392334e-03 8.182701421901583672e-04 -1.124811079353094101e-02 -2.399755030637606978e-04
7.783129811286926270e-01 6.746585015207529068e-03 7.093423046171665192e-04 -1.792783732526004314e-04 -1.162225753068923950e-02 -8.901144610717892647e-04
7.539367079734802246e-01 5.016711074858903885e-03 -3.996866941452026367e-02 1.603938639163970947e-03 -1.140903122723102570e-02 -5.304443184286355972e-04
7.435744404792785645e-01 2.758697140961885452e-03 -2.442248910665512085e-02 3.937914036214351654e-03 -1.191981974989175797e-02 -5.200592568144202232e-04
7.296620607376098633e-01 3.549365792423486710e-03 -7.986223325133323669e-03 7.692101062275469303e-04 -8.543786592781543732e-03 -2.916804747655987740e-03
7.098063230514526367e-01 3.565530292689800262e-03 -1.637442037463188171e-03 8.338961051777005196e-04 -9.493354707956314087e-03 -4.356896970421075821e-03
7.071932554244995117e-01 2.603955334052443504e-03 -3.419451648369431496e-03 2.555135637521743774e-03 -9.571855887770652771e-03 -2.342329593375325203e-03
6.970366239547729492e-01 -1.017710426822304726e-03 -1.842937059700489044e-02 2.320470754057168961e-03 -1.159299816936254501e-02 2.087196116917766631e-05
6.629273295402526855e-01 1.970055745914578438e-03 -7.587797008454799652e-03 1.183870946988463402e-03 -1.030072476714849472e-02 -5.865044076927006245e-04
6.344985365867614746e-01 3.170580370351672173e-03 2.096800133585929871e-03 1.000702497549355030e-03 -8.490166626870632172e-03 -1.085598836652934551e-03
6.040784716606140137e-01 4.403122700750827789e-03 6.889306008815765381e-03 6.032807286828756332e-04 -6.452762056142091751e-03 -9.556578588671982288e-04
5.736610889434814453e-01 6.128909997642040253e-03 5.698874592781066895e-04 -1.437131140846759081e-04 -6.418412551283836365e-03 -1.360889757052063942e-03
5.563716292381286621e-01 4.360069986432790756e-03 -1.979777403175830841e-02 -5.318765761330723763e-04 -1.072572451084852219e-02 -2.229483798146247864e-03
5.535320639610290527e-01 2.678985241800546646e-03 -3.012002259492874146e-02 9.925321210175752640e-04 -1.183696649968624115e-02 -2.589375479146838188e-03
5.563230514526367188e-01 2.168269129469990730e-03 -2.844096533954143524e-02 1.795393414795398712e-03 -1.120704319328069687e-02 -2.653746400028467178e-03
5.458836555480957031e-01 2.433374058455228806e-03 -2.350297570228576660e-02 1.689851400442421436e-03 -1.022286713123321533e-02 -2.146572107449173927e-03
5.300216078758239746e-01 4.667934030294418335e-03 -1.829423196613788605e-02 1.231212518177926540e-03 -8.760204538702964783e-03 -1.560590346343815327e-03
5.023774504661560059e-01 5.373335443437099457e-03 -1.320212986320257187e-02 9.618498152121901512e-04 -7.161821704357862473e-03 -1.020530355162918568e-03
4.935034215450286865e-01 5.107694305479526520e-03 -1.899287663400173187e-02 1.554815564304590225e-03 -6.226878147572278976e-03 -4.504980752244591713e-04
4.664264917373657227e-01 1.439711195416748524e-03 5.277048330754041672e-03 4.879761836491525173e-04 -5.344273522496223450e-03 -4.494164750212803483e-05
4.504264593124389648e-01 5.290586268529295921e-04 9.827240137383341789e-04 2.746128011494874954e-04 -4.703682847321033478e-03 -8.602201705798506737e-05
4.237135052680969238e-01 3.226598259061574936e-03 -1.958359405398368835e-02 3.086210228502750397e-03 -5.169854033738374710e-03 -3.215735778212547302e-04
4.216170608997344971e-01 1.949209370650351048e-03 5.427003838121891022e-03 -2.391182642895728350e-04 -5.154383834451436996e-03 -3.728579031303524971e-04
3.790803253650665283e-01 2.447139238938689232e-03 3.635277738794684410e-03 3.112628473900258541e-04 -5.445150658488273621e-03 -1.367966979159973562e-05
3.716636598110198975e-01 1.947030541487038136e-03 5.015510134398937225e-03 1.683159498497843742e-04 -4.438202828168869019e-03 2.595244150143116713e-04
3.444169163703918457e-01 2.787034609355032444e-04 -1.126519311219453812e-02 -1.811079564504325390e-04 -4.199145827442407608e-03 -3.792811185121536255e-05
3.365103006362915039e-01 1.085741212591528893e-03 -1.874333620071411133e-02 7.669123588129878044e-04 -5.990292411297559738e-03 1.183394851977936924e-04
2.438079565763473511e-01 2.378841396421194077e-03 -2.478884719312191010e-02 1.671690959483385086e-03 -4.922129213809967041e-03 2.769397979136556387e-04
3.191130757331848145e-01 5.241312552243471146e-03 -2.708048373460769653e-02 1.383416936732828617e-03 -5.759317427873611450e-03 6.216359906829893589e-04
3.189050257205963135e-01 2.187657635658979416e-03 -6.907705683261156082e-03 6.509500090032815933e-04 -4.618823062628507614e-03 7.319878786802291870e-04
3.197777271270751953e-01 1.928679877892136574e-03 -1.062514353543519974e-02 -1.706755720078945160e-04 -5.355020053684711456e-03 4.136044881306588650e-04
3.227852582931518555e-01 9.967135265469551086e-04 -1.297050993889570236e-02 -3.625953104346990585e-05 -5.818001460283994675e-03 4.041464999318122864e-04
3.278749287128448486e-01 2.540066139772534370e-03 -4.591415636241436005e-03 6.029524956829845905e-05 -4.661665298044681549e-03 1.116946805268526077e-03
3.247303366661071777e-01 1.144091715104877949e-03 2.874797675758600235e-03 2.353938471060246229e-04 -2.771907718852162361e-03 1.702658599242568016e-03
3.381795287132263184e-01 4.327065311372280121e-03 8.317146450281143188e-03 2.040391322225332260e-03 -1.737757469527423382e-03 2.531111938878893852e-03
3.596911728382110596e-01 6.494391709566116333e-03 2.060013636946678162e-02 -9.935311391018331051e-05 -2.245242474600672722e-03 3.693074919283390045e-03
3.684034943580627441e-01 4.906218033283948898e-03 -1.579444739036262035e-03 -3.638082649558782578e-03 2.647718880325555801e-03 3.818148281425237656e-03
3.909762501716613770e-01 5.055304151028394699e-03 2.725708764046430588e-03 3.504606429487466812e-04 -1.368477824144065380e-03 4.477051086723804474e-03
4.159142673015594482e-01 -1.533171744085848331e-03 4.357124678790569305e-03 1.234111841768026352e-03 -4.398214165121316910e-03 4.912114702165126801e-03
4.208641946315765381e-01 -2.452278044074773788e-03 1.007681339979171753e-02 1.212654402479529381e-03 -2.138543641194701195e-03 7.956656627357006073e-04
3.972752094268798828e-01 2.746943384408950806e-03 1.382011175155639648e-02 3.625622019171714783e-03 3.619307186454534531e-03 -5.507001187652349472e-04
3.676398694515228271e-01 5.192252807319164276e-03 2.234472893178462982e-02 9.143403149209916592e-04 4.248539917171001434e-03 1.580414827913045883e-03
3.391355872154235840e-01 3.546590218320488930e-03 -8.665379136800765991e-04 -3.148079151287674904e-03 3.256595693528652191e-03 9.632746805436909199e-04
2.984431982040405273e-01 6.275264080613851547e-03 -7.519688922911882401e-03 -5.182329099625349045e-03 -6.292692851275205612e-03 -6.294549093581736088e-04
2.874662578105926514e-01 3.678078064695000648e-03 -1.582143083214759827e-02 -1.260237768292427063e-03 -5.928713828325271606e-03 6.401812424883246422e-04
2.668842673301696777e-01 -2.164791105315089226e-03 1.099208183586597443e-02 1.640514470636844635e-03 -3.140697022899985313e-03 2.071943134069442749e-03
2.373650223016738892e-01 -3.512411843985319138e-03 2.495317906141281128e-02 7.066586054861545563e-03 3.755228593945503235e-03 7.497768383473157883e-04
2.149378955364227295e-01 -1.372600207105278969e-03 2.312692068517208099e-02 2.631842857226729393e-03 4.046394024044275284e-03 -6.569547113031148911e-04
1.923807263374328613e-01 2.043247455731034279e-03 5.118611734360456467e-03 7.403601193800568581e-04 1.196405501104891300e-03 2.216322172898799181e-04
1.713779270648956299e-01 2.885489957407116890e-04 -9.679599665105342865e-03 -2.000723266974091530e-03 -1.432961551472544670e-03 1.797309028916060925e-03
1.623698472976684570e-01 9.325189166702330112e-04 -9.250191971659660339e-03 -2.397569129243493080e-03 -3.380834590643644333e-03 8.980784332379698753e-04
1.501244753599166870e-01 2.094392431899905205e-03 -2.738088369369506836e-03 -3.097823937423527241e-04 -1.021588337607681751e-03 -2.647935434652026743e-05
1.378353685140609741e-01 -6.795259541831910610e-04 5.991681013256311417e-03 -3.207789850421249866e-04 -4.848703101743012667e-04 6.472680834122002125e-04
1.266656368970870972e-01 -1.338932081125676632e-03 6.455207243561744690e-03 1.029162784107029438e-03 1.006858190521597862e-03 1.281656092032790184e-03
1.166411191225051880e-01 7.283567683771252632e-04 4.608493763953447342e-03 3.209893475286662579e-04 2.714440051931887865e-05 9.771214099600911140e-04
1.155198439955711365e-01 8.798978524282574654e-04 -1.181448576971888542e-03 3.574970469344407320e-04 -1.529694302007555962e-03 1.291551743634045124e-03
1.130831539630889893e-01 1.254364848136901855e-03 -1.834002323448657990e-03 1.736120611894875765e-05 -1.613722299225628376e-03 1.814827206544578075e-03
1.154530718922615051e-01 1.323127187788486481e-03 3.452087752521038055e-03 -9.756729123182594776e-04 -2.912477648351341486e-04 2.103594597429037094e-03
1.047225669026374817e-01 1.167749403975903988e-03 2.087384928017854691e-03 -5.532339564524590969e-04 1.937866763910278678e-04 2.062568441033363342e-03
1.068616807460784912e-01 7.267460459843277931e-04 -2.845104550942778587e-03 -5.353608867153525352e-04 -2.268766984343528748e-04 2.575544640421867371e-03
1.038318574428558350e-01 1.256526098586618900e-03 -1.721797016216441989e-04 3.740871325135231018e-04 -1.757025602273643017e-03 3.392846556380391121e-03
1.040409877896308899e-01 9.921321179717779160e-06 -2.158715156838297844e-03 1.116291154175996780e-03 -1.115388469770550728e-03 3.616919275373220444e-03
1.035134941339492798e-01 2.098921395372599363e-04 -2.014955971390008926e-04 -6.745918653905391693e-05 -8.696480072103440762e-04 3.827210515737533569e-03
1.054346412420272827e-01 2.050988550763577223e-04 -1.931693986989557743e-03 -1.639085094211623073e-04 -6.861914880573749542e-04 4.582173191010951996e-03
1.029250845313072205e-01 8.687854860909283161e-04 -2.359509817324578762e-04 -4.237190005369484425e-04 -3.067067882511764765e-05 5.379518959671258926e-03
1.042271107435226440e-01 1.367851975373923779e-03 2.090957714244723320e-04 -3.928291553165763617e-04 -1.322448370046913624e-04 5.542566999793052673e-03
1.069921404123306274e-01 1.464694621972739697e-03 -6.182414945214986801e-03 -3.884632606059312820e-04 -1.148268114775419235e-03 6.201823707669973373e-03
1.113469526171684265e-01 7.114851614460349083e-04 -8.474218775518238544e-04 8.132230723276734352e-04 -1.566021004691720009e-03 7.869126275181770325e-03
1.193464249372482300e-01 -9.513890108792111278e-05 -6.152615882456302643e-03 5.274090799503028393e-04 -1.265789265744388103e-03 9.127750061452388763e-03
1.308723837137222290e-01 1.314295222982764244e-03 -9.417542023584246635e-04 1.105171279050409794e-03 -2.173253800719976425e-03 1.061895024031400681e-02
1.445151716470718384e-01 1.414523809216916561e-03 -1.872031600214540958e-03 6.760629476048052311e-04 -1.189633854664862156e-03 1.257717423141002655e-02
1.586204171180725098e-01 1.475959783419966698e-03 -1.482052030041813850e-03 -7.447747630067169666e-04 -7.828750531189143658e-04 1.492286846041679382e-02
1.704505234956741333e-01 2.347030211240053177e-03 1.600308460183441639e-03 -3.185785681125707924e-05 -3.360729897394776344e-04 1.689966209232807159e-02
1.855371445417404175e-01 6.933035911060869694e-04 4.266856238245964050e-03 8.273438434116542339e-04 -3.247347194701433182e-04 1.908846385776996613e-02
1.981083452701568604e-01 1.443066634237766266e-03 1.267086248844861984e-02 9.803115390241146088e-04 -1.650422200327739120e-05 2.056573331356048584e-02
2.066828459501266479e-01 1.182058360427618027e-03 -9.596633026376366615e-05 -1.262961159227415919e-04 6.311974138952791691e-04 2.192886173725128174e-02
2.161067724227905273e-01 2.893067197874188423e-03 3.757705446332693100e-03 4.734726098831743002e-04 3.389373305253684521e-04 2.382639236748218536e-02
2.287712693214416504e-01 1.164582092314958572e-03 9.813342243432998657e-03 4.127448482904583216e-04 -1.538825221359729767e-03 2.531390823423862457e-02
2.339948415756225586e-01 2.755588851869106293e-03 1.186179742217063904e-02 4.363476764410734177e-04 -9.171280544251203537e-04 2.566770464181900024e-02
2.400659471750259399e-01 3.000190248712897301e-03 8.634697645902633667e-03 -2.116061223205178976e-04 -3.172552387695759535e-04 2.646010927855968475e-02
2.487101852893829346e-01 4.309446085244417191e-03 1.760370470583438873e-02 1.027263700962066650e-03 -2.306324429810047150e-03 2.781892195343971252e-02
2.549429237842559814e-01 3.240461228415369987e-03 1.869676448404788971e-02 -2.946499153040349483e-04 -1.969619188457727432e-03 2.841336280107498169e-02
2.621352076530456543e-01 3.986975178122520447e-03 2.049913816154003143e-02 7.239169790409505367e-04 -2.849834272637963295e-03 2.890791185200214386e-02
2.646593153476715088e-01 2.881409600377082825e-03 3.107590973377227783e-02 1.525420579127967358e-03 -2.474277047440409660e-03 2.983840741217136383e-02
2.712262272834777832e-01 5.615261616185307503e-04 2.620156854391098022e-02 1.405964372679591179e-03 -2.910402370616793633e-03 3.075128048658370972e-02
2.749138474464416504e-01 2.831660676747560501e-03 3.333328664302825928e-02 2.586574759334325790e-03 -2.497794805094599724e-03 3.088966384530067444e-02
2.794416248798370361e-01 4.538055509328842163e-03 3.471710160374641418e-02 2.406266517937183380e-03 -2.481518778949975967e-03 3.140117228031158447e-02
2.862633764743804932e-01 5.159200169146060944e-03 2.590224519371986389e-02 -6.390443304553627968e-04 -2.740220399573445320e-03 3.208491206169128418e-02
2.876146435737609863e-01 8.784211240708827972e-03 2.136404439806938171e-02 1.240588026121258736e-03 -2.850111341103911400e-03 3.231751546263694763e-02
2.921392321586608887e-01 4.368030466139316559e-03 1.930295862257480621e-02 -6.878814310766756535e-04 -3.168017370626330376e-03 3.307234123349189758e-02
2.959151566028594971e-01 4.214423242956399918e-03 1.913337409496307373e-02 5.885081482119858265e-04 -3.360272850841283798e-03 3.331375867128372192e-02
2.998521029949188232e-01 4.703031852841377258e-03 1.255464646965265274e-02 6.305829738266766071e-04 -4.098652862012386322e-03 3.338573127985000610e-02
3.010174632072448730e-01 1.379299443215131760e-03 2.134545892477035522e-02 -1.507352135377004743e-04 -3.673207014799118042e-03 3.328039497137069702e-02
3.060767650604248047e-01 2.480844967067241669e-03 2.104887552559375763e-02 -3.781359991990029812e-04 -4.188124556094408035e-03 3.342882916331291199e-02
3.142863512039184570e-01 8.661365136504173279e-03 5.427876487374305725e-03 1.458500628359615803e-03 -4.902493674308061600e-03 3.401106595993041992e-02
3.094424009323120117e-01 6.197592243552207947e-03 1.781904697418212891e-02 2.389315923210233450e-04 -3.286910708993673325e-03 3.294746205210685730e-02
3.146313130855560303e-01 6.812862120568752289e-03 2.033416368067264557e-02 -4.638006794266402721e-04 -3.905040444806218147e-03 3.209597989916801453e-02
3.107213973999023438e-01 2.979154465720057487e-03 3.212487325072288513e-02 -1.993766985833644867e-03 -2.512393053621053696e-03 3.148504719138145447e-02
3.282858133316040039e-01 4.775519482791423798e-03 6.313232704997062683e-03 6.281451205722987652e-04 -4.933353979140520096e-03 3.220769390463829041e-02
3.202351927757263184e-01 -2.765777055174112320e-03 3.110621124505996704e-02 -1.423908979631960392e-03 -3.151646349579095840e-03 3.075497597455978394e-02
3.328417837619781494e-01 -1.232256530784070492e-03 1.179948262870311737e-02 3.845953615382313728e-04 -4.479811061173677444e-03 3.061940148472785950e-02
3.276048898696899414e-01 -1.377416308969259262e-03 2.228206582367420197e-02 1.243502134457230568e-03 -3.649486228823661804e-03 3.000623919069766998e-02
3.429911136627197266e-01 9.354373440146446228e-03 7.349153980612754822e-03 8.621915476396679878e-04 -4.627007059752941132e-03 3.057163022458553314e-02
3.300399780273437500e-01 5.981764290481805801e-03 1.465765573084354401e-02 7.987844292074441910e-04 -3.763452637940645218e-03 2.997147850692272186e-02
3.373396396636962891e-01 7.536532822996377945e-03 1.503501646220684052e-02 -4.149446904193609953e-04 -4.332693759351968765e-03 3.049449436366558075e-02
3.359294235706329346e-01 2.951145637780427933e-03 2.559350058436393738e-02 -9.258015197701752186e-04 -3.452050033956766129e-03 2.990364655852317810e-02
3.420843183994293213e-01 3.814933123067021370e-03 2.053888887166976929e-02 -7.196497754193842411e-04 -4.087998066097497940e-03 2.891694754362106323e-02
3.429290354251861572e-01 -9.182280628010630608e-04 2.552334591746330261e-02 2.364011015743017197e-05 -3.741711610928177834e-03 2.878692932426929474e-02
3.438927531242370605e-01 1.190404174849390984e-03 1.871383935213088989e-02 8.594967657700181007e-04 -3.633841406553983688e-03 2.831027656793594360e-02
3.468922972679138184e-01 4.829741548746824265e-03 2.134521864354610443e-02 7.344562909565865993e-04 -4.453482106328010559e-03 2.756880037486553192e-02
3.486545085906982422e-01 4.613547585904598236e-03 2.544507570564746857e-02 -7.274459931068122387e-04 -3.887370461598038673e-03 2.608711272478103638e-02
3.552230596542358398e-01 2.033979399129748344e-03 2.244440093636512756e-02 -1.227996312081813812e-03 -5.076453555375337601e-03 2.529323659837245941e-02
3.599376380443572998e-01 -1.461367239244282246e-03 2.384112216532230377e-02 9.426795877516269684e-04 -3.870710497722029686e-03 2.464634552597999573e-02
