1.106944427832528618e+03 -2.153787463263965378e+02 1.921055028176107982e+01
1.107938754150392697e+03 -2.158543366794291103e+02 1.922917127960338490e+01
1.108935879175731543e+03 -2.163302862362963594e+02 1.924488606486942999e+01
1.109933300376706939e+03 -2.168064251172722265e+02 1.925983836574787844e+01
1.110926927298338569e+03 -2.172803475472738910e+02 1.927213413637799277e+01
1.111916148629954478e+03 -2.177513906650175386e+02 1.929530543868002823e+01
1.112907677693511687e+03 -2.182265831135873384e+02 1.932010933672453135e+01
1.113894779311464390e+03 -2.186995522178835074e+02 1.935065149175530763e+01
1.114874313315523978e+03 -2.191702524163715395e+02 1.938370934685822533e+01
1.115870073164120186e+03 -2.196488070510808370e+02 1.940856038422208130e+01
1.116852807155620212e+03 -2.201211297376902962e+02 1.943796497308407112e+01
1.117835112994937390e+03 -2.205936119330166321e+02 1.946434324799407278e+01
1.118822758927948598e+03 -2.210672705743068889e+02 1.949076504139623367e+01
1.119825527403499109e+03 -2.215452263375165955e+02 1.951119700321223149e+01
1.120811037182726750e+03 -2.220179351485837174e+02 1.954270051647389650e+01
1.121813031181012775e+03 -2.224990203610458082e+02 1.955847158390696805e+01
1.122814121371148076e+03 -2.229815172672082895e+02 1.957579892678405287e+01
1.123810899821067551e+03 -2.234605936918086684e+02 1.959746166256995537e+01
1.124819508974333530e+03 -2.239450584359380798e+02 1.961406790047054471e+01
1.125810034160332862e+03 -2.244236092730232031e+02 1.964039282658389141e+01
1.126811647944774222e+03 -2.249060073283871191e+02 1.966304970235884042e+01
1.127812694947941054e+03 -2.253875439876327107e+02 1.968430094771444061e+01
1.128811399866683587e+03 -2.258676459047608773e+02 1.970058762025376353e+01
1.129802172471701397e+03 -2.263441419461390183e+02 1.972647605320116782e+01
1.130812205545759525e+03 -2.268278823054764928e+02 1.974407413229057084e+01
1.131796209907038701e+03 -2.272971521585348000e+02 1.977272463166772454e+01
1.132764340510286956e+03 -2.277564649299081054e+02 1.980579654625639918e+01
1.133737622280827736e+03 -2.282179950511983293e+02 1.982718141244085075e+01
1.134682093306346587e+03 -2.286635910414815669e+02 1.985279544994166301e+01
1.135628342542273003e+03 -2.291129730363146280e+02 1.987272306427897917e+01
1.136565925235517625e+03 -2.295555436354926542e+02 1.989233518178136606e+01
1.137471778639432841e+03 -2.299834689226170212e+02 1.991732493864297737e+01
1.138379078531944742e+03 -2.304073691538137325e+02 1.992806101480860903e+01
1.139259585293068994e+03 -2.308176233611953307e+02 1.995163519484460224e+01
1.140126153593403387e+03 -2.312196759661147496e+02 1.997891070146871684e+01
1.140973318354262574e+03 -2.316128681914426011e+02 2.000301559162016574e+01
1.141804994270573388e+03 -2.320005289962746247e+02 2.001840504598263948e+01
1.142617246694557025e+03 -2.323775302620824732e+02 2.003448352761483520e+01
1.143416709217641483e+03 -2.327491044331524108e+02 2.004717877803762960e+01
1.144180798104326868e+03 -2.331062759615010691e+02 2.006991321702667719e+01
1.144952488881040836e+03 -2.334642238624861079e+02 2.008387405588657160e+01
1.145693073326270678e+03 -2.338079849291443395e+02 2.010361705672892185e+01
1.146412535478104928e+03 -2.341462446161403079e+02 2.012371837082866577e+01
1.147122299652887023e+03 -2.344790846008024516e+02 2.014520392574131691e+01
1.147807964388849996e+03 -2.347968767610929035e+02 2.016968970704438036e+01
1.148481848844657407e+03 -2.351121996170883506e+02 2.018642197225110024e+01
1.149135810111076580e+03 -2.354208345407353136e+02 2.020212743236395880e+01
1.149779706728684459e+03 -2.357259891147715507e+02 2.021762952722199458e+01
1.150406031957900950e+03 -2.360221190185277464e+02 2.023648150436450877e+01
1.151026562303246692e+03 -2.363212702735219750e+02 2.025332013654052332e+01
1.151623798509678181e+03 -2.366116385522263954e+02 2.027490206499015457e+01
1.152202484752776854e+03 -2.368901096131528732e+02 2.029255566627081109e+01
1.152758616990914106e+03 -2.371602347641751862e+02 2.031582085359008616e+01
1.153293086429625191e+03 -2.374197444002558939e+02 2.033246670603028505e+01
1.153808075004563761e+03 -2.376705952058903222e+02 2.033990073011028699e+01
1.154315133697639567e+03 -2.379180775791407711e+02 2.033946847836956451e+01
1.154808159319672541e+03 -2.381615509896697347e+02 2.034305174126416915e+01
1.155290191503459482e+03 -2.384017015391178518e+02 2.035335011276435679e+01
1.155756397163936072e+03 -2.386369974924235180e+02 2.037130079852899911e+01
1.156213419784275629e+03 -2.388681677790794424e+02 2.038896749006746489e+01
1.156658148485907304e+03 -2.390920930264773574e+02 2.040761897198044394e+01
1.157083332338118908e+03 -2.393060114607255571e+02 2.042501101125150242e+01
1.157493896112071297e+03 -2.395142990632261899e+02 2.043783037430422311e+01
1.157891246533697540e+03 -2.397160968121316955e+02 2.044707080330927695e+01
1.158270925767832978e+03 -2.399086491715706586e+02 2.045517960192138673e+01
1.158649465459723842e+03 -2.401009889630570058e+02 2.046091195249046635e+01
1.158977210299203762e+03 -2.402672894201230633e+02 2.047268120488763188e+01
1.159314176230391467e+03 -2.404379676125234369e+02 2.047846802015532219e+01
1.159623081756819147e+03 -2.405940718551762814e+02 2.048776759984185603e+01
1.159930594546180373e+03 -2.407504446888154064e+02 2.049147987461496356e+01
1.160222789562698154e+03 -2.408994599482201977e+02 2.050034961190767646e+01
1.160515035696259247e+03 -2.410488585352292432e+02 2.050725331170567145e+01
1.160797492010141468e+03 -2.411934271157518594e+02 2.051619165925885468e+01
1.161078787196251824e+03 -2.413352518773958479e+02 2.052602817854723227e+01
1.161361777743958555e+03 -2.414792955704311055e+02 2.053739914661550259e+01
1.161645746244878637e+03 -2.416221734746266634e+02 2.054871355786113085e+01
1.161938993175167752e+03 -2.417702750365827740e+02 2.055606213026541340e+01
1.162238097214861682e+03 -2.419215253869482467e+02 2.056910069506642458e+01
1.162550897975110502e+03 -2.420801454532225421e+02 2.058338059106386808e+01
1.162889660077403050e+03 -2.422482122501257038e+02 2.058908649566088656e+01
1.163245534053445226e+03 -2.424213588496960199e+02 2.059608593197795656e+01
1.163617138296534449e+03 -2.426056458132206899e+02 2.060576706484261678e+01
1.163982316726623367e+03 -2.427825501038517473e+02 2.062740629819328930e+01
1.164328864400274142e+03 -2.429468124536313951e+02 2.065272468588324628e+01
1.164649491784196016e+03 -2.430995879770762542e+02 2.067554185873446571e+01
1.164965183904878586e+03 -2.432471825399099998e+02 2.068281506115958734e+01
1.165242700117586537e+03 -2.433732419668844216e+02 2.067364641484356724e+01
1.165503314715411079e+03 -2.434913361360066517e+02 2.066500644163330236e+01
1.165736436438251076e+03 -2.436003059575749603e+02 2.067316311693224407e+01
1.165945401210927685e+03 -2.436971988213684597e+02 2.069806741059688804e+01
1.166149414141511897e+03 -2.437905875425968532e+02 2.071419335991202360e+01
1.166319421646069259e+03 -2.438657889295735117e+02 2.072459811363811966e+01
1.166483941050358908e+03 -2.439392230555430672e+02 2.071669133359791104e+01
1.166641443276666450e+03 -2.440088683890363654e+02 2.070499420880637587e+01
1.166769446788699270e+03 -2.440660226236093138e+02 2.070970032305761066e+01
1.166892156789313049e+03 -2.441218904376524108e+02 2.071646395455989165e+01
1.167007376158329862e+03 -2.441750656559329968e+02 2.072349322067995203e+01
1.167116640105493389e+03 -2.442258454410200557e+02 2.072776199932735608e+01
1.167221771033056029e+03 -2.442748606699484810e+02 2.072774368202083295e+01
1.167317543319940796e+03 -2.443195344718510853e+02 2.073125056187480908e+01
1.167424666583285216e+03 -2.443690674378578649e+02 2.073141942563190554e+01
1.167518152696919742e+03 -2.444125009550421339e+02 2.073431501018116663e+01
1.167616640366308275e+03 -2.444582816629036586e+02 2.073481591481997910e+01
1.167703803331441804e+03 -2.444997265938426665e+02 2.073943593219327397e+01
1.167804779339725883e+03 -2.445467877565984054e+02 2.073640523738400177e+01
1.167893777825919642e+03 -2.445866263025789351e+02 2.073957661754931081e+01
1.167989735445241649e+03 -2.446294518183817956e+02 2.073923656297705165e+01
1.168092518449618183e+03 -2.446746493388724843e+02 2.073636200070732372e+01
1.168180635710540628e+03 -2.447151726559469864e+02 2.074291755881627353e+01
1.168282782646886290e+03 -2.447581033014605509e+02 2.074136937689499049e+01
1.168380974197036267e+03 -2.448007152793873047e+02 2.074392727758131727e+01
1.168494829334265887e+03 -2.448485840275325245e+02 2.074280622116039297e+01
1.168617768475850880e+03 -2.448990866921346026e+02 2.074240302614829901e+01
1.168756080556014012e+03 -2.449535407069975292e+02 2.074143358411234317e+01
1.168900104963734748e+03 -2.450088134286884269e+02 2.074543280686112823e+01
1.169062192411640353e+03 -2.450673431151468264e+02 2.074788247032289235e+01
1.169231941465802720e+03 -2.451265863632819446e+02 2.075439170611507578e+01
1.169415280326050606e+03 -2.451861758418829140e+02 2.076060302256435008e+01
1.169615442664767670e+03 -2.452448913113263700e+02 2.076409355647496824e+01
1.169834470045820808e+03 -2.453027493955718512e+02 2.076432764302157707e+01
1.170045799142793157e+03 -2.453557739319932693e+02 2.077189840930234865e+01
1.170275491898360087e+03 -2.454052829139777430e+02 2.077530811454551696e+01
1.170510893978155991e+03 -2.454488082249022227e+02 2.078012324284994961e+01
1.170752289741446475e+03 -2.454865705989238904e+02 2.078537636889172902e+01
1.170993599852491343e+03 -2.455180233527469795e+02 2.079388696145765891e+01
1.171247198255603962e+03 -2.455420605548355866e+02 2.080027990197527288e+01
1.171506957743459225e+03 -2.455598126492783138e+02 2.080614720052234290e+01
1.171770772370781970e+03 -2.455702689873689621e+02 2.081235304287148224e+01
1.172044324852409090e+03 -2.455710673550309764e+02 2.081468451763193883e+01
1.172315338489255737e+03 -2.455644971990199679e+02 2.082116850348236881e+01
1.172597386252745537e+03 -2.455468586018007784e+02 2.082468886986006495e+01
1.172871050909807082e+03 -2.455210053014668574e+02 2.083239986358857010e+01
1.173163692949827919e+03 -2.454827575394809855e+02 2.083297690229193933e+01
1.173451116090915775e+03 -2.454364389884875948e+02 2.083733108441208515e+01
1.173738631638635525e+03 -2.453788554959244550e+02 2.084217537247474894e+01
1.174024218082610560e+03 -2.453128588466547910e+02 2.084872527907719331e+01
1.174317875293050065e+03 -2.452335159952587560e+02 2.085154045961616376e+01
1.174602635118329772e+03 -2.451467636769871206e+02 2.085845479761318089e+01
1.174889964112607913e+03 -2.450481101828704027e+02 2.086394228501505310e+01
1.175181599790958899e+03 -2.449362244608890933e+02 2.086562867304010993e+01
1.175462212406717754e+03 -2.448189094943560349e+02 2.087165439106926002e+01
1.175744150719244999e+03 -2.446916642564528388e+02 2.087797414771111804e+01
1.176032825985742875e+03 -2.445498119844358769e+02 2.088241510523981148e+01
1.176310821044924296e+03 -2.444030427740213156e+02 2.089083585288719647e+01
1.176584715191263513e+03 -2.442472998724989282e+02 2.089872418883163618e+01
1.176862156907115150e+03 -2.440778725176548392e+02 2.090361145622130579e+01
1.177133359792781221e+03 -2.438998262036007816e+02 2.090792647389025660e+01
1.177399983692601381e+03 -2.437145334728826924e+02 2.091049097047230632e+01
1.177663078620989381e+03 -2.435197129264647060e+02 2.091391603515023689e+01
1.177923562317157348e+03 -2.433161785979094418e+02 2.091773587929328571e+01
1.178178993118753397e+03 -2.431039891740738312e+02 2.092500890761366605e+01
1.178437743413151566e+03 -2.428762166296499458e+02 2.092609471908038188e+01
1.178684844538100151e+03 -2.426480518080481659e+02 2.092984699167523388e+01
1.178931269341921279e+03 -2.424051064398026369e+02 2.093078486106278646e+01
1.179166787269381985e+03 -2.421631523142194453e+02 2.093530195252201409e+01
1.179405060800869251e+03 -2.419065129392302254e+02 2.093605548169400521e+01
