-36.1485582566105	-40.9515972018226	0.752577476427647
-41.1388323057431	-29.9480311219059	-0.215363425632561
-36.115181046891	-44.6837359641114	1.77400952123446
-36.1566496494752	-38.1582271927042	-1.13910301966432
-36.1584591176346	-34.9698203293088	1.58166029542324
-36.1262147722584	-42.4055851365059	1.7340773845168
-36.1436022079361	-42.3895139196666	0.712932161174708
-41.5000986402251	-29.6635489027076	-6.64394830916648
-36.1161240303464	-40.960159919836	-2.183129839001
-36.1109267582236	-48.0375389233928	-5.64584323706099
-39.6727220184257	-31.0058480639715	-2.09028909861582
-36.2100094775068	-33.8610922137439	-3.75863567109302
-36.1072259773796	-39.5248774844289	-0.24702315083272
-36.1341838894913	-48.084119234105	-1.31392985126127
-36.1448207231819	-38.1488456727414	-5.86704622802339
-36.1127470701965	-41.6856556445159	-6.20522158087716
-36.7378237252518	-33.1790608779318	2.45288338949898
-40.0388690788484	-30.763024296486	-0.266691407462137
-36.1301107584515	-36.2210101386455	-3.8801294975629
-36.1754796824399	-43.9822560805581	0.740401932740413
-36.144145385151	-37.4943970177712	-0.203727551789214
-36.1877523941441	-42.4099919133873	-4.23192385078195
-36.7655973326589	-33.1930506922104	-5.58278110636191
-36.210880537106	-33.7888461414536	0.682304559372326
-36.1301286858812	-36.8521155882376	-3.01785886039676
-37.1056325998011	-32.9206784415331	2.41643372497587
-39.6770757201729	-31.0266227821199	-6.55692598279268
-36.090614513053	-46.3307619781831	-6.62439011989782
-36.1161098698931	-40.9174485796473	-0.264604905419519
-41.1375313494145	-29.9007360146775	1.58729933577857
-36.1517796943725	-39.5147388081903	2.64306747100061
-36.1530500259311	-38.8515458286349	-2.12699729173815
-36.1479818380896	-39.5461603568881	2.62498452586836
-37.1472924278272	-32.9810185031866	1.57395008386427
-41.8414052787977	-29.3671091992412	-6.65072719388442
-36.1186558240489	-45.5409861185421	-3.37673300504085
-38.5414939748103	-31.8765105368435	-1.15827805140613
-36.1299556109633	-46.3648252120101	-4.49423142128216
-36.138922793375	-35.5961310294212	2.46140996322089
-36.7745534267052	-33.1989546159198	0.660975586076793
-40.3678952726998	-30.5193750577989	-6.59595347054103
-40.7344097992346	-30.2286125778824	-2.97814822328403
-38.1733695783588	-32.134405924455	1.57636855680254
-36.1048024670296	-42.405084952701	-0.243929041174217
-38.9071396670478	-31.5883624541725	0.709593928451999
-36.145662420186	-48.0727912144779	1.84573300293587
-36.1133498302861	-38.1654876988413	-3.98873693716867
-36.1445358442648	-44.7526493289835	-2.32800033410379
-41.1015057240166	-29.9618425624488	2.49891985074483
-36.1222306067007	-46.3780281942688	1.81854404487295
-39.3083597037075	-31.3482884730011	-5.66207043749153
-41.5076816297377	-29.6683533582515	0.659254727326249
-36.1497198921804	-44.7300946106925	1.77878217114867
-37.8519202587493	-32.3758185461001	-3.79666777332807
-36.0987360304605	-35.5703906352713	-3.88840924426613
-36.0948781530448	-34.9475504225661	-3.85645290713558
-36.143800998682	-48.0954632773345	-2.41457312279896
-36.1255396918049	-37.4776791989286	-4.90263321612881
-36.0972236933371	-34.3502097528512	-3.76873257353288
-37.8507525167058	-32.3766311617352	-1.11308237265236
-36.7846171407661	-33.1707081926163	2.46858998309229
-36.1275271667596	-38.1269672517938	0.745176982135963
-40.7718662505091	-30.2331035545319	-2.94661657436734
-38.1805280575909	-32.0955146483666	-1.12040462573573
-36.1161579099116	-42.4519608635634	-1.25759564023139
-42.2595006444221	-29.0968998689828	-4.83741265913086
-37.4841742175471	-32.6473481377361	-1.99655206888576
-41.1533896020532	-29.9323755605276	-2.03327026318916
-41.5543144398133	-29.7303467999256	-0.222534034063362
-36.1305075683817	-37.4975640264154	-1.20825839763857
-36.1058235461661	-37.5397166595109	-4.87354569687957
-41.9195820550499	-29.3903534995945	-4.81963452624594
-36.1084316061985	-34.3642646277832	-1.13794535413188
-37.476502526834	-32.6478730726277	-4.6301554680969
-36.1266037797836	-34.9586389057773	-4.73982603968709
-42.2618607218016	-29.0573701358339	2.5383391613545
-36.4200856404443	-33.4893137799143	-4.66366317022184
-38.8985365305715	-31.5905412004229	-4.70119964345467
-36.1468643481903	-48.0662893076076	2.96940606664697
-36.1611692537218	-39.4871779198152	-0.268969016101974
-36.1040606113045	-43.9529539808037	-4.35282415632468
-38.2403766981088	-32.1230375050975	-6.51822004426609
-36.1172626152984	-38.1477211060353	-3.9879862759754
-39.2798272395574	-31.3056532217097	-1.14995387767203
-36.0962120778753	-36.8390945482916	-2.0896353889993
-36.1387423096005	-42.3796862097664	-2.24035332865392
-38.5559101297854	-31.8393430940666	-3.79446021723868
-36.1049512749618	-46.3613664944093	-6.62823284315861
-37.1371778349951	-32.9085694706239	-3.80725143412396
-38.9131088222006	-31.5933504604405	-1.1433262396421
-36.1529242827006	-38.8458603175225	-0.232846694437302
-36.4787401132821	-33.4991526463609	0.6368327331826
-41.1343732284043	-29.9241769504965	-5.73127289897762
-36.1308656494736	-38.8489697502252	-3.11702282721019
-37.8291288829224	-32.3991353518446	-4.68105849925873
-36.1500495413941	-38.8381664456885	-3.07068319216212
-36.2440676226739	-33.8493937092789	-1.12182368257413
-36.4631125930328	-33.4801192216571	2.45589224524612
-36.1260429830738	-48.0670331638109	0.800855184191624
-36.1203262267536	-36.8483293702082	-1.131770841119
-36.1191504072125	-48.9309895875426	-0.270265440284693
-36.1075780772924	-48.9376759328435	2.99799872931106
-36.0954596965707	-47.1965102962445	0.810930268986882
-36.112211564443	-46.3364565487634	-4.48041185287069
-36.109480959519	-34.9570986961282	-6.52877040076765
-36.1184690731037	-44.7342151017719	-1.34081896905472
-36.1247056399439	-48.9796743502597	-3.53378781976222
-39.3060024266309	-31.3247896491538	-2.01297018414707
-36.1643261842497	-42.3890053575029	-2.24176535447421
-38.4980386496105	-31.8854804804873	2.48633106538458
-36.1725928565419	-36.2229725184677	2.52229939350827
-41.1356650669738	-29.9602023632775	-1.09548440513808
-36.1425852629613	-36.2369455415018	-0.249552727404319
-36.1364624427255	-36.8460284924771	-4.85730679859982
-36.1290315238443	-41.6905052096975	2.70691469123099
-36.1479102683675	-40.2380536322589	1.69145120035285
-36.1721151515545	-46.3631511886276	-3.40876464127213
-36.1402282958142	-36.213619303409	-5.76715145198273
-38.5400146910307	-31.8589181732295	-0.248368619683782
-40.0062567787338	-30.7704609902071	-4.76660763651938
-36.1126250569343	-35.569899311029	0.688097086813669
-37.5032583298736	-32.6409326529372	-1.97462393626145
-41.4709809978578	-29.667743662873	1.59057362661617
-38.9225258881581	-31.5729678702197	-2.91372536996944
-40.7486764225799	-30.1883562421691	-4.78748145411181
-38.9392702444258	-31.5868656418624	-2.92766994932105
-36.1218820225288	-47.2091164965283	-3.47352704584827
-36.1224110550594	-36.871637184056	-1.16000201492895
-41.8997342191719	-29.3748898585346	0.709048847238103
-36.125418879835	-36.8513216395625	-1.1327279308122
-36.1982889958027	-33.8268788151217	-5.58874636598215
-36.1214805107279	-47.2006576073658	-0.22922002602476
-36.115788467355	-38.1360039219481	0.70827819826236
-40.7430569023562	-30.2298509494647	1.56341784511686
-36.1715359624749	-39.480768979942	1.68699851804145
-39.6611084115234	-31.0343864250299	1.59711826615216
-36.1287770907328	-42.4025913341154	0.742838239383786
-36.1187495558623	-36.8528208139211	1.64117294376042
-37.1400289139178	-32.9150848888644	0.654782605357294
-41.5319375462374	-29.6960874080525	2.49663238626374
-41.1310888477544	-29.9094957866326	-1.14339311348568
-38.9131043057091	-31.5621996044067	-6.56426140943316
-36.095628318258	-34.9673477004243	-1.11198321861264
-36.109255833005	-48.1091209719151	-1.32744579759732
-36.099711617717	-43.923648063519	-2.30269946744527
-40.7344077801188	-30.21097874114	-6.61469705261329
-42.2411782826592	-29.0886353506662	1.54915665255428
-36.1078741520061	-39.5257605039943	-4.06756644160011
-40.7240611093392	-30.2099278262336	-6.61029439727517
-36.0943519122215	-38.1870382276638	0.713316795803972
-36.1483382450795	-36.2020391367299	-1.16532350856808
-36.1119584101128	-34.97249781516	-6.57956618474043
-36.1487808853724	-43.1670686531268	-2.26861378046741
-41.8703847553054	-29.4174044621752	-0.209068591637604
-41.1302153014488	-29.9847025957639	-4.81102166460969
-36.139444993203	-38.1309611050517	-0.255523564434369
-39.6147055284727	-31.0572855596012	-5.66467756651049
-39.3188797444308	-31.2987268536197	0.665849001075234
-41.53633056741	-29.6445388289716	-2.02850676357794
-36.0957571593173	-40.2324846879164	2.66318456165987
-36.1145523818116	-36.2120338643878	-2.9971488545065
-36.2316791949947	-33.8699121497979	-1.96095598050714
-36.1345856291254	-46.3709955419108	-5.52773253949662
-36.0817268015946	-42.3963217655714	1.72312931940266
-36.1211013897345	-37.5298756112975	0.705434510035518
-36.7671330254178	-33.1525740685759	-5.55604621076336
-36.1295585400889	-36.213641407034	-5.76697625204936
-39.3217572573209	-31.2907913503788	2.44188281779794
-36.1258429799568	-40.2231918794308	-1.20842581104161
-36.1250143667788	-48.9774144427186	0.782165506348623
-38.2193709992433	-32.1531011164915	-4.73293635661556
-36.2275406455089	-33.8678517522733	-2.90163054450344
-39.2809994209662	-31.3164826647294	-6.56476804733541
-39.6571828683671	-31.0526556484509	1.54777096153801
-37.4877506394943	-32.6584558018379	-5.576415932623
-36.7789818104167	-33.2151837652045	-2.8738942420765
-37.1344087375504	-32.9002806538899	-2.87460702083797
-36.1420611865059	-39.4934422998217	-4.10069649555257
-37.1764754668179	-32.9285425480177	-5.53686450187102
-36.1410946421389	-43.1934411212523	-1.25325966184937
-36.128068892333	-38.1504988303511	-3.06197801565925
-36.1704350642782	-34.3431707912961	-4.70426550489435
-36.1429707236058	-34.9497029885183	1.59194833438836
-36.1379602746081	-48.0799080111357	0.796393728138683
-36.13233400045	-48.9333441024949	3.0421792168019
-36.1362416132949	-35.5745871193479	-3.84994765372629
-39.2806110860361	-31.3203498236131	2.4944692412366
-41.8947604716297	-29.3638431370824	-6.68405480766775
-36.0951505367643	-46.3534773105806	-6.59986009564597
-36.7949893928237	-33.2026476991118	-4.67499205770222
-37.8360353835156	-32.4165964235044	1.52197410229744
-40.7934823727726	-30.2217381424089	0.672379950700242
-36.1547129911339	-45.5541298390134	-6.50496383749338
-36.776811525492	-33.1743576004993	-5.59776240301679
-36.1318011498887	-36.2163225833863	-3.92384993347363
-36.111723340074	-47.1826708688252	-3.46689361967202
-36.1672933667952	-40.9341769475434	-2.22812112485834
-36.1519186058845	-40.2483310544996	-0.220407756086756
-36.1044678302775	-36.1990815753692	-2.0804583778517
-36.1240406895804	-35.5796897312255	-2.95585269877569
-40.361013023311	-30.5077013818745	-6.58731586931625
-36.1517671652638	-40.2397527919178	-6.08313636565064
-36.1511139260878	-34.3458036954461	2.43261540889233
-36.7588849314136	-33.1976507802593	-3.7835280999456
-36.1238926199326	-35.5472369702234	0.669224901050171
-36.1016972250223	-44.7096214296727	-4.38154025244223
-36.4420743490422	-33.481429895932	-5.54957311307641
-41.1183426388589	-29.922496001467	-1.14584500567777
-36.1400084548193	-40.2212128786709	-2.14934702919233
-37.1487112508905	-32.9141931958196	-1.1427392688367
-41.1218497886386	-29.9422248927083	-5.70336151584198
-36.1541807765167	-41.6723539861823	-4.17540879329741
-36.7470576435542	-33.2051225451622	2.43004356012256
-36.1243917206484	-43.1791784543561	0.744058644005542
-36.1519862452856	-38.1598261287486	0.746953289619714
-36.1355738023779	-37.5077925448258	-3.97886538161119
-38.5655356179763	-31.8123842750253	-3.80036878799636
-36.1210070708079	-36.1929888367902	-2.97892468580552
-36.4688375046268	-33.4654989139075	-0.199326147596072
-41.527462899162	-29.6267170886122	1.640295846203
-36.1363566527814	-47.2002837913142	-6.6928382615149
-37.1402872144601	-32.8891454368775	0.661917721637461
-40.7541683993467	-30.1959217414939	-5.71118859113003
-36.1417646613064	-42.4024491346052	-0.262555888317345
-38.9309716788033	-31.5774291020616	-5.62835217220496
-40.0385138063614	-30.8321740315003	-3.8746106459706
-40.0446697474788	-30.799935055528	2.47792458983081
-40.0524498867521	-30.769054362629	-0.177090577776653
-36.1107537378025	-35.6183530285086	2.46506361713029
-36.1466385474367	-45.5321850270563	-5.49364753071552
-36.8080135044956	-33.2141094163763	-1.96366103574269
-36.1370773797508	-47.2090495682515	0.777801661315598
-39.6456870655012	-31.0144012510395	-2.03394915475613
-36.14396151094	-37.5249720789579	-0.234584366215744
-36.7843945310926	-33.1918897220382	0.67660489214515
-36.1510994390775	-48.0668584308896	0.780140013998628
-36.7720304272515	-33.174236760245	0.668248680221893
-36.7737029103798	-33.1445606723804	2.44982336025427
-39.2880180050748	-31.2928806177308	-2.90743848902384
-36.1269305988532	-34.3476413099461	-2.94698719598763
-36.1257865773018	-39.5079944029509	-6.0322750600055
-36.1361794972166	-46.3364476475541	2.92297492097422
-36.0787653373313	-38.1353104260577	1.62502333959111
-36.774191006656	-33.1765745571183	-4.67551199574432
-36.1778403823887	-43.1571034123239	-6.36329246935872
-39.2745317008494	-31.3444759832875	-1.97805245269934
-37.436292623424	-32.6358908839293	-4.64673829040016
-36.1358210034143	-48.0666222600675	-4.61024638582261
-42.2197018382957	-29.0783733930473	-5.73131462671437
-36.1212051757305	-40.9416856076678	-2.2129871591279
-41.5034887333764	-29.6484623626096	-5.69770340399516
-36.113431122377	-39.5184378021278	-1.2008719552647
-36.1553260862378	-47.1905334403217	-4.54317413244552
-42.2931934793841	-29.1293313117373	-6.70556978540139
-36.117314645197	-36.8275515059322	-2.10413396466557
-36.0968682633563	-40.2632951793133	1.69067873404032
-36.7311619647926	-33.1497170809015	1.56210653728161
-36.1073697096713	-41.6545583627499	-4.23409823703949
-40.7502976360151	-30.2175489537508	-2.91792941743025
-36.1075796267131	-43.93396005377	-4.34024946867465
-37.8037578714883	-32.3755332796174	-6.49655254094697
-41.510343635253	-29.7151580016629	-2.06610854045854
-36.1327271779679	-34.94715923165	-5.63567657603599
-39.6471491202252	-31.059100429502	-5.6628060046198
-36.102135572394	-34.9636389816697	2.46937578324376
-36.1288678449998	-34.9372886487542	0.673467230669859
-36.1318363468818	-45.5249219411996	-2.32273522593555
-37.5382238660922	-32.6441984681923	-5.59456337340919
-37.1463169491543	-32.9030174553576	-2.88250673775639
-37.4856652350109	-32.6617113508175	0.648665423205256
-37.4947093866597	-32.6814774148747	-1.10112235402134
-37.8523184092672	-32.3635001391922	-1.16456161664821
-40.0581536219556	-30.7705628376179	2.49284255586647
-41.8590975630646	-29.3880777783347	-3.89504427607965
-36.1929743132077	-36.8453266005897	-2.10013708172707
-36.1648161571078	-41.6565680321421	0.737410890880003
-36.2288169923357	-33.8345378796843	0.671143492938126
-37.4873924913558	-32.6333910979448	0.702149008661777
-36.118820568596	-43.9006782151387	-0.286429138085145
-40.4230771379664	-30.4915725637047	-1.12881881418362
-38.9373159563682	-31.5639658904095	-3.83622830928324
-38.9452314019776	-31.6063673722285	-2.00685782900304
-36.1493405146723	-43.9181354681578	-1.28952515408755
-36.1331236546428	-48.9686025810885	1.95291045019721
-36.4196811643716	-33.4501380317586	-6.43267737312786
-41.1339019173514	-29.948617512432	-0.214653706006719
-36.1349404565572	-48.97744432226	-1.3028908507587
-42.2704622467242	-29.0831235727177	-2.97682510460923
-40.7900175393991	-30.2335391604868	-1.16083997211814
-41.8823503856848	-29.3822241593352	-5.76402801416331
-36.1503361957065	-47.1633103785859	-3.43991356269971
-38.5703570837211	-31.8419242163133	-6.50952398944523
-38.2232585618601	-32.0900087772149	-5.61135306571958
-36.0999656123301	-47.226659649722	0.821668712900205
-38.5589467073402	-31.829054432965	-4.72718752144227
-41.885777424506	-29.378821859767	-4.81324946485986
-40.7607214528308	-30.2324955878468	-3.86519969527731
-38.9289544613131	-31.5964015255905	-6.55428936475665
-36.7867366242204	-33.1653915883986	-0.211626584012936
-36.1362405643637	-46.3491907652569	-4.43905447792256
-36.1404518551886	-34.3980059678477	-4.67743390970158
-36.7846865226145	-33.2000904540395	-0.251661832875325
-36.1228285485327	-41.6506524599151	-1.22364126261568
-36.0996052149665	-45.5133537789788	0.805176498018882
-36.1419981470355	-35.5648170539677	-3.89194116985877
-40.3510571437174	-30.5317691239648	-2.9405002842925
-36.1086241325191	-42.3893788608732	2.72444087458988
-36.1065472724449	-34.3660066073073	-1.11983956564063
-36.1641332497702	-42.4061695877986	-5.27815647435776
-38.1991844474047	-32.130599645921	-0.220882206957281
-38.2499514971401	-32.1254011666287	-1.11645387587308
-38.1929576289123	-32.1045756699412	-6.51204241945046
-36.1130227011971	-38.1719399278212	-0.21303145388034
-38.2149749105374	-32.116579357518	2.4710835201169
-40.3782407087496	-30.4656323302844	-2.94716944642322
-36.138289286529	-38.8624303932885	-1.1935246839214
-37.1155344637684	-32.9182911915488	-3.78899998686685
-36.1189081761118	-38.8477122850394	-3.09147199722756
-36.1120231579843	-39.5178485721491	-2.1690681680301
-36.1167266295728	-46.3336483389728	1.83668957485073
-42.2943430484643	-29.085395554322	-3.88919765951524
-36.1348852879764	-36.1902234795612	-2.98122343590709
-36.1276893936276	-34.3552391656082	-2.90467982026258
-36.1196560302128	-41.6632318163817	0.738868677921797
-36.1206039731506	-34.9409463625435	2.47275708539282
-36.1493708952354	-35.5783704266979	-4.80865619272614
-36.0562946317191	-37.4548615892611	0.731787486595709
-36.1260474604174	-48.9691375054718	-2.43571851107468
-38.6056798679737	-31.8754362354074	-2.91275544438959
-37.4748806720167	-32.6699242233228	-5.57658315049218
-40.030334821869	-30.7684640819504	-3.83633669473271
-36.0888400648044	-46.341546684969	-4.46488024025891
-36.1061348163613	-34.9677945131748	-3.81131047398234
-36.1396754453211	-45.5380702045024	-4.42071384816996
-36.1386462595378	-45.5141011764511	-6.5355809950702
-36.2398287532103	-33.826654527957	2.41292697723535
-36.168522804209	-35.6192590273047	-5.68550628192434
-40.0048374784032	-30.7802880669192	-3.85121254695524
-36.117286473978	-38.8177597588299	2.63368841590066
-36.1276219748391	-43.9209878346333	0.778299227417307
-36.1123777671169	-42.3961773240707	-4.22954724717331
-36.1099886518554	-34.3601129563262	-3.79276925635695
-40.4159023348232	-30.4795804755418	2.45722677452104
-38.569119829091	-31.8594265625293	-2.03273181018379
-36.1261687999393	-45.5680734231754	-6.54517253955416
-36.1033553677652	-45.5060150454583	1.81074447878974
-41.8627763998398	-29.3705533736689	-2.06102451311989
-37.8465882555325	-32.3792001445589	0.638395242487089
-36.1318813818564	-36.8871869952751	-0.231899040661661
-36.1411081166471	-36.2301593118619	-6.69582109312012
-36.0960150352216	-36.1819737920038	-0.199550762671655
-36.1518831773835	-48.0880535541474	1.88832708081007
-36.1000504230701	-45.5313521255371	-1.3265470952579
-36.2242178171082	-33.832761167324	-5.55632105674621
-40.7145234160335	-30.2485905551944	-3.86984872131556
-41.8998064952445	-29.3703359544103	-0.235406415018334
-37.8428125705319	-32.3744582472638	-5.57022532564473
-36.1386049883846	-37.5356231595131	-3.94919484851977
-36.2286811661381	-33.8519672340862	1.53232492247678
-36.1225806298764	-37.5165818390134	-3.97065675306737
-38.9035781529895	-31.571359609921	-4.74121690008866
-36.1095797430349	-43.9532164431773	-5.34682256562397
-36.1018678199767	-45.5261052209166	2.89685157957135
-36.1582173546693	-36.8052490723781	1.64369145108484
-36.1615532928742	-45.529875939155	1.7940294530045
-36.1237455751381	-38.840242457746	2.57729052325937
-36.1368249271167	-37.4817583615227	-4.91777256667396
-36.122690519397	-47.2481224725826	-4.5657179968652
-40.7845304556126	-30.2731067542132	-4.77279165428605
-36.1429297727699	-41.6447296329545	-3.16601075586034
-39.6689621614818	-31.0310812766204	0.67977338492075
-38.5467513221615	-31.8618808571408	-2.02230633756821
-38.9104072681361	-31.5456411229083	0.65588500180453
-39.2735882119066	-31.3211929557352	-1.1275694693442
-36.1048914786961	-47.2284045741408	-4.53679811953273
-37.8601466579943	-32.3600910729798	0.646554655423086
-40.7497579750355	-30.1975692736862	-6.66161569839523
-36.7529300386192	-33.1691930191727	-3.79012030853978
-38.5537115400426	-31.8766234457674	-2.00369258868125
-36.2183827499639	-33.8636790463915	1.54158790463236
-36.1169480528899	-40.9065276534083	1.70200881319862
-40.0287108051674	-30.7713052918339	-4.75152211030737
-36.1174872059574	-36.8517593922481	-1.15198685317725
-36.1299093794242	-45.5400247871407	-5.50913087013904
-36.1566448348722	-40.1891667817252	0.742550686989576
-37.1292092568856	-32.9167925093563	0.686364270584562
-38.1817185061552	-32.1046569985267	-2.92168582719919
-38.2475053700658	-32.1287843483989	-2.04415852478306
-36.1033018175204	-44.7186544095446	-5.42806757644344
-36.1148744942446	-34.971111021369	-1.14255934569237
-36.1581635964173	-46.373904584108	-3.40716695111341
-40.0360618013864	-30.7517374031106	1.56116497772499
-36.1316683088641	-37.4865518742153	-0.239552842736719
-38.2016481898247	-32.118859134562	-6.51415973979181
-39.2652864218474	-31.3269933990355	-4.74037517612836
-40.3955984855927	-30.4877417595957	1.63243907059956
-36.1162049494923	-48.9540012104493	-5.73111924516502
-42.2293715011196	-29.0669670390674	-5.75304496967329
-40.3971907773789	-30.5127055157893	0.669116913395747
-36.1064460611024	-48.9277863632868	-4.64605619047698
-36.8025153894983	-33.182131382271	-0.228951896577497
-37.4772585607733	-32.6891259947311	2.4665648387594
-38.572502503902	-31.8638044533452	1.55329435107737
-36.1736150057624	-38.8257543426828	2.63228019101496
-36.1220924432749	-35.5977124148473	-2.97943801472353
-36.2280387695421	-33.8636034031535	-1.11557295542385
-36.1180130680712	-43.9098804725976	0.742982571641777
-36.4395652903883	-33.4505089577638	-1.12510397606257
-36.1364106507262	-48.9558773355038	1.92829121707936
-36.1445528828863	-38.1370663938496	1.6217627748871
-36.1554498018077	-34.9708923149146	-2.02438776616826
-36.1410914821978	-46.3713527877729	-5.51499402569545
-40.7813540024856	-30.2318344345883	0.671771611990711
-39.6540063275038	-31.0058422255889	-1.12886298437183
-36.1512454101914	-45.4908051642405	2.88586947455673
-41.8575803642295	-29.3801742546583	-6.69770166252645
-36.1361763822052	-36.2346357122822	-6.67738351514034
-39.6678005432825	-31.0603433567852	1.57705029969431
-36.159501952841	-46.3348922758323	-1.27946153644532
-40.7472504250434	-30.2237093082151	-3.84319618188784
-37.8130688549106	-32.3870736914503	0.717866199098041
-36.1077100796994	-47.204553354975	-5.60668754780853
-40.745986250615	-30.2051731213696	-4.80773397897359
-36.1369098751824	-41.6594420298762	-3.21184636186108
-36.1352673886449	-42.3690510608199	2.72032997084422
-42.2406583036429	-29.0939820047162	-3.85671919885868
-36.1243885967378	-42.3693441829767	-4.22861395208623
-36.157412730295	-47.2386712261239	2.92459400213482
-36.4018698510044	-33.4894978952634	0.642316842547873
-36.1211202045835	-36.8729685463558	-0.249925138956373
-36.1399885226623	-41.6533417604798	-0.258441579970705
-36.1276220105714	-45.5450430994365	0.784691226354175
-36.4111732660976	-33.4204539379592	-6.4545584466973
-36.1675121772142	-41.6584882008532	-1.27574185944466
-36.1251440799102	-37.5090582455523	2.58714403220964
-36.1355029883886	-34.3619687625922	-3.7825706874864
-36.1803078840868	-39.5138435523149	-6.00452133457943
-36.1069951840843	-40.9435531979586	2.67606458832754
-41.4799117374857	-29.6344058469396	-1.14468451906428
-36.1300805783823	-34.9723884682618	-6.58595486584551
-36.4499919255645	-33.4705907314694	-3.78972954325225
-36.1418974021776	-48.0684146823156	1.90328274573487
-36.1884473475119	-33.8751866890025	-0.207265356651144
-36.1728296614472	-41.6420045392796	1.75843158859256
-41.1133818459359	-29.9852392149455	1.60617573477323
-36.1434881669254	-36.2002273075713	-5.74584152547744
-36.1126568013021	-40.2424923370923	-1.22304008060666
-36.1089637860768	-48.0584086562288	0.795483823281695
-38.6105432235273	-31.8551615820338	-5.61864986602301
-36.0939392412791	-34.9712280165926	-3.87703290677849
-39.6740390861588	-31.0344648996454	-5.6444956571126
-36.1561717673103	-40.2144764711616	-2.23862787196536
-36.0961915733082	-36.2217750377824	0.704965800709286
-36.1408018371687	-40.9369592832337	-0.240114871809523
-36.1371336038376	-38.1587345188201	-2.10444134886596
-36.1564780559728	-46.3846170348574	-3.41242848011393
-41.123554022017	-29.9287840877517	0.697501383648415
-36.1384776827092	-36.2099206862572	-6.67977417192886
-36.1308495641636	-36.2398458576115	-1.15859928047562
-36.1296873614677	-36.1975090069463	2.52834946540892
-40.3862368620838	-30.5009750734553	-5.6816827390487
-36.4508701192982	-33.464068042219	1.55154714481723
-36.1322433727118	-45.5484931184185	-2.33246782934879
-36.1426814893675	-40.9398730232733	2.64820399360458
-36.151413106399	-40.2116786735758	-5.10710940345637
-41.90846767261	-29.3568088598108	-1.15060557951422
-36.1062008052047	-39.5160149534707	-0.245870757391093
-36.1411839912038	-42.4127574072232	0.761418721210666
-36.109651166669	-39.4900957950956	-4.06740801978044
-36.1571425298594	-36.2175064503725	-6.67689804053616
-36.1265025702792	-43.15537006888	-6.32824795512172
-38.5676179862556	-31.8499128746957	1.57966913102234
-36.7855054649429	-33.2219845598536	-3.75042580256369
-36.1321126446418	-37.4808714287047	-4.90753538888424
-36.16325079123	-34.9782542264131	-4.73237730707666
-38.5674777050951	-31.860397860644	-6.53320267603369
-36.8234917563593	-33.1849704170097	-1.99322443716058
-36.4410038515601	-33.4266704491044	-1.07602216732597
-37.846392908732	-32.3803045385429	-1.07210177057341
-36.1174924254495	-46.3951364843894	-1.31104611226247
-36.12007895956	-37.4904848307871	0.718013496067197
-37.8604501737274	-32.3675107889823	-6.48499153828206
-36.122703176518	-43.9541124560771	-1.26105213906442
-37.8742594300276	-32.3970453907815	2.43872170651452
-36.1061510724754	-36.1828058538361	-0.193917067876176
-36.1262789954364	-38.1511229123049	-4.00233643387095
-36.1365829239895	-48.0849203026015	2.98049741578669
-41.8588227748803	-29.4216895861879	1.62846401385474
-36.1098061114591	-36.2110320752095	0.703390129634446
-36.1197015727006	-43.1384309913615	2.75043422276791
-40.0178479691029	-30.7787844579963	-5.69437807782621
-36.1232469908537	-34.9606102406424	0.677222550551965
-36.4537974067874	-33.4529636525141	-2.89819109476679
-38.1879949452681	-32.1368722653932	-2.89892095309935
-42.2487567566776	-29.0935756848906	-1.14337981471351
-41.1319320826538	-29.9695108116889	-6.62377933958481
-40.7572850516166	-30.1942988262807	-1.14133856918636
-36.0897126182036	-41.6915952458244	2.73391849051106
-36.1227402185338	-37.4833091126281	-3.94888851934891
-36.1322472474258	-43.9227351827205	-1.27379759734514
-36.1436377480006	-38.1334437103081	-0.264864363611663
-38.2244674651898	-32.1383461208421	-1.12320247560037
-36.1150305702122	-34.9858314571486	-2.03064993440325
-36.1354271255609	-47.2047495565093	-6.67844271084282
-36.1549033938539	-34.3687566107133	1.54348895282219
-36.0990746634868	-38.8405734629145	-1.18460231416866
-36.14471075232	-41.6447981530082	-4.16653620968595
-36.1457453144129	-39.4868129881515	-4.08225922770744
-36.1214268775436	-43.92711218247	-2.30631868022074
-37.8556243544094	-32.3852033182145	-2.89433872415118
-37.8047322095145	-32.406742157337	-5.58846243920238
-41.1302233827859	-29.9549167746303	0.7171052187772
-40.0436637985188	-30.7815550547939	-2.00367869695464
-38.5846325176074	-31.8596578231305	-2.89746165095281
-36.127481983981	-48.9436385960939	-4.62539599608456
-36.155565431454	-43.9302451309257	-1.27929058534863
-38.8959588340388	-31.5804534963481	-2.91282559418923
-36.1321881620525	-34.3579286649067	-6.53051791616693
-40.3557276165971	-30.5064905015337	1.59958527741184
-36.1301206506942	-38.8388048419612	1.66874924433495
-36.7680487601506	-33.1947123591605	-3.78494668544986
-36.7853270331188	-33.1791361341657	-5.59049125886401
-41.867793850054	-29.3414907553775	-5.73779950096614
-38.9209780843974	-31.5833871112327	-0.241935243230063
-40.3901193718881	-30.4932264574093	-5.72326669298634
-38.2145399345954	-32.1270002720009	2.49810162443523
-36.1187779408243	-35.5452076458912	-1.14322379902726
-36.1306335502065	-37.5188445488112	-4.887262133373
-36.7906258030282	-33.1938279482202	0.683055706910814
-36.1706328500341	-34.3577002217246	-2.00406604907977
-40.0348258926669	-30.7775713407644	-6.61762323650223
-36.2265958581815	-33.8343098409838	-3.81165887879916
-36.1345788176448	-37.4963368494174	-5.85254860508862
-40.3837251799141	-30.5175384170693	2.49930967138098
-42.2198921412482	-29.1323309418265	-3.90438114479439
-40.4164441145076	-30.5492672292838	-0.212760318033453
-36.1183112666533	-35.5692561514643	1.61832397201793
-39.288507693764	-31.3092557689904	-4.74066575756009
-38.5421183300515	-31.8409906531557	-0.246596438340465
-36.1670753443213	-34.3403940237032	-3.82300920905006
-36.1047803034121	-38.8304052586238	-0.21370465358914
-36.1180696575049	-44.7334821124593	1.77946777532326
-36.1168977077095	-48.0509562384541	-2.41016059054835
-36.090782210207	-34.935477515467	-2.04977929899513
-36.135638555414	-43.9559302911128	-1.2644007126634
-36.7743652504546	-33.1872783138565	-3.75157975979823
-36.159693470881	-39.5213234826163	-5.05289963661937
-37.1528657485488	-32.9523047844449	-4.66259613915274
-36.1412452884427	-37.4886979004291	-3.04486703031726
-36.1081573588627	-38.8264391097822	-5.00980513375382
-38.5650559899456	-31.8775148791145	-6.50052848903588
-38.2032809060644	-32.0838239627691	-4.69157840206593
-36.1585000483213	-48.1209572015846	-3.48032036325546
-37.0999292222908	-32.8907746208684	1.56283621870487
-38.1813464698696	-32.1103974364801	-2.93194819071403
-36.2375297625061	-33.8770649614282	-2.00984697851986
-36.1574831811349	-41.6739853456566	-6.16639688231193
-36.1560288966715	-40.9366877900093	0.706173966837615
-37.852220188656	-32.3898823936325	-4.7421374287964
-36.1204893226664	-45.573453148417	2.84767224364899
-36.0939488710962	-36.1925815890394	-0.23280479365285
-39.2804842065938	-31.3227629190697	-2.91900598925949
-36.1308656199452	-39.5221587893853	-4.0725438750837
-38.9227519571297	-31.5832557767095	-4.70315747806047
-36.117155133483	-38.8599671035792	-3.09757654799168
-36.1482434455746	-43.9434049358783	0.746909616539004
-36.1050413542916	-34.968752954519	-1.15095821400139
-39.2683875385519	-31.3125330133257	-3.82733878642509
-36.1105286067765	-46.3821008952105	1.83355424206562
-36.4429154149445	-33.4514039902635	-5.56537489484187
-36.1169096915995	-47.208770522707	-5.60174992913397
-38.9281189227607	-31.6049027066213	-2.02177368930767
-41.9156064397444	-29.3801408403349	-6.6947999224758
-36.1165257193219	-39.5349847137895	2.67164888135849
-38.5596213297295	-31.8346836409181	2.46183059420464
-41.8863598471647	-29.3626068574055	-1.1353679551728
-36.1564241662939	-40.9187909326654	1.68942389804724
-41.8908998035412	-29.3919405598665	-3.88304171170462
-36.097899326979	-37.4868212252566	1.62414835163436
-39.6583077091241	-31.0467498997585	-3.81547344191421
-36.0934173499116	-40.231408734222	-0.221489369568458
-37.8557011995222	-32.3962882374545	-6.49039148050416
-36.1046388428717	-37.4992065044689	2.57848149587212
-37.4534010488068	-32.6674046902907	-4.66471059880519
-39.7028639145786	-31.0340758299843	-5.64418784733868
-41.5085022556618	-29.6817019126812	-2.95571002095782
-38.1986458570717	-32.0882893610444	-3.80889439628132
-41.1369756086129	-29.9495307629537	-0.241013041003933
-41.1379905285961	-29.9544172461385	-0.256786210357581
-36.1397480465566	-41.6863773653679	-2.22807272761194
-38.2015932485849	-32.1182214690838	-6.52128873508378
-36.1050408209963	-38.8161230832667	-1.16194451397713
-36.4528907533315	-33.4714842310346	1.52906561451443
-39.3118438395504	-31.3343008391593	0.680071365540642
-39.6498893453617	-31.0246556882409	-0.200298574446462
-36.1255860788901	-38.8646936832864	-5.96233629466334
-36.4501332472398	-33.4558859722283	1.56119057334589
-36.1199176133406	-43.1507682835587	-2.27784726024391
-36.115393372633	-34.9603538378157	0.666724641542752
-36.1572863958715	-46.3659224861101	-2.35239006469737
-41.5069134335814	-29.6314624522815	2.53748011622353
-36.1147716482558	-44.7212758557517	-4.36529899371856
-36.1309500710474	-39.5529309364477	2.64985655011092
-36.1351718255887	-41.648721199956	-0.235770426497077
-36.0986414110245	-47.1922058099373	2.95858546541233
-36.1150194195568	-38.135362697777	-1.190498600986
-41.8996213334396	-29.3890643457232	1.58481948286479
-37.1575897500464	-32.9135827813379	2.42741975842095
-37.1124092040869	-32.9249447673722	-2.00529286894436
-36.1499812730705	-36.8486792025699	-3.91667835460071
-38.2104982882341	-32.1428803407959	-2.89663162490884
-36.4140834022758	-33.4561683433918	-1.08517990111075
-36.1152446559165	-34.976397911615	-2.96333785021023
-38.9415547894285	-31.572387419453	-4.69662468079216
-37.1326460353935	-32.9197144350222	-0.228518874091016
-36.1396795012885	-36.2050873023256	-2.97945628825904
-42.2374756699166	-29.0612014887496	-5.77641457069158
-36.0907100413327	-42.3986310793803	-1.23079950276399
-36.1332577816968	-48.928147671897	-5.73740998872425
-36.1485329873058	-41.699642472187	-0.227997792058235
-37.4954107034777	-32.6556041145934	-1.98051628912754
-36.1664831226068	-46.3870179561357	-1.31544326677647
-36.1464524152518	-38.1565698333681	-0.231808279166368
-36.106483603649	-45.5491726814776	-0.259655908049227
-38.2482498534303	-32.1208170279058	-6.51483542716538
-36.1363552440642	-36.2516440406193	-4.8149089260891
-40.7640497294959	-30.2166247901316	2.49656611373675
-36.1295303188901	-47.1614504213957	-3.46406006429619
-36.1130415110766	-36.2011731606219	-1.15591183441934
-41.1261434735189	-29.9500004734245	-5.73374334247488
-40.7193585925798	-30.1977999871312	-1.14968955983556
-36.0945025417112	-38.1500228768111	-2.08681556863783
-36.2084952925875	-33.8465802682496	0.684056212516965
-36.7816190940105	-33.15287204569	0.671802382011002
-36.1506362080146	-45.5467216263662	0.77436240740773
-40.7583241692063	-30.2251197133685	0.684484264869246
-36.1502845648397	-37.4830960731733	-4.89823783301951
-42.2389243422993	-29.1311658861097	-4.83936319444931
-39.6602430709742	-31.0209528967551	-2.01997191017501
-36.1354742802671	-41.6980586854309	-1.22808683386238
-39.9966551209543	-30.7798884406837	-5.65583474214989
-36.0776765025862	-44.7607961166526	-4.40329127473057
-41.497487649568	-29.6662717519123	-1.1520762072851
-37.1045572027567	-32.888596275531	-6.49813469159714
-36.1109724737296	-42.389859327305	2.78234795563019
-36.4435385244397	-33.4747549869276	0.650803573504401
-41.4842363592391	-29.669602083523	-2.04112388839317
-36.1239558559784	-43.1638764319403	-0.250388635126847
-36.1366098996413	-43.1593300294051	-3.24915564160233
-40.7857651812258	-30.2141853271471	0.676070851558548
-36.1191974714575	-46.3369554444082	-5.56138020591937
-36.143569779395	-39.5054035576457	2.61876220331058
-36.1427092437257	-48.9463632688222	1.89291943418216
-36.1158286355851	-42.4165869630521	1.75703886245347
-36.7652126098819	-33.1812611508252	-5.56200245569497
-36.1478604624903	-43.9605722783244	-0.261395984329255
-38.5557498393595	-31.8495825749222	-1.99320590308415
-36.0916636387272	-40.2392924081032	-5.07524304932755
-36.1024269820632	-38.1461472726696	-5.91296969848116
-41.1487600190494	-29.9473007987259	-6.63522901911
-41.123361249087	-29.9414443037469	2.53060792542454
-37.156079115599	-32.9535165683897	-3.77553738075233
-38.5311475677072	-31.8711574890504	0.68029401945349
-36.1334113833598	-43.1910901693001	-0.277424356967291
-36.1340240511421	-44.7278262813794	-1.27109562730169
-36.1306817733877	-34.4283545636154	-2.0036651683493
-38.5838713762718	-31.8312511902836	-0.240063188564494
-36.4583465096965	-33.4644978313324	2.45215025394516
-36.1349026704997	-35.5444545151589	1.61054768570265
-37.4737116017221	-32.607486360942	-2.02007536939567
-36.1442860982172	-40.9419444920478	-3.18246795212174
-42.2576533785948	-29.0817692830573	-3.00918538299189
-36.1299570199326	-48.9560251638209	1.88942663725234
-39.9898575768067	-30.7272620308793	-0.201605151999405
-36.0763745073523	-35.5894394265219	-2.04001089806257
-40.3925263238982	-30.5071780511707	1.58961953307475
-36.1305946618187	-47.2122586758595	0.775815643867093
-36.1092093381846	-40.2138713108233	-3.12092093395671
-36.1352617597896	-41.6820044835164	-3.18696800009763
-36.1187438534634	-38.8475353332564	-6.0016371502451
-36.126045040633	-43.1664796563878	-6.32033465188972
-36.3965223266272	-33.4821535590866	1.57346767519532
-41.4988708889003	-29.6763492948905	-3.89400217387432
-41.8880623411188	-29.3997437247373	-5.74160062111077
-36.4296643135148	-33.4419149937381	-1.13915141683941
-40.0175777405138	-30.7715900645424	-3.86148242632449
-36.1268822572949	-45.5339215707657	1.80383652984435
-41.481134537262	-29.6324923851123	-4.79039334049797
-36.1635893985222	-47.1926358786617	-3.4420661015954
-36.1717372626351	-39.5119135670796	1.68943096336056
-41.4537692767282	-29.6805332437883	-6.66452110124921
-39.6531354994484	-31.0493850768788	1.58701163242037
-37.1170414553863	-32.9188177558175	-2.87838689954784
-37.4807669643402	-32.6464516252526	2.43133709882828
-36.1546730669047	-36.2050905991069	-2.06542600750264
-36.1452345064171	-39.517205198761	2.6293984356094
-40.7982853399474	-30.2543481866204	-4.78682762176204
-36.1279357097897	-40.9377142750905	-3.16542901215069
-36.1534325975362	-45.5207830404403	-6.51916218994024
-36.1204024334641	-40.9307491684951	-6.13462760908031
-36.1559230355655	-34.2800455685146	-0.23154842943564
-36.2065640475738	-33.8748057349634	-0.211913118788925
-36.1484907315056	-36.1650788552519	-0.256413532394569
-39.9942654159934	-30.7377193473076	-2.04687058505965
-36.116206808025	-37.4402156512749	0.68105519340279
-36.138248692777	-40.9268906941472	-0.217985834700166
-40.0077609868063	-30.785662191667	-1.99454248871238
-42.2417818161047	-29.1193498306598	0.681521045974205
-37.4789268350389	-32.6785589359268	-6.5064305561955
-39.307434806404	-31.3116908240156	-5.63986222710637
-36.1343625281294	-35.5998312966633	-3.88367886825433
-36.1481633117602	-48.0891002471112	2.9610850198499
-41.1435482004037	-29.8992851715205	0.68951527802993
-36.1000130516041	-42.4009927366738	-3.23447076444265
-36.1111503425552	-45.5248721487527	0.798424745920618
-36.1287448063758	-35.5948900356983	-2.05913804854684
-36.4029542018225	-33.4472248600308	-1.12028563282458
-36.792797362821	-33.1809348092907	-1.11265216861687
-36.1217035140256	-34.9689148247821	-3.84434680509981
-40.4161066474275	-30.4817220991013	-6.60415046740489
-42.2546740841788	-29.0850494375271	-2.97100377830613
-36.1179108405682	-40.2401146139705	2.68033831435665
-36.1115667104164	-43.1717070035166	-2.2875578372841
-36.1653104436509	-36.1987526019887	-5.76026414784197
-36.108772904531	-44.7300296663632	1.76851591700668
-41.5013151861338	-29.6792998026094	1.59700479083293
-36.1151576053752	-41.6636970529145	2.70717345447296
-36.1299920949049	-38.8286139450222	0.740174099681302
-36.1434222675711	-40.2148812569493	-6.09236140488644
-36.1324848769723	-46.363545561171	-1.30157203996142
-36.1203428270968	-38.1527630713924	-3.99144686017125
-36.7464037676603	-33.188963765037	-2.0007890812325
-36.1204071000849	-43.1586903772014	-0.260128341530981
-36.1546174181642	-38.1669056862582	1.63996758271528
-37.5018198616208	-32.6527004196215	-2.02587345836862
-36.1001563592976	-48.0703252333931	0.799741878555613
-36.1359380703891	-34.3781243215723	-3.84734274432099
-36.1202788881757	-37.5075572141565	2.57580335562645
-37.4858059470205	-32.645582026939	-4.69210476412778
-36.1174037676506	-40.2087611732925	-5.09965516739954
-38.9235290207792	-31.5941257114381	-0.20331745644209
-36.0999200210588	-43.9009787066889	1.78471709381959
-38.523241005751	-31.8675362173173	1.56821772151859
-36.1045667692264	-44.6913966278794	-5.43045222048232
-37.4564782398205	-32.620928345403	-4.67910656448321
-36.1270203372959	-37.4646676567352	-4.89608833735088
-40.0112270404453	-30.7867339811887	2.50233373452388
-36.1142078469921	-42.3900423341144	0.748865872266616
-36.4427579288322	-33.4865465119856	-2.85804826054238
-40.7739023534638	-30.2474763665597	-4.82106586279453
-39.6258705443287	-31.017343326641	-0.238220824790026
-36.1591692079816	-43.149434301229	1.79057683012806
-36.2090938541561	-33.8479871129683	-5.55508632266337
-41.4982292702882	-29.6784086201173	-1.14185764253604
-36.1561808168044	-46.3565985177926	-2.41201654923416
-36.2035389107943	-33.8285323503617	-5.57709071991337
-36.1671398589733	-48.0697856744002	2.97524798714843
-41.943448850292	-29.3810983592417	-1.15676084111102
-36.129303554669	-40.9132392991342	1.72515155272669
-36.132415715738	-37.470856358514	-4.90955091557727
-36.1328292173733	-42.3987909476659	0.780600300246602
-36.1083526508895	-41.6472229476175	2.7183620407738
-36.1208315858138	-42.4104475696648	0.748707823246508
-36.131902049054	-34.9936102746519	1.5767316706219
-36.1126237829486	-34.984216553264	-3.82672830583906
-37.4908590818231	-32.6457311285138	-1.09306002170706
-36.1237355386427	-35.5437968708976	-5.71376596531903
-36.1396065047839	-43.1812315531559	-3.28278088091628
-42.2832487251591	-29.1017604722626	2.56374883147084
-36.093371365607	-40.9654678950305	-1.18365664308295
-36.1411590330399	-34.9438083729912	-0.231115434178682
-37.1289387295095	-32.9414158957348	-2.00241209384339
-36.1470658877643	-37.5163884778293	-2.11458244106716
-37.5001485108249	-32.6654006991453	-4.66717928118868
-36.1165899288422	-35.5768506254253	1.60918513634436
-36.1212320729633	-38.8468918785171	-1.18080404387711
-36.1270049604958	-41.6608266908759	0.785478539251952
-38.5633323423289	-31.8658526593919	-2.91779924630102
-36.1138582023136	-35.5854854025981	0.676778118629755
-36.1671478024387	-36.8573428764721	-2.06348279144744
-40.0255552284512	-30.7671488825151	0.695622104009594
-36.1581158756993	-35.5551239817653	-3.84387054049846
-36.1385358345227	-48.9795230258135	-2.46806254866655
-36.1392157755466	-44.7623307859381	1.7959087872846
-36.1370323674948	-40.2308096879491	0.720091608380092
-36.075752538589	-34.9318403637008	-2.93808270385421
-39.668767612309	-31.0086709944624	-1.13012309121053
-36.1091248629466	-36.1575044635012	-0.200949989252272
-41.154455138298	-29.9246733211295	-0.241008710313687
-36.1458421183426	-46.3813121029474	-0.267946595946161
-38.1777878406979	-32.1147788210228	-2.92349767388617
-40.0140295424578	-30.7736553294914	-5.6901946444073
-38.2121618891198	-32.1442677204668	0.695864386915116
-36.4082952639854	-33.4496087545999	-6.42724024046361
-36.1228863886846	-44.7084494285608	-6.4542788708985
-36.1407314663442	-44.7054309408523	-4.36910250062273
-36.1086937121647	-46.3644510117856	-4.4928828735374
-40.0121386771514	-30.7653294104505	-0.221095764266322
-38.8991512220967	-31.6058803938337	1.58310475189628
-40.0170267989425	-30.7759218842291	-2.02884310746074
-36.102501527795	-39.5476443221203	-6.02221197241002
-36.1227004708629	-46.3733878269445	-0.273423200316553
-37.465740119466	-32.6849218949527	-5.57263898356701
-36.1650368545528	-43.9190141338134	0.774123534010661
-40.0394352325799	-30.7901343881305	1.6034826496211
-38.913090154323	-31.5777888714819	-5.63317957301073
-36.0952588333503	-45.509186351398	-0.287394189456088
-36.1533175232231	-37.4663147058095	-5.85014757875149
-37.8544199048348	-32.3697946365603	0.684048390129845
-40.0164846307293	-30.7442076880567	-5.64913093000005
-36.1247740897875	-34.3211860271017	-5.58019863805192
-41.9161774576066	-29.3916366161359	-2.95100578954806
-37.1257512538536	-32.9092693072106	-0.213993462228776
-38.5561738637235	-31.8351955262399	0.671200792624382
-36.0897641335091	-35.549839339427	-1.10491914169891
-38.9293844875405	-31.5503278951618	-4.74165990051801
-37.1191466487676	-32.923788507211	-0.224056342410959
-36.2245543244823	-33.8664847318874	2.45420497958649
-36.1536342812179	-42.3985265985866	0.763705513828945
-37.8547126943147	-32.4188846367385	-4.70430157570769
-38.5573318239745	-31.8038731238858	-0.211254083097822
-36.8154192250483	-33.1708256138814	0.657847087342599
-36.137736709906	-34.3617680020495	-5.62276470135518
-39.2984639950453	-31.2993054089333	-0.240293787959589
-41.1162688685692	-29.9512415970596	1.57574183747018
-36.1369431010333	-48.9622536022374	0.834410962368417
-40.4044697939964	-30.5004522975376	-3.84688688712174
-36.102893746065	-41.6711465424057	-0.261849567438409
-38.6014222448509	-31.864398768758	1.55116751382537
-36.1277901327192	-38.1859161846404	-3.05128393188312
-39.6408475718651	-31.0407237396138	-6.61052637435579
-40.0405932641907	-30.7766944947995	-1.0719212167298
-40.0524071796333	-30.7523623919357	-2.04773526476741
-36.1252917144732	-45.5343000402783	-4.45535536467458
-39.6356369068292	-31.0142701132658	-4.76665947888163
-40.4131849681258	-30.5194551661335	2.49792909933338
-39.6363817205482	-31.0424522652193	-5.67509234958475
-41.1106690008377	-29.9363319138946	-1.13402873842859
-42.2800817480533	-29.0900512168184	-4.85760335871645
-39.2836579177936	-31.3271401662421	0.662243751162769
-36.4341820191683	-33.4726691722633	0.641517427563841
-38.5777463534522	-31.9007051409137	-2.93244487827846
-38.5681450566823	-31.8695887439739	0.658687965384836
-36.1423447711596	-38.8049158318569	0.707121780405585
-36.1244258773253	-35.5947453235952	2.51542193283971
-41.1581027043717	-29.9568462637993	-4.80972632106645
-40.7655065215441	-30.224492676039	-4.7831048767748
-42.2341635096334	-29.0818338077547	-5.72202532434933
-40.0304229170595	-30.7736328939607	-6.57312277058285
-36.1069499605363	-35.5904102605286	1.59413639826675
-36.1182366201852	-46.3584804705947	0.780368074516012
-39.6424096633047	-31.0025163624085	-5.67525222157588
-41.5115217888174	-29.6607490477862	-1.1364262530755
-36.1525377768672	-48.9196108013694	-0.287108013617512
-36.1131111424475	-44.7443336191551	-4.36542276349624
-36.0985536151867	-38.1034632509035	-3.98299994735078
-42.2722728166156	-29.115074794378	-2.9946893334587
-41.884603378782	-29.3847718812798	-4.83175625814247
-36.0625823831225	-43.9018522561666	2.80993170186209
-39.6413426144594	-31.0257760447077	2.44447841429987
-36.435885045891	-33.4913848534496	0.683689047286652
-36.133118118023	-43.1392607105991	-0.258793941319126
-39.2731911579248	-31.2813674752977	2.4413742688259
-42.2304457510584	-29.0811510307744	-5.76048596843993
-36.1384110032349	-48.0758122331647	-5.66136073825106
-37.4457721450832	-32.6461649992497	-1.10152626063188
-36.1575984225113	-44.751495831107	-0.196570290734229
-41.5347657039861	-29.6617851238285	-2.03983227574171
-36.1402069048171	-38.847804796961	0.709574655845494
-41.4683032594122	-29.6711099686997	-4.80943641659004
-37.8352543556813	-32.3563623053875	1.56933537860777
-36.1186062421968	-43.1763305283453	-0.236818175970531
-38.5668709206776	-31.8305783554471	-1.13706163516669
-36.4343605847531	-33.4720464806878	-5.54588147584489
-36.1151887016338	-34.953057679954	-4.73028630833485
-41.1503548221548	-29.9149095522738	-6.63793847219007
-36.1278174822713	-38.8266254799024	0.683047612662064
-36.1247049589357	-47.1897031956044	-1.3179412886472
-36.1399649579131	-36.8432044254633	-4.85999038343344
-36.1225207758359	-38.1598761599812	-0.257871005792036
-36.137398202247	-43.1673272155048	-1.26118953614631
-36.4293649706708	-33.4563789278349	-0.224740483792222
-40.3759927464286	-30.5176888308328	1.5901441716153
-39.3082490473393	-31.3195462631336	-3.85578022548956
-36.1462744707446	-36.2343937879854	-2.97350232668999
-36.1142999854794	-48.0867939864875	1.86698977853345
-36.1259731713839	-38.1658498067348	-4.0521728278157
-41.8844994740064	-29.406338392625	-0.22837650716042
-36.1146187011767	-39.5437980565557	2.62861788738939
-39.6699097411583	-31.0631424161409	0.724947010526453
-36.2496234177431	-33.8755547528595	2.45640280123382
-41.8788194789484	-29.3911511129475	-5.79093335454282
-37.8282554109493	-32.3822073045922	1.55959959736074
-36.1362129234395	-36.8153092937407	-2.06496722393482
-38.1839923602156	-32.1091863886368	2.46329415513459
-37.1274309814697	-32.8798428381783	-5.5788350471986
-36.1284159662319	-34.3625557162366	-4.73195971301814
-36.1347565446929	-42.4229755624149	-1.24937958246431
-36.1284274987573	-42.4004801571783	-2.25959559354287
-36.4501459847857	-33.4829121765336	-3.80723716633939
-37.5034287228879	-32.6959397871874	-2.88408518729266
-36.1384265738505	-40.2111920882493	2.68117953268061
-36.1201757794779	-35.5662018027597	-0.228323093869737
-37.8619938204002	-32.3812305443483	-2.90263481278079
-39.6466107406911	-31.078391898406	2.52727313911903
-38.5648506730782	-31.8708781066713	-6.50498323886548
-38.5517381394213	-31.8586702029696	-0.19636326110227
-37.1198875436048	-32.9062519760783	1.57126128797269
-36.1199871619605	-47.2161987064882	-5.6117728507151
-40.392791167702	-30.4907407103789	1.58677540701554
-38.8901972535018	-31.6094876748707	0.669882235096993
-40.7557969656153	-30.2011332142521	1.57854414445959
-36.1336692946355	-41.6048089034999	0.744235160439836
-38.2259530251804	-32.1378671738141	-5.59616221719059
-38.2204652025417	-32.1405447966086	-5.633893168187
-36.0902900689528	-38.1696746568906	1.65926740865687
-36.1094616605534	-44.7203184326926	-4.40168821459784
-36.1457008802333	-35.5876824589965	-0.220832674495367
-39.6494233769287	-31.0450189181255	-1.09732041190407
-36.4309736369475	-33.4584406390955	-6.48926264915742
-36.133183512603	-34.9350011743492	1.56690438581593
-36.1058998798934	-39.5117255280051	-2.12911052562828
-36.1302155845377	-36.8704615022337	-2.10283452958301
-36.1410083768934	-46.3623081827854	-3.4519756969261
-36.1654854291518	-38.1517793316198	-5.89526233674523
-36.0921942188549	-35.5919177908382	-2.93205581895
-36.0998561310541	-39.5367400776763	1.675993693978
-36.0978390685468	-44.7390899007349	-4.3973150553093
-36.1171887482006	-47.1691213973535	-5.63404719327606
-36.1429459168128	-35.5812732781918	-3.85760796162412
-36.1348056897054	-40.2205606904288	0.7374698257678
-36.1516058176923	-41.6738968080145	-4.17836181447836
-41.9179044549785	-29.4297055336496	-1.15812829909321
-36.1521573394745	-45.5277470404872	2.83366765915236
-36.7970807390233	-33.1470045772547	-2.00698019443523
-39.9920754877914	-30.7774945622618	0.678061070646777
-36.1234903954654	-48.056986955586	-4.59427229295211
-39.2837505305792	-31.2990862993198	-0.225190592743871
-36.111304862033	-45.5636190595817	2.88972901555635
-41.5344962656944	-29.6669860930646	-2.06451461211265
-36.1446499426614	-46.3845367739619	-3.40283694751928
-41.1326669187546	-29.9068186744698	2.47873777469988
-36.151100869569	-39.4906758110149	-0.247909924055459
-36.1366038546886	-44.6923350266207	1.75762847956694
-38.2272407488329	-32.1228671590892	-2.89871474286643
-37.8406537244348	-32.3510463265981	-4.68813498761632
-39.9995649901685	-30.7708721294545	-4.76909170069542
-36.1058414598539	-42.3815412387979	-3.23634548483087
-36.1280077277341	-39.5136127701245	-1.18985210718729
-36.155344259948	-35.5922441834507	0.715521841696281
-38.2079525756743	-32.0906221172613	-2.88194348102056
-36.1232683670955	-40.900295514368	-3.17158575680653
-36.1641256004822	-48.0338503692005	1.88237080686295
-36.1392791135913	-36.8362684611658	-2.07552991145303
-37.1193013027284	-32.9629578692863	-1.11964720455411
-36.1409913000792	-46.3873323601774	-2.35422343545792
-36.1474858285189	-48.9639352818298	1.89699385952945
-37.1085483192211	-32.9286607971799	0.673456647025419
-40.413249635626	-30.5082489051446	2.50590448413514
-38.2164334647605	-32.1352825137203	1.57958692148972
-40.0000980164467	-30.7522088779491	-6.60579284438353
-36.1270612896757	-37.5123992894061	-4.00502416940637
-40.4203031420192	-30.4848247391157	-6.59971528151345
-42.2432101568756	-29.0787493957025	-6.69541684673712
-36.1180048462683	-44.7524642165066	1.80807818385533
-36.4216791275152	-33.4530032269334	2.46990546679462
-36.1429856870325	-46.3626898397658	2.88702101751938
-38.5375177536501	-31.8279062981141	-6.515470458547
-36.1034245239836	-43.192277985958	-2.2742722336489
-36.1544727651333	-36.8670560222696	-2.04764639909812
-36.1358423782646	-36.1674504443437	-0.187172377410255
-40.7213171930051	-30.2438787224303	-2.06609262520108
-36.1163106432465	-48.0954102634019	-1.3458845342369
-36.1014859963086	-38.1076713799149	-0.198492957408152
-36.1086037987285	-42.4100553370478	-0.22896032593541
-36.7866021161027	-33.1943444091861	-1.97204968754169
-38.5496552246454	-31.8526560012474	1.59359174149602
-36.1197702123425	-38.1217226319183	1.64043019398441
-36.1026663684711	-45.5576536023962	1.81963836294652
-36.1374937703813	-42.3729607630208	-0.226669882762611
-36.1338643950994	-42.3928742929914	2.73811046321779
-38.2323425134754	-32.1463502725163	-1.09937481441257
-37.8512945082084	-32.4004313716983	0.70465716500194
-36.1166876766128	-43.1587150298743	-6.33725673694021
-36.2304267762731	-33.8339640648211	-3.79414322247434
-36.1355217766109	-48.0885481205288	-1.32862046126411
-37.175586003586	-32.9402958029716	-4.69864024999696
-36.1366499698748	-46.3917541386739	-1.27174932218608
-40.7223245572685	-30.2453842643725	2.54178219280308
-36.1623134619261	-37.5109018113446	2.58141266398983
-38.9160344011281	-31.5645475701702	-5.66572696601998
-36.1067782603687	-43.9324226147718	-0.255000368126203
-41.8698610293906	-29.4038209962858	-0.263217244529395
-40.7648966218756	-30.2151987517877	-3.88719708732356
-36.4287569758598	-33.4228855354709	-6.47093612651957
-39.6491754612973	-31.0817293772078	-4.75215434191063
-36.1281774322386	-43.1629928488209	2.74490622282231
-36.1489560645234	-44.7280856597634	-0.208917206697268
-36.1375739314538	-43.930837831708	-0.265042558330704
-40.384802940214	-30.4877544817587	-2.91699457338379
