# Camera list with one line of data per camera:
#   CAMERA_ID, MODEL, WIDTH, HEIGHT, PARAMS[]
# Number of cameras: 89
1 SIMPLE_RADIAL 1000 1000 1009.83 500 500 0.0261613
2 SIMPLE_RADIAL 1000 1000 1017.01 500 500 0.0371861
3 SIMPLE_RADIAL 1000 1000 999.961 500 500 0.0293635
4 SIMPLE_RADIAL 1000 1000 997.669 500 500 0.0334639
5 SIMPLE_RADIAL 1000 1000 1020.1 500 500 0.00952319
6 SIMPLE_RADIAL 1000 1000 1019.91 500 500 0.0300402
7 SIMPLE_RADIAL 1000 1000 1020.8 500 500 0.0274508
8 SIMPLE_RADIAL 1000 1000 1005.07 500 500 0.0290724
9 SIMPLE_RADIAL 1000 1000 1017.02 500 500 0.00744913
10 SIMPLE_RADIAL 1000 1000 1029.74 500 500 0.0433497
11 SIMPLE_RADIAL 1000 1000 1016.23 500 500 0.0192694
12 SIMPLE_RADIAL 1000 1000 1014.55 500 500 0.0188162
13 SIMPLE_RADIAL 1000 1000 1009.83 500 500 0.0179778
14 SIMPLE_RADIAL 1000 1000 1003.64 500 500 0.010277
15 SIMPLE_RADIAL 1000 1000 1005.64 500 500 0.0139108
16 SIMPLE_RADIAL 1000 1000 1017.4 500 500 0.0228397
17 SIMPLE_RADIAL 1000 1000 1009.1 500 500 0.0245673
18 SIMPLE_RADIAL 1000 1000 1016.39 500 500 0.0325639
19 SIMPLE_RADIAL 1000 1000 1017.79 500 500 0.0315114
20 SIMPLE_RADIAL 1000 1000 1005.35 500 500 0.0182306
21 SIMPLE_RADIAL 1000 1000 1007.68 500 500 0.0141562
22 SIMPLE_RADIAL 1000 1000 1011.13 500 500 0.0168202
23 SIMPLE_RADIAL 1000 1000 1008.67 500 500 0.0159551
24 SIMPLE_RADIAL 1000 1000 1001.4 500 500 0.0186349
25 SIMPLE_RADIAL 1000 1000 1008.71 500 500 0.018983
26 SIMPLE_RADIAL 1000 1000 1014.61 500 500 0.0280636
27 SIMPLE_RADIAL 1000 1000 1073.56 500 500 0.0474911
28 SIMPLE_RADIAL 1000 1000 1011.98 500 500 0.0225355
29 SIMPLE_RADIAL 1000 1000 1022.37 500 500 0.0169184
30 SIMPLE_RADIAL 1000 1000 1015.03 500 500 0.0215044
31 SIMPLE_RADIAL 1000 1000 1025.41 500 500 0.0607897
32 SIMPLE_RADIAL 1000 1000 1027.12 500 500 0.0530229
33 SIMPLE_RADIAL 1000 1000 1011.61 500 500 0.0170019
34 SIMPLE_RADIAL 1000 1000 1012.67 500 500 0.0207808
35 SIMPLE_RADIAL 1000 1000 1002.85 500 500 0.0155361
36 SIMPLE_RADIAL 1000 1000 1011.24 500 500 0.0200944
37 SIMPLE_RADIAL 1000 1000 1019.85 500 500 0.0659364
38 SIMPLE_RADIAL 1000 1000 1020.02 500 500 0.055098
39 SIMPLE_RADIAL 1000 1000 1004.26 500 500 0.0468357
40 SIMPLE_RADIAL 1000 1000 1002.38 500 500 0.0214838
41 SIMPLE_RADIAL 1000 1000 1015.1 500 500 0.0441658
42 SIMPLE_RADIAL 1000 1000 1021.79 500 500 0.0473963
43 SIMPLE_RADIAL 1000 1000 1003.46 500 500 0.0278166
44 SIMPLE_RADIAL 1000 1000 1002.5 500 500 0.0275002
45 SIMPLE_RADIAL 1000 1000 1015.87 500 500 0.0228117
46 SIMPLE_RADIAL 1000 1000 1002.55 500 500 0.0120907
47 SIMPLE_RADIAL 1000 1000 1010.19 500 500 0.0170163
48 SIMPLE_RADIAL 1000 1000 1005.99 500 500 0.00768176
49 SIMPLE_RADIAL 1000 1000 1016.85 500 500 0.0136435
50 SIMPLE_RADIAL 1000 1000 1016.89 500 500 0.0122157
51 SIMPLE_RADIAL 1000 1000 1004.49 500 500 0.0185836
52 SIMPLE_RADIAL 1000 1000 1015.22 500 500 0.00569561
53 SIMPLE_RADIAL 1000 1000 1015.56 500 500 0.00797658
54 SIMPLE_RADIAL 1000 1000 1002.15 500 500 0.0492148
55 SIMPLE_RADIAL 1000 1000 996.035 500 500 0.0272199
56 SIMPLE_RADIAL 1000 1000 1016.76 500 500 0.0352927
57 SIMPLE_RADIAL 1000 1000 1002.21 500 500 0.0166365
58 SIMPLE_RADIAL 1000 1000 1006.05 500 500 0.00641662
59 SIMPLE_RADIAL 1000 1000 1013.1 500 500 0.0126277
60 SIMPLE_RADIAL 1000 1000 1013.99 500 500 0.0133721
61 SIMPLE_RADIAL 1000 1000 1024.18 500 500 0.0348006
62 SIMPLE_RADIAL 1000 1000 1020.35 500 500 0.0391216
63 SIMPLE_RADIAL 1000 1000 1009.76 500 500 0.0409226
64 SIMPLE_RADIAL 1000 1000 1007.46 500 500 0.0124348
65 SIMPLE_RADIAL 1000 1000 1012.85 500 500 0.0190343
66 SIMPLE_RADIAL 1000 1000 1010 500 500 0.00604242
67 SIMPLE_RADIAL 1000 1000 1024.8 500 500 0.0248933
68 SIMPLE_RADIAL 1000 1000 1008.58 500 500 0.0358476
69 SIMPLE_RADIAL 1000 1000 1019.33 500 500 0.0247925
70 SIMPLE_RADIAL 1000 1000 1015.49 500 500 0.0196181
71 SIMPLE_RADIAL 1000 1000 1016.65 500 500 0.0162051
72 SIMPLE_RADIAL 1000 1000 1004.03 500 500 0.0146418
73 SIMPLE_RADIAL 1000 1000 1008.2 500 500 0.013687
74 SIMPLE_RADIAL 1000 1000 999.243 500 500 0.0132567
75 SIMPLE_RADIAL 1000 1000 1011.79 500 500 0.0200177
76 SIMPLE_RADIAL 1000 1000 1000.07 500 500 -0.00258959
77 SIMPLE_RADIAL 1000 1000 1000.04 500 500 0.00524326
78 SIMPLE_RADIAL 1000 1000 1021.1 500 500 0.0321579
79 SIMPLE_RADIAL 1000 1000 1013.28 500 500 0.00981065
80 SIMPLE_RADIAL 1000 1000 1016.47 500 500 0.0232987
81 SIMPLE_RADIAL 1000 1000 1016.79 500 500 0.0105745
82 SIMPLE_RADIAL 1000 1000 1006.38 500 500 -0.00114293
83 SIMPLE_RADIAL 1000 1000 1013.88 500 500 0.00362836
84 SIMPLE_RADIAL 1000 1000 1013.25 500 500 0.0177429
85 SIMPLE_RADIAL 1000 1000 1008.54 500 500 0.00454972
86 SIMPLE_RADIAL 1000 1000 1017.02 500 500 0.0175547
87 SIMPLE_RADIAL 1000 1000 1015.77 500 500 0.0185704
88 SIMPLE_RADIAL 1000 1000 1021.66 500 500 0.0170074
89 SIMPLE_RADIAL 1000 1000 1016.76 500 500 0.037239
