4.327261745929718018e-01 1.060347422026097775e-04 -1.094774715602397919e-02 7.257767021656036377e-03 2.649807371199131012e-03 -1.496195793151855469e-03
4.308841824531555176e-01 -1.979449531063437462e-03 2.640921156853437424e-03 -5.959194153547286987e-03 6.520206225104629993e-04 -9.566897642798721790e-04
4.371500015258789062e-01 8.407817222177982330e-03 7.680010981857776642e-03 -4.799770191311836243e-03 -4.799016169272363186e-04 -1.574388821609318256e-03
4.451054334640502930e-01 -1.310495194047689438e-03 1.550356578081846237e-02 -9.443070739507675171e-03 -3.840445773676037788e-03 -3.868706698995083570e-05
4.365237951278686523e-01 -6.842439324827864766e-05 2.016326645389199257e-03 1.327445497736334801e-04 -7.627445738762617111e-04 -4.064813838340342045e-04
4.413985013961791992e-01 -1.350066158920526505e-04 5.243387538939714432e-03 5.066432058811187744e-03 -1.480742474086582661e-03 -5.788619746454060078e-04
4.451233148574829102e-01 -6.307260133326053619e-03 -1.145604415796697140e-03 6.006510462611913681e-03 -6.643432658165693283e-03 1.433691795682534575e-04
4.422290921211242676e-01 -2.204438904300332069e-03 -5.049731116741895676e-03 2.833751961588859558e-03 -4.200055729597806931e-03 -1.191320014186203480e-03
4.438971281051635742e-01 5.515941884368658066e-03 8.591769263148307800e-03 -5.382433533668518066e-03 -5.531258648261427879e-05 -3.266835585236549377e-03
4.489398896694183350e-01 4.932021722197532654e-03 2.148275263607501984e-02 -8.965105749666690826e-03 -3.176569007337093353e-03 -1.026476034894585609e-03
4.438425898551940918e-01 1.049413345754146576e-03 1.620101742446422577e-02 -7.851721602492034435e-04 9.582353523001074791e-04 9.733981569297611713e-04
4.400635957717895508e-01 -2.605465706437826157e-03 3.562610130757093430e-03 2.393055008724331856e-03 -3.865832695737481117e-06 4.087452543899416924e-04
4.428558051586151123e-01 -1.127765979617834091e-03 -2.599893370643258095e-03 2.833935664966702461e-03 -2.826528507284820080e-04 -9.368375176563858986e-04
4.448841810226440430e-01 2.222334733232855797e-03 1.874442328698933125e-03 1.024782541207969189e-04 2.858157677110284567e-04 -1.082139904610812664e-03
4.403204023838043213e-01 2.474645152688026428e-03 7.737647742033004761e-03 -8.304209914058446884e-04 1.520048594102263451e-03 1.540279772598296404e-04
4.452033042907714844e-01 4.558968357741832733e-03 1.797930896282196045e-02 -1.517769182100892067e-03 2.222437906311824918e-04 4.515548644121736288e-04
4.405426084995269775e-01 2.618620637804269791e-03 1.128171756863594055e-02 2.134782262146472931e-03 -1.200214494019746780e-03 3.264679980929940939e-04
4.400661587715148926e-01 -3.234294475987553596e-03 9.829694172367453575e-04 1.097510335966944695e-03 -2.856203645933419466e-04 3.988933458458632231e-04
4.329802989959716797e-01 -2.247959841042757034e-03 -4.659485816955566406e-02 -2.963037928566336632e-03 1.617186353541910648e-03 2.026199799729511142e-04
4.385673701763153076e-01 -1.007418381050229073e-03 -5.308882147073745728e-02 -4.262275062501430511e-03 -2.750460058450698853e-03 8.155788964359089732e-05
4.313156306743621826e-01 -1.848899410106241703e-03 -4.484768956899642944e-02 -4.502237774431705475e-03 1.363016199320554733e-03 -1.404208596795797348e-04
4.308918714523315430e-01 6.827427539974451065e-03 -5.136816203594207764e-02 -9.550397517159581184e-04 3.134785220026969910e-03 1.515250041848048568e-04
4.443384706974029541e-01 1.162558211944997311e-03 -8.682674728333950043e-03 8.660975145176053047e-04 -1.984578790143132210e-03 9.791364427655935287e-04
4.302975535392761230e-01 6.608498748391866684e-03 -4.549537971615791321e-02 9.242882952094078064e-03 1.370953023433685303e-02 9.370613843202590942e-04
4.202792346477508545e-01 4.117664881050586700e-03 4.737405106425285339e-05 1.358843129128217697e-02 3.023596480488777161e-02 9.622454526834189892e-04
4.778690636157989502e-01 -1.489447779022157192e-03 -1.380481664091348648e-02 3.659487701952457428e-04 -2.766677062027156353e-05 -5.166998598724603653e-04
4.983185827732086182e-01 2.643339103087782860e-03 -1.799270324409008026e-02 -2.603982109576463699e-03 -6.181558710522949696e-04 4.579180967994034290e-04
5.071147680282592773e-01 -6.478724069893360138e-03 -3.919000551104545593e-02 1.826629042625427246e-03 2.848989563062787056e-03 9.977947920560836792e-04
5.265954136848449707e-01 -4.242782481014728546e-03 -2.178888395428657532e-02 -4.138232616242021322e-04 2.996523166075348854e-03 5.921034608036279678e-04
5.466312170028686523e-01 1.345416763797402382e-03 7.348009967245161533e-05 7.441461784765124321e-04 9.411260543856769800e-05 7.377063739113509655e-04
5.589583516120910645e-01 -6.830927915871143341e-03 -2.313814498484134674e-02 1.223563565872609615e-03 -2.475122746545821428e-04 1.098962966352701187e-03
5.716678500175476074e-01 -3.078273497521877289e-03 -8.246885612607002258e-03 -1.136974431574344635e-03 -1.677736523561179638e-03 1.353049650788307190e-03
5.916484594345092773e-01 2.194694709032773972e-03 -8.344116620719432831e-03 3.781642997637391090e-03 -9.552406845614314079e-04 7.965467520989477634e-04
6.094921231269836426e-01 -6.034318357706069946e-04 -1.004678290337324142e-02 -1.752558280713856220e-03 -9.722644463181495667e-04 7.576168281957507133e-04
6.222785711288452148e-01 1.638327143155038357e-03 -8.561192080378532410e-03 1.673962338827550411e-03 -3.188779519405215979e-04 -4.157333460170775652e-04
6.331160068511962891e-01 -1.691194996237754822e-02 -6.967166066169738770e-02 -4.043275490403175354e-03 1.908577047288417816e-03 1.057967019733041525e-04
6.588706374168395996e-01 3.000196302309632301e-03 -8.435277268290519714e-03 -7.145645795390009880e-04 3.127187024801969528e-03 6.781013216823339462e-04
6.693921685218811035e-01 2.692340407520532608e-03 -4.400684498250484467e-03 4.757117480039596558e-03 4.066865425556898117e-03 3.285881830379366875e-04
6.823312640190124512e-01 -4.134802147746086121e-03 -6.147635169327259064e-03 9.099784074351191521e-04 1.347151584923267365e-03 6.941867759451270103e-04
7.078903913497924805e-01 1.418921514414250851e-03 -8.371473290026187897e-03 2.646091859787702560e-03 -7.991385064087808132e-04 2.904838765971362591e-04
7.221989035606384277e-01 2.541586058214306831e-03 -1.360824145376682281e-02 -4.431901616044342518e-04 -3.337496891617774963e-03 -1.163339402410201728e-05
7.412877082824707031e-01 3.919604234397411346e-03 -1.602771878242492676e-02 3.158111590892076492e-03 -5.504152737557888031e-03 3.269274020567536354e-04
7.430410981178283691e-01 -9.000198915600776672e-04 -8.981003426015377045e-03 -8.454758790321648121e-04 -1.976894214749336243e-03 9.909286163747310638e-04
7.634562849998474121e-01 2.409493550658226013e-03 -3.841207595542073250e-03 1.076487358659505844e-03 9.491273085586726665e-04 -6.967336230445653200e-05
7.795315980911254883e-01 5.201539024710655212e-03 -1.488952990621328354e-02 1.379565335810184479e-03 2.192471176385879517e-03 -6.879738066345453262e-05
7.878100275993347168e-01 2.630983479321002960e-03 -5.301361437886953354e-03 1.088544195226859301e-06 2.282724890392273664e-04 -9.093731205211952329e-05
8.162006139755249023e-01 3.840785706415772438e-03 -1.057132799178361893e-02 -7.241735002025961876e-04 -9.703246760182082653e-04 -2.242332120658829808e-04
8.233140110969543457e-01 6.241649971343576908e-04 -3.263908904045820236e-03 -1.704960479401051998e-03 -6.316820508800446987e-04 2.379303041379898787e-04
8.394184708595275879e-01 1.419829437509179115e-03 -1.158784050494432449e-02 2.783052877930458635e-05 -5.275892908684909344e-04 2.980061399284750223e-04
8.498284816741943359e-01 2.790060825645923615e-03 -6.149059627205133438e-03 1.188209396786987782e-03 2.326728717889636755e-04 -2.085002488456666470e-04
8.687837123870849609e-01 4.163524135947227478e-03 -6.036123886588029563e-05 6.259033689275383949e-04 1.129316864535212517e-03 -4.244980518706142902e-04
8.848756551742553711e-01 2.871490549296140671e-03 -9.145710617303848267e-03 4.695840470958501101e-04 8.904509013518691063e-04 -5.048242746852338314e-04
8.927133679389953613e-01 1.363170216791331768e-03 -1.049659773707389832e-02 4.694177769124507904e-04 -5.938120302744209766e-04 -1.478189224144443870e-04
9.151631593704223633e-01 7.418181048706173897e-04 -1.213714107871055603e-02 5.687318625859916210e-04 -1.524526509456336498e-03 -3.038921859115362167e-04
9.287610650062561035e-01 7.770442171022295952e-04 -1.619295030832290649e-02 -1.139779706136323512e-04 -9.162432979792356491e-04 -3.108178498223423958e-04
9.774461388587951660e-01 1.499523757956922054e-03 -1.138220168650150299e-02 -4.281103610992431641e-04 7.611401088070124388e-05 -4.789636586792767048e-04
9.240424036979675293e-01 3.319555427879095078e-03 -1.293301582336425781e-02 4.258278640918433666e-04 6.640422507189214230e-04 -4.397823649924248457e-04
9.743277430534362793e-01 3.924642689526081085e-03 -4.475914873182773590e-03 -1.208314788527786732e-03 6.285464041866362095e-04 -4.681268765125423670e-04
9.844953417778015137e-01 2.492089755833148956e-03 -5.628633312880992889e-03 -2.946483073174022138e-05 -3.209444985259324312e-04 -5.780106876045465469e-04
1.003962635993957520e+00 3.193702315911650658e-03 -1.894150674343109131e-02 -8.242076146416366100e-04 -9.085641941055655479e-04 -4.473898443393409252e-04
1.018413543701171875e+00 2.570569980889558792e-03 -1.208434812724590302e-02 -4.550552330329082906e-05 9.202397777698934078e-04 -5.834304611198604107e-04
1.034229636192321777e+00 2.022678963840007782e-03 -8.737840689718723297e-03 -2.494866494089365005e-04 9.420895366929471493e-04 -5.322360666468739510e-04
1.044280529022216797e+00 1.189001253806054592e-03 -1.606347784399986267e-02 -1.083843759261071682e-03 -8.577964617870748043e-04 -6.294000777415931225e-04
1.062881112098693848e+00 3.941969946026802063e-03 -1.112005207687616348e-02 1.633768202736973763e-03 -1.367506192764267325e-04 -5.340147763490676880e-04
1.080606222152709961e+00 4.257583059370517731e-03 -7.473748642951250076e-03 1.049949205480515957e-03 1.392672565998509526e-04 -5.107924225740134716e-04
1.091901898384094238e+00 5.801810417324304581e-03 5.906133446842432022e-03 1.479012775234878063e-03 9.249098948203027248e-04 -5.059930845163762569e-04
1.104534864425659180e+00 8.656378835439682007e-03 9.666593745350837708e-03 2.493158681318163872e-03 -2.881175605580210686e-04 -5.975996027700603008e-04
1.122210621833801270e+00 4.601683001965284348e-03 -8.479048497974872589e-03 -6.490355590358376503e-04 8.857175707817077637e-04 -2.345796528970822692e-04
1.139781117439270020e+00 1.750507508404552937e-03 -1.497996784746646881e-02 5.970785859972238541e-04 -5.247893568594008684e-05 1.604751450940966606e-04
1.146494865417480469e+00 2.395267831161618233e-03 -8.112539537250995636e-03 -1.360542373731732368e-03 -1.228411681950092316e-03 1.598689705133438110e-04
1.169888019561767578e+00 2.060038968920707703e-03 -1.491301599889993668e-02 -1.307558268308639526e-03 1.031748106470331550e-04 9.560561011312529445e-05
1.181500434875488281e+00 2.831234014593064785e-04 -2.233990095555782318e-02 -2.239085035398602486e-03 1.094301231205463409e-03 9.829270129557698965e-05
1.197823524475097656e+00 8.251516846939921379e-04 -1.168264634907245636e-02 -3.820658661425113678e-03 1.171834417618811131e-03 -8.059624087763950229e-05
1.201451182365417480e+00 4.191470332443714142e-03 -1.297706272453069687e-02 -5.247715744189918041e-04 1.481116923969238997e-04 -6.697255885228514671e-04
1.218959569931030273e+00 3.076259279623627663e-03 -1.052091643214225769e-02 -7.593211485072970390e-04 4.025347880087792873e-04 -6.761729018762707710e-04
1.233519196510314941e+00 3.018249059095978737e-03 -1.085911970585584641e-02 1.602074014954268932e-03 -2.839522785507142544e-04 -8.835354819893836975e-04
1.236991643905639648e+00 -2.491223858669400215e-04 -1.022825576364994049e-02 8.555711829103529453e-04 -3.090250538662075996e-04 -3.818488912656903267e-04
1.259108543395996094e+00 1.398366410285234451e-03 -1.393765583634376526e-02 1.963868970051407814e-03 -1.524637802504003048e-03 -5.792650044895708561e-04
1.264576077461242676e+00 1.073723309673368931e-03 -9.169776923954486847e-03 8.554512169212102890e-04 -3.719949629157781601e-03 -3.547306696418672800e-04
1.264045953750610352e+00 1.088686985895037651e-03 -1.781945675611495972e-02 1.152230543084442616e-03 -2.417057519778609276e-03 -5.426622228696942329e-04
1.276394605636596680e+00 1.591726904734969139e-03 -9.889996610581874847e-03 2.296268576174043119e-05 -1.452988246455788612e-03 -7.914061425253748894e-04
1.263258099555969238e+00 2.915689721703529358e-03 1.141939661465585232e-03 2.609252696856856346e-04 6.124181207269430161e-03 -1.006368780508637428e-03
1.218088984489440918e+00 3.275194903835654259e-03 1.236634515225887299e-02 1.223220024257898331e-03 1.072420086711645126e-02 -6.621515494771301746e-04
1.203099489212036133e+00 2.866142662242054939e-03 1.710511557757854462e-02 3.282455494627356529e-03 5.205165129154920578e-03 -3.253252070862799883e-04
1.169090628623962402e+00 -8.464439306408166885e-04 1.125836372375488281e-02 -1.274252193979918957e-03 -6.882054149173200130e-04 -5.066992016509175301e-04
1.138115406036376953e+00 2.727410988882184029e-03 1.294311415404081345e-02 1.977452309802174568e-03 -2.764007775112986565e-03 -7.315488182939589024e-04
1.093054294586181641e+00 -4.129432141780853271e-03 -7.940979674458503723e-03 -8.492521010339260101e-04 2.498908201232552528e-03 -8.005793788470327854e-04
1.070135116577148438e+00 -2.784800017252564430e-04 5.168106872588396072e-03 -7.310911896638572216e-04 1.052058651112020016e-03 -3.863182791974395514e-04
1.035238385200500488e+00 1.690103206783533096e-03 7.826975546777248383e-03 8.505095029249787331e-04 2.498299581930041313e-03 -9.731735190143808722e-06
9.976055622100830078e-01 2.273808349855244160e-04 8.952960371971130371e-03 5.398195935413241386e-04 1.736861537210643291e-03 -2.076680393656715751e-04
9.555524587631225586e-01 7.712307269684970379e-04 1.430188678205013275e-02 -1.419010659446939826e-04 6.875862018205225468e-04 -3.011546214111149311e-04
9.252206683158874512e-01 -9.861014550551772118e-04 4.485224839299917221e-03 -2.907844493165612221e-03 -4.692911170423030853e-04 -4.602727130986750126e-04
8.848857283592224121e-01 1.174862380139529705e-03 1.412582001648843288e-03 -9.460698347538709641e-04 4.390611138660460711e-04 -6.248317658901214600e-04
8.424890637397766113e-01 3.624465782195329666e-03 1.023926585912704468e-02 1.335654058493673801e-03 9.441437432542443275e-04 -3.334752400405704975e-04
8.223058581352233887e-01 2.944736508652567863e-03 6.324569229036569595e-03 -1.449070987291634083e-03 -8.720731711946427822e-04 -5.682643968611955643e-04
7.981396317481994629e-01 1.527715823613107204e-03 5.485404748469591141e-03 2.821117523126304150e-04 -1.112317666411399841e-03 -5.385537515394389629e-04
7.783469557762145996e-01 1.360295456834137440e-03 9.358349256217479706e-03 -2.612483454868197441e-03 -1.072088256478309631e-03 2.479265640431549400e-05
7.647175192832946777e-01 3.110888181254267693e-03 1.329706981778144836e-03 -2.403056016191840172e-03 -1.670068362727761269e-03 -2.954295487143099308e-04
7.497760653495788574e-01 2.389137400314211845e-03 6.442196900025010109e-04 -8.497036178596317768e-04 -2.494923537597060204e-03 -3.707496798597276211e-04
7.316635847091674805e-01 1.468792790547013283e-03 4.570842720568180084e-03 -1.040180679410696030e-03 -1.537276548333466053e-03 7.578002987429499626e-05
7.259329557418823242e-01 1.122152665629982948e-03 -8.080096915364265442e-03 -2.868043491616845131e-03 -2.711666747927665710e-03 -4.394823627080768347e-04
7.240571975708007812e-01 4.196407273411750793e-03 -8.306543342769145966e-03 -3.979352477472275496e-04 -1.827875501476228237e-03 -2.456308575347065926e-04
7.137988209724426270e-01 1.063891686499118805e-03 3.664482850581407547e-03 -8.863888215273618698e-04 5.022031255066394806e-04 5.328675615601241589e-04
7.176416516304016113e-01 1.178989652544260025e-03 1.410141238011419773e-03 -2.024005632847547531e-03 1.907140947878360748e-03 2.020578249357640743e-04
7.143592238426208496e-01 4.191246349364519119e-03 -9.647439583204686642e-05 -2.581456443294882774e-03 9.004648309201002121e-04 -6.685671542072668672e-05
7.082801461219787598e-01 3.967132419347763062e-03 -1.372067956253886223e-03 6.393581279553472996e-04 -6.580546032637357712e-04 3.018002025783061981e-04
7.112292051315307617e-01 1.939547015354037285e-03 -3.849598346278071404e-03 -5.726659437641501427e-04 -3.123183501884341240e-03 3.976151347160339355e-04
7.146651148796081543e-01 -3.239987883716821671e-03 4.304524138569831848e-02 -5.694936495274305344e-03 -6.727630272507667542e-03 4.613568671629764140e-05
7.149677276611328125e-01 4.084197338670492172e-03 -4.209806676954030991e-03 -4.793706350028514862e-03 -8.877872605808079243e-04 7.896294118836522102e-05
7.107446193695068359e-01 2.952382899820804596e-03 7.027189130894839764e-04 -1.683445181697607040e-03 1.502895727753639221e-03 3.288531443104147911e-04
7.186312079429626465e-01 2.248390577733516693e-03 -6.081613246351480484e-03 -1.311735250055789948e-04 2.202479867264628410e-03 8.798852213658392429e-04
7.221220731735229492e-01 1.239063800312578678e-03 -1.227616332471370697e-03 3.001416800543665886e-03 6.920929299667477608e-04 1.277190633118152618e-03
7.278810143470764160e-01 2.759466879069805145e-03 -1.001370401354506612e-05 4.814466228708624840e-04 7.637067465111613274e-04 1.766636851243674755e-03
7.282782196998596191e-01 4.430232569575309753e-03 -6.568997632712125778e-03 -1.714928657747805119e-03 6.292343605309724808e-04 2.275851322337985039e-03
7.413173913955688477e-01 5.488405004143714905e-03 -7.878029718995094299e-03 -1.366044889437034726e-04 2.833052072674036026e-03 2.428116975352168083e-03
7.477278113365173340e-01 3.094871994107961655e-03 -1.319900038652122021e-03 2.047268673777580261e-03 3.086979733780026436e-03 2.530800411477684975e-03
7.489500045776367188e-01 1.462376210838556290e-03 -5.869503132998943329e-03 3.270831424742937088e-03 1.240338431671261787e-03 2.454234985634684563e-03
7.613179087638854980e-01 6.446880870498716831e-04 1.317492569796741009e-03 1.633125240914523602e-03 -3.029691870324313641e-04 2.130781998857855797e-03
7.697237133979797363e-01 4.309993237257003784e-03 -5.074390210211277008e-03 3.831123467534780502e-04 -1.332246116362512112e-03 2.273293910548090935e-03
7.736809253692626953e-01 -8.069043979048728943e-03 -4.784766584634780884e-02 -5.682105664163827896e-03 -3.784991713473573327e-05 3.280403558164834976e-03
7.785860300064086914e-01 1.596793183125555515e-03 -1.617252454161643982e-02 -6.228689453564584255e-04 -4.433180729392915964e-04 3.400626825168728828e-03
7.881001830101013184e-01 8.559318375773727894e-04 -1.171678304672241211e-02 5.796093028038740158e-04 -4.021683998871594667e-04 3.220836399123072624e-03
7.955495119094848633e-01 3.071584040299057961e-03 -6.894920370541512966e-04 -2.585050417110323906e-03 1.418605330400168896e-03 3.024557372555136681e-03
7.962260246276855469e-01 4.623357206583023071e-03 -3.632399486377835274e-03 4.707926418632268906e-03 4.506051074713468552e-03 2.637537661939859390e-03
8.089070916175842285e-01 -1.026578946039080620e-03 8.662514155730605125e-04 1.713950914563611150e-04 2.554865786805748940e-03 1.684493152424693108e-03
8.123600482940673828e-01 1.807934488169848919e-03 7.858452387154102325e-03 1.058612484484910965e-03 -2.040741965174674988e-03 7.932489388622343540e-04
8.226822018623352051e-01 3.473591292276978493e-03 -1.765293441712856293e-02 -6.191030261106789112e-04 -1.023078151047229767e-02 9.090646926779299974e-05
8.211522698402404785e-01 -4.842635535169392824e-04 -2.181970141828060150e-02 -4.533240571618080139e-04 -8.682991378009319305e-03 8.624843321740627289e-04
8.301007747650146484e-01 8.959663682617247105e-04 -1.616259478032588959e-02 2.864666748791933060e-03 -1.514639356173574924e-03 2.077858516713604331e-04
8.358907103538513184e-01 3.381270507816225290e-04 -1.504671946167945862e-02 9.631685097701847553e-04 1.686628791503608227e-03 -1.015208763419650495e-04
8.395126461982727051e-01 1.786537934094667435e-03 5.300960503518581390e-03 -1.302589895203709602e-03 3.230209462344646454e-03 -4.193167842458933592e-04
8.472959995269775391e-01 3.447185736149549484e-03 -1.193294674158096313e-02 -9.627835825085639954e-04 2.501919399946928024e-03 -6.608246476389467716e-04
8.562183976173400879e-01 2.407704479992389679e-03 -1.131071336567401886e-02 -4.181768163107335567e-04 -4.740145814139395952e-04 -4.003997310064733028e-04
8.559001088142395020e-01 7.156172068789601326e-04 -6.299849599599838257e-03 9.988123783841729164e-04 -6.158783216960728168e-04 -2.231562830274924636e-04
8.592951893806457520e-01 1.315312809310853481e-03 -1.458132732659578323e-02 2.291392534971237183e-03 -1.580395968630909920e-03 -4.293607489671558142e-04
8.661774396896362305e-01 7.091412553563714027e-04 -7.868500426411628723e-03 8.712270064279437065e-04 -5.332278087735176086e-04 -8.465942228212952614e-04
8.706375360488891602e-01 1.779676764272153378e-03 -5.368124227970838547e-03 -3.967760712839663029e-04 8.492870256304740906e-04 -1.230097375810146332e-03
8.657096624374389648e-01 1.666312920860946178e-03 -1.689935685135424137e-03 -4.089828580617904663e-04 1.697249943390488625e-03 -1.043865224346518517e-03
8.754996061325073242e-01 2.123395446687936783e-03 4.945208784192800522e-04 2.008705632761120796e-05 1.273776637390255928e-03 -8.249652455560863018e-04
8.813663721084594727e-01 -1.081342179531930014e-05 -2.118633594363927841e-03 -6.507951184175908566e-04 -5.079558104625903070e-05 -6.586089148186147213e-04
8.772942423820495605e-01 2.707263454794883728e-03 -2.649993868544697762e-03 6.202674703672528267e-04 2.597841739770956337e-05 -6.663582753390073776e-04
8.856219649314880371e-01 1.475989702157676220e-03 -3.659483045339584351e-03 -1.004967140033841133e-03 -1.674813829595223069e-04 -1.167520065791904926e-03
8.927996158599853516e-01 1.191721414215862751e-03 -3.001102246344089508e-03 -1.761456485837697983e-03 2.979488635901361704e-05 -2.571076620370149612e-03
8.956639170646667480e-01 3.017552429810166359e-03 -5.228325724601745605e-03 3.966064832638949156e-04 -4.466464160941541195e-04 -3.709365613758563995e-03
8.949422836303710938e-01 1.211414113640785217e-03 -6.739438511431217194e-03 3.718370862770825624e-04 -8.290704863611608744e-05 -3.399805165827274323e-03
9.015230536460876465e-01 5.896270740777254105e-04 -1.738799503073096275e-03 1.256727555301040411e-04 6.961867620702832937e-05 -2.572641242295503616e-03
9.042670726776123047e-01 8.304417715407907963e-04 -2.407223684713244438e-03 -2.157640701625496149e-04 1.642677962081506848e-04 -2.203020732849836349e-03
9.039347767829895020e-01 1.559612574055790901e-03 -5.171512253582477570e-03 3.237682394683361053e-04 -1.286085316678509116e-04 -2.285426016896963120e-03
9.104393720626831055e-01 1.405755290761590004e-03 -4.751993808895349503e-03 -1.537376083433628082e-03 1.697616098681464791e-04 -2.708654850721359253e-03
9.127019643783569336e-01 2.125979168340563774e-03 -6.409922614693641663e-03 -1.675706473179161549e-03 6.674382602795958519e-04 -2.530293306335806847e-03
9.087859988212585449e-01 1.729104085825383663e-03 -4.085207358002662659e-03 -1.900306786410510540e-03 3.902789612766355276e-04 -2.500227186828851700e-03
9.171081185340881348e-01 2.567287767305970192e-03 -1.222066581249237061e-03 -7.910936255939304829e-05 1.143330373452045023e-04 -2.369861584156751633e-03
9.205586910247802734e-01 1.583460951223969460e-03 -4.642753396183252335e-03 -1.496481476351618767e-03 -8.806404657661914825e-04 -2.458245959132909775e-03
9.110685586929321289e-01 3.823781851679086685e-03 -9.215556085109710693e-03 9.514808771200478077e-04 -1.349961967207491398e-04 -2.261913148686289787e-03
9.168557524681091309e-01 2.709681401029229164e-03 -6.143336184322834015e-03 2.977067779283970594e-04 1.635226653888821602e-04 -1.342300092801451683e-03
9.120320677757263184e-01 1.722545712254941463e-03 -7.128342520445585251e-03 -2.248938835691660643e-04 -1.001915297820232809e-04 -4.051028518006205559e-04
0.000000000000000000e+00 0.000000000000000000e+00 0.000000000000000000e+00 0.000000000000000000e+00 0.000000000000000000e+00 0.000000000000000000e+00
