-9.884015099148295747e+01 3.650823526093894088e+03 -2.186606507468974669e+01 -9.216780026323255015e+01 1.236249848752798974e-01 7.921109384670963482e-01
-9.882210331593266517e+01 3.650387790991477686e+03 -2.187247541238985349e+01 -9.208660296155166236e+01 -9.547363281087597325e-03 1.159952437575037187e+00
-9.880661858198359937e+01 3.649956328657967788e+03 -2.187324250391068858e+01 -9.202848769050636690e+01 -6.672810489907921028e-02 8.313207034086618208e-01
-9.878353223891987511e+01 3.649529053370066777e+03 -2.186760131502936844e+01 -9.194415581717184693e+01 -4.866391019890279473e-02 4.987915965299356547e-01
-9.876438987848054296e+01 3.649086981929931881e+03 -2.186802004065018323e+01 -9.190980381629911733e+01 -3.585010037394208843e-02 1.398994084044583031e-01
-9.874781556789010040e+01 3.648658143459655548e+03 -2.186523314443268973e+01 -9.188763589067015403e+01 2.607669432561196890e-02 1.322662791354445866e-01
-9.873282635112846606e+01 3.648214123505497810e+03 -2.187195956020826770e+01 -9.185053440322184315e+01 1.173907414210767636e-01 3.997710691312533760e-01
-9.872073142649631450e+01 3.647771023073687047e+03 -2.188355895972939180e+01 -9.183736085311751651e+01 3.482055000192941230e-01 7.580139897722517617e-01
-9.870813534236681619e+01 3.647334712897426925e+03 -2.189012875167140848e+01 -9.176628838141972722e+01 5.062326846790550228e-01 8.676787796103806460e-01
-9.868804213222918520e+01 3.646892287743000452e+03 -2.188823126060047031e+01 -9.159135114479829554e+01 4.092735268129436554e-01 5.771916479137149114e-01
-9.866944613134633357e+01 3.646452990139305257e+03 -2.188088635560849582e+01 -9.151930046061703194e+01 2.510457511286299237e-01 1.988769907674840243e-01
-9.865556724349133333e+01 3.646009531716449146e+03 -2.187839555092791599e+01 -9.156386964541039220e+01 1.448596514273358948e-01 8.423938922631088455e-02
-9.864393746096027371e+01 3.645568873974207690e+03 -2.188035713412520522e+01 -9.159013426322744067e+01 1.340648989511155909e-01 2.178046400208245026e-01
-9.863104868003102865e+01 3.645123195665359617e+03 -2.188485870441077807e+01 -9.154658140425704005e+01 1.373376145080576205e-01 3.799883285180009618e-01
-9.861721266871732894e+01 3.644682470806834772e+03 -2.188593222927347881e+01 -9.148662698030798879e+01 7.704502451406425312e-02 3.927619432036820735e-01
-9.860408625862895349e+01 3.644240934772438777e+03 -2.188722675653980332e+01 -9.148883889606767639e+01 -2.281749972130157206e-02 2.939491369929344011e-01
-9.859045830945993316e+01 3.643801268034947043e+03 -2.188529685130390590e+01 -9.150876986240076860e+01 -7.329365974880731882e-02 1.674905496875490896e-01
-9.857633570952876312e+01 3.643353310429322846e+03 -2.188848763429773570e+01 -9.151408762030648347e+01 -3.708180713099751280e-02 2.487882909938747278e-01
-9.856475305081107763e+01 3.642917026008017274e+03 -2.188738227362743061e+01 -9.152648918346315554e+01 3.007613082940029450e-02 3.709771972490108483e-01
-9.855252467391559890e+01 3.642475977482386497e+03 -2.189231206546026343e+01 -9.153818508929919062e+01 6.326846267043452487e-02 4.262548541916503786e-01
-9.853874100167280403e+01 3.642035881653533579e+03 -2.189794532361244350e+01 -9.154923514571098053e+01 1.254229797758687204e-01 4.028742940488412860e-01
-9.852450009549076526e+01 3.641595006960538285e+03 -2.190587863917170353e+01 -9.155725234334757090e+01 2.044181183250958767e-01 2.200909813515630475e-01
-9.850918815802424433e+01 3.641157036368427271e+03 -2.191015219241870327e+01 -9.156952001723088586e+01 3.597989368331887539e-01 1.538899738467699452e-01
-9.849520329766896509e+01 3.640704074990682329e+03 -2.191669568688981684e+01 -9.162227344100627136e+01 4.479835020916482780e-01 1.978097544016549081e-01
-9.848319094471338531e+01 3.640251189294371670e+03 -2.191355647903903048e+01 -9.168418706405746832e+01 4.419805282882779962e-01 3.937657708565171499e-01
-9.846811372434906673e+01 3.639772348142417741e+03 -2.191819685818746422e+01 -9.168962633452531463e+01 3.986635256410169248e-01 6.020090190595384083e-01
-9.845243124920447997e+01 3.639296665219899296e+03 -2.191766538457322611e+01 -9.166024388874353690e+01 4.521842630346784020e-01 6.443451846181560416e-01
-9.843604976967408504e+01 3.638790196931289756e+03 -2.192546239061449143e+01 -9.167966201986224917e+01 4.915709213962533020e-01 5.217019553525622522e-01
-9.841887368973374350e+01 3.638273236609835294e+03 -2.192807865938546996e+01 -9.170948499708053703e+01 4.578337080348326982e-01 5.774470419587734993e-01
-9.840242834183369780e+01 3.637744123742755164e+03 -2.192692105979931938e+01 -9.174835455231253434e+01 3.342808107667404327e-01 6.075079558886072872e-01
-9.838508020561079093e+01 3.637196781519365231e+03 -2.192667306087136225e+01 -9.178157529181899577e+01 3.094533193840428020e-01 6.465093772173742259e-01
-9.836664606744017192e+01 3.636626576411563747e+03 -2.193156125799078282e+01 -9.182766383129043675e+01 3.322264420602090707e-01 7.302121814276304468e-01
-9.834892590597010553e+01 3.636052717380937338e+03 -2.193416946476403595e+01 -9.187686413740441083e+01 4.023113438314757651e-01 7.178893264318099154e-01
-9.832863707173667933e+01 3.635455925291690619e+03 -2.194006348253311955e+01 -9.191315313630256867e+01 4.541950425324838281e-01 8.786809460853435283e-01
-9.830843496818211236e+01 3.634844422233452406e+03 -2.194515819610818852e+01 -9.194504764438066502e+01 5.167047242417538433e-01 8.129905645692813154e-01
-9.828550323118005849e+01 3.634220131412315823e+03 -2.194818242523556862e+01 -9.193700485852630777e+01 5.196258016880928032e-01 8.827441056498913641e-01
-9.826291300820457764e+01 3.633575956778789987e+03 -2.194932292364283555e+01 -9.194706920907186998e+01 4.668694737204603373e-01 8.186342025407346012e-01
-9.823904472003071930e+01 3.632925401401472755e+03 -2.194654501356548337e+01 -9.197754511835915991e+01 3.129709912800368032e-01 7.510045037411484659e-01
-9.821320870190859864e+01 3.632255749370562626e+03 -2.194720267489665844e+01 -9.199926754803730944e+01 1.142954436340252455e-01 1.008326828911988438e+00
-9.819093564261271467e+01 3.631576741386704271e+03 -2.194747340696685001e+01 -9.202951770346929550e+01 4.347884321098280380e-02 1.079351597051278588e+00
-9.816363576235877986e+01 3.630868585710337356e+03 -2.195089213315430143e+01 -9.204602369816080909e+01 7.239253966561642883e-02 1.252761854159329946e+00
-9.813490189836228694e+01 3.630148576614107697e+03 -2.195677016895565714e+01 -9.203846373641265188e+01 2.467068798935065366e-01 1.183016715356007831e+00
-9.810493377726467656e+01 3.629414153127994723e+03 -2.196770990184909778e+01 -9.205443454292392857e+01 5.041798656312167504e-01 1.305761987267561430e+00
-9.807554696360115543e+01 3.628653597694165001e+03 -2.198254528483273162e+01 -9.210550882100378089e+01 5.712366301258747781e-01 1.290243782513489368e+00
-9.804410002443684391e+01 3.627886016083963568e+03 -2.198527160425911831e+01 -9.211855604485408833e+01 5.285248137584220851e-01 1.378248304242865485e+00
-9.801214196968759040e+01 3.627109724795915554e+03 -2.198209141021074942e+01 -9.213345566014794485e+01 4.690993757520235952e-01 1.420196426255473154e+00
-9.798205746274288686e+01 3.626322818362094040e+03 -2.198211075517186686e+01 -9.214615460771705102e+01 4.416420934085549255e-01 1.401651768935360032e+00
-9.794984742353022966e+01 3.625511584668289743e+03 -2.198674868623525924e+01 -9.214596027946815582e+01 4.404770964159210878e-01 1.307549662984259564e+00
-9.791744311178037208e+01 3.624696544613962487e+03 -2.198528875378856995e+01 -9.215363620770183672e+01 4.525752355740048638e-01 1.248106757916577880e+00
-9.788459915441816861e+01 3.623858336667751246e+03 -2.198762921674658699e+01 -9.217353201669610030e+01 4.605630408263597930e-01 1.238521387651282391e+00
-9.784873974418384535e+01 3.623006313273749129e+03 -2.199224693331518310e+01 -9.216991055332867688e+01 4.253776946025466521e-01 1.291845461835695374e+00
-9.781340229254234941e+01 3.622139407021760690e+03 -2.199482812808258458e+01 -9.215951123779602483e+01 3.635677399532203369e-01 1.274766487990198760e+00
-9.777653585133661807e+01 3.621251896637002119e+03 -2.199975003702730803e+01 -9.213666701988672969e+01 3.045208008921070908e-01 1.259854080295303769e+00
-9.774059767184141378e+01 3.620363177674091730e+03 -2.200195241196098905e+01 -9.213423145223978850e+01 3.664936349099745527e-01 1.286024503372711569e+00
-9.770320887823794465e+01 3.619433897404010168e+03 -2.201573863092120931e+01 -9.211845607732539065e+01 4.385490663863042538e-01 1.306096699730878274e+00
-9.766600470145628776e+01 3.618511593512129366e+03 -2.201816303262512164e+01 -9.211157828680573800e+01 5.240619646765167783e-01 1.314818298992799672e+00
-9.762668795557229373e+01 3.617526016216115295e+03 -2.202567680761875835e+01 -9.209367855673134784e+01 5.072393093343287029e-01 1.297137425609179884e+00
-9.758994973960986385e+01 3.616607827868654567e+03 -2.202668308505225525e+01 -9.207463715783545410e+01 4.522854710332778749e-01 1.277164926477496687e+00
-9.755157097284347856e+01 3.615639681902529446e+03 -2.202647778259070321e+01 -9.205056432225318019e+01 4.263373562169903153e-01 1.187836152051665817e+00
-9.751287321853897083e+01 3.614651533833900885e+03 -2.203238747099081252e+01 -9.202667403744835894e+01 4.283942447972529655e-01 1.171173749268943132e+00
-9.747461262286640249e+01 3.613649414648109541e+03 -2.203632972056878003e+01 -9.200684610812909625e+01 4.599352406435858187e-01 1.086887107103642114e+00
-9.743542516658754948e+01 3.612644940616415170e+03 -2.203349269889078244e+01 -9.197706867375856632e+01 4.621091094918317599e-01 1.078913014875643395e+00
-9.739635544538045053e+01 3.611595484643334657e+03 -2.204501037702292976e+01 -9.195123807446968556e+01 3.946889817329092276e-01 1.074878585616547033e+00
-9.735807327237759523e+01 3.610561134214053709e+03 -2.204460560081215448e+01 -9.191717950626744482e+01 4.295788390962227976e-01 1.024699405144839703e+00
-9.731862353525637843e+01 3.609497440861693576e+03 -2.204957825140543903e+01 -9.189353334158684561e+01 4.716168388470988737e-01 1.074301089424988920e+00
-9.728066616215676277e+01 3.608420687515969803e+03 -2.205272280634660831e+01 -9.187571958591929899e+01 4.669100429330652613e-01 1.099194691711827598e+00
-9.724216252487667589e+01 3.607338266984962047e+03 -2.204985790806091828e+01 -9.185187426122831766e+01 4.550809219082855295e-01 1.085916501971561976e+00
-9.720378290751676786e+01 3.606232684259844063e+03 -2.205579383440250041e+01 -9.182307094185738094e+01 4.005481384949045598e-01 1.082792954383278827e+00
-9.716388852380600838e+01 3.605101269023200075e+03 -2.206431177658585341e+01 -9.181120469052586941e+01 3.380500766405957758e-01 1.012367754229788419e+00
-9.712491659380675912e+01 3.603960091617192575e+03 -2.207187442130895860e+01 -9.182004743222059062e+01 3.364093478633247702e-01 1.050896532390444671e+00
-9.708555256118549437e+01 3.602824674070161564e+03 -2.207326777489264558e+01 -9.183009693724356737e+01 4.022819236630907902e-01 9.659522066202841373e-01
-9.704445122286679748e+01 3.601644459764261228e+03 -2.208602931591892116e+01 -9.183305915644051254e+01 3.896588928295702803e-01 8.811485305811908031e-01
-9.700223057122374826e+01 3.600467338465042758e+03 -2.208890839254760863e+01 -9.184024016303848725e+01 3.435642839040588536e-01 8.096184755394426613e-01
-9.695997886931779419e+01 3.599270303108838107e+03 -2.209493496729312412e+01 -9.183858477369004447e+01 2.864433887872013806e-01 6.495317775161102425e-01
-9.691587943057268717e+01 3.598051444371424168e+03 -2.211051632224237551e+01 -9.181370307679515008e+01 2.360540839479473851e-01 6.010354928115446693e-01
-9.687300983926861875e+01 3.596833550953173471e+03 -2.211605933262287138e+01 -9.177979313161867481e+01 2.667127400460281850e-01 5.991421674889388926e-01
-9.682998856880317362e+01 3.595609269013777975e+03 -2.211817160087199241e+01 -9.174335146353688231e+01 2.944570427310548855e-01 6.747876117211288882e-01
-9.678837200041873245e+01 3.594378241198384330e+03 -2.212130712315229530e+01 -9.172778331186596290e+01 3.007808679953177800e-01 7.819681477107583989e-01
-9.674818280233151313e+01 3.593133237681355240e+03 -2.212235382073339451e+01 -9.170360640343474756e+01 4.064477693901176747e-01 8.963496884924047059e-01
-9.670717658282943319e+01 3.591869111060984778e+03 -2.212857950577568644e+01 -9.167907690916248953e+01 5.975032331733465263e-01 9.451876870734046143e-01
-9.666635950461909488e+01 3.590608119609916230e+03 -2.212900803779111314e+01 -9.165481371898980001e+01 7.538340637253000409e-01 9.947885811041009552e-01
-9.662538809844956234e+01 3.589339377572362991e+03 -2.211958390547368225e+01 -9.161764685549843534e+01 7.938741436460138301e-01 1.033282133954408932e+00
-9.658461001770761811e+01 3.588068231684957027e+03 -2.210894618352626395e+01 -9.158202380022449063e+01 4.305066675233940043e-01 1.076583087138154537e+00
-9.654608427860800646e+01 3.586856659398849843e+03 -2.208451937929013198e+01 -9.156090568090407089e+01 -1.312747710216350949e-01 1.139863654371868318e+00
-9.650821783674891208e+01 3.585655412631910622e+03 -2.207425868344921227e+01 -9.155070275188144535e+01 -4.690472419413661553e-01 1.272032325556880838e+00
-9.647332022977407462e+01 3.584492896977194960e+03 -2.206910055540620874e+01 -9.153616239636961893e+01 -4.332465118357204381e-01 1.284285348994358422e+00
-9.643735948246686007e+01 3.583347225293104202e+03 -2.207437142578061540e+01 -9.149836831836388740e+01 -2.539317022139119806e-01 1.377568912163926518e+00
-9.640439686328444679e+01 3.582253984415954164e+03 -2.207148259954908198e+01 -9.146851277649899714e+01 -1.582048244385384217e-01 1.487770915353815226e+00
-9.637238375421529213e+01 3.581170967620363172e+03 -2.207355401043249188e+01 -9.145403662750132412e+01 -2.324431196102312303e-01 1.470939553723804583e+00
-9.634196812665835807e+01 3.580142710844403155e+03 -2.206484985613822758e+01 -9.145762969677032572e+01 -3.636065065016023667e-01 1.509161714326320514e+00
-9.631275667583766165e+01 3.579145194831990011e+03 -2.206044211299685287e+01 -9.145853885567191810e+01 -4.826092506050190245e-01 1.558047273123444709e+00
-9.628463213786396580e+01 3.578189929584183119e+03 -2.205953635107693600e+01 -9.144440202995888001e+01 -5.196136027341469177e-01 1.533423428430997104e+00
-9.625665449098852378e+01 3.577261190848919796e+03 -2.206294352057460628e+01 -9.142205266648166173e+01 -4.910468651471405210e-01 1.419255743990069263e+00
-9.623066954455714495e+01 3.576378644247667580e+03 -2.206309930463841340e+01 -9.139923323428895685e+01 -4.389263147900824280e-01 1.380334756490298798e+00
-9.620611382977176618e+01 3.575523001653976735e+03 -2.206966334282865105e+01 -9.138505403193461518e+01 -4.366066536787683861e-01 1.370278869443403380e+00
-9.618244901387204493e+01 3.574688349083960475e+03 -2.207688049360098503e+01 -9.135125228016846677e+01 -3.715666807537729710e-01 1.265730411584551129e+00
-9.616037369842351268e+01 3.573886814768957265e+03 -2.207814162109985290e+01 -9.132634996846022091e+01 -2.641377688456925665e-01 1.258568819353343748e+00
-9.614082101780377343e+01 3.573103034720549658e+03 -2.208230619247268223e+01 -9.132865481758069848e+01 -1.904877337702167439e-01 1.110669641302293620e+00
-9.612120957564194157e+01 3.572341227649455959e+03 -2.208137165697102944e+01 -9.131375181496774474e+01 -9.025518821220883392e-02 9.491541667681301364e-01
-9.610194798495392376e+01 3.571587657089452932e+03 -2.208220343181614354e+01 -9.129511075274531606e+01 4.419619659570681730e-02 8.996411180242767092e-01
-9.608635445086126481e+01 3.570855372882584106e+03 -2.208131956142746333e+01 -9.129921260118139514e+01 1.963375173958750719e-01 8.318426104569390800e-01
-9.606809893070627027e+01 3.570125909890459297e+03 -2.208367836836547582e+01 -9.127725389010244328e+01 3.672633195021185459e-01 7.078424503092168862e-01
-9.604990374925453978e+01 3.569409683937632963e+03 -2.208047703857933541e+01 -9.126559528499002738e+01 4.926203229326310273e-01 6.756071758501090985e-01
-9.603421896456069362e+01 3.568690439706339475e+03 -2.207860645122584842e+01 -9.129341395245957358e+01 4.717741561721055521e-01 6.481698074887199956e-01
-9.601906481273877603e+01 3.567978823300007207e+03 -2.206900714284775233e+01 -9.130910009469589284e+01 3.753186754939383252e-01 5.691790686387557807e-01
-9.600116665568107521e+01 3.567257697286060647e+03 -2.206443045082559706e+01 -9.130858994128348627e+01 2.941758871113699381e-01 4.554630589637660432e-01
-9.598518886028686836e+01 3.566548652919978849e+03 -2.206148933729795303e+01 -9.132570835450090385e+01 3.621277707059075701e-01 4.809099947224430016e-01
-9.597072586760288004e+01 3.565842368229952172e+03 -2.205888831521629712e+01 -9.135094386123603272e+01 5.430144309726920859e-01 4.541374825457010767e-01
-9.595400008164894246e+01 3.565132402156875742e+03 -2.205819148607825753e+01 -9.135028258004774671e+01 7.076610029737242513e-01 3.770603294226079760e-01
-9.593664296917989986e+01 3.564421537049599465e+03 -2.205421448564313280e+01 -9.135320866046453148e+01 7.354000270821651197e-01 1.051646610750107402e-01
-9.591827916978850510e+01 3.563718903344216869e+03 -2.204478425465301683e+01 -9.137566687907606422e+01 6.451267723089415540e-01 5.090307210060506828e-03
-9.590129980729503245e+01 3.562996375229055957e+03 -2.203888820860801800e+01 -9.142148435599368383e+01 5.192967578660128147e-01 3.589159877056258968e-02
-9.588398655207909371e+01 3.562274044689442690e+03 -2.203346426965179461e+01 -9.149309126238533452e+01 4.676034753190468352e-01 2.165331349599001753e-01
-9.586527706055674969e+01 3.561553562984205200e+03 -2.202790326629437345e+01 -9.159345101600061412e+01 4.367800477111202229e-01 2.193538009072040496e-01
-9.584347913427937726e+01 3.560822099999747934e+03 -2.203011984090212749e+01 -9.172489265588653495e+01 3.706787763210701026e-01 1.052658263597631011e-01
-9.581923598608614157e+01 3.560092301885503275e+03 -2.202496841362121316e+01 -9.186535120778725627e+01 2.483948084903926379e-01 6.823504661074024369e-02
-9.579440365673565339e+01 3.559350816269855386e+03 -2.202018753446211008e+01 -9.201967327491318827e+01 9.201886604429929117e-02 2.385721081134800636e-01
-9.576709850374538746e+01 3.558599915457058614e+03 -2.202192721035738643e+01 -9.215598777919551310e+01 1.012402313384703871e-02 4.339704640345027897e-01
-9.573870165960104828e+01 3.557845342682118826e+03 -2.202241162698310362e+01 -9.227652488813653520e+01 3.754394692205734185e-02 5.426675209016483814e-01
-9.570527143174209073e+01 3.557068029066795134e+03 -2.203367676619355109e+01 -9.240605676408546287e+01 1.029033325988438496e-01 5.107755125243589323e-01
-9.566996935832769111e+01 3.556291007365589394e+03 -2.203961649770862863e+01 -9.257705251144730596e+01 1.675634198398813501e-01 4.774294217031530008e-01
-9.563199299251390073e+01 3.555513694836832656e+03 -2.204412386594344753e+01 -9.276652726417084693e+01 2.210937065571134674e-01 4.593963244322512574e-01
-9.559002829442027860e+01 3.554725915765747686e+03 -2.204656811296141683e+01 -9.295202402900443417e+01 2.320411090472282445e-01 4.879352145576569821e-01
-9.554425266078709456e+01 3.553923613589749948e+03 -2.205296690656206948e+01 -9.312653139753906828e+01 9.153436766123503043e-02 3.381978560662923239e-01
-9.549583400864281657e+01 3.553123896435384722e+03 -2.205745775755171678e+01 -9.327401077148675768e+01 -2.051145011877665014e-01 5.781390660183386432e-01
-9.544855654139479384e+01 3.552317527031122609e+03 -2.206016260912137383e+01 -9.338255354684130793e+01 -3.379448169912863120e-01 5.883689988143894212e-01
-9.539895865999326929e+01 3.551520720614331822e+03 -2.205699669657398942e+01 -9.342505279195715673e+01 -1.686501477166587049e-01 6.878770103866885810e-01
-9.534360932163103541e+01 3.550682788079555849e+03 -2.207909629543398822e+01 -9.341665757232560452e+01 3.557506454461487611e-01 5.993674369863658535e-01
-9.529453376256236652e+01 3.549877541193374782e+03 -2.208346152771632731e+01 -9.346440876794913777e+01 9.127568762812753311e-01 6.367193541784724742e-01
-9.524110507519210955e+01 3.549033149137046166e+03 -2.208997974796385932e+01 -9.347463504030316983e+01 1.033010712187418356e+00 8.110747151343704608e-01
-9.518845715527136520e+01 3.548194409060295129e+03 -2.207953639275610769e+01 -9.346743100235620716e+01 9.276194632107861437e-01 9.070227775727996988e-01
-9.513557568526593400e+01 3.547354058294280549e+03 -2.206796891196788835e+01 -9.344501803970567266e+01 7.068073275241595343e-01 8.307697150768200700e-01
-9.508160879041331270e+01 3.546516689580640104e+03 -2.205458439654823977e+01 -9.341015885866882229e+01 5.852224481574712645e-01 8.028464418444765105e-01
-9.502951532458683914e+01 3.545669011542276166e+03 -2.205046545799550373e+01 -9.339061448588965675e+01 5.988839332518263170e-01 7.567075756904910744e-01
-9.497618886605097543e+01 3.544813238842665669e+03 -2.204852255573772268e+01 -9.337344993341950783e+01 6.637733235084325445e-01 8.214694789781917805e-01
-9.492392432861277030e+01 3.543955083435249435e+03 -2.204882154282176643e+01 -9.334978492376720283e+01 7.288751616867005234e-01 9.337526108186630092e-01
-9.487203208357115614e+01 3.543088851613550105e+03 -2.204695251438407766e+01 -9.330516981716183977e+01 7.473070889763144820e-01 9.800446689122749300e-01
-9.481994801910343540e+01 3.542222764347603970e+03 -2.204042054618504309e+01 -9.324711361810173571e+01 6.927488755441447710e-01 9.758933346322680169e-01
-9.476798517364338181e+01 3.541352033006514830e+03 -2.203706537810528943e+01 -9.319203695830880463e+01 5.801504637030766576e-01 9.603783910082626107e-01
-9.471759835184353449e+01 3.540489012596539396e+03 -2.202657174195094925e+01 -9.314891405215421116e+01 5.250433229050099904e-01 9.810954500025697023e-01
-9.466739886863508957e+01 3.539610608193575445e+03 -2.202323418657697474e+01 -9.311172075690129191e+01 5.011048671822754264e-01 9.849111632220562962e-01
-9.461754315862354758e+01 3.538739615420256541e+03 -2.201910814970515062e+01 -9.306968226655077103e+01 5.372782474606954128e-01 1.000505963450715852e+00
-9.456620947176581637e+01 3.537837486409077883e+03 -2.202552446127574726e+01 -9.300604587910206078e+01 5.234820934304049711e-01 9.427843206072210602e-01
-9.451586696002495103e+01 3.536949508395828161e+03 -2.202221820471173785e+01 -9.285869586111688534e+01 5.362096967532382630e-01 8.642233866202463366e-01
-9.446816351035248260e+01 3.536057822742630833e+03 -2.201903818540973745e+01 -9.265483459517051301e+01 5.641436567887259113e-01 8.848338924223423385e-01
-9.442449363415749986e+01 3.535170309034447655e+03 -2.201507127396124375e+01 -9.246408944366388027e+01 5.867221627014060914e-01 9.161016197722292587e-01
-9.438339773829655144e+01 3.534261925568500374e+03 -2.201646913490893809e+01 -9.231858570159414512e+01 5.626475296887616384e-01 9.305480129306258341e-01
-9.434403107158077262e+01 3.533368805171740860e+03 -2.200633386476940956e+01 -9.219329586985624303e+01 5.348918839724214891e-01 9.464860165642834389e-01
-9.430653735791275949e+01 3.532456205561081788e+03 -2.200815533058609219e+01 -9.206264821125884623e+01 4.886579392056885074e-01 9.372505809591304970e-01
-9.426985096007194898e+01 3.531534452951838375e+03 -2.201070680407731217e+01 -9.192052181802736754e+01 4.496308672146042684e-01 8.733533874357241045e-01
-9.423540081561780823e+01 3.530626648281097914e+03 -2.200595634512172794e+01 -9.177914322228949118e+01 4.271459152572996687e-01 7.843507908322941979e-01
-9.420297439849656485e+01 3.529706023112600633e+03 -2.200943680155375048e+01 -9.164836510799217706e+01 3.678671015492366858e-01 6.872998468748130474e-01
-9.417341172996135867e+01 3.528798029819542080e+03 -2.200377838416704535e+01 -9.151279118661305745e+01 3.748851701066673869e-01 6.575309482559662522e-01
-9.414554291657164242e+01 3.527864148511168423e+03 -2.201207482162807594e+01 -9.138780338200029973e+01 3.825802329100727595e-01 5.622101991779641095e-01
-9.411856029429837633e+01 3.526960253842006296e+03 -2.200776171744480081e+01 -9.126835321673178214e+01 4.367415537669349646e-01 5.711580308128983985e-01
-9.409441112209061941e+01 3.526044451305845087e+03 -2.200437335810783779e+01 -9.119682164704984473e+01 4.296518037495442033e-01 5.635091812149066737e-01
-9.407155892312582068e+01 3.525120661803374787e+03 -2.200517196069178993e+01 -9.117379759531270622e+01 4.032573179544703401e-01 5.467241545237143674e-01
