0.418814273790179	0.0211235800855142	-0.0313898345450543	0.000927807299032833	-0.00446117796798917	-0.011953323735658
0.427674997650238	-0.000982415698951366	-0.0112850325335777	-6.00374685085588e-05	-0.00187485212160544	0.00809521481513554
0.4078240847244	0.00650963656892121	0.00836056549081259	0.00149080845624424	-0.000229662946051395	0.00169014171020299
0.439304583604949	-0.0119775681049589	0.031672494971089	0.000944761731535165	0.0033452264856549	0.00607029312313518
0.428089056277105	-0.0064284846281973	0.00726890358442378	0.00270007955865267	0.00489030544227837	0.00211701944828961
0.411013514501556	-0.00642813723855588	0.0318090627610201	0.00172890354974096	0.00102322240279073	-0.00230823427605932
0.424786733865441	-0.00660767827521526	-0.00673127426643617	-0.00302755080631145	-0.000399718424401678	-0.00262437460504874
0.43402998952762	0.00524283006854169	0.0398466354044479	-0.00105302880727064	-0.000366999719110709	-0.00198646781286992
0.418067477340944	0.0194862421711518	-0.00584767682585054	0.00428240490173299	-0.00036158659558574	0.00308196129035366
0.430418359017535	-0.0154045516589542	-0.0121459053727346	-2.60035242094338e-05	-0.00419749049924015	0.00928217659508295
0.437184178711368	-0.00294077865908416	0.0182864309481298	0.000880096238483739	-0.00229835763452178	0.00296612082456652
0.452266049727416	0.0373543495893237	0.023743719822386	-0.00645300099386958	-0.000250821448437081	-0.00382483022090149
0.44185006929968	0.0252442481022844	-0.0273722421363784	-0.00117549783625342	0.00188309038865795	-0.00522729301886438
0.436860020491426	-0.00619732647010587	-0.00363708976834424	-0.00092301768060078	-4.19919461241264e-05	0.00179714177692114
0.419568585331806	-0.0013107959814028	0.0181776781552023	-0.000696476060927481	-0.00184020280544141	0.000403564048651967
0.442791982461926	0.00267115470813426	0.011704457705317	-0.000611596258422747	-0.000315783125418423	0.00303275969489455
0.422056125891076	0.00665839027846462	-0.0193294276168607	0.0025909190427104	0.00197417631627367	-0.00193107361376241
0.417206230175307	-0.0142675328771011	0.0153725253508056	-0.00136955206959001	-0.00318827268852293	0.00167323829984828
0.420381670264295	0.00788924259692526	0.025962204558711	-0.00248371247015284	0.00241233984367703	-0.00226963580850135
0.430844844056201	-0.0106035040670307	0.00717383779671247	-0.00150973035104126	0.00513126682676684	-0.000798688157447534
0.445752566054661	-0.0153097080919717	0.00963257401580411	-0.000880724456600851	0.00228171919638111	0.00514216628062175
0.443630141318073	-0.00409078660049357	-0.0347289678636522	0.00207784086556951	0.00242791931332805	0.00389195291710661
0.425046400364881	-0.011297100091124	-0.0137158806857552	-0.00331588823121842	-0.00056375804952924	-0.000479090205498021
0.419917961108756	0.00437577062179736	-0.0236571943053356	-0.00294282310790571	-0.000332905358263928	0.000832594691334264
0.474162328668242	-0.00210059859801861	-0.0157559815601331	-0.00189660477400996	0.00461192379157758	-0.00292762069166342
0.475509808283746	-0.0011037064725305	-0.00687556306973742	0.0003751934261794	0.00607361409513816	-0.0031380955654385
0.488007960379948	0.00619889047374721	0.00101467626401866	-0.000427492636186876	0.00193173010873929	0.003030697397319
0.488885375736294	-0.00124853369617885	0.0080194476715647	-0.00368676366760535	0.00455491558581119	-0.00252249011487214
0.560025596094364	-0.0188012389625746	0.00415978584875815	0.0015553449784041	-0.00189838790212163	3.64398388213323e-05
0.52058192606222	-0.00576076778605853	0.0323795621278119	-0.00237000283401389	0.000247907403957877	-0.000893702282960274
0.612205530408336	-0.00226425728965344	-0.0365651350789635	0.00292119715763113	0.00188317841417568	0.00588621346115631
0.567645142146524	0.00921773214885072	-0.00236669062509099	-0.00193757157292898	0.00282175268641777	-0.00328131356560398
0.614783572342237	-0.00815036750782191	0.0199047786191974	0.00199706767911112	0.000521368732876208	-0.00335236812658998
0.598006627479867	0.0101228326380177	-0.00084034228058274	0.000939484665645328	-0.0022569488077004	-0.000109866613170938
0.604630624838888	0.00188941995134841	0.0176836819242818	-0.00182150902365094	-0.00111093360198881	-0.00206560027824153
0.652305718468105	0.00753789988095649	-0.0031334592484708	-0.000285350313123391	-0.00709364353447246	0.00409063417216875
0.639486027676487	0.00626950757763987	0.0367532423787629	-0.00219458650989882	0.00427325528564278	0.00217432547754347
0.688174893003681	0.00875172867174192	-0.0219292698565862	-0.000835835089733252	-0.00171503723153094	-0.00277900395593094
0.651899162683396	-0.00629460099509557	0.00627549599357248	-0.000704257089741466	-0.00148443730792716	0.00383156293535249
0.709784948242505	-0.00787919924876886	-0.00982054792490314	-0.00185201465770264	0.00272196724157957	0.00169757105484649
0.706680628526907	0.00123985352823451	-0.00466831021596326	-4.56115878976679e-05	0.00111150243108306	0.00573197702185035
0.70481545599811	0.00562823410054373	-0.0379466497084304	-2.6028980862356e-05	0.00448846166917914	-0.00618808200822268
0.736689789863009	-0.0146267350107246	-0.00843000250002003	-0.00200298258365106	0.00281264932289388	0.0022080347079726
0.755638257967894	0.0149871749480259	-0.0257611344891621	-0.000764507999369149	0.00316156551202311	0.000324549863670243
0.730810453818308	-0.00472548852957766	-0.0256747370930434	0.000332030824284036	-0.00044771663242922	0.00146458501587801
0.803015784936019	0.00652175060859194	0.0221292415957685	0.00183276269480885	0.00174002444196978	0.000683321396706779
0.731901039747861	0.0044455940736682	0.0282822671442455	-0.000723427720744878	0.00213116777024216	-0.00547165513199801
0.843254932750362	0.000853064766381675	-0.00767899356540273	-0.00640683615858524	0.0034352787243872	-0.00210425789099829
0.779546368648473	-0.0147238696152975	-0.0160482812341705	0.0016110424702725	0.00334096523055277	-0.00287964597218177
0.860741414342983	-0.0086424421625077	-0.038211959032906	-0.002212723683501	0.00593570676565165	0.000165892103664688
0.909470544740281	0.0019025713528266	0.0248964687185099	0.00379360965582996	0.00629460340496602	-0.00151890149819653
0.88441933890572	-0.000479270914459034	-0.0500793160633823	-0.0012900266068557	0.00347310212507998	-0.000711892471007167
0.856722327783053	0.0275082183784366	-0.058205522857533	-0.00332916308075717	-0.00316140351399742	0.0021392447012554
0.923598358850046	0.0134912561998466	-0.0156754094214469	0.0013365353724255	0.00697610432195016	0.000348062450345784
0.942966964670603	0.0146817717756954	-0.0152122133055522	-0.00132007854419532	0.00249953505174335	0.000436459950143524
0.927683949299821	0.0283646419717737	-0.0184591848941065	0.00568792454259785	0.0019587624302619	-0.00367300888789379
0.929380130573315	0.0206513168895394	-0.0162643656076877	-0.000232530276282914	0.00178236390290937	0.00137225257641212
0.978742969440248	0.0264138097254799	-0.0623360168006819	-0.000251263825407754	-0.00663111150058187	-0.00419380902556079
0.968321646945375	0.0216895321980413	-0.035307795854607	0.00228600961830452	8.22027226710901e-05	0.000898214689621654
1.03924173525981	0.0203384447624273	-0.0694193714947428	-0.000610700264956974	0.00356150552112795	-0.00431478440867337
1.05442686109791	-0.0219399201530203	-0.0304764835051573	-0.00115560907284092	-0.00411109366968455	0.00664275491441823
1.0353892118427	0.0179303484800582	0.0345434246548265	0.00104179893072698	0.000769707747461361	0.000879061185532097
1.06779904150102	0.0184397462809293	-0.0796586378425922	-0.0017636304860681	-0.0105722487373264	0.0016200914546052
1.0787152403201	-0.00606041472449708	-0.0274431513324433	0.00215175760448202	0.00516960850118053	0.00402886224374746
1.10183434913701	0.037495037633772	-0.0369350192225789	0.0012042104705937	-0.00132346320111083	-0.000280737332121746
1.09408393827321	-0.0142161250018508	0.0372215122939936	0.000453779818058873	-0.00301941811749626	0.00866884843164915
1.1054487351378	-0.0158381724244461	0.0313127443307928	-7.07392534108627e-05	0.000419221816683177	0.00713683157727716
1.1634539415177	0.001281211667786	-0.0428400495337118	0.0014975489656421	-0.00117054003917175	-0.000215812785280155
1.13817865683563	0.00361352823349003	0.0164118710473071	-0.000134940334570261	0.00419932420046372	-0.00126001583146161
1.12159386444049	0.0110615212524975	-0.017159882110672	0.000953728103070983	-0.0046570845311478	-0.00244678036340359
1.16222845185696	0.0235569669083835	0.0176688551787564	-0.00139712817529976	0.00123616430074091	0.00406581056667356
1.17635098113477	-0.00770399139228002	-0.0171167546292351	-0.00133242816621943	0.00245363177501424	0.00307499489879389
1.12500482356526	0.0187870521413415	0.0757194942509321	0.000754523891506852	-0.00210825898528954	-0.00960434230085785
1.20883478718899	0.00127732492701907	-0.000407769103295293	-0.000112600968522883	0.00175454692637469	0.00312316410671018
1.19335692762122	0.00717243419223157	0.0205813140115052	0.000509814507491301	-0.000175599894036935	-0.00323931059893914
1.1976162646283	0.0123836357958948	0.0567251803589166	0.00181955580254752	-0.00641775067546634	-0.00303664766351871
1.24929084577542	-0.0116854016186689	-0.0413750710786036	0.000323600955653063	0.00351898552839941	-0.00157000382617966
1.24169052178687	-0.0294883394225913	-0.00139583875313925	0.00295921219476877	-0.00866836471265572	0.00967490397188876
1.26225441441078	0.00806666423268904	-0.0297367071940109	0.000991208350280734	0.00576237066164685	-0.00404175496886202
1.25301292056943	0.0235461750985924	-0.00412199884810512	0.000430943534192547	0.00241160952722478	0.000587576342862581
1.25278876525487	0.00251545332379897	-0.0239372283150289	-0.00287332940904993	0.00164610375490951	0.00547162574155461
1.24967184172066	0.0273109726061647	-0.0177028897001354	0.00310538644022011	-0.00207142186803598	-0.00349100073408427
1.2260832205766	0.0155116656416314	0.0516325573675111	-0.00153801575323051	-0.0189778794761741	-0.00469222385274638
1.1656976914787	0.00574157984117539	0.0502278965251957	-0.000384884216727571	-0.000590904842183713	-0.00349902692653227
1.19499108217504	0.0119830997484855	-0.0217262656636149	0.00139345669294352	0.000113641221715804	-0.00146465231984852
1.09217779054588	-0.00849436873857301	-0.0208873760927736	0.000910750753055603	0.00837375358140877	-0.00113282900759062
1.09153339191297	0.010893642973626	-0.0580481777555951	0.000150037725532766	-0.000714982187737788	-0.00803212129104045
1.071604327974	0.00816608068555378	-0.00959847520839302	-0.00106380832127952	0.00209805722877612	-0.00731358164030791
1.08386679652292	0.00665327449534257	0.0113789359338457	-0.00379985835058027	0.0166909106770971	-0.000155444749809098
0.966605664118998	0.00433275251199626	-0.00201161225010968	0.000373626439863212	-0.000772116644376922	-0.00476237277474747
1.00432569375887	0.0148465528022469	-0.017696826240058	-0.000810315828581225	0.00167068548597277	-0.00287475320736778
0.928288615784564	-0.0155806723031446	-0.01971733315984	-0.00210285182645371	-0.00030300134466019	-0.00367049964722896
0.838435021912498	-0.0146042596055861	-0.0312757886943106	0.00056506354551872	0.00613097115730023	0.00409768042939355
0.825738897945584	0.00678503023912612	-0.00251695963517145	-0.000855540487748692	-0.000922480290402528	0.000171228398225262
0.836722798841636	0.00293595794524954	-0.040178387639616	-0.00186583232341914	0.00401142081388405	0.000808428914441721
0.786110227529904	0.018329833517635	0.00755605187239232	0.000427779502720031	-0.00137641451813327	0.00143025654694831
0.772687085830802	0.0204486287243602	0.019753440208917	-0.000882809028645162	-0.000722245008412502	0.00367318810363174
0.730539987153604	-0.00992586155090893	0.0275718301716031	-0.00553454256255563	0.00508166472921267	-0.00769312683799568
0.747838354081627	0.00193785531391367	0.0167478031948609	-0.000979397800452288	-0.000339062037617485	-0.00236344421234849
0.716883639954537	-0.00642556940990124	0.00289746751458499	-0.00172363625326313	0.00341771188508144	0.00130749643607437
0.704942136233776	0.017580467782133	0.000648036169912663	0.00309116919391659	0.000127632298481725	-0.00024456055798085
0.718951975277891	0.00529135445315789	-0.0048906647587661	0.00174972648687367	0.00590267257953213	-0.000379639183199422
0.731756643765827	0.0370971925225387	-0.0117540182586168	0.000893530671146014	0.00100475629777747	-0.00399046708543603
0.715898819324868	-0.00618214560009173	0.0470024665499765	-0.00264766043002416	-0.00133887035171089	0.0028891969770176
0.713263090958912	0.0199762156053228	0.0179379699156115	-0.00446305135304188	0.00100218965072732	0.00637730530078615
0.748150366782928	0.00848600324080457	0.00418252365114543	0.00252156796899388	0.0116028054125344	-0.00396647289191363
0.703865020155655	0.00456284979952462	0.0208485372197217	-0.00127764683310619	0.00199537029864769	0.000394076807112854
0.709657864370679	0.0161265094070206	0.0105401396736255	0.00245336322264303	0.00356713279637546	-0.00445685069447984
0.726352711999425	0.04668908547174	-0.006363593337087	-0.000408355688001705	0.00461411725114462	0.00511906136679038
0.678490869464251	-0.0053189563635207	-0.00432694580403426	-0.000846306884328599	-0.000423201791563381	0.00560542560381486
0.699257408193774	-0.00498543610096853	-0.0179329230478512	0.00506151333574511	0.00138556014071459	0.00253197948258549
0.717958992489139	0.020172843685793	0.000322083183881519	0.000421040809727584	0.00201408606734175	-0.00306913984961603
0.709819621198995	-0.0111247966610467	-0.00113660184169981	-0.00246423668708146	-0.000797938940216734	-0.00314605595541405
0.709957432328413	0.00363649639347162	-0.0295475549381122	-0.00190251445226383	-0.00585500292463295	0.00047721989925984
0.742364080769172	0.0125748358276034	-0.00396420506498736	-0.000286693359932489	-0.00218444916848908	0.00298921708853641
0.765949075471556	-0.00113665646850784	-0.0186759922436228	-0.00239189499797946	0.00479547560978645	0.00135081645348851
0.753435501160877	-0.00507731885711154	-0.00900509971089996	-0.00213547197184601	0.00294843577782489	0.000812267932752617
0.78324991462667	0.000264428963258524	0.0254443649228898	-0.00136194194763849	0.000976304012342888	0.00585598584096395
0.751777043318281	0.0154063454893808	-0.0276133105398396	-0.00173418487407329	0.00186940589627594	0.00183797287456752
0.77012489767981	-0.00752141556913029	0.00248530621006761	-0.00335612188236938	0.00722638694003831	-0.00147716682974643
0.792763987120784	0.00679521913889442	-0.00429030667053408	-0.00305766827785127	0.00572371290716882	0.000331406177363814
0.806861914735447	0.0172842872210221	-0.0256672587276819	-0.0021534134859132	0.00691746659938178	0.00311790567858439
0.797625112520583	0.0104626389645709	-0.0149548657890632	-0.00330591137781897	0.00203813116283758	0.00360452343517948
0.815414625598112	-0.010649296297018	0.00507361521642448	-0.0040814028593155	-0.000448266221936996	-0.00341318478292855
0.815381852256222	0.00272930156557716	0.0380520872503809	-0.00373793950166206	0.000296418326088241	0.00178903833239362
0.802139787957604	-0.0248297962862976	0.0438093831366717	-0.00305093393491227	0.00157579961978609	0.00629237851049459
0.809694825721371	0.017716617914068	0.0832322408636646	0.00169362050082942	0.0133751457525384	0.00265977976975874
0.797785998080868	0.00610528341548864	-0.0251277420479512	-0.00126193995433908	0.00376483192636765	-0.00264610082647769
0.830573580791874	0.00264125920877717	-0.0362053273150739	-0.000109031231883207	0.00552153035720175	-0.00316346204906871
0.860231547309593	-0.022978253437094	-0.121539516883882	-0.00674442987079709	-0.00218326297093355	-0.00880729563344852
0.849798846126541	0.0246924703156738	-0.0157405233239073	0.00216619262115868	0.00125745143949782	-0.00601682138728555
0.837863773908002	0.0047288632521706	-0.0344920180170162	0.00152434108823483	-0.00577003215864393	0.00250350865852354
0.891216150246881	-0.00495245541007695	0.0100004451920447	0.000280126041015432	0.000942445148702548	0.00446683428907962
0.826681765926793	0.00485052049925831	0.00567824381975817	-0.00149101421245611	0.00619426641615964	-0.0107318959412648
0.859378456634078	0.0119617290208503	-0.0256149432042349	0.000170673799941911	0.0012676634029171	-0.00812293588221523
0.850931072004206	0.0031589959944035	-0.0143486644283744	-0.00121481010135739	0.00139680160407799	-0.00554816165896879
0.884005503747146	-0.00600101038080129	-0.0249355488416203	-0.000461833035044931	0.00191661074383228	-0.000310409005954474
0.869068341937087	0.00277685353657035	-0.0124167731646266	0.00125517115337836	0.00263067309986971	0.000296024521091011
0.879351854433084	0.00201722376656087	-0.0595424011115894	-0.000354695628610366	-0.00254594599937051	-0.000515513455847899
0.851077462098095	-0.0137226724858386	-0.00222436953391253	-8.11037346248767e-05	0.00152802758568774	-0.00113339497507344
0.851774664656992	-0.00425754073109578	-0.0342721193512816	0.00151435716425338	0.00337811162631986	0.0021281541069545
0.872645086198822	0.00721907988663287	0.00821005634319098	0.00264217313875401	0.000787572020193897	0.0021237168327451
0.894800555867996	9.11220257197745e-05	0.00345977790135817	0.00442018112489297	0.000188911453137333	0.00194782397642442
0.88814221997588	0.00653501685972337	-0.0370897386394023	0.00486861554361194	-0.000118301808912137	-0.000351962008958778
0.912371241780647	0.00631018114474824	-0.0280779093132322	0.00260765646972282	0.00450419684267951	0.000247507961826187
0.925919088177878	0.00360841247836427	-0.0296917938106375	0.00364355326722894	0.00577858769846812	-0.00400015879601465
0.893885042984179	-0.00972219183328873	-0.0196885565730087	0.00230097386577436	0.00199277653205637	0.00373008756320269
0.870660777991143	0.0220580984814733	-0.0677575869683334	0.00353404307618847	-0.0171622207507196	-0.00849535145605902
0.883679625183517	-0.00496792449628295	-0.0486991348242235	0.000842752917030304	0.00871968658017391	-4.10025946951956e-05
0.906647052314427	0.0292471802779746	-0.0337262789665094	0.00213794901103181	0.00587572653060896	-0.008636295162494
0.870481810855402	-0.00647757369814604	-0.00207263551159953	-0.00014667830445718	-0.00146630736450509	0.00961029656642301
0.914042689467367	0.00741765752681457	-0.0549325085459417	0.00144852613394292	0.00376006948575258	3.91292336156656e-05
0.924329137368716	0.00785493201233829	0.00485426614989045	0.00194357492407767	0.00420336759561203	-0.000690136907975763
0.921066180684929	-0.0186376918687123	0.00518610656461907	0.00314796933214797	0.000534273580629942	-0.00531924049706097
0.948893682503608	-0.0203923767728256	-0.0793373968688832	0.00174542260210125	0.00331201790491702	0.00881459341679089
