-6.546020507812500000e-03 3.998544454574584961e+00 1.623868942260742188e-03 2.909573595388792455e-06 -1.367702498100697994e-04 -3.746896982192993164e-05
-1.120328903198242188e-03 3.999601125717163086e+00 5.372762680053710938e-04 3.678466600831598043e-05 -2.397176576778292656e-04 3.620237112045288086e-05
-8.041501045227050781e-03 4.001687526702880859e+00 1.737236976623535156e-03 2.402684185653924942e-05 9.896750270854681730e-05 5.484372377395629883e-05
-2.354621887207031250e-03 4.000585079193115234e+00 4.664778709411621094e-03 1.553037145640701056e-05 -1.246133761014789343e-04 -4.754960536956787109e-05
-8.910894393920898438e-03 3.997596740722656250e+00 -4.887819290161132812e-03 5.832681563333608210e-05 1.869004045147448778e-04 -1.598149538040161133e-05
-2.706646919250488281e-03 3.999551057815551758e+00 -1.777410507202148438e-03 4.099326815776294097e-07 -9.314426279161125422e-05 -1.975893974304199219e-05
-8.141517639160156250e-03 3.999019145965576172e+00 2.907514572143554688e-03 2.893965029215905815e-05 -2.197013782279100269e-05 -5.468726158142089844e-06
-1.804947853088378906e-03 3.999561071395874023e+00 -2.873420715332031250e-03 -6.722679972881451249e-05 -8.226627687690779567e-05 1.426786184310913086e-05
-9.296178817749023438e-03 3.999744176864624023e+00 -3.129243850708007812e-03 6.577417661901563406e-05 1.609452738193795085e-04 1.342594623565673828e-05
-7.697701454162597656e-03 3.998269319534301758e+00 -3.317832946777343750e-03 1.346805511275306344e-04 5.739008702221326530e-05 4.626810550689697266e-05
-4.060029983520507812e-03 3.999036312103271484e+00 -4.684925079345703125e-04 -2.308681723661720753e-05 -1.348730293102562428e-04 1.503527164459228516e-05
-5.223751068115234375e-04 4.001033782958984375e+00 -4.290819168090820312e-03 2.502054121578112245e-05 -1.351687824353575706e-04 -2.764910459518432617e-05
-1.010656356811523438e-03 3.998173475265502930e+00 1.790761947631835938e-03 -5.815575059386901557e-05 -1.846448139986023307e-04 3.037601709365844727e-05
-3.435254096984863281e-03 4.001718997955322266e+00 2.787709236145019531e-03 9.313077316619455814e-05 -1.084859759430401027e-04 -1.289695501327514648e-05
-1.211965084075927734e-02 3.999850749969482422e+00 2.058267593383789062e-03 4.261081267031840980e-05 1.467117836000397801e-04 9.492039680480957031e-06
1.159310340881347656e-04 3.998563766479492188e+00 3.954172134399414062e-04 5.734646038035862148e-06 -2.208677324233576655e-04 -2.043694257736206055e-05
-8.265972137451171875e-04 4.001354217529296875e+00 -1.507759094238281250e-03 -6.759182724636048079e-06 -5.569329005084000528e-05 1.303851604461669922e-05
2.461671829223632812e-03 3.998442649841308594e+00 8.702278137207031250e-06 2.689362554519902915e-05 -3.408213378861546516e-04 4.389137029647827148e-05
-5.904674530029296875e-03 4.000974655151367188e+00 6.932020187377929688e-04 8.699627869646064937e-06 -2.614144432300236076e-05 -5.795061588287353516e-05
2.454519271850585938e-03 3.998513460159301758e+00 -1.601696014404296875e-03 -3.886944614350795746e-05 -2.138592390110716224e-04 -7.213652133941650391e-05
1.666545867919921875e-04 4.001059532165527344e+00 -1.684904098510742188e-03 -8.482869452564045787e-05 -9.874467650661244988e-05 1.046806573867797852e-05
-3.429532051086425781e-03 4.001181125640869141e+00 5.137801170349121094e-03 -2.293081342941150069e-05 -3.180759085807949305e-05 4.102289676666259766e-05
-4.973530769348144531e-03 4.001096248626708984e+00 -3.895759582519531250e-04 -5.563710146816447377e-05 2.044967186520807445e-05 -1.073628664016723633e-05
-9.159684181213378906e-03 4.000902175903320312e+00 2.551436424255371094e-03 -3.106675649178214371e-05 1.525878906250000000e-04 1.212209463119506836e-05
-1.034271717071533203e-02 4.000241279602050781e+00 -3.896474838256835938e-03 3.029857543879188597e-05 2.339093043701723218e-04 7.639825344085693359e-05
-1.044797897338867188e-02 3.998311996459960938e+00 -5.149841308593750000e-05 6.892347300890833139e-05 3.540681500453501940e-04 3.331899642944335938e-05
-7.522106170654296875e-04 3.999406099319458008e+00 -8.869171142578125000e-05 -4.904932575300335884e-05 -1.136624850914813578e-04 2.835690975189208984e-05
-7.370710372924804688e-04 3.998772621154785156e+00 -1.226425170898437500e-03 -3.683365503093227744e-05 -1.102679962059482932e-04 9.611248970031738281e-06
5.112886428833007812e-04 4.000524044036865234e+00 -6.849765777587890625e-04 7.422351336572319269e-05 -1.215277152368798852e-04 1.320987939834594727e-05
-1.010608673095703125e-02 3.999810934066772461e+00 1.618862152099609375e-04 2.670942558324895799e-05 3.167285467498004436e-04 4.790723323822021484e-05
1.124858856201171875e-03 4.001866817474365234e+00 -2.670049667358398438e-03 -5.603137833531945944e-05 -1.697018160484731197e-04 -2.893060445785522461e-05
-6.462335586547851562e-03 4.002734661102294922e+00 1.478433609008789062e-03 3.888432911480776966e-05 1.757476857164874673e-04 -1.650303602218627930e-05
4.487156867980957031e-03 4.001058101654052734e+00 -6.999969482421875000e-04 -2.731344648054800928e-05 -2.372408489463850856e-04 -2.405047416687011719e-05
-1.031768321990966797e-02 3.999030351638793945e+00 1.543045043945312500e-03 7.111928425729274750e-05 2.586962655186653137e-04 -9.093433618545532227e-05
-2.640843391418457031e-03 4.000853061676025391e+00 1.683235168457031250e-03 -8.054248610278591514e-05 -1.683970913290977478e-04 2.816319465637207031e-05
-3.382682800292968750e-03 4.000007629394531250e+00 2.683758735656738281e-03 2.289565418323036283e-05 -1.383125054417178035e-04 -4.491955041885375977e-05
-3.367543220520019531e-03 3.998628377914428711e+00 7.424354553222656250e-04 5.679123660229379311e-06 -7.690775237279012799e-05 -4.588812589645385742e-05
-4.437327384948730469e-03 4.000018119812011719e+00 -9.307861328125000000e-04 5.229456655797548592e-05 -4.126064595766365528e-05 -1.782178878784179688e-05
1.297593116760253906e-03 3.998934268951416016e+00 -4.243135452270507812e-03 -7.862482016207650304e-05 -1.935962209245190024e-04 1.588463783264160156e-05
-1.154303550720214844e-02 4.001560211181640625e+00 -3.221035003662109375e-04 1.020793570205569267e-05 1.576437352923676372e-04 3.501772880554199219e-07
-4.012942314147949219e-03 3.999286413192749023e+00 -1.487970352172851562e-03 -5.424654955277219415e-05 8.272792183561250567e-05 -1.124292612075805664e-05
-4.084110260009765625e-03 3.999390840530395508e+00 -4.202127456665039062e-03 8.851212623994797468e-05 -4.966928827343508601e-05 3.539025783538818359e-06
-1.101613044738769531e-02 3.998037576675415039e+00 -7.269382476806640625e-04 -1.577656621520873159e-05 1.115942359319888055e-04 -5.729496479034423828e-05
-3.755092620849609375e-03 4.001859664916992188e+00 -2.789258956909179688e-03 7.220534462248906493e-05 1.986540155485272408e-05 6.617605686187744141e-05
-9.377121925354003906e-03 3.998674392700195312e+00 2.152681350708007812e-03 3.157219907734543085e-05 1.582596014486625791e-04 -3.749877214431762695e-05
-1.839733123779296875e-02 3.999323368072509766e+00 -1.668930053710937500e-04 2.463922101014759392e-05 4.376105207484215498e-04 -9.089708328247070312e-06
-3.456950187683105469e-03 4.002046108245849609e+00 2.309560775756835938e-03 9.893340757116675377e-05 -8.090813935268670321e-06 3.390759229660034180e-05
-8.271694183349609375e-03 4.002318382263183594e+00 5.447864532470703125e-04 3.757172453333623707e-05 3.386034222785383463e-05 2.294033765792846680e-05
-7.254242897033691406e-03 3.999977350234985352e+00 4.192113876342773438e-03 -8.991268987301737070e-05 1.110386292566545308e-04 -6.792694330215454102e-05
-7.535338401794433594e-03 4.000030517578125000e+00 1.880526542663574219e-03 3.201348226866684854e-05 2.200884409830905497e-06 2.242624759674072266e-05
-2.422332763671875000e-03 4.001730918884277344e+00 2.531647682189941406e-03 -7.818690937710925937e-05 -1.700829452602192760e-04 -2.910196781158447266e-05
-5.285978317260742188e-03 3.999805688858032227e+00 -4.182577133178710938e-03 -2.178561317123239860e-06 1.209155016113072634e-04 -9.022653102874755859e-06
-1.174414157867431641e-02 3.999517202377319336e+00 7.572174072265625000e-04 -4.908506161882542074e-05 2.582447195891290903e-04 4.097819328308105469e-06
1.738488674163818359e-03 3.998885154724121094e+00 -5.826950073242187500e-04 -4.995926065021194518e-05 -2.665751671884208918e-04 1.301616430282592773e-05
-4.329442977905273438e-03 3.999863624572753906e+00 -2.079486846923828125e-03 -5.716015039070043713e-07 1.490983559051528573e-04 3.274530172348022461e-05
-3.108382225036621094e-03 4.000107288360595703e+00 1.888036727905273438e-03 -3.700711658893851563e-06 -2.160931035177782178e-05 -3.606826066970825195e-05
-6.285667419433593750e-03 3.999484300613403320e+00 1.373648643493652344e-03 -1.371659254800761119e-05 7.184382866398664191e-06 -1.905858516693115234e-05
-2.187371253967285156e-03 4.001760482788085938e+00 -4.189491271972656250e-03 -5.328695806383620948e-06 6.778884562663733959e-05 7.995963096618652344e-05
-3.547430038452148438e-03 4.000608921051025391e+00 8.577108383178710938e-04 1.178747879748698324e-05 -1.772291398083325475e-05 1.102685928344726562e-05
-6.641030311584472656e-03 4.001286983489990234e+00 8.177757263183593750e-04 -1.914755193865858018e-05 9.725180279929190874e-05 3.515928983688354492e-05
-2.867221832275390625e-03 4.001322746276855469e+00 -1.880645751953125000e-03 6.172386929392814636e-05 -9.429983765585348010e-05 -2.264976501464843750e-05
-4.684567451477050781e-03 4.001466274261474609e+00 1.864910125732421875e-03 -7.149259545258246362e-06 1.422544846718665212e-05 1.776218414306640625e-05
-8.606672286987304688e-03 4.000081062316894531e+00 -3.311634063720703125e-04 2.736594615271314979e-05 2.298264153068885207e-04 1.811981201171875000e-05
-4.750967025756835938e-03 3.998215675354003906e+00 6.868839263916015625e-04 1.364229319733567536e-05 7.327031198656186461e-05 6.246566772460937500e-05
-4.273653030395507812e-03 4.000293254852294922e+00 6.005764007568359375e-04 -6.127906090114265680e-05 6.126143125584349036e-05 -6.847083568572998047e-05
-4.664182662963867188e-03 3.998346090316772461e+00 1.749396324157714844e-03 -7.719293535046745092e-06 -7.832401024643331766e-05 3.509223461151123047e-06
-2.004861831665039062e-03 4.001109123229980469e+00 2.030014991760253906e-03 -5.130389399710111320e-05 -2.666047657839953899e-04 -2.257525920867919922e-06
1.370906829833984375e-04 4.001129150390625000e+00 -3.552436828613281250e-03 -5.172532110009342432e-05 -1.091285666916519403e-04 -2.826750278472900391e-05
-3.886222839355468750e-03 4.002415180206298828e+00 -1.806735992431640625e-03 2.199124173785094172e-05 3.471216041361913085e-05 1.651048660278320312e-05
-1.391530036926269531e-02 3.999492883682250977e+00 1.092791557312011719e-03 2.037173362623434514e-05 2.347793342778459191e-04 8.581578731536865234e-05
-9.109020233154296875e-03 4.001380920410156250e+00 1.037120819091796875e-03 1.437522951164282858e-05 1.458940096199512482e-04 2.131611108779907227e-05
-8.031725883483886719e-03 3.999771118164062500e+00 1.117587089538574219e-03 -6.711240712320432067e-05 1.453358563594520092e-04 -5.247443914413452148e-05
-1.600718498229980469e-02 3.996894598007202148e+00 -1.397371292114257812e-03 -6.940098501218017191e-06 3.998928877990692854e-04 1.811236143112182617e-05
-1.840233802795410156e-03 4.002089977264404297e+00 5.170106887817382812e-04 1.099887231248430908e-05 -1.224698644364252687e-04 4.170835018157958984e-05
2.537727355957031250e-03 4.001693725585937500e+00 2.859354019165039062e-03 4.591168362821917981e-06 -1.782938197720795870e-04 5.363672971725463867e-05
-1.449656486511230469e-02 3.999134540557861328e+00 -2.434492111206054688e-03 -4.377179720904678106e-05 1.694578822935000062e-04 -6.556510925292968750e-06
-8.418917655944824219e-03 3.999963283538818359e+00 1.545548439025878906e-03 2.454466448398306966e-05 3.080281312577426434e-04 -3.495067358016967773e-05
-1.051664352416992188e-02 3.998995542526245117e+00 -1.864433288574218750e-03 7.294387614820152521e-05 2.424641133984550834e-04 6.876885890960693359e-06
-1.141905784606933594e-02 3.999898433685302734e+00 7.874965667724609375e-04 2.400795347057282925e-05 2.109527122229337692e-04 -8.079409599304199219e-05
-1.767873764038085938e-03 4.002691745758056641e+00 5.011320114135742188e-03 2.758988739515189081e-05 -1.032902800943702459e-04 3.599375486373901367e-05
-3.850579261779785156e-03 3.999157190322875977e+00 -2.526521682739257812e-03 -4.907103357254527509e-05 4.743067620438523591e-05 -1.563876867294311523e-05
1.113474369049072266e-03 4.000967025756835938e+00 -1.027345657348632812e-03 -7.019272015895694494e-05 -2.556250838097184896e-04 1.284480094909667969e-05
-1.001513004302978516e-02 4.002321720123291016e+00 -2.688884735107421875e-03 -3.811087253779987805e-06 1.757145073497667909e-04 5.602836608886718750e-05
-1.005315780639648438e-02 4.000810146331787109e+00 -9.353160858154296875e-04 2.741677599260583520e-05 1.432826975360512733e-04 2.814084291458129883e-05
-2.793073654174804688e-03 3.998114347457885742e+00 3.934979438781738281e-03 4.135056951781734824e-05 -1.472692092647776008e-04 -4.531443119049072266e-05
-4.819989204406738281e-03 4.002235889434814453e+00 1.745820045471191406e-03 6.357978418236598372e-05 -1.180121762445196509e-04 1.960992813110351562e-05
-3.182530403137207031e-03 4.000128269195556641e+00 -9.570121765136718750e-04 2.852243960660416633e-05 -3.130221375613473356e-05 -4.903972148895263672e-05
2.097845077514648438e-03 4.000377178192138672e+00 3.663778305053710938e-03 6.565865623997524381e-05 -2.457580412738025188e-04 2.449750900268554688e-05
2.698481082916259766e-03 4.000313758850097656e+00 -2.354860305786132812e-03 1.117535612138453871e-05 -2.851687895599752665e-04 -3.777444362640380859e-05
3.497302532196044922e-03 4.000138759613037109e+00 -3.315925598144531250e-03 -1.674763007031287998e-05 -3.422516165301203728e-04 -1.320242881774902344e-05
-2.721071243286132812e-03 3.996875524520874023e+00 -1.848220825195312500e-03 -5.182145832804962993e-05 -1.506070548202842474e-04 7.017701864242553711e-05
-5.812525749206542969e-03 3.999852180480957031e+00 -3.414869308471679688e-03 1.829246502893511206e-05 5.872978363186120987e-05 -2.647191286087036133e-05
-9.591579437255859375e-04 3.998934745788574219e+00 -1.609802246093750000e-03 -6.164894148241728544e-05 -9.309969027526676655e-05 7.408857345581054688e-05
-6.078839302062988281e-03 4.003133773803710938e+00 2.445459365844726562e-03 -5.643886470352299511e-05 1.747137284837663174e-04 1.326948404312133789e-05
-5.111813545227050781e-03 4.000815868377685547e+00 -4.093170166015625000e-03 7.953694876050576568e-05 3.337037196615710855e-05 5.133450031280517578e-06
-2.806663513183593750e-03 3.999210834503173828e+00 4.553079605102539062e-03 1.736486956360749900e-05 -9.898783173412084579e-05 -1.863390207290649414e-05
-3.870129585266113281e-03 4.000658035278320312e+00 2.558946609497070312e-03 -1.479753791500115767e-05 2.913983007601927966e-05 -4.208832979202270508e-05
-9.055495262145996094e-03 3.998963832855224609e+00 9.371042251586914062e-04 1.157521692221052945e-04 2.489023609086871147e-04 -2.127885818481445312e-05
-6.519079208374023438e-03 3.998600244522094727e+00 -4.010200500488281250e-04 2.886757465603295714e-05 -7.638191891601309180e-05 5.479156970977783203e-05
-2.472877502441406250e-03 3.999067544937133789e+00 -2.038002014160156250e-03 1.743098437145818025e-06 -7.047753024380654097e-05 1.892447471618652344e-06
