-7.758021354675292969e-03 -1.454353332519531250e-05 3.311634063720703125e-04 3.878027200698852539e-05 3.056228160858154297e-05 -2.886354923248291016e-05
-8.873939514160156250e-04 1.838684082031250000e-03 -7.104873657226562500e-05 1.959502696990966797e-05 -5.372613668441772461e-05 2.582371234893798828e-05
-2.709746360778808594e-03 2.719640731811523438e-03 -4.119873046875000000e-03 5.044043064117431641e-06 -2.504885196685791016e-05 -1.473724842071533203e-05
-3.025770187377929688e-03 1.396179199218750000e-03 5.791187286376953125e-04 -2.037733793258666992e-05 7.090717554092407227e-05 2.121925354003906250e-05
3.359794616699218750e-03 1.743555068969726562e-03 2.309083938598632812e-04 -7.022917270660400391e-05 -1.364201307296752930e-05 -2.665817737579345703e-05
-5.230188369750976562e-03 -4.640340805053710938e-03 5.500316619873046875e-04 -6.042420864105224609e-05 -2.610683441162109375e-05 -1.870095729827880859e-05
8.636713027954101562e-04 -7.987022399902343750e-04 1.909971237182617188e-03 -7.458031177520751953e-06 -3.555417060852050781e-05 7.197260856628417969e-06
-8.428096771240234375e-04 7.009506225585937500e-04 -4.429817199707031250e-03 -4.789233207702636719e-05 5.431473255157470703e-06 -1.567602157592773438e-05
-5.593776702880859375e-03 4.873275756835937500e-04 -1.332998275756835938e-03 -5.260109901428222656e-06 -3.057718276977539062e-05 -4.249811172485351562e-05
1.572966575622558594e-04 -6.952285766601562500e-04 -2.639532089233398438e-03 1.051276922225952148e-05 -5.828589200973510742e-05 2.737343311309814453e-05
2.539157867431640625e-05 -1.702308654785156250e-03 -2.118825912475585938e-03 -8.501112461090087891e-05 2.894550561904907227e-05 -8.374452590942382812e-06
2.221524715423583984e-03 -3.404617309570312500e-04 6.209611892700195312e-04 9.685754776000976562e-07 -4.395842552185058594e-06 2.096593379974365234e-05
4.582107067108154297e-03 -1.677989959716796875e-03 -1.531362533569335938e-03 2.896785736083984375e-05 -1.265853643417358398e-05 3.708899021148681641e-05
-1.641511917114257812e-04 1.971960067749023438e-03 3.985166549682617188e-04 1.936405897140502930e-05 -3.314018249511718750e-05 2.670288085937500000e-05
2.832770347595214844e-03 -1.944303512573242188e-03 -1.084327697753906250e-03 -7.872283458709716797e-05 -3.881752490997314453e-06 2.616643905639648438e-05
1.354861259460449219e-02 2.019405364990234375e-03 1.157879829406738281e-03 -5.866587162017822266e-05 -6.723403930664062500e-05 2.437829971313476562e-05
-2.619266510009765625e-03 -2.345800399780273438e-03 -1.748323440551757812e-03 6.016343832015991211e-05 4.738569259643554688e-06 1.096725463867187500e-05
-5.458593368530273438e-04 -1.485347747802734375e-03 -8.077621459960937500e-04 5.256384611129760742e-05 6.747990846633911133e-05 1.215934753417968750e-05
-1.975893974304199219e-03 -7.810592651367187500e-04 2.427339553833007812e-03 1.021474599838256836e-05 1.550465822219848633e-05 -1.470744609832763672e-05
-7.997870445251464844e-03 5.022287368774414062e-03 4.931688308715820312e-04 6.249547004699707031e-05 -1.370906829833984375e-06 1.995265483856201172e-05
7.263123989105224609e-03 -4.927873611450195312e-03 2.305865287780761719e-03 2.489238977432250977e-05 -2.716481685638427734e-05 6.666779518127441406e-05
4.563927650451660156e-03 -1.761674880981445312e-03 -2.354383468627929688e-03 -1.651048660278320312e-05 5.385279655456542969e-05 -1.266598701477050781e-06
6.268024444580078125e-04 -8.380413055419921875e-04 -2.308607101440429688e-03 -2.846121788024902344e-06 -2.285838127136230469e-05 2.700090408325195312e-05
1.516103744506835938e-03 -6.079912185668945312e-03 1.411914825439453125e-03 -9.971112012863159180e-05 5.342811346054077148e-05 -1.770257949829101562e-05
-6.850957870483398438e-04 -2.935886383056640625e-03 -2.701282501220703125e-04 -6.011128425598144531e-05 2.433359622955322266e-05 -3.546476364135742188e-06
4.124999046325683594e-03 -1.399278640747070312e-03 3.131628036499023438e-04 -7.475912570953369141e-05 4.778802394866943359e-05 -8.448958396911621094e-06
5.236089229583740234e-03 -9.644031524658203125e-04 1.185417175292968750e-03 -1.499801874160766602e-05 -4.155933856964111328e-05 7.048249244689941406e-06
5.568325519561767578e-03 2.504587173461914062e-03 -1.442909240722656250e-03 2.744793891906738281e-05 3.781169652938842773e-05 -8.895993232727050781e-06
5.000233650207519531e-04 -2.110958099365234375e-03 1.630425453186035156e-03 -1.296401023864746094e-05 2.127885818481445312e-05 2.554059028625488281e-05
2.756774425506591797e-03 -5.647182464599609375e-03 7.832050323486328125e-05 -3.722310066223144531e-05 7.331371307373046875e-06 1.831352710723876953e-05
-2.312421798706054688e-03 6.899118423461914062e-03 2.601265907287597656e-03 1.088529825210571289e-04 -1.300126314163208008e-05 -8.568167686462402344e-06
-4.668116569519042969e-03 -1.849412918090820312e-03 -2.258062362670898438e-03 -2.047419548034667969e-05 -8.940696716308593750e-07 -6.496906280517578125e-06
-2.061247825622558594e-03 7.421970367431640625e-04 -1.558542251586914062e-03 6.057322025299072266e-06 -9.655952453613281250e-06 -1.575052738189697266e-05
-2.992749214172363281e-03 4.322528839111328125e-04 3.061771392822265625e-03 -1.032650470733642578e-05 -7.294118404388427734e-06 2.719461917877197266e-05
-2.537131309509277344e-03 1.658916473388671875e-03 -4.701614379882812500e-04 -1.402944326400756836e-05 6.176531314849853516e-06 -3.752112388610839844e-05
3.603696823120117188e-03 2.504587173461914062e-03 5.104660987854003906e-03 8.161365985870361328e-05 3.401935100555419922e-05 2.844631671905517578e-05
-8.678436279296875000e-05 -8.361339569091796875e-04 -1.866817474365234375e-04 4.459917545318603516e-05 2.942234277725219727e-05 -1.849234104156494141e-05
-1.896619796752929688e-04 1.527070999145507812e-03 3.099799156188964844e-03 5.719810724258422852e-05 -2.918392419815063477e-05 1.214444637298583984e-05
-2.045631408691406250e-04 2.813339233398437500e-05 -1.771926879882812500e-03 -6.508082151412963867e-05 1.519918441772460938e-05 -1.357495784759521484e-05
5.170702934265136719e-04 3.095626831054687500e-03 -3.919601440429687500e-03 -3.819912672042846680e-05 -1.221895217895507812e-05 4.777312278747558594e-05
-1.032710075378417969e-03 3.293752670288085938e-03 -5.695581436157226562e-03 7.271766662597656250e-06 4.015117883682250977e-05 1.166760921478271484e-05
2.172410488128662109e-03 1.490116119384765625e-04 3.674387931823730469e-03 5.713105201721191406e-05 -2.281367778778076172e-05 5.826354026794433594e-06
3.829538822174072266e-03 -2.251386642456054688e-03 -2.757787704467773438e-03 -4.567205905914306641e-06 -5.513429641723632812e-06 -6.020069122314453125e-06
2.706229686737060547e-03 3.869533538818359375e-04 -7.827281951904296875e-04 -4.363059997558593750e-05 1.192092895507812500e-07 -1.150369644165039062e-05
-3.535270690917968750e-03 8.943080902099609375e-04 1.991510391235351562e-03 -2.554804086685180664e-05 3.328174352645874023e-05 -4.312396049499511719e-05
-6.192088127136230469e-03 4.079818725585937500e-03 -2.824306488037109375e-03 2.352893352508544922e-05 2.015382051467895508e-05 -3.246963024139404297e-05
-5.755782127380371094e-03 4.620552062988281250e-04 3.507018089294433594e-03 1.434981822967529297e-05 1.002103090286254883e-05 5.091726779937744141e-05
-3.167390823364257812e-04 -4.463195800781250000e-04 -2.386093139648437500e-03 -9.655952453613281250e-06 1.669675111770629883e-05 -2.114474773406982422e-05
2.361536026000976562e-04 7.850408554077148438e-03 5.376338958740234375e-05 6.909668445587158203e-05 3.901869058609008789e-05 1.572072505950927734e-05
-1.911520957946777344e-03 2.527236938476562500e-05 4.271745681762695312e-03 7.391721010208129883e-05 -2.732872962951660156e-05 1.072883605957031250e-05
3.473818302154541016e-03 1.425504684448242188e-03 -1.546859741210937500e-03 1.452863216400146484e-05 -1.718103885650634766e-05 -1.919269561767578125e-05
1.699328422546386719e-04 -1.044273376464843750e-03 -9.927749633789062500e-04 5.143135786056518555e-05 -2.014636993408203125e-05 1.493096351623535156e-05
-4.435777664184570312e-04 1.851320266723632812e-03 5.620718002319335938e-04 3.619492053985595703e-05 -6.068497896194458008e-05 6.173551082611083984e-05
9.192526340484619141e-03 -4.224538803100585938e-03 -2.047061920166015625e-03 -4.547834396362304688e-05 -4.374235868453979492e-05 -1.320242881774902344e-05
2.314984798431396484e-03 -2.016305923461914062e-03 1.335024833679199219e-03 -1.392513513565063477e-05 -2.647936344146728516e-05 -9.179115295410156250e-06
1.822054386138916016e-03 1.117706298828125000e-03 2.642273902893066406e-03 7.521361112594604492e-05 -5.895644426345825195e-05 1.519918441772460938e-05
3.607809543609619141e-03 1.020431518554687500e-03 -5.106925964355468750e-03 -4.173070192337036133e-05 7.534772157669067383e-05 2.272427082061767578e-05
2.882480621337890625e-04 2.404928207397460938e-03 -2.018213272094726562e-03 1.927465200424194336e-05 2.200156450271606445e-05 5.111098289489746094e-06
-1.913309097290039062e-03 -6.670951843261718750e-04 -5.509853363037109375e-04 -3.881752490997314453e-06 9.134411811828613281e-06 3.764033317565917969e-05
2.116382122039794922e-03 -2.451658248901367188e-03 1.516103744506835938e-03 -2.202391624450683594e-05 2.715736627578735352e-05 -3.445148468017578125e-05
-6.188273429870605469e-03 2.945899963378906250e-03 3.501176834106445312e-03 1.385584473609924316e-04 3.993511199951171875e-05 5.608797073364257812e-05
3.184020519256591797e-03 4.407167434692382812e-03 1.374602317810058594e-03 3.888458013534545898e-05 6.023049354553222656e-05 5.011260509490966797e-05
3.998279571533203125e-03 -3.440856933593750000e-03 -6.289482116699218750e-03 -1.233071088790893555e-04 -3.879517316818237305e-05 -1.527369022369384766e-05
3.899335861206054688e-04 -2.471685409545898438e-03 1.816272735595703125e-03 7.994472980499267578e-06 -4.154443740844726562e-05 -1.560151576995849609e-05
1.246333122253417969e-03 -2.751111984252929688e-03 7.978677749633789062e-04 -4.868954420089721680e-05 6.086379289627075195e-05 6.161630153656005859e-05
2.360761165618896484e-03 3.742218017578125000e-03 2.828836441040039062e-04 -1.631677150726318359e-06 5.107372999191284180e-05 -1.691281795501708984e-05
-2.539157867431640625e-03 -2.810955047607421875e-04 -1.649379730224609375e-03 -1.151859760284423828e-05 3.150105476379394531e-05 2.980232238769531250e-07
-3.476262092590332031e-03 4.080772399902343750e-03 -2.580165863037109375e-03 -5.186349153518676758e-05 5.319714546203613281e-06 5.438923835754394531e-06
2.850174903869628906e-03 -2.597808837890625000e-03 4.112720489501953125e-05 -3.366172313690185547e-05 -3.347545862197875977e-05 -2.592802047729492188e-06
8.262395858764648438e-04 -2.038478851318359375e-03 -1.883268356323242188e-03 9.402632713317871094e-06 1.095980405807495117e-05 3.400444984436035156e-05
-5.011558532714843750e-03 4.736900329589843750e-03 -2.403020858764648438e-03 7.960200309753417969e-05 9.243935346603393555e-05 2.001225948333740234e-05
2.653896808624267578e-03 5.347251892089843750e-03 3.861188888549804688e-04 -2.861022949218750000e-06 4.074722528457641602e-05 5.085766315460205078e-05
1.253962516784667969e-03 -5.684852600097656250e-03 -1.370429992675781250e-03 3.780424594879150391e-05 -5.349516868591308594e-05 -1.183152198791503906e-05
-3.597259521484375000e-03 1.945972442626953125e-03 2.089738845825195312e-04 5.426257848739624023e-05 2.107024192810058594e-05 3.692507743835449219e-05
-1.055943965911865234e-02 3.007888793945312500e-03 -5.328416824340820312e-03 -1.259148120880126953e-05 8.981674909591674805e-05 -5.713105201721191406e-05
1.529097557067871094e-03 3.857612609863281250e-04 3.653764724731445312e-03 -2.266466617584228516e-05 9.255111217498779297e-05 5.562603473663330078e-05
3.112494945526123047e-03 8.440017700195312500e-04 2.076148986816406250e-03 -5.705654621124267578e-05 1.242011785507202148e-05 4.068017005920410156e-06
1.444816589355468750e-04 6.833076477050781250e-04 -1.070499420166015625e-04 2.393126487731933594e-05 8.553266525268554688e-06 -4.503130912780761719e-05
2.816259860992431641e-03 -1.705169677734375000e-03 -1.249551773071289062e-03 -1.926720142364501953e-05 -2.971291542053222656e-05 -9.939074516296386719e-06
-7.667303085327148438e-03 -8.814334869384765625e-04 -1.624822616577148438e-03 7.753819227218627930e-05 8.642673492431640625e-06 -1.627206802368164062e-05
8.682012557983398438e-04 -1.135349273681640625e-03 -1.346111297607421875e-03 -3.337115049362182617e-05 2.689659595489501953e-06 -8.144974708557128906e-05
7.781744003295898438e-03 -3.237962722778320312e-03 1.013278961181640625e-04 1.113116741180419922e-05 -3.179162740707397461e-05 1.145154237747192383e-04
-2.988338470458984375e-03 5.223751068115234375e-03 -2.846717834472656250e-03 -1.222640275955200195e-05 -3.235042095184326172e-05 -7.420778274536132812e-06
7.538616657257080078e-03 -3.826618194580078125e-04 4.442930221557617188e-04 6.426870822906494141e-05 -4.680454730987548828e-05 6.625056266784667969e-05
2.301931381225585938e-04 2.906322479248046875e-04 2.133250236511230469e-03 1.446157693862915039e-05 -9.164214134216308594e-06 7.508695125579833984e-05
1.632213592529296875e-03 4.057884216308593750e-04 8.847713470458984375e-04 -9.536743164062500000e-06 -6.645917892456054688e-05 -2.689659595489501953e-05
7.656216621398925781e-04 -1.252651214599609375e-03 6.799697875976562500e-04 1.930445432662963867e-05 3.103911876678466797e-05 -5.058944225311279297e-05
4.562377929687500000e-03 -1.013755798339843750e-03 2.251863479614257812e-04 -1.847743988037109375e-06 4.860758781433105469e-05 -6.034970283508300781e-06
-1.467466354370117188e-03 -1.435041427612304688e-03 1.322031021118164062e-03 1.576542854309082031e-05 -5.929172039031982422e-05 -5.468726158142089844e-06
-1.947760581970214844e-03 1.450300216674804688e-03 3.273487091064453125e-04 1.066103577613830566e-04 -9.149312973022460938e-06 5.275011062622070312e-06
5.426049232482910156e-03 -4.372596740722656250e-04 -1.681089401245117188e-03 -8.724629878997802734e-05 4.682689905166625977e-05 4.749000072479248047e-05
2.676069736480712891e-03 2.803802490234375000e-04 -8.234977722167968750e-04 1.529604196548461914e-05 9.812414646148681641e-06 -1.783668994903564453e-05
2.758562564849853516e-03 9.307861328125000000e-04 -1.404523849487304688e-03 -2.180784940719604492e-05 -4.785507917404174805e-05 -3.710389137268066406e-06
5.736470222473144531e-03 5.633831024169921875e-04 3.157496452331542969e-03 8.270889520645141602e-05 1.540035009384155273e-05 -4.887580871582031250e-06
-7.542729377746582031e-03 6.098747253417968750e-04 -1.618385314941406250e-03 -5.731731653213500977e-05 -1.148581504821777344e-04 -6.042420864105224609e-05
3.101229667663574219e-03 1.468896865844726562e-03 5.014419555664062500e-03 -5.289912223815917969e-06 8.545815944671630859e-06 4.187226295471191406e-06
1.180529594421386719e-03 -2.464056015014648438e-03 5.030632019042968750e-04 3.170222043991088867e-05 3.288686275482177734e-05 1.396238803863525391e-05
-1.200556755065917969e-03 -6.351470947265625000e-04 -1.607418060302734375e-03 -4.619359970092773438e-07 7.254630327224731445e-05 -5.656480789184570312e-05
-3.442049026489257812e-03 -4.191160202026367188e-03 -2.141475677490234375e-03 -5.055963993072509766e-05 8.505582809448242188e-05 -3.165006637573242188e-05
5.090832710266113281e-04 4.989385604858398438e-03 5.940198898315429688e-04 -1.987814903259277344e-05 2.390146255493164062e-05 -3.567337989807128906e-05
