-1.717704435577616096e-05 -3.947819641325622797e-04 1.110603567212820053e-03 6.156501331133767962e-05 9.527200018055737019e-05 -9.810152550926432014e-05
-1.702982626738958061e-05 -1.817140000639483333e-04 2.737470786087214947e-04 3.582001681934343651e-06 -7.030669166852021590e-06 6.605180533370003104e-05
6.177744216984137893e-05 4.319961299188435078e-04 1.181773259304463863e-03 -3.909873703378252685e-05 1.204541549668647349e-04 -3.311462933197617531e-05
-9.756981162354350090e-04 -3.616156987845897675e-03 4.617179802153259516e-04 4.940206054016016424e-05 7.171496235969243571e-06 -1.624724827706813812e-04
1.054745749570429325e-03 3.051402512937784195e-03 1.001733122393488884e-03 -1.435832564311567694e-05 3.140305125270970166e-05 1.089728393708355725e-04
-6.219593342393636703e-04 -1.935991807840764523e-03 2.797076595015823841e-04 5.506852176040410995e-05 7.070229912642389536e-05 -9.219837374985218048e-05
-5.014298367314040661e-04 -1.740110223181545734e-03 4.582269757520407438e-04 2.990126404256443493e-06 -5.717380918213166296e-05 -7.915341848274692893e-05
1.109862714656628668e-04 3.814592200797051191e-04 5.972676444798707962e-04 -4.527752389549277723e-05 1.053698360919952393e-04 5.134352250024676323e-05
7.492572767660021782e-04 2.862808993086218834e-03 2.099714620271697640e-04 5.563807280850596726e-05 -1.336484092462342232e-05 4.525991698756115511e-06
-4.338763246778398752e-04 -1.794917043298482895e-03 1.976944477064535022e-04 -8.974430966190993786e-05 1.502296800026670098e-05 4.799903763341717422e-05
-6.918796570971608162e-04 -2.725196303799748421e-03 6.839580601081252098e-05 1.083106053556548432e-05 3.424774331506341696e-05 -1.274694950552657247e-04
7.658162212464958429e-05 2.750559942796826363e-04 -3.751707845367491245e-04 3.792972620431100950e-06 -6.505013880087062716e-05 -5.438365769805386662e-05
6.336916703730821609e-04 2.286151517182588577e-03 -6.738744559697806835e-04 -1.298348706768592820e-05 -8.944438377511687577e-06 5.648986916639842093e-05
9.783363202586770058e-04 4.178313072770833969e-03 6.399503909051418304e-04 7.114671461749821901e-05 2.403969301667530090e-05 9.451979713048785925e-05
4.958906210958957672e-04 2.220320980995893478e-03 8.242767653428018093e-04 1.170619816548423842e-05 1.196768698719097301e-05 2.229365600214805454e-05
-1.116545718105044216e-05 -1.003285342449089512e-05 -1.130479387938976288e-03 -4.276831987226614729e-06 -3.155943886667955667e-06 6.688418216072022915e-05
-4.440649354364722967e-04 -3.940079361200332642e-03 4.225982993375509977e-04 -7.212760465336032212e-06 -2.096537900797557086e-05 -2.112263173330575228e-04
6.236415938474237919e-04 1.992517849430441856e-03 1.791001064702868462e-03 1.126856204791693017e-05 1.661854621488600969e-04 1.222712453454732895e-04
-3.340831972309388220e-05 -4.396802105475217104e-04 2.133010188117623329e-03 1.364446216030046344e-04 7.811003160895779729e-05 -1.391330297337844968e-04
-7.492601071135140955e-06 1.460748899262398481e-05 -1.126155722886323929e-03 -4.698921475210227072e-05 -7.026851380942389369e-05 -1.930443249875679612e-05
-3.719530941452831030e-04 -1.335000037215650082e-03 -2.213715109974145889e-03 -3.592356370063498616e-05 -8.801852527540177107e-05 -2.931518611148931086e-05
1.374962448608130217e-04 5.931432824581861496e-04 1.284596044570207596e-03 2.259016582684125751e-06 3.813057992374524474e-05 8.618828724138438702e-05
-1.017984322970733047e-05 -1.607045705895870924e-04 3.360131056979298592e-03 1.140032327384687960e-05 2.502128190826624632e-04 -1.242529106093570590e-04
4.220088885631412268e-04 1.750931958667933941e-03 1.925520133227109909e-03 1.777680154191330075e-04 6.832422513980418444e-05 -7.376342546194791794e-05
1.023440738208591938e-03 4.421631339937448502e-03 -8.122811559587717056e-04 -3.627817568485625088e-05 -6.342170672724023461e-05 2.302816719748079777e-04
-1.124495523981750011e-03 -4.533061292022466660e-03 -4.442081786692142487e-03 1.536380659672431648e-05 -2.551909128669649363e-04 -1.819704193621873856e-04
1.238154363818466663e-03 4.244476556777954102e-03 -1.105173956602811813e-03 -1.034709748637396842e-05 -1.119040971389040351e-04 1.583592820679768920e-04
-1.509480207460001111e-04 -5.101778078824281693e-04 7.510531577281653881e-05 -4.449069092515856028e-05 6.284055416472256184e-05 -1.082238668459467590e-04
-6.322061381069943309e-07 -2.496306842658668756e-05 8.158572018146514893e-04 1.035774039337411523e-04 4.234521475154906511e-05 -1.905601129692513496e-05
4.920657956972718239e-04 1.670855330303311348e-03 1.029585255309939384e-04 -9.202717046719044447e-05 4.086586613993858919e-06 5.466265793074853718e-05
1.098165870644152164e-03 3.612905973568558693e-03 -2.288237446919083595e-03 7.436583109665662050e-05 -1.489509595558047295e-04 7.220856059575453401e-05
-2.393205795669928193e-05 -1.215042080730199814e-03 -2.111553214490413666e-03 -2.958211325676529668e-06 -2.029946626862511039e-04 1.612290361663326621e-05
-2.226810283900704235e-05 -2.311520620423834771e-05 -2.553616184741258621e-03 -4.418534444994293153e-05 -9.056252019945532084e-05 2.531868813093751669e-04
-3.584161459002643824e-04 -2.078767400234937668e-03 4.528585704974830151e-04 9.485924965701997280e-05 -1.154542678705183789e-05 -1.852113055065274239e-04
1.348213525488972664e-03 4.713994916528463364e-03 1.118622967624105513e-04 -7.392354018520563841e-05 2.388769098615739495e-05 6.702264363411813974e-05
6.953207775950431824e-04 2.462178235873579979e-03 1.697464962489902973e-03 -2.851689641829580069e-04 1.535964693175628781e-04 -7.683711737627163529e-05
2.656534161360468715e-05 1.801277394406497478e-04 -3.107823897153139114e-03 3.614086890593171120e-04 -1.180160834337584674e-04 -8.782205259194597602e-05
9.403501171618700027e-04 3.235594602301716805e-03 -6.328089162707328796e-03 4.574950144160538912e-04 -1.423239882569760084e-04 -7.180459306255215779e-06
6.122249178588390350e-04 2.675018738955259323e-03 -6.498455069959163666e-03 4.637661331798881292e-04 -2.008950395975261927e-04 -5.778515333076938987e-05
-5.394508116296492517e-05 -5.929002509219571948e-05 -5.165931768715381622e-03 2.459242532495409250e-04 -1.495699252700433135e-04 3.290173117420636117e-05
-8.520096889697015285e-04 -3.921489696949720383e-03 -3.033403307199478149e-03 1.967475691344588995e-04 -2.669838795554824173e-05 -2.030397081398405135e-05
-2.972989110276103020e-03 -9.608766995370388031e-03 2.083000959828495979e-03 -8.814661850919947028e-05 5.141261499375104904e-05 -4.417936142999678850e-04
-2.665253123268485069e-04 -9.007226326502859592e-04 6.186985410749912262e-04 -8.298618195112794638e-05 5.626527126878499985e-05 8.463179256068542600e-05
-3.479186852928251028e-04 -9.817384183406829834e-03 -2.187275793403387070e-03 2.067720633931457996e-04 -1.043837619363330305e-04 -1.769469236023724079e-04
-6.693918840028345585e-05 -8.068332681432366371e-04 -2.781521296128630638e-03 3.039075236301869154e-04 -8.821130904834717512e-05 -1.093942264560610056e-04
-1.794140262063592672e-04 -1.883860328234732151e-03 -4.525664262473583221e-04 5.782298103440552950e-05 5.179306390346027911e-05 -1.273684174520894885e-04
-8.941280248109251261e-05 -1.492889598011970520e-03 2.128979889675974846e-03 -1.387707452522590756e-04 1.984752998396288604e-06 -1.099635119317099452e-04
-7.779696898069232702e-05 -1.180252758786082268e-03 2.507865894585847855e-03 -2.539031556807458401e-04 8.122545841615647078e-05 -1.299565774388611317e-04
8.895087521523237228e-04 8.597500622272491455e-03 5.625721532851457596e-04 3.268426735303364694e-05 5.671474355040118098e-05 1.155083300545811653e-04
-1.804890598577912897e-05 -1.521673984825611115e-04 -5.807337583974003792e-05 1.086734118871390820e-05 1.746020097925793380e-05 -1.554006448714062572e-04
7.727037882432341576e-04 4.765806719660758972e-03 -2.758521877694875002e-04 3.651526640169322491e-05 6.926857895450666547e-05 5.266238440526649356e-05
-4.491695290198549628e-05 -2.953655784949660301e-04 -4.350451345089823008e-04 2.036268706433475018e-04 -4.838963650399819016e-05 -7.694146916037425399e-05
2.036903606494888663e-05 2.422826355541474186e-06 1.565421931445598602e-03 -1.667523029027506709e-04 1.282745215576142073e-04 -2.988374399137683213e-05
-3.209579153917729855e-05 -2.834219685610150918e-06 -2.461685100570321083e-03 2.423875703243538737e-04 -3.358659887453541160e-05 6.666895205853506923e-05
3.612046202761121094e-05 -2.191969912246349850e-07 2.926378278061747551e-03 -2.797073684632778168e-04 1.601619078428484499e-05 -1.930054895638022572e-05
2.640161837916821241e-04 -1.399718038737773895e-02 1.460085739381611347e-03 -2.334806922590360045e-04 6.718611257383599877e-05 -5.218223668634891510e-04
-8.973846092885651160e-07 -1.142038286161550786e-06 -6.834647501818835735e-05 -1.430138854630058631e-05 -9.182891517411917448e-05 5.064286960987374187e-05
1.857336769717221614e-06 1.521262674941681325e-06 1.678838452789932489e-04 -3.021593329322058707e-05 5.837442949996329844e-05 -4.161424294579774141e-05
-8.451354915450792760e-06 1.706093144093756564e-06 -7.027010433375835419e-04 6.055526682757772505e-05 -4.564821210806258023e-05 -1.917189074447378516e-04
2.328326809220016003e-05 4.716941475635394454e-06 1.996260136365890503e-03 -1.333957243332406506e-05 6.264120020205155015e-05 9.180335473502054811e-05
1.755675184540450573e-04 -6.115523632615804672e-03 -1.161347492597997189e-03 1.058308625943027437e-04 2.680032048374414444e-05 -2.680447360035032034e-04
1.105948904296383262e-04 -3.525422653183341026e-03 -3.515972930472344160e-04 9.750056779012084007e-05 -4.236043241689912975e-05 -2.057847741525620222e-04
-7.340277807088568807e-05 2.094237599521875381e-03 8.010264718905091286e-04 -1.220152771566063166e-04 4.294708924135193229e-05 6.500440940726548433e-05
-4.317506391089409590e-04 1.384251099079847336e-02 1.739119761623442173e-04 -2.768808371911291033e-06 1.755386438162531704e-05 2.059229445876553655e-04
-1.235065428772941232e-04 5.179308354854583740e-03 1.773330615833401680e-03 -1.779395388439297676e-04 4.604778951033949852e-05 -3.302989352960139513e-05
-2.367932029301300645e-04 9.527153335511684418e-03 1.410377590218558908e-04 -1.001284431367821526e-06 9.037157724378630519e-05 -1.097064887289889157e-05
1.451355492463335395e-04 2.255059545859694481e-03 -2.117398544214665890e-04 8.954457007348537445e-05 -7.891748828114941716e-05 -4.423414065968245268e-05
-8.855277555994689465e-04 -4.651997238397598267e-03 2.615052508190274239e-03 -2.440493262838572264e-04 1.426688395440578461e-04 -2.904302673414349556e-04
1.234935945831239223e-03 5.579466465860605240e-03 -1.233462360687553883e-03 1.217277167597785592e-04 1.213821997225750238e-05 7.469396223314106464e-05
8.010758901946246624e-04 2.798565430566668510e-03 2.127387328073382378e-03 -9.681772644398733974e-05 4.349666778580285609e-05 -8.294866711366921663e-05
3.746581787709146738e-04 1.541713019832968712e-03 -3.428300551604479551e-04 2.189217047998681664e-05 9.860064164968207479e-05 1.330685608991188928e-05
1.115441904403269291e-03 4.727085120975971222e-03 4.324351903051137924e-04 1.330940867774188519e-04 1.264385900867637247e-05 -9.759547538124024868e-05
-6.852388032712042332e-04 -2.493281615898013115e-03 1.369802164845168591e-03 -9.842849976848810911e-05 1.439551269868388772e-04 5.000035889679566026e-05
-2.868285228032618761e-04 -6.014680489897727966e-03 -1.037028036080300808e-03 3.050261293537914753e-04 1.093572882382431999e-05 -2.647962537594139576e-04
-9.493912803009152412e-04 -1.061271317303180695e-02 3.528079832904040813e-04 1.665326271904632449e-05 5.797575067845173180e-05 -2.633463300298899412e-04
-1.117258099839091301e-03 -1.534458901733160019e-02 -2.785468008369207382e-03 3.063293988816440105e-04 1.070466896635480225e-04 -3.171215648762881756e-04
-3.241917002014815807e-04 -9.678249247372150421e-03 -2.487414749339222908e-04 1.216225500684231520e-04 -6.225464312592521310e-05 -4.519724461715668440e-04
-1.144076013588346541e-04 -6.650755181908607483e-03 1.218183897435665131e-04 -5.814574979012832046e-05 1.168543603853322566e-04 -1.711675577098503709e-04
-3.487100766506046057e-04 -4.027150105684995651e-03 -1.229318790137767792e-03 1.251924986718222499e-04 -3.533010749379172921e-05 -2.036947116721421480e-04
-4.002711735665798187e-03 -2.461859211325645447e-02 1.585486810654401779e-03 -1.229723566211760044e-04 1.894020670079044066e-06 -7.723937742412090302e-04
-4.988957080058753490e-04 -5.138013046234846115e-03 9.447862248634919524e-05 -5.607095954474061728e-05 8.984201122075319290e-05 -4.937473204336129129e-05
1.135312253609299660e-03 4.065919201821088791e-03 -1.279758405871689320e-03 4.297931736800819635e-04 1.469857352276449092e-06 -7.123183604562655091e-05
6.231412990018725395e-04 2.292352728545665741e-03 1.021172211039811373e-04 1.710198412183672190e-04 1.053653686540201306e-04 5.323959339875727892e-05
-2.268323441967368126e-05 -1.274288661079481244e-05 -2.012435579672455788e-03 2.871284086722880602e-04 -3.956100954383146018e-06 4.547103890217840672e-05
2.422447782009840012e-03 1.039092801511287689e-02 8.568382472731173038e-04 -5.189015428186394274e-05 8.524808072252199054e-05 3.135365259367972612e-04
-3.465677436906844378e-04 -1.820701058022677898e-03 2.167621860280632973e-03 -5.710553377866744995e-04 -9.295392374042421579e-05 -2.028592716669663787e-04
-4.899015766568481922e-04 -2.338224090635776520e-03 -1.130210235714912415e-03 5.866567953489720821e-04 5.245296051725745201e-05 4.053838711115531623e-05
1.108936849050223827e-04 4.911337746307253838e-04 6.922949105501174927e-04 -1.078457207768224180e-04 3.868450585287064314e-05 -2.478589703969191760e-05
7.383913616649806499e-04 4.162081517279148102e-03 -2.973273512907326221e-04 3.044107506866566837e-05 -1.140872154792305082e-05 -2.064857399091124535e-04
8.762223842495586723e-06 -1.995661932596703991e-06 7.460216875188052654e-04 -8.594083737989421934e-06 -3.619757626438513398e-05 2.735901798587292433e-04
5.643197710014646873e-06 1.178453203465323895e-06 4.969026194885373116e-04 -7.362767064478248358e-05 5.818656427436508238e-05 6.229319842532277107e-05
1.519384328275918961e-03 5.824935622513294220e-03 2.016556216403841972e-03 -1.284382451558485627e-04 -1.277219125768169761e-04 1.225300547957886010e-05
1.311159227043390274e-03 5.213813856244087219e-03 1.889946637675166130e-03 -1.224345469381660223e-04 9.279812729801051319e-06 1.796766737243160605e-04
2.117368625476956367e-03 8.445538580417633057e-03 2.806919510476291180e-04 -1.487685040046926588e-05 -1.149349202478333609e-07 1.758149155648425221e-04
1.794659328879788518e-05 7.497177193727111444e-06 1.516730524599552155e-03 -2.378407771175261587e-05 5.131999387231189758e-06 3.532582559273578227e-05
-1.415065798937575892e-05 -6.030837084836093709e-06 -1.196601893752813339e-03 3.331105472170747817e-05 4.207835081615485251e-05 -3.451612064964137971e-05
1.109339296817779541e-03 4.803557880222797394e-03 7.012410787865519524e-05 -4.449908738024532795e-05 -8.132293442031368613e-05 9.100395254790782928e-05
-1.299669733271002769e-03 -5.048063118010759354e-03 2.762104151770472527e-03 -7.269302732311189175e-04 -3.482855390757322311e-05 -3.358598914928734303e-04
7.853858405724167824e-04 2.617303514853119850e-03 -3.437244798988103867e-03 7.051638094708323479e-04 3.280443343101069331e-05 8.753549627726897597e-05
1.268218155018985271e-03 5.673996172845363617e-03 1.241902937181293964e-03 -9.202232467941939831e-05 -2.181772288167849183e-05 1.179802202386781573e-04
1.990118616959080100e-04 1.136275706812739372e-03 -3.785720327869057655e-04 2.372997914790175855e-05 6.680754449917003512e-05 -2.732645043579395860e-05
2.552226651459932327e-04 1.058330177329480648e-03 -1.433805213309824467e-03 8.317219180753454566e-05 -3.368063698871992528e-05 7.046668179100379348e-05
-4.461866628844290972e-04 -1.702383277006447315e-03 9.077134891413152218e-04 -6.735061469953507185e-05 9.913931717164814472e-05 6.463630415964871645e-05
-1.905259996419772506e-04 -6.677726050838828087e-04 -1.230415538884699345e-03 1.315059635089710355e-04 -4.227994577377103269e-05 -1.722068554954603314e-05
-5.833946052007377148e-04 -3.026161342859268188e-03 1.069324091076850891e-03 -3.480157829471863806e-05 -1.991156295844120905e-06 -1.255790120922029018e-04
-2.927398600149899721e-04 -1.464741071686148643e-03 -3.083527844864875078e-04 -8.669271483086049557e-05 1.098233951779548079e-05 1.503214880358427763e-04
-1.065743272192776203e-03 -3.705206792801618576e-03 1.521015539765357971e-03 -5.054277789895422757e-05 -9.450419020140543580e-05 -2.739886986091732979e-04
1.630350993764295708e-06 -2.211503442595130764e-06 9.934914123732596636e-05 -1.290668024012120441e-05 5.942987991147674620e-05 1.821945770643651485e-04
-6.683299034193623811e-06 -4.218787580612115562e-06 -6.113629206083714962e-04 -4.107258064323104918e-05 -3.527733497321605682e-05 -3.055639172089286149e-05
-9.623317164368927479e-04 -2.607897389680147171e-03 5.715896841138601303e-04 3.880064014083473012e-06 -1.401249483024002984e-05 -7.681528950342908502e-05
8.731740526854991913e-04 2.192480489611625671e-03 -2.316702884854748845e-04 1.447980412194738165e-05 6.831888458691537380e-05 6.516700523206964135e-05
2.520252310205250978e-04 7.093136664479970932e-04 -4.139814409427344799e-04 2.676636177056934685e-05 -7.841045589884743094e-05 -1.100448280340060592e-04
-1.333087100647389889e-03 -5.701286252588033676e-03 3.568803367670625448e-04 -6.590581324417144060e-05 2.362403392908163369e-05 -4.244858064339496195e-05
-3.627463243901729584e-03 -1.554121077060699463e-02 -8.302458445541560650e-04 8.980692655313760042e-05 5.249720288702519611e-06 -5.289589171297848225e-04
-1.241137273609638214e-03 -5.110073368996381760e-03 -1.530489535070955753e-04 8.235199493356049061e-05 3.268986984039656818e-05 -8.400942897424101830e-05
9.809923358261585236e-04 5.211295094341039658e-03 -1.334627042524516582e-03 -3.913166437996551394e-05 4.197025555185973644e-05 1.717697159620001912e-05
-8.764304220676422119e-03 -3.342669829726219177e-02 -4.662406281568109989e-04 1.266096223844215274e-04 -7.766384078422561288e-05 -1.345364726148545742e-03
-3.566763550043106079e-02 -1.147246509790420532e-01 7.082484662532806396e-04 -1.037465335684828460e-04 1.514834730187430978e-04 -4.637265577912330627e-03
-2.078752731904387474e-05 3.489059599814936519e-05 -9.903691243380308151e-04 8.281416376121342182e-05 -1.303307954003685154e-06 -2.656090073287487030e-03
-3.569004312157630920e-02 -1.078255027532577515e-01 2.450681931804865599e-04 -3.953351188101805747e-05 2.311694879608694464e-05 -4.492681473493576050e-03
-3.165185451507568359e-02 -9.099459648132324219e-02 -1.190749680972658098e-04 -7.656823436263948679e-05 1.138144216383807361e-04 -3.314518136903643608e-03
4.246028838679194450e-04 2.044897759333252907e-03 -1.337987021543085575e-03 2.652387775015085936e-04 -7.513498712796717882e-05 1.993092882912606001e-05
-1.954062827280722558e-05 3.526412183418869972e-05 -7.834375719539821148e-04 -1.366654851153725758e-05 1.331722451141104102e-04 -2.398258075118064880e-03
-3.316406582598574460e-05 3.065581040573306382e-05 -2.454150002449750900e-03 2.266430237796157598e-04 1.491156399424653500e-05 -2.480998868122696877e-03
-3.060241229832172394e-02 -1.405619382858276367e-01 -6.686871056444942951e-04 4.262995207682251930e-05 7.715641550021246076e-05 -4.518218804150819778e-03
-3.137493506073951721e-02 -1.246902942657470703e-01 -7.970329606905579567e-04 -5.516916189662879333e-06 4.653111682273447514e-05 -3.952438011765480042e-03
-1.250279001396847889e-05 1.826855441322550178e-05 -9.101705509237945080e-04 9.484212932875379920e-05 -5.659422822645865381e-05 -1.169987139292061329e-03
9.158449756796471775e-06 2.253708771604578942e-05 9.379393304698169231e-04 -7.430778350681066513e-05 6.620161002501845360e-05 -8.777168113738298416e-04
1.271280634682625532e-04 5.873501650057733059e-04 -1.065665273927152157e-03 7.440501940436661243e-05 -1.885871643025893718e-05 -2.718568430282175541e-05
-1.228097476996481419e-03 -3.984173759818077087e-03 1.162889180704951286e-03 -7.683497096877545118e-05 -1.898155460366979241e-05 -2.882751869037747383e-05
7.616665097884833813e-04 2.217610599473118782e-03 4.750752414111047983e-04 -5.801810402772389352e-05 2.378355566179379821e-05 8.987459295894950628e-05
6.489107036031782627e-04 1.815820811316370964e-03 -1.595192952663637698e-05 6.445316830649971962e-05 -6.403106817742809653e-05 -4.667592656915076077e-05
3.319832103443332016e-06 -1.925694448345893761e-07 2.772408479359000921e-04 -9.266281995223835111e-05 8.668602822581306100e-05 1.460837229387834668e-04
-7.554714557045372203e-06 -3.650250846476410516e-06 -6.754373316653072834e-04 5.567176413023844361e-05 -5.469975440064445138e-05 -1.088699136744253337e-04
4.082258383277803659e-04 1.431901822797954082e-03 4.531203885562717915e-04 2.510922058718279004e-05 1.554661866975948215e-05 -2.848768417607061565e-05
-2.519156550988554955e-04 -8.693994022905826569e-04 -3.678986686281859875e-04 -6.529388338094577193e-05 5.120052082929760218e-05 7.487661787308752537e-05
-3.454363031778484583e-04 -1.158631523139774799e-03 -1.691759825916960835e-04 7.795708370395004749e-05 -6.916261918377131224e-05 -2.980834506161045283e-05
-1.632385421544313431e-03 -5.023531615734100342e-03 5.718990578316152096e-04 -9.150903497356921434e-05 7.174151687650009990e-05 -1.350323582300916314e-04
7.494625169783830643e-04 2.528066281229257584e-03 -7.181058754213154316e-04 7.934155291877686977e-05 -7.772530079819262028e-05 7.709579949732869864e-05
-1.226549502462148666e-03 -4.216474480926990509e-03 3.931142273359000683e-04 5.719616819988004863e-05 4.007283132523298264e-05 -1.866378734121099114e-04
1.249941415153443813e-03 3.960047382861375809e-03 2.371805458096787333e-04 -1.841926423367112875e-04 1.397898358845850453e-05 9.206464164890348911e-05
-1.069116289727389812e-03 -3.804871579632163048e-03 -7.173160556703805923e-04 1.057832923834212124e-04 -7.445167284458875656e-05 -9.868753113551065326e-05
-3.383842340554110706e-05 -1.236373354913666844e-04 4.269050550647079945e-04 2.978447082568891346e-05 6.548163946717977524e-05 1.551298773847520351e-04
4.158883530180901289e-04 1.248417887836694717e-03 -6.769961910322308540e-04 3.239583747927099466e-05 -3.855026079691015184e-05 3.417437619646079838e-05
8.910212272894568741e-06 9.255763870896771550e-06 8.425149717368185520e-04 1.353956940874923021e-05 -5.465688445838168263e-06 -1.379303139401599765e-04
-3.529834884830052033e-06 -3.102376695096609183e-06 -3.312465851195156574e-04 -6.653554009972140193e-06 3.587158425943925977e-05 2.971824505948461592e-05
-1.624016789719462395e-03 -5.613474175333976746e-03 -2.394688053755089641e-04 3.452646069490583614e-06 -5.884367055841721594e-05 -7.436786836478859186e-05
1.045701537805143744e-05 8.408913345192559063e-06 9.885309264063835144e-04 -1.462385989725589752e-04 7.470607670256868005e-05 -3.196409670636057854e-05
-1.154140045400708914e-05 -1.077825982065405697e-05 -1.075862674042582512e-03 2.676888834685087204e-05 3.856879993691109121e-05 1.410470285918563604e-04
1.661055762269825209e-06 2.258780114061664790e-06 1.774760748958215117e-04 1.656519452808424830e-04 -1.446420355932787061e-04 -7.520979124819859862e-05
8.363808774447534233e-06 8.073090612015221268e-06 7.984230760484933853e-04 -9.361893899040296674e-05 7.512708543799817562e-05 -1.003449506242759526e-04
-9.436349500901997089e-06 -6.423425929824588820e-06 -8.800871437415480614e-04 -1.004579826258122921e-04 3.579362964956089854e-05 -1.785743734217248857e-05
-4.134962637181160972e-06 -4.496072961046593264e-06 -3.847602638415992260e-04 -9.701054295874200761e-06 -1.196165540022775531e-04 7.591968460474163294e-05
6.432492227759212255e-06 5.529377631319221109e-06 5.999786080792546272e-04 5.466975926537998021e-05 4.716481635114178061e-05 -4.453318615560419858e-05
-3.182493173881084658e-06 -3.484798071440309286e-06 -3.189099079463630915e-04 3.427699994063004851e-05 3.186379763064906001e-05 4.541786984191276133e-05
-3.223201701985090040e-06 -2.829970526363467798e-06 -3.068842634093016386e-04 -7.524165266659110785e-05 -1.260303361050318927e-05 9.173628313874360174e-06
7.346013444475829601e-04 2.842787886038422585e-03 1.399822504026815295e-04 9.685954864835366607e-06 -6.187117833178490400e-05 -1.302823948208242655e-04
1.723362402117345482e-06 -1.389337194268591702e-05 6.090374081395566463e-04 3.195594399585388601e-05 9.206148388329893351e-05 1.365940406685695052e-04
3.212704032193869352e-04 1.077134977094829082e-03 -3.583866346161812544e-04 -5.451264951261691749e-05 1.102065652958117425e-05 2.644742016855161637e-05
-9.956816211342811584e-04 -3.231525421142578125e-03 -1.929963764268904924e-04 6.612771539948880672e-05 -1.030085113598033786e-04 -1.313471730099990964e-04
7.447089956258423626e-06 5.300025804899632931e-06 6.757641094736754894e-04 -5.437573781819082797e-05 9.515069541521370411e-05 6.811838375142542645e-06
-9.036248229676857591e-06 -7.533682037319522351e-06 -8.351182914339005947e-04 1.378705746901687235e-05 1.316425084496586351e-07 4.806909419130533934e-05
-2.083718572976067662e-04 -7.057083421386778355e-04 1.739507715683430433e-04 8.036215149331837893e-06 -8.526396413799375296e-05 1.155659265350550413e-05
-1.224801759235560894e-03 -3.875885391607880592e-03 1.191678893519565463e-04 -2.073087853204924613e-05 4.475962487049400806e-05 -1.083773822756484151e-04
8.900825923774391413e-05 2.803386305458843708e-04 -3.923321201000362635e-04 2.542493348300922662e-05 6.731732810294488445e-06 -3.037831993424333632e-05
1.233324990607798100e-03 4.164543934166431427e-03 3.886032791342586279e-04 -9.297382348449900746e-06 -1.755264020175673068e-05 8.611634257249534130e-05
-2.017314045588136651e-06 3.187826678185956553e-07 -1.377740263706073165e-04 -1.728703500702977180e-05 -2.019844941969495267e-06 -1.201220438815653324e-04
2.217014298366848379e-06 8.084313094514072873e-07 2.050943003268912435e-04 6.983811181271448731e-05 -7.901705885160481557e-07 4.014991645817644894e-05
3.376247263986442704e-07 -4.241609985911054537e-06 2.769138291114359163e-06 -7.072844891808927059e-05 4.558166619972325861e-05 1.984351401915773749e-04
-3.963626568292966112e-06 -1.825501954044739250e-06 -3.781845734920352697e-04 7.004977669566869736e-05 -6.797919195378199220e-05 -7.206280861282721162e-05
6.356874564517056569e-06 5.404446710599586368e-06 6.114080315455794334e-04 -6.374232907546684146e-05 3.400366404093801975e-05 -1.092992442863760516e-05
-7.080484010657528415e-06 -6.475089776358800009e-06 -6.537795998156070709e-04 2.718362884479574859e-05 6.705402938678162172e-06 6.351721822284162045e-05
2.531014615669846535e-06 2.781804596452275291e-06 2.427075523883104324e-04 2.484253855072893202e-05 -5.113710722071118653e-05 -4.858746615354903042e-05
-1.645976681174943224e-06 -2.852008037734776735e-06 -1.778692967491224408e-04 -3.583225407055579126e-05 5.571186920860782266e-05 7.746876508463174105e-05
7.186158909462392330e-04 2.451164880767464638e-03 -2.467387530487030745e-04 3.793711948674172163e-05 -3.282419493189081550e-05 4.503116724663414061e-05
-6.046582711860537529e-04 -1.869304222054779530e-03 6.958384765312075615e-04 -4.100792648387141526e-05 3.319244569865986705e-05 1.488415364292450249e-06
-2.295330705237574875e-05 -1.526867345091886818e-05 -2.177428919821977615e-03 -1.149229065049439669e-04 -1.200189217342995107e-04 -1.777875877451151609e-04
-1.819634599087294191e-05 -1.599597817403264344e-05 -1.762312720529735088e-03 6.109363312134519219e-05 -6.841822178103029728e-04 2.778946145554073155e-05
5.441399025585269555e-06 4.120206540392246097e-06 5.504878936335444450e-04 4.756218913826160133e-06 -5.376967019401490688e-04 1.180986582767218351e-04
1.415954193362267688e-05 1.329406950389966369e-05 1.461456180550158024e-03 -5.837088792759459466e-06 -1.283838209928944707e-04 -6.670934089925140142e-05
-5.651522769767325372e-06 -1.006638467515585944e-05 -6.485878839157521725e-04 3.723570844158530235e-04 6.780106923542916775e-05 2.978214761242270470e-04
2.082326091112918220e-06 1.527385506960854400e-06 2.100129931932315230e-04 4.955797921866178513e-04 2.661884650478896219e-07 2.025745743594598025e-05
2.411962896076147445e-06 1.774882036897906801e-07 2.070260088657960296e-04 2.961184945888817310e-04 -8.580338180763646960e-05 9.205313835991546512e-05
-1.819941462599672377e-05 -4.352582891442580149e-06 -1.565720303915441036e-03 3.117736778222024441e-04 -3.736076178029179573e-04 -3.368683392181992531e-04
-6.229778955457732081e-05 -1.625309414521325380e-05 -5.240850150585174561e-03 1.226450112881138921e-04 -1.256317598745226860e-03 -9.338079253211617470e-04
-1.650365811656229198e-05 -5.322377546690404415e-06 -1.835410716012120247e-03 -4.676863027270883322e-04 -1.220439793542027473e-03 -5.106630269438028336e-04
-2.549860937506309710e-06 2.701219500522711314e-06 -3.336410445626825094e-04 -5.040362011641263962e-04 -1.747445203363895416e-03 -3.928926307708024979e-04
5.323383447830565274e-06 1.111234450945630670e-05 1.029073260724544525e-03 -6.840276182629168034e-04 -2.114014001563191414e-03 -1.328851649304851890e-04
6.284865776251535863e-06 1.318906561209587380e-05 1.118674990721046925e-03 -3.617570619098842144e-04 -1.682964852079749107e-03 -6.368838949128985405e-04
6.786813173675909638e-06 2.165850492019671947e-05 1.368261990137398243e-03 -1.252057700185105205e-04 -7.212753407657146454e-04 -1.652817358262836933e-03
7.573346920253243297e-06 2.269705510116182268e-05 1.896385918371379375e-03 -1.622489435249008238e-05 1.715093530947342515e-04 -4.622602427843958139e-04
-1.705632166704162955e-05 8.213682122004684061e-06 -2.896245568990707397e-03 -6.583312642760574818e-05 -1.078751956811174750e-04 -2.512672217562794685e-03
7.628956950611609500e-07 2.306613896507769823e-05 -5.629462539218366146e-04 1.102390706364531070e-05 -7.127336575649678707e-04 -2.306807087734341621e-03
-2.155921538360416889e-05 -1.816145231714472175e-05 -4.427521489560604095e-03 -2.428726656944490969e-05 -1.838635304011404514e-03 -1.056106481701135635e-02
1.420469197910279036e-05 1.024563789542298764e-05 1.022698706947267056e-03 1.008600695058703423e-03 -7.964412798173725605e-04 -2.476377179846167564e-03
1.001570763037307188e-05 2.852861507562920451e-05 2.439074916765093803e-03 6.800533737987279892e-04 -8.560874848626554012e-04 -3.994744271039962769e-03
3.526610453263856471e-05 -2.553699050622526556e-05 -4.092596471309661865e-03 -3.699017397593706846e-04 -1.658293535001575947e-03 -5.506455898284912109e-03
1.152686945715686306e-05 7.218654900498222560e-06 1.747933682054281235e-03 -4.875507147517055273e-04 -1.536330091767013073e-03 -4.906927235424518585e-03
2.206196768383961171e-05 -1.790444184734951705e-05 -1.258220523595809937e-03 -3.610217536333948374e-04 -7.987471763044595718e-04 -4.633728880435228348e-03
-2.261262125102803111e-05 2.562755980761721730e-05 2.488835947588086128e-03 3.588215913623571396e-04 -1.692582300165668130e-04 -2.474976703524589539e-03
-1.897464790090452880e-05 1.998395237023942173e-05 2.080864040181040764e-03 8.102684514597058296e-04 3.653461462818086147e-04 -1.578326802700757980e-03
-6.656690675299614668e-05 7.382439071079716086e-05 9.169369935989379883e-03 4.552815516944974661e-04 1.983395311981439590e-03 -8.720370824448764324e-04
2.617729296616744250e-05 1.075107593351276591e-05 4.293799400329589844e-03 -4.456172464415431023e-04 1.751120085828006268e-03 -3.482497530058026314e-03
2.640098799020051956e-03 -3.191758692264556885e-02 2.377767115831375122e-03 8.049309253692626953e-04 1.182150910608470440e-03 -1.875420450232923031e-03
-1.407571744493907318e-06 3.396399188204668462e-05 2.694696187973022461e-03 2.170859370380640030e-03 2.267823321744799614e-03 7.040430209599435329e-04
-3.078774398090899922e-06 -2.773299274849705398e-05 -3.639831673353910446e-03 1.508854562416672707e-03 1.179128768853843212e-03 -6.443085731007158756e-04
3.045590165129397064e-05 6.604846566915512085e-05 -9.814001386985182762e-04 1.089573255740106106e-03 7.974986219778656960e-04 4.978459794074296951e-03
7.831211405573412776e-05 7.290649227797985077e-05 7.366442121565341949e-03 -2.163419994758442044e-04 1.493676332756876945e-03 5.274514202028512955e-03
-1.642103597987443209e-05 3.682618262246251106e-05 -3.361702198162674904e-03 5.560650024563074112e-04 2.943883591797202826e-04 3.267686348408460617e-03
1.893330551683902740e-02 -8.060795813798904419e-02 9.142792550846934319e-04 1.167768961749970913e-03 -2.128255437128245831e-04 -4.355757497251033783e-03
6.918131839483976364e-03 -5.097820982336997986e-02 2.383619779720902443e-03 1.287036458961665630e-03 7.191778422566130757e-05 5.654015578329563141e-03
4.417790770530700684e-01 1.114681363105773926e-03 -2.987697953358292580e-03 1.706161303445696831e-03 7.922329677967354655e-05 6.836308632045984268e-03
4.805657863616943359e-01 5.265469197183847427e-03 -3.329252125695347786e-03 1.839850097894668579e-03 -6.402648868970572948e-04 9.414008818566799164e-03
4.997940957546234131e-01 5.284080747514963150e-03 -1.857489813119173050e-03 2.743045333772897720e-03 -1.072089653462171555e-03 1.297914329916238785e-02
5.096411108970642090e-01 3.507597139105200768e-03 1.425144262611865997e-03 3.088139928877353668e-03 1.446454116376116872e-04 1.524373330175876617e-02
2.447705715894699097e-03 -2.870255149900913239e-02 3.136696061119437218e-03 1.318326918408274651e-03 1.222130376845598221e-03 1.746344193816184998e-02
2.060985716525465250e-04 -7.899945601820945740e-03 6.205956742633134127e-05 2.133276138920336962e-04 1.094922074116766453e-03 1.871585287153720856e-02
1.389237935654819012e-03 -2.585721202194690704e-02 -1.460962812416255474e-03 6.052536191418766975e-04 6.791825871914625168e-04 1.717140898108482361e-02
1.470911200158298016e-03 -3.142930567264556885e-02 1.310005201958119869e-03 2.632863121107220650e-03 1.495754462666809559e-03 2.064013667404651642e-02
-2.174161636503413320e-04 7.576721254736185074e-04 1.763544045388698578e-03 -5.261885235086083412e-04 2.312599914148449898e-03 2.555867098271846771e-02
1.453598815714940429e-04 2.334607578814029694e-02 -1.947304117493331432e-03 5.876446957699954510e-04 1.157392980530858040e-03 2.788553014397621155e-02
-3.481544554233551025e-04 2.119728177785873413e-02 1.005817088298499584e-03 -6.317823426797986031e-04 1.302880002185702324e-03 2.992330677807331085e-02
6.370378136634826660e-01 -1.460147788748145103e-03 1.696737366728484631e-03 -4.821093461941927671e-04 1.515622949227690697e-03 3.439705818891525269e-02
6.645945250056684017e-04 8.945278823375701904e-03 -2.420904638711363077e-04 -3.451238153502345085e-03 1.570048392750322819e-03 3.217477351427078247e-02
1.714864186942577362e-02 1.388389617204666138e-01 -7.680594921112060547e-03 -1.249922788701951504e-03 -7.776074344292283058e-04 3.639159351587295532e-02
3.109995089471340179e-02 1.306331008672714233e-01 -6.503468030132353306e-04 2.038612146861851215e-04 -1.245220308192074299e-03 3.738925978541374207e-02
3.807359933853149414e-02 1.735352277755737305e-01 5.632726242765784264e-04 -1.759984006639569998e-04 -2.235233405372127891e-04 3.760345652699470520e-02
-3.861831501126289368e-04 6.273725628852844238e-02 -1.460819737985730171e-03 -2.726648934185504913e-03 -1.374939922243356705e-03 3.356163576245307922e-02
8.029938326217234135e-04 1.913311704993247986e-02 -1.597283221781253815e-02 1.695047685643658042e-04 3.609168052207678556e-04 3.273973613977432251e-02
2.397768571972846985e-02 -1.126054152846336365e-01 2.279267413541674614e-03 3.414510283619165421e-03 2.688293112441897392e-03 3.107614070177078247e-02
2.964569441974163055e-02 1.339366585016250610e-01 5.862062331289052963e-03 1.393417478539049625e-03 2.451150678098201752e-03 3.800939396023750305e-02
1.866202801465988159e-02 1.091168373823165894e-01 2.327241702005267143e-03 2.420835196971893311e-03 1.979719148948788643e-03 3.946591913700103760e-02
5.967904627323150635e-02 2.335022836923599243e-01 -1.755984034389257431e-03 6.433823145925998688e-04 7.990473532117903233e-04 4.443904384970664978e-02
6.183359771966934204e-02 2.650659978389739990e-01 5.618658615276217461e-04 2.976363466586917639e-04 1.518848468549549580e-03 4.273691028356552124e-02
6.155639514327049255e-02 2.820090055465698242e-01 -6.617302075028419495e-03 -1.545353792607784271e-03 6.758857634849846363e-04 4.075774177908897400e-02
1.326221376657485962e-01 3.606335818767547607e-01 2.493026666343212128e-03 -3.928088699467480183e-05 2.182809170335531235e-03 4.217793047428131104e-02
6.816231608390808105e-01 2.540073171257972717e-02 5.332908127456903458e-03 -1.505131484009325504e-03 1.734387013129889965e-03 4.329339787364006042e-02
7.352274656295776367e-01 5.866867676377296448e-02 1.539632398635149002e-02 -1.780249178409576416e-03 9.485449991188943386e-04 4.333969578146934509e-02
9.130432456731796265e-02 -2.362718284130096436e-01 -5.771704600192606449e-04 -1.617818954400718212e-03 2.134073991328477859e-03 4.351054877042770386e-02
7.665276527404785156e-01 1.167177781462669373e-02 -4.170086234807968140e-03 1.561330573167651892e-04 6.815724918851628900e-05 4.278553649783134460e-02
7.628321051597595215e-01 -8.732663467526435852e-03 -7.367446552962064743e-03 3.009210340678691864e-03 -1.599916839040815830e-03 4.221313074231147766e-02
7.982333302497863770e-01 2.853231690824031830e-02 1.018133293837308884e-02 -1.850546919740736485e-03 -3.024403005838394165e-03 4.117077961564064026e-02
8.035945892333984375e-01 2.630614303052425385e-02 -2.157335728406906128e-02 -3.315296955406665802e-03 -3.891875268891453743e-03 4.189798235893249512e-02
3.899652063846588135e-01 5.203195810317993164e-01 -2.053844556212425232e-02 2.374844858422875404e-03 -3.407693468034267426e-03 3.957337886095046997e-02
8.114683628082275391e-01 1.164020504802465439e-02 -4.121810663491487503e-03 -1.174446428194642067e-03 -6.574774160981178284e-04 3.841163590550422668e-02
3.672096133232116699e-02 -1.796813905239105225e-01 7.146259769797325134e-03 1.144824200309813023e-04 1.134038669988512993e-03 4.068929702043533325e-02
7.771028280258178711e-01 4.230920691043138504e-03 9.868428605841472745e-05 1.831929839681833982e-04 -7.210171897895634174e-04 3.502450883388519287e-02
8.455133438110351562e-01 6.482875440269708633e-03 8.342366665601730347e-03 -6.319649983197450638e-04 -2.453762805089354515e-03 3.379210829734802246e-02
8.202237486839294434e-01 1.080091111361980438e-02 1.246126368641853333e-02 -7.565956329926848412e-04 -4.080412443727254868e-03 3.147566691040992737e-02
8.425548672676086426e-01 1.597650907933712006e-02 1.762146688997745514e-02 -5.135053768754005432e-03 -1.533184666186571121e-03 2.924227714538574219e-02
8.796156048774719238e-01 7.010826840996742249e-03 4.310019779950380325e-03 -2.643995918333530426e-03 -4.147856670897454023e-04 2.569054439663887024e-02
8.547953963279724121e-01 1.666185446083545685e-02 -5.253504496067762375e-03 -3.233516821637749672e-03 -3.577717870939522982e-04 2.289690449833869934e-02
8.776159882545471191e-01 1.844544894993305206e-02 4.059584345668554306e-03 -3.002188401296734810e-03 -2.588058123365044594e-05 1.733806170523166656e-02
9.070705771446228027e-01 7.734820246696472168e-03 -9.140077978372573853e-03 -2.361201914027333260e-03 -1.819620665628463030e-04 1.425625476986169815e-02
9.165530204772949219e-01 1.127466000616550446e-02 1.159815862774848938e-02 -2.565880306065082550e-03 6.584462244063615799e-04 1.175140403211116791e-02
8.896280527114868164e-01 1.142991823144257069e-03 1.368790864944458008e-02 -1.266704173758625984e-03 -4.315020050853490829e-04 7.722142618149518967e-03
9.150383472442626953e-01 -5.617613351205363870e-05 1.273343618959188461e-02 -5.649548838846385479e-04 -6.119958707131445408e-04 4.783022217452526093e-03
8.955628871917724609e-01 2.563568996265530586e-03 1.468482520431280136e-02 -1.783584710210561752e-03 -1.413707039318978786e-03 1.887904480099678040e-03
8.819638490676879883e-01 1.702060364186763763e-02 2.274255268275737762e-03 -1.338244532234966755e-03 1.211381051689386368e-03 8.217064314521849155e-04
9.079300761222839355e-01 5.746504291892051697e-03 8.143063634634017944e-03 -8.298322791233658791e-04 3.147098002955317497e-03 1.764573971740901470e-05
9.010912179946899414e-01 -4.176812246441841125e-03 5.449958145618438721e-03 1.689800759777426720e-03 3.075926797464489937e-03 -1.555907423608005047e-03
9.029188752174377441e-01 5.739654414355754852e-03 8.886857889592647552e-03 2.137360861524939537e-03 1.313426299020648003e-03 -1.487803878262639046e-03
8.972963690757751465e-01 3.416418097913265228e-03 1.035978365689516068e-02 2.706281607970595360e-03 -1.532244350528344512e-04 -1.573999761603772640e-03
8.912363648414611816e-01 8.575168438255786896e-03 1.664398796856403351e-02 1.643550465814769268e-03 1.020166557282209396e-03 -1.846275757998228073e-03
9.650065302848815918e-01 -8.926575072109699249e-03 4.846463911235332489e-03 7.248693145811557770e-04 2.165615558624267578e-03 -1.192158553749322891e-03
9.502606987953186035e-01 7.439063396304845810e-03 2.749872021377086639e-02 -1.161848194897174835e-03 4.544963594526052475e-03 -1.245646271854639053e-03
9.677205085754394531e-01 3.475888632237911224e-03 -1.507227960973978043e-02 -1.861016615293920040e-03 7.330822292715311050e-03 -1.156457816250622272e-03
9.846264719963073730e-01 -1.233185362070798874e-02 5.639947950839996338e-03 4.241555463522672653e-03 7.525767665356397629e-03 -1.312806038185954094e-03
