3.461620807647705078e-01 3.400212526321411133e-02 -7.433756254613399506e-03 1.900192146422341466e-04 4.154834896326065063e-04 1.474671065807342529e-02
3.356984555721282959e-01 2.080069854855537415e-02 -2.513230592012405396e-02 3.355073276907205582e-04 1.008775318041443825e-03 1.284700725227594376e-02
3.448164761066436768e-01 1.625912636518478394e-02 -9.022760204970836639e-03 5.154419923201203346e-04 1.805841893656179309e-04 1.293116994202136993e-02
3.229297995567321777e-01 1.124757342040538788e-02 -1.876012794673442841e-02 3.730567696038633585e-04 2.500221598893404007e-04 1.318168640136718750e-02
3.214825093746185303e-01 1.085749641060829163e-02 -1.966041885316371918e-02 1.331139792455360293e-04 2.912264062615577132e-05 1.268198899924755096e-02
3.194374740123748779e-01 2.263712231069803238e-03 -2.206630446016788483e-02 -4.675117670558393002e-04 4.321696906117722392e-05 1.264080964028835297e-02
3.166416883468627930e-01 8.075327612459659576e-03 -1.456397119909524918e-02 -1.508966524852439761e-04 -1.319668226642534137e-04 1.241999585181474686e-02
3.110291957855224609e-01 1.618295162916183472e-02 -3.606608603149652481e-03 -4.198104434181004763e-04 -5.874376511201262474e-04 1.177043188363313675e-02
3.106161057949066162e-01 1.631013303995132446e-02 -3.328074701130390167e-03 -1.324655138887465000e-03 -1.453282457077875733e-04 1.168211456388235092e-02
3.045926690101623535e-01 8.058435283601284027e-03 5.152506753802299500e-03 -2.799061476252973080e-04 3.344838478369638324e-05 1.119368895888328552e-02
3.054056465625762939e-01 8.139633573591709137e-03 -7.185161113739013672e-03 5.590044893324375153e-04 1.249262277269735932e-04 1.222130004316568375e-02
3.078762888908386230e-01 1.212499290704727173e-02 -1.036144420504570007e-02 2.622195170260965824e-04 2.822911192197352648e-04 1.177288591861724854e-02
3.148638606071472168e-01 1.469564158469438553e-02 -1.136494986712932587e-02 -3.709632437676191330e-04 -2.470934996381402016e-04 1.184155419468879700e-02
3.062954843044281006e-01 1.423909049481153488e-02 -6.874287500977516174e-03 1.462714426452293992e-04 -3.013141977135092020e-04 1.214727014303207397e-02
3.045376539230346680e-01 2.049874514341354370e-02 -2.657161327078938484e-03 1.043453157762996852e-04 -2.186645288020372391e-04 1.227837521582841873e-02
3.084058165550231934e-01 1.545172277837991714e-02 -5.737777799367904663e-03 -1.227934444614220411e-05 1.489516853325767443e-05 1.143433433026075363e-02
3.035118281841278076e-01 1.764204725623130798e-02 9.752270765602588654e-03 -9.880082216113805771e-04 -3.039705625269562006e-04 1.116151362657546997e-02
2.986936867237091064e-01 1.057667937129735947e-02 1.032598689198493958e-02 -4.804734198842197657e-04 -4.486320540308952332e-04 1.137787569314241409e-02
3.046163618564605713e-01 1.356246136128902435e-02 5.668758414685726166e-03 4.482472650124691427e-05 -6.643366650678217411e-04 1.201518252491950989e-02
3.019378483295440674e-01 4.720477852970361710e-03 2.106049330905079842e-03 3.023241588380187750e-04 -6.060412270016968250e-04 1.215054281055927277e-02
3.121484518051147461e-01 9.563344530761241913e-03 -2.703388454392552376e-03 4.079632926732301712e-04 -8.554537998861633241e-06 1.241230964660644531e-02
3.251890242099761963e-01 1.518321223556995392e-02 3.463802393525838852e-03 1.985795388463884592e-04 3.447848139330744743e-04 1.216604840010404587e-02
3.253450095653533936e-01 1.187580637633800507e-02 4.389777313917875290e-03 -3.527199442032724619e-05 -1.085921467165462673e-04 1.195710245519876480e-02
3.189829587936401367e-01 -8.594226092100143433e-03 1.297676586546003819e-03 -3.744460263988003135e-05 7.616383663844317198e-05 1.182972267270088196e-02
3.257191777229309082e-01 -7.485717069357633591e-03 -2.735570305958390236e-03 -4.421599442139267921e-06 -4.030674244859255850e-05 1.150389667600393295e-02
3.438321352005004883e-01 -4.995010793209075928e-03 1.799345947802066803e-03 -4.613718920154497027e-05 3.367049794178456068e-04 1.276497449725866318e-02
3.189404010772705078e-01 -1.134727336466312408e-02 -5.253289360553026199e-03 -5.664537457050755620e-05 -1.430560078006237745e-04 1.210371777415275574e-02
3.211602270603179932e-01 -1.952251419425010681e-02 5.974553059786558151e-03 1.140570733696222305e-03 -1.102251626434735954e-04 1.148359756916761398e-02
3.190819025039672852e-01 -9.657831862568855286e-03 -2.865500748157501221e-03 2.632086398079991341e-04 -2.364357351325452328e-04 1.221776567399501801e-02
3.146530985832214355e-01 -4.401593469083309174e-03 -3.568753600120544434e-03 3.761961124837398529e-07 -2.154293761122971773e-04 1.197153609246015549e-02
3.230935037136077881e-01 1.243276242166757584e-02 -4.337470454629510641e-04 -1.281790551729500294e-03 -1.207442037411965430e-04 1.215877756476402283e-02
3.315549492835998535e-01 7.721004076302051544e-03 -3.786150482483208179e-04 -7.872557616792619228e-04 -2.316117897862568498e-04 1.307505555450916290e-02
3.370136916637420654e-01 -1.981705054640769958e-02 -6.892760284245014191e-03 7.564928382635116577e-04 -2.999466960318386555e-04 1.331379264593124390e-02
3.480769097805023193e-01 -3.912519291043281555e-02 -1.297795912250876427e-03 7.513790624216198921e-04 1.403937349095940590e-04 1.238835044205188751e-02
3.612003624439239502e-01 -2.584517188370227814e-02 4.782021045684814453e-03 5.470598262036219239e-05 5.039593816036358476e-05 1.332965958863496780e-02
3.702725172042846680e-01 -1.065836474299430847e-02 5.487905815243721008e-03 6.856453546788543463e-05 1.366181913908803836e-05 1.453569624572992325e-02
3.649666607379913330e-01 -2.469309046864509583e-02 -3.450452117249369621e-03 3.793145297095179558e-04 -1.902799122035503387e-04 1.436277944594621658e-02
3.788320124149322510e-01 -1.385448593646287918e-02 -4.622098058462142944e-03 -8.200753654818981886e-05 1.084614050341770053e-04 1.477053947746753693e-02
3.948945701122283936e-01 6.966131622903048992e-04 5.210381001234054565e-03 -4.300504515413194895e-04 2.450186366331763566e-05 1.509031187742948532e-02
4.105083048343658447e-01 -4.885710775852203369e-03 -1.154960016719996929e-03 7.210718467831611633e-05 2.173592511098831892e-04 1.652240380644798279e-02
4.042786061763763428e-01 -1.154795568436384201e-02 3.906183643266558647e-03 7.969328726176172495e-05 -7.061453652568161488e-05 1.734876818954944611e-02
4.104833304882049561e-01 -5.463516339659690857e-03 3.979645203799009323e-03 6.474028923548758030e-04 -5.744968075305223465e-04 1.738264039158821106e-02
4.273689389228820801e-01 4.145718179643154144e-03 -3.712403587996959686e-03 4.452939901966601610e-05 -8.556823595426976681e-04 1.810734346508979797e-02
4.440341293811798096e-01 3.984104376286268234e-03 -4.784182645380496979e-03 -5.848988075740635395e-04 -5.159644642844796181e-04 1.935709826648235321e-02
4.479506313800811768e-01 -3.276186296716332436e-03 -3.792483592405915260e-03 -2.527656761230900884e-05 -4.255817111697979271e-05 1.953723281621932983e-02
4.572339057922363281e-01 6.092521362006664276e-03 -3.285600338131189346e-03 1.105090705095790327e-04 1.988154690479859710e-04 1.975427009165287018e-02
4.325580596923828125e-01 -6.288685835897922516e-03 5.092113744467496872e-03 1.701737346593290567e-04 2.000790991587564349e-04 1.884995400905609131e-02
4.462407827377319336e-01 1.163974404335021973e-02 3.052687272429466248e-03 -1.916457258630543947e-04 2.603402535896748304e-04 1.886992342770099640e-02
4.465557932853698730e-01 1.212512701749801636e-02 6.785277742892503738e-03 -2.528704353608191013e-04 3.536414587870240211e-04 1.871072687208652496e-02
4.443065822124481201e-01 9.104291908442974091e-03 2.003541681915521622e-03 -5.101569695398211479e-04 1.768328220350667834e-04 1.828773133456707001e-02
4.434272050857543945e-01 7.832459174096584320e-03 1.832334091886878014e-03 -6.188149563968181610e-05 3.486000059638172388e-04 1.732010766863822937e-02
4.295624494552612305e-01 4.129087086766958237e-03 5.848024040460586548e-03 -9.561447222949936986e-05 3.473276738077402115e-04 1.658314280211925507e-02
4.229976832866668701e-01 1.015453133732080460e-03 -7.211633492261171341e-04 -6.198125774972140789e-04 1.420995395164936781e-04 1.588208787143230438e-02
4.179973006248474121e-01 -1.004572119563817978e-02 3.152725053951144218e-03 -1.043389638653025031e-04 2.090248017339035869e-04 1.473068352788686752e-02
4.152075648307800293e-01 -5.650996230542659760e-03 -1.325624529272317886e-03 -3.868237254209816456e-04 -5.570408393396064639e-05 1.398632489144802094e-02
4.074759781360626221e-01 -2.604005159810185432e-03 -4.309237934648990631e-03 -8.585202158428728580e-05 -3.952953557018190622e-05 1.298736687749624252e-02
4.099016785621643066e-01 3.618548158556222916e-03 -8.603020571172237396e-03 1.984072441700845957e-04 1.570963067933917046e-04 1.171524822711944580e-02
4.077797532081604004e-01 6.440221332013607025e-03 -4.949851892888545990e-03 -4.336382698966190219e-05 -1.644568255869671702e-04 1.041293330490589142e-02
4.129029512405395508e-01 4.428831860423088074e-03 -1.823913888074457645e-03 1.402958005201071501e-04 -1.949461147887632251e-04 9.218943305313587189e-03
4.068396091461181641e-01 3.914353437721729279e-03 -2.767472760751843452e-03 -1.186364752356894314e-04 -2.821868110913783312e-04 7.798638660460710526e-03
3.990460336208343506e-01 -3.744895104318857193e-03 -4.551078658550977707e-03 -3.341937845107167959e-04 -3.385698073543608189e-04 5.861837882548570633e-03
3.977018296718597412e-01 -4.155391361564397812e-03 -2.246318385004997253e-03 2.884362038457766175e-05 -2.764312375802546740e-04 4.274045117199420929e-03
3.947457373142242432e-01 -5.526734981685876846e-03 1.923920121043920517e-03 1.350888633169233799e-04 8.899977547116577625e-05 2.539471024647355080e-03
3.971110284328460693e-01 -3.939514514058828354e-03 2.014867728576064110e-03 4.473919689189642668e-04 -1.594842324266210198e-04 8.912920602597296238e-04
3.859606683254241943e-01 -9.486408671364188194e-04 -4.470427986234426498e-03 -2.353378513362258673e-04 -7.493468001484870911e-04 -9.156807209365069866e-04
3.919331431388854980e-01 8.838235400617122650e-03 -8.318445761688053608e-04 4.912796794087626040e-05 -1.296164409723132849e-04 -2.630814677104353905e-03
3.810643255710601807e-01 2.264971379190683365e-03 6.120405159890651703e-04 6.073741678847000003e-05 4.251024220138788223e-04 -4.463867750018835068e-03
3.886273503303527832e-01 -6.294298218563199043e-04 3.393891034647822380e-03 -1.368308730889111757e-04 -8.124455926008522511e-04 -6.437576375901699066e-03
4.016109704971313477e-01 2.975281560793519020e-03 1.462336396798491478e-03 -2.995872346218675375e-04 -3.403475857339799404e-04 -8.170149289071559906e-03
4.038554430007934570e-01 9.166986681520938873e-03 -3.302378172520548105e-04 2.011319738812744617e-04 -3.708390286192297935e-04 -9.444385766983032227e-03
4.187762737274169922e-01 4.682075232267379761e-03 -1.023502834141254425e-02 2.682913327589631081e-05 -7.656430243514478207e-04 -1.169291604310274124e-02
4.135305881500244141e-01 5.379094276577234268e-03 1.375650335103273392e-02 5.012216279283165932e-04 1.054565422236919403e-03 -1.391935441642999649e-02
4.099674522876739502e-01 5.555067909881472588e-04 2.377842087298631668e-03 3.023238969035446644e-04 8.889716118574142456e-04 -1.550178974866867065e-02
4.038094878196716309e-01 -5.616752896457910538e-04 -2.353938063606619835e-03 -1.297186827287077904e-04 1.274112728424370289e-04 -1.654573529958724976e-02
3.941681087017059326e-01 6.415426731109619141e-03 -3.078456502407789230e-03 -1.288714120164513588e-04 -2.123689046129584312e-04 -1.877206936478614807e-02
4.020811617374420166e-01 5.983618088066577911e-03 -1.584655721671879292e-03 3.850958310067653656e-04 6.409488851204514503e-04 -2.044298127293586731e-02
3.986106514930725098e-01 6.760824006050825119e-03 -1.006362494081258774e-03 -1.385346113238483667e-04 -8.211995009332895279e-06 -2.114954032003879547e-02
3.986084461212158203e-01 5.870311986654996872e-03 -3.796884091570973396e-03 2.219698944827541709e-04 1.749632428982295096e-05 -2.133815735578536987e-02
3.936857283115386963e-01 -7.086556404829025269e-03 -5.945438519120216370e-03 1.440445339540019631e-04 -4.186434089206159115e-04 -2.190746925771236420e-02
3.905822634696960449e-01 -7.064241217449307442e-04 7.134897168725728989e-04 5.543306469917297363e-04 2.354572643525898457e-06 -2.299983985722064972e-02
3.975996375083923340e-01 -7.459667045623064041e-03 7.375544868409633636e-03 -1.610236504347994924e-04 1.001224300125613809e-04 -2.382879331707954407e-02
4.001913666725158691e-01 -3.775583812966942787e-03 -1.695182058028876781e-03 2.820347435772418976e-05 -8.258569287136197090e-04 -2.437847666442394257e-02
4.025211930274963379e-01 -1.767529360949993134e-02 -3.360747592523694038e-03 1.162699700216762722e-04 -9.036554547492414713e-05 -2.511315606534481049e-02
4.134716391563415527e-01 -1.270821038633584976e-02 -4.245216492563486099e-03 -3.761189000215381384e-04 -3.058570437133312225e-04 -2.543206140398979187e-02
4.163399636745452881e-01 -6.893543992191553116e-03 6.879962747916579247e-04 1.136229366238694638e-05 -3.665065742097795010e-05 -2.561766095459461212e-02
4.207453131675720215e-01 -5.352035630494356155e-03 9.192704223096370697e-03 -2.963666920550167561e-04 1.675675157457590103e-04 -2.583041414618492126e-02
4.244663417339324951e-01 4.403513856232166290e-03 1.379011664539575577e-03 -2.152982197003439069e-04 -2.454187488183379173e-04 -2.550682611763477325e-02
4.297542273998260498e-01 -3.571442211978137493e-04 4.709768574684858322e-03 -1.894690503831952810e-04 -1.649572513997554779e-04 -2.554765902459621429e-02
4.364405274391174316e-01 -1.255417894572019577e-02 6.637306651100516319e-04 -1.319663133472204208e-04 -7.112881576176732779e-05 -2.515167929232120514e-02
4.323518872261047363e-01 -1.274545211344957352e-02 9.628319821786135435e-05 1.496457844041287899e-05 -1.707170013105496764e-04 -2.476537413895130157e-02
4.431809186935424805e-01 -7.332060951739549637e-03 2.692230511456727982e-03 5.532501745619811118e-07 -1.198142927023582160e-04 -2.496122010052204132e-02
4.458582103252410889e-01 9.408311452716588974e-04 1.933756633661687374e-03 -7.943566015455871820e-05 1.051564468070864677e-04 -2.476749755442142487e-02
4.561420381069183350e-01 -5.069477949291467667e-03 -1.042782329022884369e-03 5.515360680874437094e-05 -1.062548108166083694e-04 -2.398428879678249359e-02
4.589732289314270020e-01 -1.562319463118910789e-03 -2.498968737199902534e-03 6.246967677725479007e-05 -5.230754613876342773e-04 -2.439243160188198090e-02
4.676067829132080078e-01 8.279195986688137054e-03 2.048827474936842918e-03 6.786639278288930655e-05 -7.702260045334696770e-04 -2.459325827658176422e-02
4.616718888282775879e-01 9.950879029929637909e-03 1.919643254950642586e-04 -2.169627259718254209e-04 -1.298388378927484155e-04 -2.468542009592056274e-02
4.708817303180694580e-01 4.248104058206081390e-03 -5.155891180038452148e-03 -1.324306504102423787e-04 -3.383520815987139940e-04 -2.528546750545501709e-02
4.798027575016021729e-01 -9.272393072023987770e-04 -5.387367680668830872e-03 4.579116939567029476e-04 3.848546839435584843e-05 -2.563951350748538971e-02
4.869073331356048584e-01 -3.963797353208065033e-03 -1.542377052828669548e-03 9.893502283375710249e-05 -1.268985797651112080e-04 -2.550126239657402039e-02
4.820393025875091553e-01 3.055446082726120949e-03 -6.027915049344301224e-03 3.588323597796261311e-04 1.182749692816287279e-04 -2.599913254380226135e-02
5.020699501037597656e-01 -2.010855823755264282e-03 -1.703867455944418907e-03 4.309864889364689589e-04 -1.281537261093035340e-04 -2.488739229738712311e-02
5.131587386131286621e-01 -2.070951042696833611e-03 3.112709848210215569e-03 5.689790705218911171e-04 2.565523318480700254e-04 -2.409725077450275421e-02
5.162420272827148438e-01 -5.533813964575529099e-04 7.001360412687063217e-03 6.467621424235403538e-04 -3.412195073906332254e-04 -2.377585321664810181e-02
5.228514075279235840e-01 -4.185937810689210892e-03 4.834288731217384338e-03 9.467490599490702152e-04 -6.409271736629307270e-04 -2.367506921291351318e-02
5.331304669380187988e-01 -4.439632873982191086e-03 3.151968121528625488e-03 8.269805693998932838e-04 -7.465188973583281040e-04 -2.462670020759105682e-02
5.394163727760314941e-01 -3.617454785853624344e-03 1.030734553933143616e-02 1.430437318049371243e-03 -5.502363201230764389e-04 -2.457366697490215302e-02
5.512863397598266602e-01 -2.982722362503409386e-03 3.256952622905373573e-03 8.208405342884361744e-04 -2.683931961655616760e-04 -2.345771342515945435e-02
5.630526542663574219e-01 -2.790085971355438232e-03 -1.513355062343180180e-03 -3.709302109200507402e-04 2.694580471143126488e-04 -2.241192199289798737e-02
5.733370780944824219e-01 -4.434536211192607880e-03 -1.393954176455736160e-02 -9.631316788727417588e-05 -5.331353168003261089e-05 -2.203388884663581848e-02
5.833495259284973145e-01 -2.278422005474567413e-03 -8.134531788527965546e-03 -2.713292196858674288e-04 2.990347820741590112e-05 -2.228590846061706543e-02
5.872648358345031738e-01 2.456689253449440002e-05 2.507041674107313156e-03 2.488103054929524660e-04 4.749263462144881487e-04 -2.206425368785858154e-02
5.871562957763671875e-01 -3.056427231058478355e-03 6.175050046294927597e-03 -1.820851030061021447e-04 7.923633675090968609e-04 -2.159992791712284088e-02
5.811901688575744629e-01 -1.851002452895045280e-03 -2.387732733041048050e-03 3.203900996595621109e-04 1.549646367493551224e-05 -2.060084976255893707e-02
5.661248564720153809e-01 -2.911116462200880051e-05 -4.098652862012386322e-03 -5.389690049923956394e-04 1.837519521359354258e-04 -1.925293542444705963e-02
5.805124044418334961e-01 -1.186678069643676281e-03 -6.647751666605472565e-03 -2.698184980545192957e-04 4.616712685674428940e-04 -1.826999895274639130e-02
5.628356337547302246e-01 2.089589834213256836e-04 -6.567552220076322556e-03 6.243980606086552143e-04 -7.782484753988683224e-04 -1.795812509953975677e-02
6.114244461059570312e-01 -1.226804219186306000e-03 4.838186316192150116e-03 9.941835742210969329e-05 -4.580838140100240707e-04 -1.842998713254928589e-02
5.430205464363098145e-01 -5.999989341944456100e-03 -2.546186558902263641e-03 9.076509159058332443e-04 -1.220869598910212517e-03 -1.796406880021095276e-02
6.007414460182189941e-01 1.551183231640607119e-05 7.159702479839324951e-03 -1.547355786897242069e-04 -9.582491475157439709e-05 -1.822675019502639771e-02
5.960847139358520508e-01 4.970810376107692719e-03 8.252301486209034920e-04 -4.026500100735574961e-04 -7.802761392667889595e-04 -1.829724572598934174e-02
5.823856592178344727e-01 1.813123561441898346e-02 1.266338396817445755e-03 -3.643069940153509378e-04 3.208774724043905735e-04 -1.860352791845798492e-02
5.912433266639709473e-01 8.957302197813987732e-03 -9.339801035821437836e-04 -1.923621515743434429e-03 -2.556300023570656776e-04 -1.861027814447879791e-02
5.542590022087097168e-01 -1.149861607700586319e-02 7.538371253758668900e-03 2.100772690027952194e-03 7.405820360872894526e-05 -1.873688586056232452e-02
5.702986121177673340e-01 -6.010556593537330627e-03 -7.108462508767843246e-03 1.116106985136866570e-03 -7.685042510274797678e-05 -1.849195733666419983e-02
5.831010341644287109e-01 -5.101289134472608566e-03 -6.110107526183128357e-03 1.168405520729720592e-03 -4.526037373580038548e-04 -1.822626590728759766e-02
5.853935480117797852e-01 -1.338742207735776901e-02 -7.076038978993892670e-03 4.012286663055419922e-04 2.581203880254179239e-04 -1.707164011895656586e-02
5.942811965942382812e-01 -1.634985581040382385e-02 -6.532483734190464020e-03 2.604582696221768856e-04 -3.113340644631534815e-04 -1.576784253120422363e-02
6.149997711181640625e-01 -1.107921265065670013e-02 -2.690243767574429512e-03 7.122629904188215733e-04 1.826889056246727705e-04 -1.172079611569643021e-02
5.797296166419982910e-01 -1.558081619441509247e-02 -3.996690735220909119e-03 8.994534146040678024e-04 -3.481926396489143372e-04 -8.700046688318252563e-03
6.303321123123168945e-01 -1.584221050143241882e-02 -5.475193727761507034e-03 7.794918492436408997e-04 -1.188900903798639774e-03 -4.752027336508035660e-03
6.468644142150878906e-01 -8.841809816658496857e-03 -1.188179943710565567e-02 9.078644798137247562e-04 -1.163880340754985809e-03 -1.832461101002991199e-03
5.908524394035339355e-01 -1.051676273345947266e-02 -2.388634486123919487e-03 1.666157913859933615e-04 -6.722243851982057095e-04 -4.779050650540739298e-04
6.035414934158325195e-01 -1.670703059062361717e-03 -4.825651645660400391e-03 -2.759844646789133549e-04 -8.213359978981316090e-04 1.873250701464712620e-03
6.161231398582458496e-01 4.698177799582481384e-03 -1.432549906894564629e-04 -6.131117115728557110e-04 -2.185972407460212708e-04 4.894324112683534622e-03
6.332966685295104980e-01 2.459659008309245110e-03 -2.518189605325460434e-03 -4.599995445460081100e-04 -2.485306176822632551e-04 8.269732818007469177e-03
6.110989451408386230e-01 4.019562620669603348e-03 -1.295717200264334679e-03 -3.792813804466277361e-04 3.017407434526830912e-04 9.511590935289859772e-03
5.945127010345458984e-01 -1.295801252126693726e-02 1.070831087417900562e-03 -8.243687916547060013e-04 6.000911162118427455e-05 1.129230950027704239e-02
4.586127400398254395e-01 -1.610972546041011810e-02 6.108030676841735840e-03 -5.797272315248847008e-04 -8.516983943991363049e-04 1.073263026773929596e-02
5.727130174636840820e-01 4.789526574313640594e-03 4.581580404192209244e-03 -5.225984496064484119e-04 -1.172450487501919270e-03 1.299399230629205704e-02
5.607510209083557129e-01 3.650689497590065002e-03 5.820572841912508011e-03 -2.990105713251978159e-04 -1.042632153257727623e-03 1.360155176371335983e-02
4.774582982063293457e-01 -1.747797057032585144e-02 6.293287966400384903e-03 -1.701065775705501437e-05 -1.987862866371870041e-03 1.307229418307542801e-02
5.876317024230957031e-01 4.771075677126646042e-03 4.796746652573347092e-03 1.243816514033824205e-04 -2.966204483527690172e-04 1.368197612464427948e-02
6.247624754905700684e-01 1.143736299127340317e-02 2.796911867335438728e-03 -3.196371108060702682e-05 -3.907537902705371380e-04 1.406060159206390381e-02
6.249884366989135742e-01 1.386922970414161682e-02 -5.741103086620569229e-03 3.324827121105045080e-04 -4.811112303286790848e-04 1.418574340641498566e-02
6.192250847816467285e-01 6.760029122233390808e-03 -1.187953050248324871e-03 4.726708284579217434e-04 -9.348385501652956009e-04 1.335592102259397507e-02
6.526638865470886230e-01 1.714981161057949066e-03 4.264302551746368408e-03 -7.659194670850411057e-05 -6.573778227902948856e-04 1.279381662607192993e-02
6.362112760543823242e-01 8.499088697135448456e-03 7.680411916226148605e-03 4.030143027193844318e-04 -7.788223447278141975e-04 1.210866309702396393e-02
6.970913410186767578e-01 1.597148738801479340e-02 5.068486090749502182e-03 1.112519530579447746e-03 -1.570507884025573730e-03 1.210224442183971405e-02
6.383926868438720703e-01 7.084221113473176956e-03 -1.398244872689247131e-03 1.214675838127732277e-03 -4.348526708781719208e-04 1.024774182587862015e-02
6.385615468025207520e-01 8.176252245903015137e-03 1.633491250686347485e-03 6.803211872465908527e-04 -8.219263982027769089e-04 1.014236267656087875e-02
