3.534939587116241455e-01 6.227389909327030182e-03 -2.436246024444699287e-03 -4.252765211276710033e-05 3.367156255990266800e-03 1.459646970033645630e-02
3.543773889541625977e-01 2.748707309365272522e-02 -5.996250547468662262e-03 9.535154094919562340e-05 8.620894514024257660e-03 1.326310634613037109e-02
3.368813991546630859e-01 7.971975952386856079e-03 2.738955058157444000e-02 -3.471733070909976959e-03 9.914056397974491119e-03 1.295867469161748886e-02
2.967314124107360840e-01 -2.650978509336709976e-03 1.544922124594449997e-02 -6.498852162621915340e-04 1.818504417315125465e-03 1.254535559564828873e-02
2.959198951721191406e-01 8.778922259807586670e-03 1.105255167931318283e-02 -9.640113567002117634e-04 -1.930263242684304714e-03 1.240170840173959732e-02
3.345495760440826416e-01 1.396758109331130981e-02 -2.520082052797079086e-04 2.061680424958467484e-03 -1.729754614643752575e-03 1.283285580575466156e-02
3.027186095714569092e-01 4.241474904119968414e-03 1.547388173639774323e-02 -9.781314292922616005e-04 -2.405975246801972389e-03 1.250944472849369049e-02
3.171799182891845703e-01 2.236888371407985687e-02 1.252002897672355175e-03 -2.773338463157415390e-03 -3.415673505514860153e-03 1.171573530882596970e-02
3.153015673160552979e-01 2.757567912340164185e-02 -1.199417165480554104e-03 -4.215990658849477768e-03 -1.650071237236261368e-03 1.169070880860090256e-02
3.069211244583129883e-01 8.095761761069297791e-03 -1.987866312265396118e-02 5.820229998789727688e-04 -5.307782907038927078e-03 1.161079388111829758e-02
3.196426033973693848e-01 1.475748978555202484e-02 -1.859567873179912567e-02 1.406035386025905609e-03 -2.686273539438843727e-03 1.250386517494916916e-02
3.244373202323913574e-01 1.052294112741947174e-02 3.755462239496409893e-04 2.754018176347017288e-03 3.533490933477878571e-03 1.184640172868967056e-02
2.937321662902832031e-01 5.180748412385582924e-04 1.369943842291831970e-02 4.599986714310944080e-04 3.606017446145415306e-03 1.126747764647006989e-02
2.898119986057281494e-01 3.392541315406560898e-03 2.599754836410284042e-03 1.072182203643023968e-03 -8.384892717003822327e-04 1.191974896937608719e-02
3.260072767734527588e-01 3.136137500405311584e-02 1.140904147177934647e-02 -4.579695523716509342e-04 -6.141212652437388897e-04 1.242332998663187027e-02
2.963365018367767334e-01 1.293783541768789291e-02 3.039749572053551674e-03 -2.100444165989756584e-03 3.020016243681311607e-03 1.099491771310567856e-02
3.028145432472229004e-01 1.780567876994609833e-02 -8.743142243474721909e-04 -2.970871981233358383e-03 -3.952727653086185455e-03 1.139058079570531845e-02
3.028644621372222900e-01 5.751359276473522186e-03 4.666614811867475510e-03 -5.841907695867121220e-04 -8.645197376608848572e-03 1.155518274754285812e-02
3.152224719524383545e-01 -5.081971641629934311e-03 -7.440866902470588684e-03 3.896390786394476891e-03 -7.246879860758781433e-03 1.202945411205291748e-02
3.139179646968841553e-01 -5.260556936264038086e-03 5.197468679398298264e-03 4.367944318801164627e-03 -5.791705567389726639e-03 1.211787946522235870e-02
3.312946557998657227e-01 -8.079854771494865417e-03 6.412777118384838104e-03 1.889322069473564625e-03 1.625823671929538250e-03 1.234153844416141510e-02
3.413642048835754395e-01 1.100935973227024078e-03 3.103154944255948067e-03 -2.579219639301300049e-03 4.908824805170297623e-03 1.212120987474918365e-02
3.197339773178100586e-01 1.320287585258483887e-02 -5.961053073406219482e-03 -1.469826325774192810e-03 4.097128286957740784e-03 1.173266768455505371e-02
3.158613741397857666e-01 9.621447883546352386e-03 -6.912670098245143890e-03 -2.904597495216876268e-04 -8.984944433905184269e-04 1.185439247637987137e-02
3.365150392055511475e-01 1.090989448130130768e-02 1.604275219142436981e-02 -1.782631152309477329e-03 1.130766817368566990e-03 1.143955904990434647e-02
3.431892693042755127e-01 1.497558876872062683e-02 1.435220800340175629e-02 -4.299467429518699646e-03 7.602091412991285324e-03 1.257824059575796127e-02
3.257823586463928223e-01 -5.785200628452003002e-04 3.285272512584924698e-03 9.488155483268201351e-04 7.699822075664997101e-03 1.234795153141021729e-02
3.393571674823760986e-01 -1.795887388288974762e-02 4.621747415512800217e-03 6.661332678049802780e-03 2.031697658821940422e-03 1.163733843713998795e-02
3.362656533718109131e-01 7.719976827502250671e-03 1.766163390129804611e-03 5.066297482699155807e-03 -1.988135045394301414e-03 1.264313235878944397e-02
3.348480165004730225e-01 -1.154212164692580700e-03 7.602421101182699203e-03 1.434357545804232359e-04 -1.806765794754028320e-03 1.202774979174137115e-02
3.310550153255462646e-01 2.497195638716220856e-02 2.531210193410515785e-04 -7.199620828032493591e-03 -9.712019236758351326e-04 1.205294486135244370e-02
3.364635407924652100e-01 2.821554429829120636e-02 -8.078604936599731445e-03 -4.541424103081226349e-03 -1.446098554879426956e-03 1.273072231560945511e-02
3.589434325695037842e-01 -4.385195206850767136e-03 -3.686375450342893600e-03 4.386739805340766907e-03 4.658878606278449297e-04 1.331370510160923004e-02
3.616825044155120850e-01 -1.054369565099477768e-02 8.318447507917881012e-03 4.711304791271686554e-03 1.873532659374177456e-03 1.273814309388399124e-02
3.791520297527313232e-01 1.523060724139213562e-02 7.042385637760162354e-03 -7.059395284159108996e-05 3.760270075872540474e-03 1.298219803720712662e-02
3.791697621345520020e-01 1.465120073407888412e-02 8.275139261968433857e-04 -2.740284195169806480e-03 3.336890367791056633e-03 1.461999956518411636e-02
3.847405612468719482e-01 -4.095237702131271362e-02 -2.492345636710524559e-03 1.278065145015716553e-03 4.505559627432376146e-05 1.442014332860708237e-02
3.982277810573577881e-01 1.622027345001697540e-02 4.774005152285099030e-03 1.894886663649231195e-04 -2.171525033190846443e-03 1.483702939003705978e-02
4.072679579257965088e-01 1.018558256328105927e-02 2.134994138032197952e-03 -3.274513874202966690e-04 -1.613360014744102955e-03 1.519852783530950546e-02
4.259909987449645996e-01 6.955563090741634369e-03 -8.033337071537971497e-03 2.707949606701731682e-03 -1.173965283669531345e-03 1.646454446017742157e-02
4.269362688064575195e-01 -4.563028924167156219e-04 -1.154846884310245514e-02 5.044267978519201279e-03 -1.706167939119040966e-03 1.719454489648342133e-02
4.324311912059783936e-01 8.135738316923379898e-04 1.275222096592187881e-02 1.051111263222992420e-03 -3.628717735409736633e-03 1.753124594688415527e-02
4.468239843845367432e-01 2.022338844835758209e-02 9.276386350393295288e-03 -5.046669859439134598e-03 -2.056926488876342773e-03 1.819927990436553955e-02
4.568587243556976318e-01 2.333952300250530243e-02 5.290829110890626907e-03 -4.110368900001049042e-03 4.924475215375423431e-04 1.950190961360931396e-02
4.588263928890228271e-01 5.126001313328742981e-03 1.292054541409015656e-03 4.314179532229900360e-04 1.035513938404619694e-03 1.952121779322624207e-02
4.594671130180358887e-01 8.145743981003761292e-03 5.119132692925632000e-04 2.038988750427961349e-03 1.519360113888978958e-03 1.961588487029075623e-02
4.555822610855102539e-01 5.875202361494302750e-03 5.971541628241539001e-03 1.366678159683942795e-03 1.016637776046991348e-03 1.940932311117649078e-02
4.629616439342498779e-01 7.826972752809524536e-03 1.039831992238759995e-02 -1.116034924052655697e-03 1.546977320685982704e-03 1.892906054854393005e-02
4.492225348949432373e-01 9.436585009098052979e-03 3.872302593663334846e-03 -1.184079563245177269e-03 1.632612198591232300e-03 1.843809150159358978e-02
4.504475593566894531e-01 8.551776409149169922e-03 3.014158690348267555e-03 -1.973594073206186295e-03 1.240067416802048683e-03 1.830866560339927673e-02
4.497024416923522949e-01 1.242289133369922638e-02 3.007068298757076263e-04 -1.319191651418805122e-03 5.966906901448965073e-04 1.763601601123809814e-02
4.418767094612121582e-01 2.513639861717820168e-03 3.093697596341371536e-03 -1.162065076641738415e-03 1.943543466040864587e-04 1.682345941662788391e-02
4.376432597637176514e-01 5.409843754023313522e-03 6.337574683129787445e-03 -1.498899771831929684e-03 2.848794683814048767e-04 1.614950783550739288e-02
4.261732399463653564e-01 8.932918310165405273e-03 2.899451181292533875e-03 -2.535942476242780685e-03 7.254282827489078045e-04 1.453320309519767761e-02
4.343099594116210938e-01 7.111554499715566635e-03 1.777415163815021515e-03 -7.172888144850730896e-04 4.249670018907636404e-04 1.414041034877300262e-02
4.360541403293609619e-01 1.161895878612995148e-02 7.130526006221771240e-03 -7.660770206712186337e-04 3.135285223834216595e-04 1.361715234816074371e-02
4.216135144233703613e-01 6.568426731973886490e-03 4.747480619698762894e-03 -9.759001841302961111e-05 7.158471271395683289e-04 1.190851535648107529e-02
4.201875329017639160e-01 1.115636061877012253e-02 5.569333210587501526e-03 -1.082154223695397377e-03 1.340734073892235756e-03 1.069167628884315491e-02
4.128027558326721191e-01 5.254292394965887070e-03 4.714655689895153046e-03 -3.021270676981657743e-04 5.610188818536698818e-04 9.369865991175174713e-03
4.061442613601684570e-01 4.100538324564695358e-03 7.389933802187442780e-03 -6.325390422716736794e-04 -1.459962804801762104e-04 7.775453850626945496e-03
4.134472012519836426e-01 2.137382514774799347e-03 7.052700035274028778e-03 -1.058379653841257095e-03 1.771413662936538458e-04 5.950424354523420334e-03
4.076991379261016846e-01 -3.802347928285598755e-04 5.596882198005914688e-03 1.305723853874951601e-04 7.707793847657740116e-04 4.431381355971097946e-03
4.073135554790496826e-01 6.772741675376892090e-03 2.676417585462331772e-03 4.869113327004015446e-04 2.177528804168105125e-04 2.926647197455167770e-03
4.106807410717010498e-01 8.575277402997016907e-03 3.827745560556650162e-03 1.175021403469145298e-03 -3.236461780034005642e-04 9.364497382193803787e-04
3.912570774555206299e-01 1.272764336317777634e-02 3.462371416389942169e-03 1.588505401741713285e-04 -9.139493922702968121e-04 -9.584322688169777393e-04
3.946354091167449951e-01 4.077130928635597229e-03 3.840377321466803551e-03 4.506379482336342335e-04 -1.638028537854552269e-03 -2.841077744960784912e-03
3.950363993644714355e-01 5.190722644329071045e-03 4.214723128825426102e-03 9.922084864228963852e-04 -2.923381049185991287e-03 -4.581857472658157349e-03
4.025617539882659912e-01 5.832277704030275345e-03 2.984054852277040482e-03 -4.401496262289583683e-04 -2.665897365659475327e-03 -6.921237800270318985e-03
4.118993580341339111e-01 8.728833869099617004e-03 2.777844434604048729e-03 -1.449666568078100681e-03 -3.186140966136008501e-04 -8.192336186766624451e-03
4.156854152679443359e-01 3.188583534210920334e-03 3.623582655563950539e-03 -1.612866180948913097e-03 2.033034805208444595e-03 -9.694308042526245117e-03
4.073401987552642822e-01 9.903760626912117004e-03 2.586132148280739784e-03 -1.757409190759062767e-03 2.544205868616700172e-03 -1.222006417810916901e-02
4.119695425033569336e-01 9.653653018176555634e-03 1.701372093521058559e-03 -1.603829092346131802e-03 2.138146199285984039e-03 -1.391578651964664459e-02
4.118794500827789307e-01 3.729991614818572998e-03 4.598699044436216354e-03 -1.061310922523261979e-05 1.480033970437943935e-03 -1.556805986911058426e-02
4.076683223247528076e-01 1.278768759220838547e-04 3.494898788630962372e-03 -1.064474872691789642e-05 9.100975148612633348e-05 -1.673879474401473999e-02
4.020686745643615723e-01 2.130153588950634003e-03 2.403137041255831718e-03 3.715690691024065018e-04 -7.045329548418521881e-04 -1.873918808996677399e-02
4.079532027244567871e-01 6.303451023995876312e-03 3.573481924831867218e-03 -1.118386164307594299e-03 -7.113902829587459564e-04 -2.054312452673912048e-02
4.044089913368225098e-01 6.731809582561254501e-03 3.016453003510832787e-03 -2.249076031148433685e-03 -5.426973220892250538e-04 -2.132092043757438660e-02
3.967928290367126465e-01 1.348796300590038300e-03 -5.200245883315801620e-03 -1.945999450981616974e-03 -1.093553961254656315e-03 -2.158189378678798676e-02
3.948594629764556885e-01 -1.711754593998193741e-04 -9.616074385121464729e-04 1.445185160264372826e-03 -1.170291565358638763e-03 -2.211318910121917725e-02
3.939382135868072510e-01 2.185858320444822311e-03 6.519535090774297714e-03 9.796313242986798286e-04 -2.992984664160758257e-04 -2.310969680547714233e-02
4.035283923149108887e-01 -1.983459573239088058e-03 2.477490808814764023e-03 -4.016145539935678244e-04 -1.324557815678417683e-03 -2.372218668460845947e-02
4.006853997707366943e-01 3.860898781567811966e-03 3.105845535174012184e-03 -1.229246408911421895e-04 -1.206045038998126984e-03 -2.452629990875720978e-02
4.029722213745117188e-01 -4.769776482135057449e-03 2.597572281956672668e-03 2.147163730114698410e-03 -1.544656552141532302e-04 -2.549172379076480865e-02
4.157911241054534912e-01 -1.035867724567651749e-02 2.366415457800030708e-03 3.225164487957954407e-03 7.872966234572231770e-04 -2.540580369532108307e-02
4.184615910053253174e-01 -4.009933210909366608e-03 4.281850997358560562e-03 2.036205492913722992e-03 1.012883614748716354e-03 -2.582455798983573914e-02
4.171451628208160400e-01 4.426158033311367035e-03 7.006408181041479111e-03 -2.579839783720672131e-04 4.384434723760932684e-04 -2.589142881333827972e-02
4.303546547889709473e-01 -2.547848038375377655e-03 8.072489872574806213e-03 -2.304013352841138840e-03 2.888738526962697506e-04 -2.540555037558078766e-02
4.258267879486083984e-01 -1.077527552843093872e-02 -1.282167853787541389e-03 -1.551530323922634125e-03 4.014391743112355471e-04 -2.536093629896640778e-02
4.349088966846466064e-01 -8.552867919206619263e-03 -3.723706817254424095e-03 2.035925164818763733e-03 3.094838466495275497e-04 -2.519825845956802368e-02
4.361325204372406006e-01 -1.122699212282896042e-02 4.561039619147777557e-03 2.672503469511866570e-03 5.702485796064138412e-04 -2.459963038563728333e-02
4.432908594608306885e-01 -1.033625937998294830e-02 7.602075114846229553e-03 -2.636310528032481670e-04 5.858395597897469997e-04 -2.510147541761398315e-02
4.525491893291473389e-01 -8.957700338214635849e-04 1.757347956299781799e-03 -2.287153853103518486e-03 4.470545682124793530e-04 -2.481922879815101624e-02
4.588671922683715820e-01 -3.250188427045941353e-03 -1.182511681690812111e-03 -1.578230061568319798e-03 1.664140843786299229e-03 -2.411389350891113281e-02
4.538856148719787598e-01 -2.778680995106697083e-03 6.131708621978759766e-03 -9.043302852660417557e-04 2.310823649168014526e-03 -2.432836964726448059e-02
4.617745578289031982e-01 8.503082208335399628e-03 9.182229638099670410e-03 -2.947376575320959091e-03 1.139405532740056515e-03 -2.459301613271236420e-02
4.626320302486419678e-01 1.525996252894401550e-03 3.479465143755078316e-03 -3.513920819386839867e-03 -8.968182373791933060e-05 -2.457613125443458557e-02
4.747776389122009277e-01 3.615444758906960487e-03 8.738980395719408989e-04 -3.402604721486568451e-03 -9.679242066340520978e-05 -2.536368742585182190e-02
4.898315966129302979e-01 -3.318766830489039421e-03 -5.043276585638523102e-03 -8.342728251591324806e-04 5.338757764548063278e-04 -2.532550692558288574e-02
4.998775720596313477e-01 -9.935609996318817139e-04 8.704983629286289215e-03 -1.171317067928612232e-03 1.147787668742239475e-03 -2.551091462373733521e-02
5.047947168350219727e-01 2.868762239813804626e-03 1.700175635050982237e-04 -1.662565278820693493e-03 2.149912994354963303e-03 -2.544463053345680237e-02
5.200877189636230469e-01 6.279702764004468918e-03 1.085666287690401077e-02 -2.255498664453625679e-03 2.432382898405194283e-03 -2.483548969030380249e-02
5.162762999534606934e-01 1.498245820403099060e-02 6.892553530633449554e-03 -2.223716815933585167e-03 2.260268433019518852e-03 -2.379942312836647034e-02
5.261710286140441895e-01 5.588357336819171906e-03 4.538415931165218353e-03 -5.629825172945857048e-04 1.359018613584339619e-03 -2.385958470404148102e-02
5.290137529373168945e-01 4.486789926886558533e-03 5.403579212725162506e-03 -3.710472956299781799e-04 1.914200547616928816e-04 -2.388292364776134491e-02
5.392829179763793945e-01 7.999205030500888824e-03 -5.441743996925652027e-05 -7.640309195267036557e-05 4.360917228041216731e-05 -2.439461648464202881e-02
5.507255792617797852e-01 1.049256650730967522e-03 9.919484145939350128e-04 -5.597592098638415337e-04 6.378447869792580605e-04 -2.469367720186710358e-02
5.695995688438415527e-01 -6.555686704814434052e-04 3.882654942572116852e-03 -1.002065837383270264e-04 1.055929678841494024e-04 -2.336454205214977264e-02
5.701247453689575195e-01 3.876231610774993896e-03 3.268884727731347084e-03 -1.475042430683970451e-03 1.418362226104363799e-04 -2.226045913994312286e-02
5.808867812156677246e-01 6.436190567910671234e-03 1.333790016360580921e-03 -9.139670291915535927e-04 1.153981429524719715e-03 -2.206966467201709747e-02
5.962258577346801758e-01 -1.386906486004590988e-03 3.707947442308068275e-03 -9.223201777786016464e-04 1.898664748296141624e-03 -2.225017547607421875e-02
6.096256375312805176e-01 2.587606012821197510e-02 1.156859751790761948e-02 5.297251045703887939e-04 2.274404512718319893e-03 -2.205308526754379272e-02
6.235909461975097656e-01 -6.061768624931573868e-03 8.979244157671928406e-03 -9.774814825505018234e-04 2.071180380880832672e-03 -2.117376960813999176e-02
5.966677665710449219e-01 -1.809375826269388199e-04 9.343253448605537415e-03 -4.820529720745980740e-04 1.557713258080184460e-03 -2.067409083247184753e-02
5.767742395401000977e-01 8.989794296212494373e-04 1.187291834503412247e-02 -6.156942690722644329e-04 8.628568029962480068e-04 -1.959009468555450439e-02
6.191194057464599609e-01 -9.962218813598155975e-03 1.086768787354230881e-02 1.836154842749238014e-03 1.851050619734451175e-04 -1.803502067923545837e-02
6.083876490592956543e-01 7.979206566233187914e-05 7.921492680907249451e-03 -4.975424599251709878e-05 -5.009729065932333469e-04 -1.817267015576362610e-02
6.059108972549438477e-01 -7.964191958308219910e-03 1.462566084228456020e-03 5.729855620302259922e-04 -1.116981380619108677e-03 -1.847810670733451843e-02
6.172075867652893066e-01 -9.172054007649421692e-03 4.657385870814323425e-03 2.170387655496597290e-03 -6.726339343003928661e-04 -1.798000186681747437e-02
6.381297111511230469e-01 -1.655362360179424286e-02 6.243328563868999481e-03 1.376788830384612083e-03 3.530907270032912493e-04 -1.710826158523559570e-02
6.102940440177917480e-01 4.557767242658883333e-04 1.440422725863754749e-03 -5.212309188209474087e-04 6.487274658866226673e-04 -1.817406713962554932e-02
6.095459461212158203e-01 4.328671377152204514e-03 4.509260877966880798e-03 -1.327015459537506104e-03 1.013708184473216534e-03 -1.812234520912170410e-02
6.164082884788513184e-01 1.774120889604091644e-02 1.868378953076899052e-03 -7.767591159790754318e-04 8.092774078249931335e-04 -1.826957985758781433e-02
6.088706851005554199e-01 1.769508235156536102e-04 1.768209738656878471e-03 2.514421939849853516e-03 9.239178034476935863e-04 -1.770620793104171753e-02
5.961987972259521484e-01 -1.841225475072860718e-02 2.073678653687238693e-03 4.377061501145362854e-03 9.071258245967328548e-04 -1.765493117272853851e-02
6.026741862297058105e-01 -1.356655918061733246e-02 6.287288852035999298e-03 5.045661237090826035e-03 1.660366193391382694e-03 -1.778923906385898590e-02
6.022252440452575684e-01 -7.579992990940809250e-03 1.860172254964709282e-03 6.285945884883403778e-03 1.303451485000550747e-03 -1.699557341635227203e-02
6.096334457397460938e-01 -1.761042699217796326e-02 -1.468796515837311745e-03 6.088553927838802338e-03 3.496456192806363106e-04 -1.533194538205862045e-02
5.937443971633911133e-01 -1.805700920522212982e-02 -1.513969851657748222e-03 7.044239901006221771e-03 1.047786645358428359e-04 -1.196952536702156067e-02
6.119133234024047852e-01 -2.205600962042808533e-02 5.018084309995174408e-03 8.014629594981670380e-03 -4.004950169473886490e-04 -8.010329678654670715e-03
6.338127851486206055e-01 -2.503806725144386292e-02 3.500327467918395996e-03 6.511216051876544952e-03 -8.997092372737824917e-04 -4.849874414503574371e-03
6.194847226142883301e-01 -1.682747527956962585e-02 5.013126879930496216e-03 6.009395699948072433e-03 -1.041017938405275345e-03 -2.508115489035844803e-03
6.263874769210815430e-01 -7.475983351469039917e-03 5.738512612879276276e-03 6.045657675713300705e-03 -5.620023584924638271e-04 1.188021124107763171e-04
6.308901309967041016e-01 -7.079460658133029938e-03 1.691786386072635651e-02 4.493840970098972321e-03 1.256444957107305527e-03 2.476861467584967613e-03
6.103267669677734375e-01 -5.422237329185009003e-03 1.627569459378719330e-02 -9.077746653929352760e-06 2.854839898645877838e-03 5.053442902863025665e-03
5.948282480239868164e-01 -7.952365558594465256e-04 1.223024912178516388e-02 8.814939064905047417e-05 4.405881743878126144e-03 7.232457865029573441e-03
6.045916676521301270e-01 -5.874386057257652283e-03 3.864600090309977531e-03 1.455679768696427345e-03 3.839074168354272842e-03 9.457989595830440521e-03
6.392700076103210449e-01 -1.154317613691091537e-02 1.557580288499593735e-02 4.716796334832906723e-03 4.546994343400001526e-03 1.246690191328525543e-02
6.648976802825927734e-01 1.137458439916372299e-02 1.928767003118991852e-02 2.203579293563961983e-03 2.908159978687763214e-03 1.436398550868034363e-02
6.206471920013427734e-01 2.112374268472194672e-02 -9.894009679555892944e-03 -3.489294555038213730e-03 -9.464171598665416241e-04 1.320050563663244247e-02
6.541161537170410156e-01 1.371932681649923325e-02 -5.066614598035812378e-03 -1.796684926375746727e-03 -1.903400523588061333e-03 1.535953674465417862e-02
6.594469547271728516e-01 5.446615163236856461e-03 -7.408299017697572708e-03 8.907734882086515427e-04 -1.999090658500790596e-03 1.566791161894798279e-02
6.018109917640686035e-01 1.237777061760425568e-02 -6.940131075680255890e-03 1.827822648920118809e-03 -1.103499555028975010e-03 1.371962297707796097e-02
6.581492424011230469e-01 1.217332296073436737e-02 -7.617143448442220688e-03 -2.181523013859987259e-03 -7.472526631318032742e-04 1.415236480534076691e-02
6.285408139228820801e-01 1.040337421000003815e-02 -1.459366409108042717e-03 -2.767524449154734612e-03 -8.483259443892166018e-05 1.434233319014310837e-02
6.207367181777954102e-01 8.570929057896137238e-03 -2.740922500379383564e-04 -2.746378537267446518e-03 8.123526349663734436e-04 1.316041965037584305e-02
7.343078851699829102e-01 2.029264904558658600e-02 3.051467239856719971e-03 -5.241782637313008308e-04 2.276236657053232193e-03 1.360462140291929245e-02
7.419629693031311035e-01 1.534693501889705658e-02 1.636631088331341743e-03 -2.032903721556067467e-03 2.880054526031017303e-03 1.335905026644468307e-02
7.846394777297973633e-01 2.790715545415878296e-02 2.642503473907709122e-03 -1.101791625842452049e-03 2.455143025144934654e-03 1.328468136489391327e-02
6.895202398300170898e-01 1.550524029880762100e-02 2.378596691414713860e-03 -3.357286623213440180e-04 -9.698122448753565550e-05 1.092407852411270142e-02
6.730735301971435547e-01 1.330666989088058472e-02 1.865242957137525082e-03 -1.074190484359860420e-03 -2.348866313695907593e-03 1.054894458502531052e-02
