3.534968197345733643e-01 6.168661639094352722e-03 -2.432417124509811401e-03 -4.260595233063213527e-05 3.367749974131584167e-03 1.459428854286670685e-02
3.547346293926239014e-01 2.776731364428997040e-02 -5.957372952252626419e-03 9.471966768614947796e-05 8.625773712992668152e-03 1.325328834354877472e-02
3.368123769760131836e-01 7.837712764739990234e-03 2.739708125591278076e-02 -3.473160555586218834e-03 9.914388880133628845e-03 1.295416057109832764e-02
2.986496686935424805e-01 -1.305693294852972031e-03 1.559806335717439651e-02 -6.722466787323355675e-04 1.823830651119351387e-03 1.252625230699777603e-02
3.009763062000274658e-01 8.698074147105216980e-03 1.176897436380386353e-02 -9.914733236655592918e-04 -1.879667397588491440e-03 1.251147780567407608e-02
3.363503813743591309e-01 1.366110425442457199e-02 2.191479143220931292e-05 2.049864036962389946e-03 -1.713605714030563831e-03 1.287307124584913254e-02
3.036371171474456787e-01 4.280394874513149261e-03 1.564417965710163116e-02 -9.806506568565964699e-04 -2.395711606368422508e-03 1.252797432243824005e-02
3.174361884593963623e-01 2.224216610193252563e-02 1.338092610239982605e-03 -2.773174317553639412e-03 -3.410221543163061142e-03 1.171982195228338242e-02
3.154642581939697266e-01 2.719796262681484222e-02 -1.181885367259383202e-03 -4.214534536004066467e-03 -1.647599739953875542e-03 1.169176772236824036e-02
3.069464564323425293e-01 8.000428788363933563e-03 -1.989737525582313538e-02 5.818565841764211655e-04 -5.309198051691055298e-03 1.161019597202539444e-02
3.196584880352020264e-01 1.476192101836204529e-02 -1.859194412827491760e-02 1.406261348165571690e-03 -2.685971558094024658e-03 1.250335574150085449e-02
3.244089484214782715e-01 1.050756778568029404e-02 3.770255716517567635e-04 2.754117362201213837e-03 3.533610375598073006e-03 1.184356119483709335e-02
2.948476672172546387e-01 3.809540066868066788e-04 1.382201537489891052e-02 4.569471639115363359e-04 3.611280582845211029e-03 1.129726134240627289e-02
2.968732118606567383e-01 5.802457686513662338e-03 3.007929073646664619e-03 1.072521205060184002e-03 -8.178071584552526474e-04 1.219110656529664993e-02
3.263093233108520508e-01 3.177436441183090210e-02 1.165296975523233414e-02 -4.474282613955438137e-04 -5.941082490608096123e-04 1.244545262306928635e-02
2.963185608386993408e-01 1.273242384195327759e-02 3.043425269424915314e-03 -2.100010635331273079e-03 3.020932897925376892e-03 1.099642366170883179e-02
3.034522831439971924e-01 1.700541377067565918e-02 -8.099529077298939228e-04 -2.972982823848724365e-03 -3.949750680476427078e-03 1.136247906833887100e-02
3.031783998012542725e-01 5.578483454883098602e-03 4.709246102720499039e-03 -5.844254046678543091e-04 -8.641309104859828949e-03 1.155181322246789932e-02
3.153785467147827148e-01 -5.529399961233139038e-03 -7.440465968102216721e-03 3.896870883181691170e-03 -7.245955988764762878e-03 1.202536653727293015e-02
3.139474093914031982e-01 -5.349512677639722824e-03 5.191827192902565002e-03 4.367005545645952225e-03 -5.793122109025716782e-03 1.211745571345090866e-02
3.313037157058715820e-01 -8.079960942268371582e-03 6.417076103389263153e-03 1.890135230496525764e-03 1.626496086828410625e-03 1.234217546880245209e-02
3.414749205112457275e-01 1.176823861896991730e-03 3.106077900156378746e-03 -2.579239662736654282e-03 4.908109083771705627e-03 1.212916616350412369e-02
3.197689950466156006e-01 1.315908413380384445e-02 -5.958840716630220413e-03 -1.469782087951898575e-03 4.097087774425745010e-03 1.173398736864328384e-02
3.160499036312103271e-01 9.541166014969348907e-03 -6.917921826243400574e-03 -2.902063133660703897e-04 -8.976627141237258911e-04 1.186055503785610199e-02
3.366163969039916992e-01 1.095430459827184677e-02 1.605062372982501984e-02 -1.782456412911415100e-03 1.130982185713946819e-03 1.144066080451011658e-02
