2.563443267717957497e-03 2.155490219593048096e-03 1.581978751346468925e-03 1.484490639995783567e-04 1.510649162810295820e-04 1.635642547626048326e-04
2.045874251052737236e-03 1.841931254602968693e-03 1.581941731274127960e-03 1.488699199398979545e-04 1.504574320279061794e-04 1.081363079720176756e-04
2.281157765537500381e-03 2.029674826189875603e-03 1.583790872246026993e-03 1.509686262579634786e-04 1.498283963883295655e-04 1.140225213021039963e-04
2.440428128466010094e-03 1.641496783122420311e-03 1.580700976774096489e-03 1.538172218715772033e-04 1.549243170302361250e-04 1.919350324897095561e-04
2.166795544326305389e-03 1.536510302685201168e-03 1.554942224174737930e-03 1.543079997645691037e-04 1.505828695371747017e-04 1.655206142459064722e-04
1.620338996872305870e-03 1.476735458709299564e-03 1.541885663755238056e-03 1.540595694677904248e-04 1.511222799308598042e-04 1.096947744372300804e-04
1.876097870990633965e-03 1.490400172770023346e-03 1.524073071777820587e-03 1.547369029140099883e-04 1.513496972620487213e-04 9.549273090669885278e-05
1.669779419898986816e-03 1.466383459046483040e-03 1.511152018792927265e-03 1.556685892865061760e-04 1.601842959644272923e-04 8.975712989922612906e-05
1.977680018171668053e-03 1.869378727860748768e-03 1.511665992438793182e-03 1.571984030306339264e-04 1.602886331966146827e-04 1.077253400580957532e-04
2.163721248507499695e-03 1.107182586565613747e-03 1.501818187534809113e-03 1.584359124535694718e-04 1.542991522001102567e-04 9.482100722379982471e-05
2.775274915620684624e-03 9.523836779408156872e-04 1.493265386670827866e-03 1.593691558809950948e-04 1.570269814692437649e-04 9.735617641126736999e-05
2.540740417316555977e-03 1.040146220475435257e-03 1.463818363845348358e-03 1.555625640321522951e-04 1.551435707369819283e-04 1.013009459711611271e-04
2.182261785492300987e-03 1.170593081042170525e-03 1.457112492062151432e-03 1.592224871274083853e-04 1.567911094753071666e-04 9.202551882481202483e-05
1.778625068254768848e-03 1.053821062669157982e-03 1.424500485882163048e-03 1.590534084243699908e-04 1.575411297380924225e-04 8.038122905418276787e-05
2.400810597464442253e-03 1.448591472581028938e-03 1.439778599888086319e-03 1.606909208931028843e-04 1.625963632250204682e-04 9.232619777321815491e-05
2.090911380946636200e-03 9.235414909198880196e-04 1.407858566381037235e-03 1.626021257834509015e-04 1.559288793941959739e-04 7.190985343186184764e-05
2.091572154313325882e-03 7.957569905556738377e-04 1.432253047823905945e-03 1.629906473681330681e-04 1.581358665134757757e-04 6.862603186164051294e-05
1.822735532186925411e-03 7.870217668823897839e-04 1.474566292017698288e-03 1.652850332902744412e-04 1.611219195183366537e-04 6.163504440337419510e-05
1.929690712131559849e-03 1.224454259499907494e-03 1.492467825300991535e-03 1.666949829086661339e-04 1.559436641400679946e-04 8.252789120888337493e-05
2.186048310250043869e-03 1.167392241768538952e-03 1.506209722720086575e-03 1.663702278165146708e-04 1.581663236720487475e-04 8.009592420421540737e-05
2.496180590242147446e-03 1.163694076240062714e-03 1.511638867668807507e-03 1.632707717362791300e-04 1.536287163617089391e-04 8.281506597995758057e-05
2.225887496024370193e-03 6.846342585049569607e-04 1.534934737719595432e-03 1.655714731896296144e-04 1.566185383126139641e-04 5.718283136957325041e-05
9.733315091580152512e-04 5.997106200084090233e-04 1.536370953544974327e-03 1.631414197618141770e-04 1.549560693092644215e-04 4.487091064220294356e-05
6.893430254422128201e-04 8.207195787690579891e-04 1.538995304144918919e-03 1.643174764467403293e-04 1.574984198668971658e-04 4.629387694876641035e-05
7.969125290401279926e-04 8.366041583940386772e-04 1.542008132673799992e-03 1.653704675845801830e-04 1.648140023462474346e-04 5.156616680324077606e-05
7.901572389528155327e-04 7.702632574364542961e-04 1.530825626105070114e-03 1.644598814891651273e-04 1.620961993467062712e-04 5.305672675604000688e-05
8.792831213213503361e-04 6.369790062308311462e-04 1.507738372310996056e-03 1.669484918238595128e-04 1.561131357448175550e-04 4.676115349866449833e-05
1.266611390747129917e-03 5.118365515954792500e-04 1.486344845034182072e-03 1.668260811129584908e-04 1.631023042136803269e-04 5.594925823970697820e-05
1.343065290711820126e-03 5.158564890734851360e-04 1.464039203710854053e-03 1.708000345388427377e-04 1.661005517235025764e-04 6.103728810558095574e-05
1.250002416782081127e-03 5.853938637301325798e-04 1.417573075741529465e-03 1.699313579592853785e-04 1.615895453142002225e-04 7.859478500904515386e-05
1.515608979389071465e-03 5.846685380674898624e-04 1.358735258691012859e-03 1.623212010599672794e-04 1.626364683033898473e-04 8.797036571195349097e-05
1.464239088818430901e-03 4.792831314262002707e-04 1.323420321568846703e-03 1.521970989415422082e-04 1.551696768729016185e-04 5.705721196136437356e-05
2.853473182767629623e-03 4.114083130843937397e-04 1.311297877691686153e-03 1.617281668586656451e-04 1.592703483765944839e-04 5.240543032414279878e-05
2.664313884451985359e-03 4.102656675968319178e-04 1.304339966736733913e-03 1.607564772712066770e-04 1.690333738224580884e-04 5.507116657099686563e-05
1.792849274352192879e-03 4.406769876368343830e-04 1.376059721224009991e-03 1.711052464088425040e-04 1.627807068871334195e-04 7.142254617065191269e-05
3.180301748216152191e-03 4.707347834482789040e-04 1.372131169773638248e-03 1.721055596135556698e-04 1.626803423278033733e-04 8.909589087124913931e-05
3.353092120960354805e-03 4.623038694262504578e-04 1.340469927527010441e-03 1.658256951486691833e-04 1.568454172229394317e-04 6.825873424531891942e-05
2.850648248568177223e-03 4.374661075416952372e-04 1.323143369518220425e-03 1.602591655682772398e-04 1.598198432475328445e-04 6.068778748158365488e-05
2.703748177736997604e-03 4.344152403064072132e-04 1.308603794313967228e-03 1.585651043569669127e-04 1.575510104885324836e-04 6.303090776782482862e-05
2.741038333624601364e-03 4.677131073549389839e-04 1.307083293795585632e-03 1.609120081411674619e-04 1.538391370559111238e-04 7.726025069132447243e-05
3.633107291534543037e-03 5.160984001122415066e-04 1.283570425584912300e-03 1.663373695919290185e-04 1.547955180285498500e-04 7.864511280786246061e-05
3.266018582507967949e-03 5.124843446537852287e-04 1.183928572572767735e-03 1.604430290171876550e-04 1.554589107399806380e-04 6.872905214549973607e-05
2.822090638801455498e-03 5.384742980822920799e-04 1.156026264652609825e-03 1.602117990842089057e-04 1.628571335459128022e-04 6.159231998026371002e-05
2.876518992707133293e-03 6.363361608237028122e-04 1.106280251406133175e-03 1.670940109761431813e-04 1.645120210014283657e-04 5.302564386511221528e-05
2.695474773645401001e-03 5.817696801386773586e-04 1.029896666295826435e-03 1.705053873592987657e-04 1.657237153267487884e-04 4.940458529745228589e-05
2.863031113520264626e-03 5.260279285721480846e-04 8.334672311320900917e-04 1.695247774478048086e-04 1.671224308665841818e-04 4.332643584348261356e-05
2.754811663180589676e-03 5.528798210434615612e-04 8.488809107802808285e-04 1.746980560710653663e-04 1.635768276173621416e-04 4.907343463855795562e-05
2.794913947582244873e-03 5.245219799689948559e-04 9.109584498219192028e-04 1.709802163532003760e-04 1.640348054934293032e-04 4.874485966865904629e-05
2.741216449066996574e-03 4.936748300679028034e-04 9.454637183807790279e-04 1.749045040924102068e-04 1.679450651863589883e-04 4.914660530630499125e-05
2.673998707905411720e-03 4.174892383161932230e-04 1.065808115527033806e-03 1.724141038721427321e-04 1.627547171665355563e-04 4.488358899834565818e-05
