4.767477512359619141e-03 7.695842999964952469e-03 1.855185953900218010e-03 1.391470868838950992e-04 1.326693745795637369e-04 1.474805612815544009e-04
5.062845069915056229e-03 1.220183260738849640e-02 1.868497929535806179e-03 1.444457302568480372e-04 1.369015226373448968e-04 1.615029032109305263e-04
4.750580526888370514e-03 1.108174864202737808e-02 1.886843354441225529e-03 1.481396029703319073e-04 1.390207035001367331e-04 1.673481310717761517e-04
4.644140601158142090e-03 1.128365192562341690e-02 1.884234719909727573e-03 1.398250606143847108e-04 1.384007337037473917e-04 1.588732557138428092e-04
3.313997294753789902e-03 5.754300393164157867e-03 1.901164068840444088e-03 1.366220822092145681e-04 1.390502293361350894e-04 1.368532975902780890e-04
3.670625155791640282e-03 6.265935022383928299e-03 1.934319036081433296e-03 1.375175779685378075e-04 1.400921610184013844e-04 1.532000605948269367e-04
3.441135864704847336e-03 5.965947639197111130e-03 1.963652670383453369e-03 1.353596162516623735e-04 1.388363161822780967e-04 1.488275884184986353e-04
3.453970886766910553e-03 6.012040190398693085e-03 1.982250483706593513e-03 1.369409292237833142e-04 1.386400399496778846e-04 1.295713736908510327e-04
3.315421752631664276e-03 6.496707908809185028e-03 2.008976647630333900e-03 1.363254996249452233e-04 1.382427726639434695e-04 1.204365980811417103e-04
3.138769418001174927e-03 6.450065411627292633e-03 2.016460755839943886e-03 1.318900322075933218e-04 1.381867477903142571e-04 1.050073478836566210e-04
2.989871427416801453e-03 5.389466881752014160e-03 2.025210298597812653e-03 1.335481065325438976e-04 1.369719975627958775e-04 1.068010533344931901e-04
2.160796197131276131e-03 5.126162432134151459e-03 2.054768381640315056e-03 1.383349153911694884e-04 1.381839974783360958e-04 9.102318290388211608e-05
1.483376603573560715e-03 5.260276142507791519e-03 2.040879102423787117e-03 1.384107163175940514e-04 1.371248799841850996e-04 8.806434198049828410e-05
1.563599682413041592e-03 4.720342345535755157e-03 2.041072817519307137e-03 1.388391392538323998e-04 1.373043342027813196e-04 9.385392331751063466e-05
1.793897594325244427e-03 4.540740046650171280e-03 2.058513462543487549e-03 1.457571052014827728e-04 1.389089447911828756e-04 9.991457045543938875e-05
1.746669062413275242e-03 3.744018264114856720e-03 2.052062191069126129e-03 1.420075132045894861e-04 1.394186401739716530e-04 9.210751159116625786e-05
1.831145142205059528e-03 4.930729512125253677e-03 2.033291384577751160e-03 1.364751951768994331e-04 1.358735316898673773e-04 1.080774163710884750e-04
1.984464237466454506e-03 5.415917374193668365e-03 2.038597362115979195e-03 1.384461211273446679e-04 1.379572058795019984e-04 1.221986603923141956e-04
2.111505251377820969e-03 5.801944993436336517e-03 2.052078023552894592e-03 1.433427387382835150e-04 1.395133731421083212e-04 1.077866472769528627e-04
2.462779870256781578e-03 5.891227629035711288e-03 2.016148529946804047e-03 1.415667647961527109e-04 1.367860386380925775e-04 9.628240513848140836e-05
2.591165481135249138e-03 7.496780250221490860e-03 2.014566212892532349e-03 1.461196370655670762e-04 1.354772684862837195e-04 1.082848684745840728e-04
2.622677013278007507e-03 7.501587271690368652e-03 2.001928398385643959e-03 1.501316437497735023e-04 1.371831604046747088e-04 1.139702872023917735e-04
2.577326493337750435e-03 6.715042982250452042e-03 1.987922936677932739e-03 1.471076684538275003e-04 1.370479440083727241e-04 1.126540519180707633e-04
2.195935463532805443e-03 6.169653497636318207e-03 1.963800052180886269e-03 1.442449429305270314e-04 1.376590662403032184e-04 9.716834756545722485e-05
2.198654459789395332e-03 5.894149653613567352e-03 1.953269587829709053e-03 1.451236894354224205e-04 1.387541124131530523e-04 9.788573515834286809e-05
1.886532292701303959e-03 5.450622178614139557e-03 1.927484292536973953e-03 1.445786037947982550e-04 1.394877908751368523e-04 9.056583076016977429e-05
2.144393278285861015e-03 4.991251043975353241e-03 1.952161546796560287e-03 1.445291709387674928e-04 1.398906606482341886e-04 9.396351379109546542e-05
3.110096557065844536e-03 6.120563950389623642e-03 1.987436786293983459e-03 1.512458256911486387e-04 1.401960616931319237e-04 1.437904284102842212e-04
4.077912773936986923e-03 8.338090963661670685e-03 2.036675112321972847e-03 1.565144775668159127e-04 1.433881116099655628e-04 1.469537673983722925e-04
3.810264635831117630e-03 6.870614364743232727e-03 2.028635935857892036e-03 1.550863962620496750e-04 1.424219371983781457e-04 1.252453657798469067e-04
4.433422349393367767e-03 7.335617206990718842e-03 2.040350111201405525e-03 1.558725343784317374e-04 1.413893623976036906e-04 1.397270243614912033e-04
3.266127780079841614e-03 7.041804958134889603e-03 2.045443048700690269e-03 1.526413689134642482e-04 1.406409428454935551e-04 1.242401194758713245e-04
2.810345962643623352e-03 6.923555396497249603e-03 2.038814127445220947e-03 1.549973967485129833e-04 1.403203350491821766e-04 1.059034548234194517e-04
3.295072354376316071e-03 8.990118280053138733e-03 2.027868060395121574e-03 1.553104666527360678e-04 1.396973821101710200e-04 1.472454605391249061e-04
3.894952591508626938e-03 1.156903058290481567e-02 2.027251524850726128e-03 1.572037726873531938e-04 1.404991926392540336e-04 1.569327578181400895e-04
4.581035580486059189e-03 1.260867808014154434e-02 2.028519986197352409e-03 1.564067206345498562e-04 1.403151109116151929e-04 1.621119445189833641e-04
4.703723825514316559e-03 1.276322361081838608e-02 1.999781467020511627e-03 1.524787803646177053e-04 1.382351474603638053e-04 1.594704081071540713e-04
4.754015710204839706e-03 1.396116521209478378e-02 1.989237265661358833e-03 1.524471881566569209e-04 1.380008470732718706e-04 1.730811636662110686e-04
4.808216355741024017e-03 1.276004500687122345e-02 1.984014641493558884e-03 1.518885837867856026e-04 1.379047025693580508e-04 1.563730911584571004e-04
4.377593751996755600e-03 8.613679558038711548e-03 1.978334737941622734e-03 1.558012008899822831e-04 1.393104175804182887e-04 1.210569243994541466e-04
5.066578276455402374e-03 8.205384947359561920e-03 1.984086353331804276e-03 1.617701200302690268e-04 1.415019069099798799e-04 1.331955863861367106e-04
4.159750882536172867e-03 7.519582752138376236e-03 1.957115717232227325e-03 1.613790082046762109e-04 1.391434198012575507e-04 1.356694992864504457e-04
3.258495358750224113e-03 6.471436470746994019e-03 1.941593829542398453e-03 1.606138976057991385e-04 1.375682913931086659e-04 1.168011876870878041e-04
3.273127833381295204e-03 6.524460390210151672e-03 1.918521476909518242e-03 1.613319036550819874e-04 1.317996211582794785e-04 1.195513614220544696e-04
2.626715460792183876e-03 8.334770798683166504e-03 1.897458452731370926e-03 1.618534151930361986e-04 1.328859798377379775e-04 1.750642695697024465e-04
4.011119715869426727e-03 1.015037577599287033e-02 1.892659114673733711e-03 1.634866930544376373e-04 1.348000077996402979e-04 2.042592532234266400e-04
5.275779869407415390e-03 1.026236824691295624e-02 1.899131108075380325e-03 1.654978550504893064e-04 1.370237732771784067e-04 1.693236845312640071e-04
4.908671136945486069e-03 8.770086802542209625e-03 1.895789522677659988e-03 1.680780696915462613e-04 1.379571331199258566e-04 1.252363290404900908e-04
4.945144057273864746e-03 1.023980509489774704e-02 1.886523095890879631e-03 1.674107770668342710e-04 1.370036188745871186e-04 1.669381599640473723e-04
5.066569428890943527e-03 1.006831601262092590e-02 1.874161884188652039e-03 1.664961164351552725e-04 1.365903444821015000e-04 1.730195072013884783e-04
5.296243354678153992e-03 1.033307332545518875e-02 1.867218525148928165e-03 1.680621790001168847e-04 1.359187153866514564e-04 1.671385398367419839e-04
5.296578165143728256e-03 9.419399313628673553e-03 1.851295470260083675e-03 1.678546395851299167e-04 1.332145038759335876e-04 1.564658305142074823e-04
5.833036266267299652e-03 7.762423250824213028e-03 1.842151978053152561e-03 1.675848325248807669e-04 1.337679423158988357e-04 1.591546460986137390e-04
6.882758345454931259e-03 7.659090217202901840e-03 1.801832695491611958e-03 1.655202941037714481e-04 1.340731832897290587e-04 1.812682457966729999e-04
7.510412950068712234e-03 7.800146006047725677e-03 1.808925764635205269e-03 1.660810958128422499e-04 1.326652272837236524e-04 1.844202924985438585e-04
7.661989890038967133e-03 8.250569924712181091e-03 1.814906136132776737e-03 1.643384457565844059e-04 1.327508362010121346e-04 1.478650374338030815e-04
6.110646296292543411e-03 7.591671310365200043e-03 1.764375832863152027e-03 1.634797808947041631e-04 1.345474302070215344e-04 1.215387383126653731e-04
5.391890648752450943e-03 7.680646143853664398e-03 1.769692404195666313e-03 1.630465703783556819e-04 1.319552684435620904e-04 1.134467383963055909e-04
5.814083386212587357e-03 8.330302312970161438e-03 1.777686062268912792e-03 1.651298953220248222e-04 1.359297020826488733e-04 1.194858486996963620e-04
5.441142711788415909e-03 8.577385917305946350e-03 1.777440775185823441e-03 1.675483654253184795e-04 1.348156220046803355e-04 1.083677707356400788e-04
5.675181280821561813e-03 8.651309646666049957e-03 1.774906180799007416e-03 1.671869977144524455e-04 1.342323521384969354e-04 1.055454849847592413e-04
5.673194769769906998e-03 8.443949744105339050e-03 1.771732233464717865e-03 1.680018467595800757e-04 1.330026279902085662e-04 1.048762060236185789e-04
5.810573231428861618e-03 8.238400332629680634e-03 1.767173991538584232e-03 1.683219015831127763e-04 1.335785491392016411e-04 9.609014523448422551e-05
6.401401944458484650e-03 8.307227864861488342e-03 1.778569305315613747e-03 1.668077165959402919e-04 1.352126710116863251e-04 1.083278621081262827e-04
6.443904247134923935e-03 7.885755971074104309e-03 1.786284963600337505e-03 1.667944743530824780e-04 1.328143407590687275e-04 1.227219036081805825e-04
4.776879679411649704e-03 7.803247775882482529e-03 1.791575923562049866e-03 1.653957879170775414e-04 1.320705778198316693e-04 1.065744509105570614e-04
6.795247085392475128e-03 8.250827901065349579e-03 1.796269905753433704e-03 1.691863144515082240e-04 1.348087971564382315e-04 1.221543207066133618e-04
7.330347318202257156e-03 8.731657639145851135e-03 1.807368011213839054e-03 1.618014794075861573e-04 1.355664717266336083e-04 1.355781569145619869e-04
5.189100280404090881e-03 7.738647516816854477e-03 1.807378372177481651e-03 1.592787593835964799e-04 1.334375410806387663e-04 1.407867093803361058e-04
4.190717823803424835e-03 7.685713469982147217e-03 1.791895250789821148e-03 1.541023520985618234e-04 1.322236639680340886e-04 1.399483735440298915e-04
4.167897161096334457e-03 6.818863097578287125e-03 1.799174235202372074e-03 1.513085007900372148e-04 1.334562984993681312e-04 1.154011260950937867e-04
4.513535182923078537e-03 6.444330792874097824e-03 1.827095169574022293e-03 1.531597808934748173e-04 1.351787213934585452e-04 1.010473279166035354e-04
4.736095201224088669e-03 6.942266598343849182e-03 1.835464849136769772e-03 1.505903637735173106e-04 1.380199973937124014e-04 1.039460257743485272e-04
5.168228875845670700e-03 7.483225315809249878e-03 1.852915505878627300e-03 1.572539040353149176e-04 1.374873099848628044e-04 1.157677979790605605e-04
4.668830893933773041e-03 7.552161347121000290e-03 1.854109112173318863e-03 1.553278852952644229e-04 1.357072615064680576e-04 1.103130707633681595e-04
4.953753668814897537e-03 7.453627884387969971e-03 1.840246142819523811e-03 1.429793919669464231e-04 1.391832338413223624e-04 1.170493633253499866e-04
4.478527698665857315e-03 5.183716770261526108e-03 1.846945961005985737e-03 1.533695467514917254e-04 1.360741880489513278e-04 1.363074698019772768e-04
4.631044808775186539e-03 4.645142704248428345e-03 1.829608459956943989e-03 1.445960660930722952e-04 1.345414784736931324e-04 1.360708993161097169e-04
3.722318680956959724e-03 4.652351606637239456e-03 1.816036528907716274e-03 1.454113516956567764e-04 1.338981965091079473e-04 1.139303349191322923e-04
4.097261000424623489e-03 4.780301358550786972e-03 1.758603495545685291e-03 1.434082369087263942e-04 1.342185132671147585e-04 1.209158435813151300e-04
4.382833372801542282e-03 4.526255186647176743e-03 1.782047678716480732e-03 1.449245610274374485e-04 1.346374774584546685e-04 1.244331797352060676e-04
5.444715265184640884e-03 3.071377519518136978e-03 1.834730268456041813e-03 1.411502889823168516e-04 1.391312252962961793e-04 1.395476720063015819e-04
7.140866015106439590e-03 5.458164494484663010e-03 1.855896203778684139e-03 1.497846678830683231e-04 1.364510098937898874e-04 1.585634890943765640e-04
7.020434830337762833e-03 5.932469386607408524e-03 1.884626224637031555e-03 1.476978795835748315e-04 1.413679565303027630e-04 1.636753440834581852e-04
4.855874925851821899e-03 5.961797200143337250e-03 1.903295400552451611e-03 1.513276220066472888e-04 1.422259374521672726e-04 1.244531886186450720e-04
4.409885499626398087e-03 6.872777361422777176e-03 1.921748742461204529e-03 1.579641393618658185e-04 1.406139781465753913e-04 1.085824478650465608e-04
3.480752697214484215e-03 7.548754103481769562e-03 1.909786136820912361e-03 1.432510180165991187e-04 1.387798693031072617e-04 8.792525477474555373e-05
3.074362641200423241e-03 7.273289840668439865e-03 1.909608836285769939e-03 1.516243064543232322e-04 1.390005490975454450e-04 9.069454972632229328e-05
3.397677559405565262e-03 6.687486544251441956e-03 1.909296377561986446e-03 1.544360711704939604e-04 1.411563280271366239e-04 1.089896177290938795e-04
3.248372813686728477e-03 7.713343948125839233e-03 1.915012486279010773e-03 1.511119189672172070e-04 1.436297170585021377e-04 1.018205075524747372e-04
6.451995577663183212e-03 6.163151003420352936e-03 1.912315725348889828e-03 1.500646467320621014e-04 1.440081978216767311e-04 1.994007325265556574e-04
4.161668475717306137e-03 5.156434606760740280e-03 1.901477109640836716e-03 1.483090163674205542e-04 1.428613031748682261e-04 1.100281297112815082e-04
3.773713950067758560e-03 6.412293296307325363e-03 1.895363908261060715e-03 1.472817384637892246e-04 1.419418695149943233e-04 9.456834959564730525e-05
3.971581812947988510e-03 6.466089747846126556e-03 1.889272825792431831e-03 1.483295636717230082e-04 1.433530560461804271e-04 1.041953437379561365e-04
3.683440620079636574e-03 5.524058360606431961e-03 1.870871055871248245e-03 1.479507627664133906e-04 1.425093068974092603e-04 1.025706296786665916e-04
3.790862392634153366e-03 5.143844056874513626e-03 1.847599167376756668e-03 1.524020335637032986e-04 1.454799057682976127e-04 1.134403355536051095e-04
4.349042195826768875e-03 5.677991546690464020e-03 1.817522570490837097e-03 1.515614567324519157e-04 1.437317550880834460e-04 1.214865405927412212e-04
3.891973756253719330e-03 5.928600206971168518e-03 1.757925841957330704e-03 1.497440825914964080e-04 1.393836864735931158e-04 1.459977356716990471e-04
3.928993828594684601e-03 6.077865604311227798e-03 1.731183729134500027e-03 1.520889636594802141e-04 1.451512071071192622e-04 1.261648721992969513e-04
3.646276658400893211e-03 6.255768239498138428e-03 1.701148226857185364e-03 1.505990221630781889e-04 1.432554854545742273e-04 1.382625923724845052e-04
3.270302200689911842e-03 6.395465228706598282e-03 1.675999839790165424e-03 1.547483552712947130e-04 1.477417972637340426e-04 1.293628447456285357e-04
5.929778795689344406e-03 5.855475086718797684e-03 1.659003552049398422e-03 1.562362158438190818e-04 1.456495810998603702e-04 1.461116335121914744e-04
4.822059534490108490e-03 5.146543495357036591e-03 1.633898005820810795e-03 1.585264399182051420e-04 1.438878534827381372e-04 1.271371584152802825e-04
5.335794296115636826e-03 3.983964677900075912e-03 1.604864955879747868e-03 1.603166019776836038e-04 1.454436860512942076e-04 1.541543315397575498e-04
4.957739263772964478e-03 3.848598804324865341e-03 1.566190272569656372e-03 1.607167941983789206e-04 1.439479092368856072e-04 1.403851201757788658e-04
4.442729521542787552e-03 4.442705307155847549e-03 1.523231039755046368e-03 1.619618706172332168e-04 1.455774181522428989e-04 1.249990455107763410e-04
3.917568363249301910e-03 4.101317375898361206e-03 1.469696057029068470e-03 1.626072044018656015e-04 1.450823765480890870e-04 1.106396666727960110e-04
4.171313717961311340e-03 3.674306441098451614e-03 1.396018778905272484e-03 1.621675619389861822e-04 1.310796360485255718e-04 1.199916805489920080e-04
6.127287633717060089e-03 5.346146877855062485e-03 1.361730159260332584e-03 1.630448095966130495e-04 1.334315311396494508e-04 1.800014870241284370e-04
5.199428182095289230e-03 4.300165455788373947e-03 1.330406754277646542e-03 1.633948122616857290e-04 1.364906784147024155e-04 1.332014799118041992e-04
5.385516677051782608e-03 4.039231687784194946e-03 1.268961234018206596e-03 1.634984218981117010e-04 1.350225647911429405e-04 1.413307763868942857e-04
5.448522511869668961e-03 4.050956107676029205e-03 1.210033777169883251e-03 1.637344103073701262e-04 1.372474507661536336e-04 1.551838504383340478e-04
5.308952648192644119e-03 4.172485321760177612e-03 1.153733232058584690e-03 1.662324939388781786e-04 1.328551006736233830e-04 1.710609649308025837e-04
5.308602470904588699e-03 4.077460616827011108e-03 1.123040216043591499e-03 1.695977553026750684e-04 1.364266936434432864e-04 1.654810330364853144e-04
4.782042931765317917e-03 2.979156794026494026e-03 1.076308777555823326e-03 1.693619124125689268e-04 1.300059229834005237e-04 1.331671228399500251e-04
4.761423915624618530e-03 2.917721634730696678e-03 1.069718389771878719e-03 1.750506053213030100e-04 1.365806529065594077e-04 1.639959518797695637e-04
5.142672453075647354e-03 2.854135585948824883e-03 1.026858342811465263e-03 1.770313683664426208e-04 1.406875671818852425e-04 1.949123106896877289e-04
4.808525089174509048e-03 3.095422871410846710e-03 1.094739185646176338e-03 1.757036225171759725e-04 1.351042301394045353e-04 1.937028137035667896e-04
5.539133679121732712e-03 3.057690570130944252e-03 1.110433018766343594e-03 1.753353426465764642e-04 1.390849938616156578e-04 2.115300158038735390e-04
6.165235769003629684e-03 1.687000971287488937e-03 1.088429009541869164e-03 1.777399302227422595e-04 1.379901223117485642e-04 1.720611908240243793e-04
6.334914825856685638e-03 2.794761443510651588e-03 1.082585775293409824e-03 1.709781208774074912e-04 1.433424331480637193e-04 1.557451178086921573e-04
6.155295297503471375e-03 4.237322602421045303e-03 1.115891383960843086e-03 1.697178668109700084e-04 1.488328853156417608e-04 1.804299245122820139e-04
8.003499358892440796e-03 4.482852295041084290e-03 1.145463436841964722e-03 1.636502274777740240e-04 1.493833697168156505e-04 2.230552781838923693e-04
8.364470675587654114e-03 4.898516926914453506e-03 1.178812002763152122e-03 1.615008950466290116e-04 1.485235698055475950e-04 1.869382103905081749e-04
9.306716732680797577e-03 3.283880418166518211e-03 1.222189399413764477e-03 1.653849758440628648e-04 1.470657298341393471e-04 2.014009223785251379e-04
7.555025629699230194e-03 3.143618116155266762e-03 1.279726624488830566e-03 1.698154228506609797e-04 1.488865382270887494e-04 2.127930929418653250e-04
5.692489445209503174e-03 2.782764611765742302e-03 1.367739168927073479e-03 1.682612200966104865e-04 1.536338531877845526e-04 1.651191269047558308e-04
6.259837187826633453e-03 2.703306963667273521e-03 1.438869745470583439e-03 1.690856297500431538e-04 1.585679565323516726e-04 1.959898654604330659e-04
5.853147245943546295e-03 2.621106570586562157e-03 1.487611327320337296e-03 1.717679551802575588e-04 1.672092039370909333e-04 1.985012204386293888e-04
6.816633045673370361e-03 2.851921133697032928e-03 1.529488712549209595e-03 1.762776955729350448e-04 1.719730644254013896e-04 1.909337297547608614e-04
7.454826496541500092e-03 3.441843669861555099e-03 1.563226920552551746e-03 1.753909018589183688e-04 1.737558777676895261e-04 1.982814719667658210e-04
7.837797515094280243e-03 3.507301211357116699e-03 1.581880962476134300e-03 1.754734694259241223e-04 1.642915449338033795e-04 1.964731491170823574e-04
6.497413385659456253e-03 3.149174386635422707e-03 1.601292169652879238e-03 1.778020232450217009e-04 1.659517874941229820e-04 1.629011385375633836e-04
7.299930322915315628e-03 2.891151700168848038e-03 1.613279571756720543e-03 1.791707763914018869e-04 1.724639441817998886e-04 1.760987652232870460e-04
8.357690647244453430e-03 2.808647230267524719e-03 1.626555458642542362e-03 1.811802649172022939e-04 1.706346665741875768e-04 2.020164829446002841e-04
9.125905111432075500e-03 3.531252965331077576e-03 1.625821110792458057e-03 1.773587719071656466e-04 1.691163924988359213e-04 2.265949588036164641e-04
9.383749216794967651e-03 3.542630234733223915e-03 1.632524537853896618e-03 1.803855120670050383e-04 1.686950854491442442e-04 2.293086872668936849e-04
9.825203567743301392e-03 3.973105456680059433e-03 1.638084766454994678e-03 1.818804157664999366e-04 1.693904050625860691e-04 2.326296526007354259e-04
9.358178824186325073e-03 3.759383689612150192e-03 1.612763735465705395e-03 1.843095960794016719e-04 1.708272466203197837e-04 2.186250785598531365e-04
8.574155159294605255e-03 3.949024248868227005e-03 1.627984456717967987e-03 1.860674237832427025e-04 1.729538198560476303e-04 2.102605649270117283e-04
8.798121474683284760e-03 3.829050110653042793e-03 1.610891544260084629e-03 1.847663806984201074e-04 1.653335202718153596e-04 1.955944753717631102e-04
8.663512766361236572e-03 3.455946221947669983e-03 1.596264075487852097e-03 1.840480981627479196e-04 1.684984745224937797e-04 2.171423693653196096e-04
6.961567327380180359e-03 2.950072987005114555e-03 1.580988406203687191e-03 1.847162784542888403e-04 1.694980310276150703e-04 1.670830533839762211e-04
7.040945813059806824e-03 2.893586875870823860e-03 1.582251745276153088e-03 1.847809326136484742e-04 1.716640108497813344e-04 1.970786397578194737e-04
7.189955096691846848e-03 2.563219750300049782e-03 1.565623679198324680e-03 1.839792676037177444e-04 1.709100906737148762e-04 1.978717773454263806e-04
9.611646644771099091e-03 3.725251415744423866e-03 1.533952541649341583e-03 1.855106092989444733e-04 1.673603692324832082e-04 2.703576756175607443e-04
1.033843308687210083e-02 4.262547474354505539e-03 1.488532056100666523e-03 1.824601495172828436e-04 1.668813929427415133e-04 2.878627274185419083e-04
8.723787032067775726e-03 3.250022185966372490e-03 1.456996193155646324e-03 1.815931173041462898e-04 1.656440726947039366e-04 2.008244919124990702e-04
8.387445472180843353e-03 3.181905252858996391e-03 1.430363859981298447e-03 1.797911681933328509e-04 1.650153717491775751e-04 2.028660383075475693e-04
3.318647854030132294e-03 3.032119246199727058e-03 1.424149144440889359e-03 1.761974126566201448e-04 1.647106255404651165e-04 1.580126845510676503e-04
