3.340149875284431635e-01 -2.805304552695171531e-03 -1.191484550495427487e-02 -4.099999999999971723e-04 -4.332000000000000781e-03 -1.583299999999998597e-02
3.082348264804520843e-01 -1.409170043517670584e-02 -1.698279263171042358e-02 -2.790000000000014690e-04 -1.051999999999999984e-02 -1.245300000000004736e-02
3.202749061831095534e-01 -3.130210933940286849e-02 -1.983038675280126770e-02 3.182000000000000800e-03 -8.008000000000001228e-03 -1.244500000000003936e-02
3.430411901709027878e-01 -3.792859798360890405e-02 -1.455303785746980827e-02 2.459999999999996911e-04 -3.809999999999993947e-04 -1.395799999999991492e-02
2.970750116333197854e-01 -9.722325266123920187e-03 -7.889582916418820188e-03 8.710000000000002462e-04 2.281999999999999307e-03 -1.252100000000000435e-02
2.758350127152201514e-01 -2.093523931704498187e-03 9.939733109424044120e-04 -2.526000000000000467e-03 1.546000000000002234e-03 -1.252800000000009462e-02
3.075839214081823592e-01 -4.432301949371992189e-04 7.878666447209836318e-03 1.160999999999998838e-03 3.688999999999997836e-03 -1.337599999999983247e-02
2.620971187857672469e-01 -7.043019074410705217e-03 -5.455715347196236041e-03 2.111000000000001764e-03 3.228000000000001701e-03 -1.158900000000007147e-02
2.846804585132158283e-01 -1.064691820419432292e-02 -5.174934181202879048e-03 4.295000000000000207e-03 9.589999999999997832e-04 -1.145400000000007523e-02
3.115743045045202275e-01 -3.148872837664257879e-03 -1.354660911087394700e-04 -1.225000000000000394e-03 6.644999999999999865e-03 -1.251800000000002910e-02
3.014965509424886170e-01 -2.064256354855594638e-02 3.688166356280143509e-03 -2.233999999999999875e-03 1.008000000000000215e-03 -1.192299999999990590e-02
3.062688328708416674e-01 -2.709363436502745456e-02 -3.375846782224804082e-03 -2.960000000000000825e-03 -4.640000000000000027e-03 -1.119200000000009076e-02
3.396858448679465625e-01 -3.831180155133022402e-02 -1.799857720787320300e-02 -1.819999999999981355e-04 -3.296000000000000318e-03 -1.237099999999990985e-02
2.967814721885098095e-01 -1.919243577481501498e-02 -1.387045893762077139e-02 -1.524000000000001048e-03 1.393999999999999406e-03 -1.184200000000013020e-02
2.885624117389052889e-01 -1.664952586199435966e-02 -1.989157809723966774e-02 -4.870000000000013207e-04 1.443000000000001573e-03 -1.170399999999993668e-02
3.393109578781153268e-01 -2.211915029414366490e-02 -1.793500650632263299e-02 2.925000000000000516e-03 -4.167000000000000565e-03 -1.176800000000000068e-02
3.126691312026245173e-01 -2.882737283964052419e-02 -1.388998902349809599e-02 1.822000000000000702e-03 4.488000000000000669e-03 -1.069900000000001405e-02
3.122737199798285568e-01 -2.354069552697832593e-02 -1.016102378026420214e-02 3.639999999999997404e-04 8.174999999999998240e-03 -1.103699999999996351e-02
3.084438863488406790e-01 -1.670461257289670293e-02 -1.626858779120409979e-02 -1.694000000000001060e-03 6.454999999999999800e-03 -1.161299999999998445e-02
3.382449685446624610e-01 -1.245554703877525121e-02 -1.346199615978588802e-02 -6.218999999999998834e-03 6.691000000000000766e-03 -1.322000000000000952e-02
3.129900973512774187e-01 -1.002313531035014214e-02 -7.607916391847343793e-03 -1.079000000000000098e-03 -1.777000000000000801e-03 -1.175199999999998468e-02
3.476766475000502843e-01 -9.020101125074420426e-03 -1.248948175629141510e-02 2.245000000000000467e-03 -4.969999999999999592e-03 -1.309799999999994302e-02
3.159662143799843448e-01 -3.243013720459712174e-03 -2.736134170311878624e-02 2.051000000000000739e-03 -4.590000000000000330e-03 -1.192500000000007443e-02
3.178553164745774318e-01 -6.672803237540595421e-03 -1.968424004157479784e-02 1.469999999999978268e-04 1.474999999999999966e-03 -1.170899999999996943e-02
3.250061647169485979e-01 -8.701419797017861599e-03 -1.586391074222726419e-02 2.400000000000006295e-04 -3.219999999999998037e-04 -1.098399999999999377e-02
