1.105981524574688901e+00 7.085660845765494667e-03 -3.802352453597169536e-03 -2.823050359683589895e-04 1.317685002768505557e-03 -2.019694248490100342e-04
1.107662147133297692e+00 4.042166138406508291e-03 1.939693318947922906e-03 2.766683134906989475e-03 -2.346264306902757796e-03 -4.741203910016740525e-05
1.107692504094994090e+00 5.181441455437192471e-03 5.803361112332216165e-04 4.372361872366685247e-04 -3.694449562552229883e-03 -2.626209709771487035e-04
1.106782987852949152e+00 6.503989606659765776e-03 -3.001592092596857241e-03 5.289161737348388416e-04 -2.286984987136467338e-03 -4.039684570584971615e-04
1.105235838360397516e+00 7.011266065801350852e-03 -5.742396538874081947e-03 -3.083016107531373292e-04 -8.019200129722681364e-04 -2.209734823045232102e-04
1.103227999783426228e+00 7.529808362981620269e-03 -7.292321587239688346e-03 -6.161052015738364366e-04 7.419538736594257855e-04 -2.012757890243521751e-04
1.101252462911304075e+00 6.996886606543143740e-03 -7.745867651096727778e-03 1.470080906921208318e-05 1.073398883197002225e-03 -1.677292501521918274e-04
1.098791901488005207e+00 6.381668758934971354e-03 -6.290363725009203051e-03 5.579139173328950254e-04 7.503074035650391044e-04 -1.604569900182353705e-04
1.096953464846026627e+00 5.748953644112360026e-03 -4.862502643138153294e-03 9.794296393304216964e-04 4.114968189947940938e-04 -2.271796066587588063e-04
1.094455434474134403e+00 5.886793546975388133e-03 -3.637899760699888924e-03 6.670067439126642610e-04 -7.154990857074894741e-04 -1.925128532286646851e-04
1.091621519005141261e+00 6.441863075592601552e-03 -3.189257496014762279e-03 -2.897951149647281156e-06 -5.010115514841104309e-04 -5.795201811848569884e-05
1.087883230320515704e+00 6.160929331835093142e-03 -4.945014301012145945e-03 8.291825807361796622e-04 4.305958314384952888e-04 -2.206685915007083128e-05
1.084946131532642966e+00 7.416979536246570345e-03 -5.262264328623479127e-03 -6.427085171975455060e-04 5.491781940353830226e-04 -5.343159170000788262e-05
1.082358683252975684e+00 7.836950591781011860e-03 -3.762133802959798882e-03 1.847245651716765099e-04 -9.542948489756100357e-04 -2.192788496302146501e-04
1.078786503340667391e+00 7.733625565424470313e-03 -3.745735052509194078e-03 3.594073035164781823e-04 -1.103096182042732258e-03 -2.757751224814787572e-04
1.075277953646672113e+00 8.675613254998012711e-03 -4.889366919743592076e-03 -3.180821124846514979e-04 -4.640434315121938448e-04 -1.807361680349813817e-04
1.071924648812078606e+00 1.019375113034960700e-02 -5.849568671618582232e-03 -2.548291928363936778e-03 -3.847520062184683182e-04 -1.539809589340313423e-04
1.066768853881477019e+00 8.987513686728045015e-03 -6.449389533799973658e-03 7.223249491484757352e-04 8.879359171691356307e-04 -2.087988266033831831e-04
1.061989773657860070e+00 8.999444791653200132e-03 -8.426539623415170432e-03 4.550556961866608369e-04 3.173323911593196791e-03 -8.438048011826884708e-05
1.057828154264669918e+00 1.024838226966088596e-02 -7.330613558515429798e-03 -8.839083782458536731e-04 8.943346647643607384e-04 -3.417127800398623845e-04
1.055993625658251389e+00 7.619409854481674384e-03 -2.099779224653067385e-03 3.018302904170398759e-03 -1.525841981882908966e-03 1.527626279010004255e-04
1.054888098150020603e+00 7.081069571195687702e-03 -3.018578679173504822e-03 2.791244292105663459e-03 -1.623473851407043235e-03 1.816697483289701320e-04
1.053963539314956899e+00 8.128320511732298539e-03 -6.321552325377096174e-03 1.902074883712024040e-03 -6.900252162675127223e-04 -6.005793210095100679e-05
1.053735462348092122e+00 7.934371792934987594e-03 -7.555754781915239617e-03 2.265387184503753204e-03 -8.196354091492051661e-04 3.251827654882348296e-05
1.053945698971063827e+00 8.776871102613072878e-03 -8.836783517826482179e-03 1.809412930753035885e-03 1.312089376372285775e-03 -2.727407142608565091e-04
1.055095169845529535e+00 8.918292639626273360e-03 -1.034072767136886770e-02 2.628128790144933832e-03 2.428973367583673205e-03 -6.458958907140434922e-04
1.058207776561946867e+00 8.634842138382885224e-03 -8.904904366445413888e-03 1.912369733632526174e-03 1.062299753205616639e-03 -5.236976222322274914e-04
1.061307214011510291e+00 8.463268544639628022e-03 -5.524523999959948112e-03 3.074048630960259099e-03 -1.674778936473805217e-03 -6.778662412123428018e-04
1.063982359169910907e+00 8.969686142174854507e-03 -5.345184176182766513e-03 2.107978173287710939e-03 -1.698510912295583342e-03 -5.791994634598915262e-04
1.066572324443505249e+00 1.012887410949476000e-02 -8.594555912193099084e-03 1.982643017705049311e-03 1.877014200011253744e-04 -8.590082084437912794e-04
1.069199018480343044e+00 1.124961306029089413e-02 -9.722622250940627861e-03 1.539197969865904942e-04 7.056805045360163521e-04 -8.597909034531634430e-04
1.072904660741967664e+00 1.229326412259968554e-02 -8.533012865686948750e-03 -2.257868311673164605e-04 1.294360849840527536e-06 -9.908505647522104255e-04
1.076426488570360274e+00 1.272125744908637543e-02 -7.416470628013304214e-03 -5.625779470412896220e-06 -4.452278927448146762e-04 -9.573453258349143508e-04
1.080305687422141059e+00 1.294553904642654560e-02 -7.740864864551957013e-03 -2.461370439630037070e-04 -1.067507520969565240e-04 -6.900626958679419035e-04
1.085040325119847493e+00 1.260394026652338073e-02 -8.940315193438656480e-03 7.250728688478312459e-04 4.293274194707718969e-05 1.453841603454152792e-04
1.090177854054362516e+00 1.170581882317133122e-02 -8.344814579803246091e-03 8.472273721426303895e-04 -1.093524444970008988e-03 1.099404246381392725e-03
1.094803381053053970e+00 1.218450339950144165e-02 -8.715464711321539021e-03 7.136502369289069673e-04 -1.393604332092034971e-03 1.696742117605983544e-03
1.099568181410984335e+00 1.205268458366680860e-02 -1.020835934722497639e-02 6.865792961810006107e-04 -4.729866351982948698e-05 2.139301417837539444e-03
1.103992273454931672e+00 1.304126301539111632e-02 -1.251602340628158068e-02 -6.613699654296385528e-04 9.136516125853581154e-04 2.489682380795144988e-03
1.108465785120994029e+00 1.459790630419334143e-02 -1.178655111547370626e-02 -1.389392818414970053e-03 4.952432965448251827e-04 2.309114137450904089e-03
1.114301617697798674e+00 1.444994913355275926e-02 -1.030962543497702076e-02 -1.262854548899232810e-03 -5.369160695478142516e-04 2.484255793922310589e-03
1.118923623072588747e+00 1.527969731587611180e-02 -1.010738080486089929e-02 -1.256170249590071080e-03 -1.008499048319261076e-03 2.297318399489252025e-03
1.123515653033013928e+00 1.570923201336360542e-02 -1.135654340305032421e-02 -9.334022900101930035e-04 4.571046005498988657e-06 2.289053406945725042e-03
1.128216322220084722e+00 1.569967806298951801e-02 -1.302638996370666415e-02 -1.435204051180526109e-04 9.610915413623168091e-04 2.107436046394197803e-03
1.132795273839999561e+00 1.716917776171617699e-02 -1.206297401890379407e-02 -2.295167976384725542e-03 5.478065262082451288e-04 1.909673992539954708e-03
1.136638888108088663e+00 1.780095830738995938e-02 -1.015512378073380774e-02 -8.357167838872252242e-04 -3.395774715894067175e-04 1.375287016418295753e-03
1.139472164539740096e+00 1.975863212155692591e-02 -8.991028275805409628e-03 -3.443091451599036498e-03 -6.127083082742010908e-04 1.351474728239684779e-03
1.139841136338474836e+00 2.038609607695786308e-02 -9.038080929425276744e-03 -1.692674696343877657e-03 1.038109893135028342e-03 9.333649633337147769e-04
1.139518675476590914e+00 2.034725597348785095e-02 -1.178934814241002459e-02 -1.008480575908813227e-03 4.518651170046989775e-03 6.073908367630425058e-04
1.140634530943580582e+00 1.959412482915642850e-02 -8.116602381754062928e-03 -6.281952835838103093e-04 2.807897924722404723e-03 7.194818915978102355e-04
1.141872052006065674e+00 1.752528428744640904e-02 -4.474898847116665817e-04 2.091725578545976759e-03 -1.592655911320664877e-03 8.245621270983408959e-04
1.141768675253904464e+00 1.747750312293152447e-02 3.657226637360251999e-04 1.255062751349759033e-03 -2.925008006580418710e-03 8.338827094772613196e-04
1.140326969559431358e+00 1.980765632300196186e-02 -3.490184388286460184e-03 -3.153779727493822779e-04 -7.075879680595724723e-04 1.019634127237827482e-04
1.139372904314838841e+00 2.097972003731406535e-02 -4.876926042466527000e-03 -1.259600024970819942e-03 3.721669480234753697e-04 -2.243669418090891445e-04
1.138908489124894841e+00 2.173670298375256910e-02 -4.164953573722289179e-03 -1.854501565722709282e-03 7.375493317577497395e-05 -6.193172984262093964e-04
1.138696225829825437e+00 2.156616556895058281e-02 -3.239921990471297635e-03 -1.202102069098255795e-03 -3.734569361261542791e-04 -1.070867273802546260e-03
1.138399495644721648e+00 2.161872545004236632e-02 -3.281467098764619030e-03 -1.072511461870630234e-03 -5.768741255616078841e-04 -1.588784330930174526e-03
1.138046109668224171e+00 2.057748104676147480e-02 -4.143254175560163489e-03 8.876817616157074318e-04 3.411056067402300739e-04 -1.702724086393147054e-03
1.138568416772769876e+00 1.995564161418850180e-02 -4.978453617119895855e-03 8.725482326620342868e-04 4.448834869328429807e-04 -1.750945223183842563e-03
1.139898015960777666e+00 1.918412799643525596e-02 -3.084639712143503586e-03 1.992538794136580575e-03 -1.435234649862903800e-03 -1.606259841032958843e-03
1.140790425993380319e+00 1.845076971712896613e-02 -3.442969523747723727e-03 2.787798323698416347e-03 -1.761552941029939515e-03 -1.751100666187392803e-03
1.141360230624928196e+00 1.804231973213373669e-02 -6.280295464077172499e-03 2.670252245709813302e-03 3.793553979300055183e-04 -1.804098623163779549e-03
1.142237627451746285e+00 1.812899116017828091e-02 -7.961465619813083705e-03 2.726107874627851663e-03 1.917215874910396193e-03 -1.975591306825716809e-03
1.143922576799775381e+00 1.816947543725010855e-02 -6.837417307951859473e-03 1.986168606894930539e-03 1.709645040932584016e-03 -1.922177285927946858e-03
1.145672703945553206e+00 1.844296630584706803e-02 -3.450098039172556225e-03 1.692667048394149061e-03 6.287524495173273326e-04 -1.852888606472883866e-03
1.146934797168498887e+00 1.879554248730901100e-02 -2.830227231838933297e-03 1.693179350052662372e-03 1.443177765527619075e-03 -2.007577818483282425e-03
1.148821893113723736e+00 1.927894347724223162e-02 -1.670075818789733095e-03 2.515508013329434303e-04 1.035741765302609441e-03 -1.686322125937207575e-03
1.151138469052674917e+00 1.941940170595774992e-02 2.711281578159549488e-04 2.673091658159943156e-04 -9.065455987697444273e-04 -1.608025972354353407e-03
1.152961531333851486e+00 1.924275475908640218e-02 8.001899088131243440e-04 5.970960360717831239e-04 -2.061945521471225933e-03 -1.611221985077699237e-03
1.154536568344120884e+00 1.956817899039903913e-02 -1.411708264159741407e-03 -1.837854110568453033e-04 -1.178650103430923819e-03 -1.545944319472362678e-03
1.156144431137346995e+00 1.913808374093296100e-02 -4.049064871842593567e-03 5.973531025102505167e-04 -5.686738437891197470e-04 -1.594866299228210691e-03
1.158242750641339525e+00 1.872001053386829553e-02 -4.827113452826912315e-03 -3.246762596079488870e-04 -1.974174139473154957e-04 -1.309634422036184270e-03
1.161047333869583253e+00 1.882498810726114524e-02 -4.402128831610572883e-03 3.525455069573782239e-05 -1.171925766546616857e-03 -1.608698730888927057e-03
1.163513398652489705e+00 1.914140116516412776e-02 -4.082997358759980593e-03 -7.213767404656035729e-04 -2.227567716587246748e-03 -1.731357422519659876e-03
1.165704905423285309e+00 2.028424430223030317e-02 -6.485030211134621206e-03 -2.241435593405175647e-03 -1.572026349993600747e-03 -1.859639784278381341e-03
1.167843899360251569e+00 2.052307414040652894e-02 -9.420334611562008326e-03 -1.320280737654693686e-03 -6.543042459375567532e-04 -2.019355461865791727e-03
1.169859290049809930e+00 1.983977277332253999e-02 -1.074061118481501806e-02 -9.116785619181211591e-04 5.852568506173246596e-04 -1.985709190265550709e-03
1.172049955281120770e+00 1.901604470072873823e-02 -1.149738766019140976e-02 2.659148968626243300e-04 1.296570369966132310e-03 -1.885807599679844605e-03
1.174970298818928560e+00 1.873445224233173320e-02 -9.826415518297137650e-03 6.138551141322103662e-04 4.916334896858940481e-04 -1.826783281333511401e-03
1.176474758615472016e+00 1.817137613360214968e-02 -7.317001685551292878e-03 8.754239789328104211e-04 -3.572772337897390615e-04 -1.439648588547197709e-03
1.176113030701420481e+00 1.794634607634354451e-02 -7.820065959090074029e-03 1.034825399033822762e-03 4.691119436197363599e-04 -9.169491653132853240e-04
1.175670975634733662e+00 1.858140924827775611e-02 -6.773587885617433739e-03 -6.412563745065395912e-04 1.175988166658982313e-04 -3.432038239816216359e-04
1.174652341919884879e+00 1.951112870427401322e-02 -4.907805744453545144e-03 -1.552583617144604692e-03 -9.752265275641164603e-04 -2.314057109465170008e-04
1.172680557365174847e+00 2.052872690832407282e-02 -5.056890201682648529e-03 -2.547993402598247841e-03 -4.584409499287788207e-04 1.669179834789900202e-04
1.169165693751744728e+00 2.065859213191817423e-02 -6.266675623498457054e-03 -2.234066193104051242e-03 -4.113614950463029491e-04 3.344962883419656374e-04
1.167087524079584382e+00 2.056046690910847893e-02 -6.791863526530349249e-03 -2.339067451581795624e-03 -3.352042365545839430e-04 1.128662613867575156e-03
1.164708316925938680e+00 1.958637863205693261e-02 -6.174961718750179678e-03 -1.478410059483553380e-03 -8.406218735858382715e-04 1.762471299192482901e-03
1.161112219366037257e+00 1.842431558406255887e-02 -7.522077580441289928e-03 -1.608696323808978717e-04 9.216295973165510198e-04 2.089166629911582036e-03
1.157674555089196700e+00 1.893215691757274208e-02 -8.238169627032287251e-03 -1.584171762345574792e-03 1.707593545195986535e-03 2.562460994236653855e-03
1.153343900420735979e+00 1.877727816939021854e-02 -6.634031329606529873e-03 -3.612384432817436139e-04 1.927490045766959686e-03 2.362710207738363474e-03
1.149958616384621823e+00 1.794075844810276779e-02 -5.514113648015587545e-03 3.588414883306478257e-04 3.063698318783127181e-03 2.602759611919936225e-03
1.147165013689626756e+00 1.833672908678862096e-02 -2.300011719112543627e-03 -2.143316437066780265e-05 1.080395146544457178e-03 2.542276163731098989e-03
1.144595718507770199e+00 1.813567243747874272e-02 1.787305031993621394e-03 4.445461707094864592e-04 -2.312412655673772022e-03 2.146809336882841892e-03
1.142932089523563954e+00 1.782939457507601647e-02 1.682495488612404007e-04 1.375295092968885965e-03 -2.499366245765164557e-03 1.838342297855083234e-03
1.142373463774404296e+00 1.912072815768551745e-02 -3.638394589610580068e-03 -6.751369712178771805e-04 -4.025104901978418114e-04 1.374057682456109562e-03
1.142221623430208277e+00 1.991166486004482608e-02 -6.284861168108407496e-03 -5.432568634965953980e-04 4.508909527852893737e-04 8.546912944673351522e-04
1.143225824011406377e+00 2.031596086654914243e-02 -6.687540299142672937e-03 -1.376001907773663924e-03 8.603176526509967057e-04 1.230327889601972463e-04
1.144362629530353281e+00 2.048497397480801216e-02 -6.094292600286866507e-03 4.417739340910999064e-05 -4.336443389405208294e-05 -5.364729761078038204e-04
1.145852631720734705e+00 1.966720296701013684e-02 -6.018789868708004920e-03 4.092142100354385610e-04 -1.808734086274677879e-04 -7.136587319064460842e-04
1.147193818832654255e+00 1.837717198111258818e-02 -6.351789560856093385e-03 1.799414089786050604e-03 -3.838150482128995850e-05 -7.284113359152068808e-04
1.148828852931656153e+00 1.773530197609625436e-02 -7.219678562294214001e-03 1.355636313014292344e-03 1.444005931910982785e-04 -5.525352511403287424e-04
1.149754618188443267e+00 1.637498945289807273e-02 -6.129681133014507066e-03 2.781286953835984590e-03 1.150723471973902622e-04 -6.388032234096603082e-04
1.149275275808259833e+00 1.658169327558374484e-02 -6.293377956335118907e-03 1.739372386568565449e-03 2.406889543300048831e-04 -7.226922464083913433e-04
1.148511262880285821e+00 1.653696698929607231e-02 -5.282111216205961912e-03 1.992893400483274069e-03 -5.704633900080848582e-04 -6.082737891123535809e-04
1.147112034072505615e+00 1.582209843946631375e-02 -4.439707369834394214e-03 2.605873901692397267e-03 -7.252487879927755829e-04 -5.792034684905496625e-04
1.144052620259941921e+00 1.541560430216558537e-02 -4.177872669600251124e-03 2.319108929068797002e-03 -6.223300221740247010e-04 -2.917570877306281739e-04
1.141292100314230895e+00 1.524146295611946735e-02 -5.053906626723769606e-03 1.496224928141902518e-03 3.007313447161078629e-04 -1.294330149721192804e-04
1.137988419234012172e+00 1.407217550963754671e-02 -5.172444420073874990e-03 2.974446769926721284e-03 6.993481760069690089e-04 -1.003938790936810955e-05
1.135300982001693493e+00 1.405531937893135866e-02 -4.208982440985927463e-03 2.006485939677940620e-03 7.269077498242954797e-04 -1.703205112840696972e-04
1.132162880650256609e+00 1.465816637428086523e-02 -3.710053813007629150e-03 5.730623284063096840e-04 9.946981002174558849e-04 -1.794551049935052387e-05
1.128829378607524303e+00 1.434128598705342733e-02 -1.831772562987852692e-03 1.146300751165538461e-03 -8.190357124173048035e-04 8.178058379730678148e-05
1.125493348057706289e+00 1.428224599111758628e-02 -8.586520524454780865e-04 6.275941570974930906e-04 -1.539946167263017175e-03 -8.607323394022624102e-05
1.121976190679813801e+00 1.388057296337213281e-02 -1.555559234449812407e-03 9.899069087585892456e-04 -1.041536757367420105e-03 2.571919154066787199e-04
1.117424117178943410e+00 1.224907449340019959e-02 -4.420127256865775435e-03 1.662433040332427121e-03 9.785398165378588701e-04 5.781936245829660337e-04
1.113657396300465008e+00 1.153662647935794691e-02 -4.968894631664535523e-03 1.604896887797631387e-03 6.171837452806252892e-04 4.098089236976984115e-04
1.109562380202382181e+00 1.164535106898336239e-02 -3.092899944003645735e-03 5.563726702838819654e-04 -6.575264628432524053e-04 6.017472071615768709e-04
1.105709991831926642e+00 1.144986511318640994e-02 -3.227054339260219343e-03 3.962365039028266432e-04 -1.132121736810933702e-03 5.733169320219856690e-04
1.101406073411217212e+00 1.173152772463141418e-02 -3.613528338587058096e-03 -1.086971479185240910e-03 -2.092219780889281820e-03 5.089587288282938337e-04
1.096402562291079796e+00 1.301209751432258650e-02 -4.616816688857876272e-03 -2.643530751317869736e-03 -2.173229137385840597e-03 2.051497849478018092e-04
1.090878456345785175e+00 1.205814887501922492e-02 -7.708002613470213253e-03 -1.252709264498699055e-03 3.225818098705356043e-04 3.007098634814079274e-04
1.086506057320782759e+00 1.118186634987712764e-02 -1.016062344616052750e-02 -1.891043113034968776e-03 1.444695326011474507e-03 2.152942724265304605e-04
1.082068023101776744e+00 1.067254502573297854e-02 -8.846488736689202270e-03 -1.619686804640796873e-03 3.767583026316633681e-04 2.287351906536689162e-04
1.078683336499858481e+00 8.953099514097135475e-03 -5.797247022020061286e-03 -1.868484994176127824e-03 -2.790986203100657894e-03 5.492217595022061546e-04
1.073605324990226872e+00 7.430609207787979009e-03 -8.717896465392348943e-03 1.433148725835530759e-03 -2.819598491814736055e-03 2.660854529118668083e-04
1.068189289002311915e+00 8.298956182933166573e-03 -1.098458975110689836e-02 -1.761095460632921845e-03 2.024357052472189908e-04 -6.815667332463516229e-06
1.063643858258270791e+00 8.064453146959117691e-03 -1.140949209565802862e-02 -8.102185266538717992e-04 6.745255262450458415e-04 -2.696752508746015110e-04
1.060115360446842736e+00 6.471921245589041562e-03 -1.023741152481504914e-02 -3.736302600569109140e-04 -4.767435088357337061e-04 1.467854111563222572e-04
1.055677541948746301e+00 6.019881784924349839e-03 -8.931416070723608575e-03 -5.755572989006490017e-04 -1.223310350622714478e-03 2.334105332113766394e-04
1.051516415450151065e+00 5.233412609686275210e-03 -9.915331868765177303e-03 1.030762346738546900e-04 -1.334040638042750890e-03 3.214430678959460052e-04
1.047194233078617476e+00 5.349613077631852794e-03 -1.167404851279992516e-02 -1.104702000307238551e-03 -2.239141975681094396e-04 3.563158859306811985e-04
1.042085960639095088e+00 6.314268976612968931e-03 -1.222190599517934857e-02 -2.384545514982335922e-03 1.057517594638376739e-03 4.384456817717643498e-04
1.036956230594980211e+00 6.487848557667053213e-03 -1.242433234541723275e-02 -2.764579303997933245e-03 2.704090671113031606e-03 5.703879408040058796e-04
1.031474591204679658e+00 6.099078921014727123e-03 -1.182990009293040899e-02 -1.916126251798721397e-03 3.598241817278940990e-03 5.219898317005309749e-04
1.025423086228901104e+00 6.642491377046198450e-03 -8.081947704059256124e-03 -2.748296262292735607e-03 3.170723163180246950e-03 6.072783440737237722e-04
1.019971261493124004e+00 5.267541824112357933e-03 -4.965357989107862559e-03 -6.987642968768556116e-04 2.237629689532592142e-03 3.405094681386100866e-04
1.014587264998285665e+00 3.539894910252419473e-03 -1.643070046050766880e-03 -1.556976449139896670e-04 3.843379375158359631e-04 8.275515801757774752e-04
1.009802423522586867e+00 2.851809609325860889e-03 1.689346983506123971e-04 1.539298998619711154e-03 -1.910795497547715556e-03 6.341013823508049674e-04
1.004532788829568313e+00 1.212633912460761533e-03 1.227905260299309940e-03 1.680487380559183381e-03 -3.303528343579506445e-03 1.192498899950434222e-03
9.972541930991942749e-01 1.063424790901936840e-04 -2.836405474304863790e-03 3.182763941193318073e-03 -8.437971754618787219e-04 1.370345545564425910e-03
9.901324530371723442e-01 -1.925445701190358347e-04 -5.820403968429562272e-03 2.002391570035497170e-03 8.555437072936965433e-04 1.903947316347263941e-03
9.821042855513216763e-01 4.037179701186657897e-04 -6.193319968970580069e-03 1.502596603231516311e-03 2.000464296793812158e-03 1.856464392759994394e-03
9.707479905276584775e-01 2.325493663587499223e-04 -3.662566287705958362e-03 8.211406965348092566e-04 1.388186557812774290e-03 2.049073176346186565e-03
9.590474184662229895e-01 5.402957144493135020e-04 -1.994455034092635845e-03 8.953301097781437776e-04 7.857452512531481895e-04 1.938741458403717014e-03
9.470390688064599383e-01 6.812071859702606468e-04 8.713361793080109377e-04 3.495945169651830647e-04 -9.777044342743120703e-04 1.855333912811920477e-03
9.335016709403336499e-01 1.938876974064453629e-03 2.098581191822201757e-03 -7.423471924037186890e-04 -2.423065286435730891e-03 1.709284419191419791e-03
9.206249094221712337e-01 2.369554881310580348e-03 1.169908273849082836e-03 -8.110306955077660907e-04 -2.869081110570768575e-03 1.873106694839460958e-03
9.071722250752868311e-01 1.652872450389665342e-03 -9.917957588287638904e-04 -8.430225581620132656e-04 -2.465241839449421393e-03 2.045093687398173102e-03
8.925570461108813802e-01 1.743890582426486490e-03 -4.681891966363029185e-03 -2.347664136128720829e-04 -4.208927943024178605e-04 1.817761837940049148e-03
8.793521881129354734e-01 1.307938250464277165e-03 -6.981771001868596754e-03 -9.656463382543845617e-05 6.567141664418410778e-04 2.045908568081269020e-03
8.638457840956075273e-01 1.071574981407558570e-03 -7.358908523968437157e-03 -2.908129472588038330e-04 1.430459083285580933e-03 1.685308271494654611e-03
