-1.844225443144247001e-04 5.765303437575442511e-04 -8.728974860959902568e-04 7.099999999999988265e-05 4.999999999999969746e-05 7.700000000010476242e-05
2.160489208206523286e-04 9.618691904286520841e-04 -5.193373072906118252e-04 -1.000000000001000089e-06 -1.600000000000038891e-05 -8.000000000008000711e-06
-3.428045219293183879e-04 6.602552668210744579e-04 -2.100663584844123931e-04 -2.499999999999898137e-05 -2.999999999999530820e-06 2.799999999991698019e-05
-3.228199048874933461e-04 7.688024507521323044e-04 -1.932125290760591742e-04 2.199999999999945055e-05 -2.100000000000018519e-05 -6.499999999998173905e-05
-3.128168664349653271e-04 1.836495947886296744e-04 -1.192304190928211109e-03 -9.999999999999592548e-06 -2.800000000000024691e-05 1.000000000006551204e-05
-9.399959038494667897e-05 5.089849022238067096e-04 -1.063256327903913277e-03 2.300000000000045064e-05 5.199999999999996292e-05 -2.800000000013902479e-05
-1.993208488536778687e-04 7.251412178164793731e-04 -6.575433740515333617e-04 -4.900000000000043210e-05 -9.000000000000327183e-06 2.300000000010626877e-05
-1.282720453856242625e-04 5.053670987301601709e-04 -5.830367351445699944e-04 4.000000000000530909e-06 -4.700000000000016664e-05 0.000000000000000000e+00
-9.652362052071649940e-05 6.761844189510629989e-04 -5.805035965615391088e-04 7.599999999999967892e-05 -4.399999999999890110e-05 2.599999999985946886e-05
-1.707831674238050523e-04 1.519312957405377510e-03 9.170055866462804156e-04 -4.100000000000110500e-05 3.199999999999904310e-05 -6.999999999868222744e-06
3.123330170368887517e-04 1.388178546225405513e-03 9.676076912699415646e-04 2.800000000000024691e-05 -3.099999999999977773e-05 2.699999999999924682e-05
-1.968646185612531600e-05 8.291434784312305727e-04 -5.229200583997864048e-06 5.500000000000122846e-05 -4.999999999999969746e-05 2.999999999997449152e-05
-9.157608591226970834e-05 1.068362404076963297e-03 4.851903877629948174e-04 -4.000000000000010492e-05 9.699999999999986411e-05 -1.099999999998324540e-05
-2.070008960083982719e-04 9.126008879398560389e-04 6.800650554113560472e-04 2.499999999999898137e-05 -6.199999999999955547e-05 3.599999999992498090e-05
-9.090912783853887435e-05 8.428331786525788136e-04 1.405688774400103060e-03 9.999999999999592548e-06 8.200000000000047529e-05 8.300000000005525180e-05
-1.896035407510080384e-05 4.210759933470075984e-04 6.917569377030463639e-04 1.000000000001000089e-06 -7.099999999999988265e-05 3.400000000008951417e-05
1.991026909524893959e-05 6.218390716274082219e-04 4.429722154867205626e-04 -1.000000000001000089e-06 1.349999999999997036e-04 -8.399999999997298517e-05
1.011220687306415515e-04 9.545479063322475678e-04 6.847522227860794669e-04 -4.599999999999916656e-05 -1.180000000000000493e-04 4.999999999810711415e-06
8.679870216130132954e-05 1.026141053257611374e-03 4.564971198403308455e-04 4.400000000000063582e-05 9.999999999992653654e-07 -8.999999999925734073e-06
4.155756411477921973e-04 7.316480480753186815e-04 1.205106967732004182e-03 6.899999999999961720e-05 -5.400000000000022837e-05 4.200000000009751489e-05
3.140006811449656148e-04 7.065808147237861037e-04 8.677431160820696593e-04 -3.700000000000057410e-05 -1.799999999999891964e-05 -7.100000000015427304e-05
5.026642903621758151e-04 6.200250778249526053e-04 9.378721548413322152e-04 1.300000000000085809e-05 4.000000000000010492e-05 4.599999999999049294e-05
2.781342837902622085e-04 5.854138595463664971e-04 6.291669328782592465e-04 3.999999999998796185e-06 -1.300000000000085809e-05 1.600000000001600142e-05
5.592079773981421722e-04 5.486971983630307623e-04 1.166661214353193008e-03 5.600000000000049383e-05 5.100000000000069755e-05 -3.799999999998249223e-05
5.890994727595733971e-04 4.914854098780469232e-04 1.456312880649776164e-03 -4.999999999999969746e-05 -1.000000000000011297e-04 4.899999999996573763e-05
5.793170610318828725e-04 4.588467457866324869e-04 1.493960298795387427e-03 -2.100000000000018519e-05 6.700000000000108646e-05 -2.299999999988422417e-05
9.226765541062228061e-04 4.094237992972454289e-04 1.070609132194068119e-03 1.600000000000038891e-05 -6.000000000000102474e-05 -5.600000000005600498e-05
4.854208936105022971e-04 5.205298339778344262e-04 9.898268436767656761e-04 -1.899999999999991973e-05 3.099999999999977773e-05 6.900000000009676171e-05
4.198254867396721945e-04 7.189460499052094519e-04 2.105474284927587574e-03 6.399999999999982092e-05 -8.899999999999880229e-05 -6.200000000000649436e-05
5.957862591985531959e-04 4.878640370311888960e-04 1.876133989399551318e-03 -4.799999999999943201e-05 1.169999999999990492e-04 3.200000000003200284e-05
4.721685664279384850e-04 2.564910084206217992e-05 1.540463802872013609e-03 -9.000000000000327183e-06 -1.029999999999989257e-04 2.399999999980195753e-05
5.406950956107831789e-04 3.234460882285885176e-04 1.323880348247723996e-03 -8.000000000001061817e-06 8.899999999999880229e-05 8.000000000008000711e-06
6.714053810151993443e-04 2.582543776897754757e-04 1.576592372039085010e-03 0.000000000000000000e+00 -5.299999999999922828e-05 -8.199999999991547384e-05
3.632812347513701104e-04 5.412105431437694118e-04 1.797274861229062855e-03 -1.899999999999991973e-05 -2.100000000000018519e-05 7.399999999990747312e-05
7.222708705515552222e-05 -6.184394996095963416e-06 2.038299303697545337e-03 1.000000000000132727e-05 7.799999999999994438e-05 -1.129999999998076987e-04
4.520299459691039034e-05 -1.544125896746456177e-05 1.274742402677170403e-03 2.199999999999945055e-05 -1.400000000000012346e-05 -6.000000000172533987e-06
3.896759962834123756e-05 4.838414767746892321e-05 1.244934703193673270e-03 1.299999999999912337e-05 9.000000000000327183e-06 -1.999999999990897948e-05
2.832112374516312296e-04 -1.428255475535220433e-04 1.955495687328311690e-03 1.400000000000012346e-05 3.599999999999957401e-05 -2.400000000002400213e-05
7.371976333228029562e-05 1.527270228513525545e-04 1.071204788978741794e-03 -5.999999999999061639e-06 2.999999999999530820e-06 3.299999999994973621e-05
1.094529471100519471e-04 -2.951831190979458297e-04 1.020287912599821380e-03 -4.700000000000016664e-05 -6.199999999999955547e-05 8.200000000013751844e-05
2.914021226284414855e-04 1.598270256384197723e-04 1.036083564407641209e-03 4.000000000000530909e-06 6.199999999999955547e-05 3.099999999989222488e-05
-5.883490907944440533e-05 -7.371232065964690005e-04 1.325370804782669302e-03 1.599999999999865419e-05 -7.599999999999967892e-05 4.899999999996573763e-05
-2.918090055018169289e-05 -3.654171431428181703e-04 3.307855313191599995e-04 -5.299999999999922828e-05 -5.999999999999061639e-06 2.199999999996649080e-05
-5.689561111217165295e-05 -8.886383609193766048e-04 -3.094332518728226374e-04 -2.300000000000045064e-05 3.399999999999930855e-05 -1.169999999999227214e-04
1.277996354197795924e-04 -4.466856052525728835e-04 3.242960873814882891e-04 -7.000000000000061728e-06 -9.999999999992653654e-07 1.029999999999642313e-04
3.024996101192275653e-04 -2.156088805447094127e-04 6.042371484598420576e-04 2.899999999999951228e-05 7.199999999999914801e-05 4.400000000015502621e-05
2.341912312754912656e-04 -1.092183748671104131e-04 2.612339242834201838e-04 -3.099999999999977773e-05 -7.599999999999967892e-05 6.099999999986671639e-05
2.777607599461289850e-05 -9.272848835878683528e-04 4.120626827781864771e-06 -2.100000000000018519e-05 -7.999999999999327094e-06 2.300000000010626877e-05
4.152362555778630520e-04 -9.512056056234910245e-04 -3.419221576539878838e-04 2.200000000000118527e-05 3.999999999998796185e-06 -4.400000000015502621e-05
3.770445538946442252e-04 -1.109379249232487477e-03 -4.665172237586591225e-04 -2.800000000000024691e-05 -4.999999999999969746e-05 4.200000000009751489e-05
4.457756376485525374e-04 -1.087226425299495655e-03 6.888859878163406628e-05 9.999999999992653654e-07 6.800000000000035183e-05 -2.100000000004875744e-05
2.808572959621405082e-04 -3.111299451070430777e-04 4.577806293176364932e-04 -7.699999999999894429e-05 -1.699999999999965428e-05 -2.999999999975244691e-06
1.427850880538792100e-05 -5.777090990459988681e-04 -9.849025243228053713e-05 1.400000000000012346e-05 1.699999999999965428e-05 -8.699999999994822986e-05
1.341867402865044932e-04 -5.278339862880082004e-04 -1.878309872097822333e-04 1.299999999999912337e-05 -8.799999999999953693e-05 -1.000000000139777967e-06
2.084712486909874574e-04 -1.060802257656799554e-03 -4.146842559913650576e-04 2.999999999999530820e-06 9.900000000000012956e-05 -1.999999999990897948e-05
9.512194643838924794e-05 -1.087566507224417946e-03 -5.920742176644239706e-04 0.000000000000000000e+00 -2.000000000000265454e-06 5.499999999991622701e-05
9.518229348026406860e-05 -1.087562014652532043e-03 -5.920731724684806128e-04 0.000000000000000000e+00 -2.000000000000265454e-06 5.500000000013827162e-05
-3.056083652023506387e-04 -8.984820487101936827e-04 -1.754657492661544388e-04 -2.100000000000018519e-05 -3.900000000000083955e-05 8.000000000008000711e-06
-2.858066426473472241e-04 -9.222864295970068654e-04 -2.746827496765621448e-04 0.000000000000000000e+00 2.900000000000124700e-05 0.000000000000000000e+00
-2.110348438087405445e-04 -1.287532065073120589e-03 -9.115111065676892920e-04 -1.199999999999985800e-05 7.000000000000061728e-06 2.199999999996649080e-05
-1.158700306968552278e-04 -9.796652632098152777e-04 -6.851277438349393911e-04 8.000000000001061817e-06 8.700000000000027156e-05 -3.799999999998249223e-05
-2.201165557848000910e-04 -1.671086647326650194e-03 -1.129991377822001878e-03 -6.399999999999982092e-05 -1.380000000000009691e-04 9.999999999843467435e-06
-6.661143515450845863e-05 -1.112391680861852259e-03 -1.327013828216649927e-03 1.899999999999991973e-05 6.800000000000035183e-05 5.600000000005600498e-05
-2.723546782979635204e-04 -1.138185575472953470e-03 -1.208032045509061523e-03 -1.050000000000009259e-04 -3.400000000000104328e-05 9.000000000147778678e-06
-1.354703337867643167e-04 -9.079076016840143589e-04 -6.843813285408872774e-04 1.310000000000009074e-04 3.400000000000104328e-05 -4.300000000001524825e-05
-3.830996254749762008e-04 -1.267866910010546173e-03 -6.388519327430779377e-04 4.000000000000010492e-05 -5.800000000000075928e-05 1.899999999999124611e-05
-2.951074196798735547e-04 -1.215316421843491701e-03 -1.563519277366931266e-04 -8.800000000000127165e-05 1.140000000000012531e-04 6.299999999992422772e-05
-4.259051738425512711e-04 -1.116115449222789598e-03 -1.109690958660019866e-04 -2.799999999999851219e-05 4.399999999999890110e-05 -1.130000000000297433e-04
-3.138570709781904073e-04 -1.004343135590058051e-03 4.456143241973644763e-05 2.799999999999851219e-05 -8.899999999999880229e-05 -2.000000000057511329e-06
-3.986228123260910565e-04 -9.771082049149580184e-04 2.802467217544532411e-04 -1.899999999999991973e-05 6.999999999999888256e-05 -1.379999999999714788e-04
-4.451689588525655611e-04 -3.524267380725739545e-04 -1.028356735538901635e-05 -7.000000000000061728e-06 -7.799999999999994438e-05 4.000000000115022658e-06
-2.991551512838008667e-04 -3.943329455968108189e-04 1.403369102886982836e-05 4.300000000000137046e-05 3.700000000000057410e-05 -4.099999999995773692e-05
-4.923702653614859355e-04 -2.865393408548928358e-05 1.074834985003287312e-04 4.299999999999963574e-05 -3.700000000000057410e-05 -4.200000000009751489e-05
-7.151430900977828655e-04 -6.296624953053356084e-04 -5.973333642981541649e-04 -7.400000000000114819e-05 9.900000000000012956e-05 2.900000000005675815e-05
-7.755199148300809513e-04 -1.002163289129211600e-03 -1.037529954571377597e-03 6.100000000000029010e-05 -7.399999999999941347e-05 -5.900000000003124967e-05
-5.314965550068883292e-04 -7.419607113605100526e-04 -4.207100606562091971e-04 -5.400000000000022837e-05 5.099999999999896283e-05 7.800000000002249578e-05
-6.602714384744784405e-04 -3.628764254413461876e-05 2.806623070016376438e-04 4.800000000000116673e-05 2.700000000000098155e-05 -5.600000000005600498e-05
-3.902028752661556438e-04 2.019758708847895119e-04 1.651334751921878239e-04 2.800000000000024691e-05 -3.000000000000051237e-05 -5.499999999991622701e-05
-4.580669132210874296e-04 3.227229709206739014e-05 -2.575608100091512725e-04 -3.300000000000004319e-05 4.799999999999943201e-05 6.099999999986671639e-05
-6.421212454515061799e-04 1.985316226482020953e-04 1.922513690089003129e-04 -2.000000000000265454e-06 -7.999999999999847511e-05 -5.999999999994898303e-05
-4.144742469846610924e-04 -1.703912539605267505e-04 7.592427985256554119e-06 2.699999999999924682e-05 7.199999999999914801e-05 3.900000000012227019e-05
5.835018592558958962e-05 -6.842361864514419183e-05 2.593802706202938879e-04 -5.999999999999061639e-06 -1.130000000000002530e-04 -1.210000000000377440e-04
8.309818023720670676e-05 -4.697748359588253884e-04 -3.022576132584633285e-04 1.299999999999912337e-05 7.300000000000014810e-05 -2.999999999997449152e-05
-1.535889999030472632e-04 -3.843224989815479590e-04 3.898712097910004708e-05 -1.499999999999938882e-05 -4.000000000000010492e-05 -8.900000000000574119e-05
-1.401667379921868104e-04 -4.040646383522781410e-04 -4.501286875854092472e-05 2.399999999999971600e-05 4.499999999999990119e-05 2.899999999983471355e-05
-4.523436031655125064e-04 -2.598373354142159458e-04 -2.453319683676610146e-05 -1.999999999999918510e-05 -2.800000000000024691e-05 -6.799999999995698374e-05
8.166513851875089756e-05 -5.174076606434789837e-05 1.530739532119332032e-04 4.299999999999963574e-05 7.000000000000061728e-05 -1.699999999993373478e-05
-1.158999195766375706e-04 3.057579286132874278e-04 -2.877372983006095688e-04 2.699999999999924682e-05 -3.300000000000004319e-05 -8.800000000008800782e-05
-4.578572663917753827e-04 -2.228219615186371983e-04 -9.016841680122775204e-04 -2.699999999999924682e-05 2.399999999999971600e-05 -1.799999999985146815e-05
-4.089757943545246427e-05 3.532363159190479653e-04 -2.174722694704271945e-04 2.199999999999945055e-05 -2.899999999999951228e-05 -8.300000000005525180e-05
6.467150408449311876e-05 -9.520801920762327183e-05 -6.565482884073786706e-04 -1.400000000000012346e-05 -6.100000000000029010e-05 8.000000000008000711e-06
-1.454866433259357995e-04 -6.704824905394277850e-05 -1.032929134443228390e-03 9.999999999999592548e-06 4.099999999999937028e-05 -5.399999999999849365e-05
-1.347202426178184249e-04 3.445550835193471697e-04 -1.561832822205410504e-03 -6.399999999999982092e-05 -3.399999999999930855e-05 4.499999999985071497e-05
-1.740961201161467600e-04 1.489182420360391054e-04 -9.390826813658905130e-04 6.900000000000135192e-05 7.899999999999920974e-05 -2.099999999982671284e-05
-1.909126718845493577e-04 3.178769200118371436e-04 -6.853803760358584581e-04 -2.000000000000265454e-06 -3.999999999999837019e-05 -6.300000000014627233e-05
-1.471091331857243617e-04 -2.255492192031574345e-04 -9.738608389752906108e-04 -4.499999999999990119e-05 -6.000000000000796363e-06 5.800000000011351631e-05
1.385519268813011713e-04 1.098590215487592813e-03 -1.297066778461493548e-03 2.299999999999871592e-05 -7.000000000000061728e-06 0.000000000000000000e+00
3.075483218343249138e-04 9.316158525471183007e-04 -3.735223268072132281e-04 5.199999999999996292e-05 -1.699999999999965428e-05 -3.600000000014702550e-05
5.950497327300302433e-04 9.829189251186764859e-04 -1.795332001359763445e-05 3.600000000000130873e-05 -3.000000000000051237e-05 1.000000000006551204e-05
2.623854669457215258e-04 3.807374070204846690e-04 -1.672303733476958407e-04 -5.500000000000122846e-05 3.900000000000083955e-05 -1.600000000001600142e-05
2.056208020643824394e-04 4.421394377731450217e-04 -2.228131552579771182e-05 4.000000000000530909e-06 -3.900000000000083955e-05 2.400000000002400213e-05
3.647909739800201528e-04 4.347195824122289279e-04 4.223619816976996433e-04 1.100000000000059264e-05 -6.600000000000008638e-05 -7.899999999994022915e-05
2.252945513765824818e-04 6.456478047525659710e-04 4.841622847779383223e-04 6.299999999999882083e-05 6.100000000000029010e-05 5.000000000032756020e-06
3.263485066394852070e-04 8.794439095573758575e-04 7.021256721717797746e-04 -3.300000000000004319e-05 -1.150000000000005185e-04 1.099999999998324540e-05
1.980732406862403057e-04 4.777461850400034778e-04 4.664753339936919107e-04 8.000000000001061817e-06 3.000000000000051237e-05 -8.000000000008000711e-05
2.144952524391139498e-04 1.741049975943167365e-04 3.713505634406436429e-04 9.999999999992653654e-07 -9.999999999999592548e-06 2.800000000013902479e-05
5.772707591133088411e-04 8.673314806197503181e-04 8.580080897217029967e-04 7.700000000000067901e-05 6.299999999999882083e-05 9.299999999989871924e-05
7.228649189254571401e-04 6.226257044967839580e-04 6.966996823029380581e-04 -6.600000000000008638e-05 -8.799999999999953693e-05 -1.199999999998979661e-04
2.859658036486829240e-04 6.089027495763036204e-04 8.050658188756455594e-04 2.899999999999951228e-05 4.900000000000043210e-05 7.999999999785956106e-06
3.007970476123460321e-04 1.185239825950987333e-03 8.964010105184335754e-04 7.599999999999967892e-05 -2.000000000000091982e-05 -6.199999999978444976e-05
2.540457318882752432e-04 4.912775344824027056e-04 4.140460475700156345e-04 -5.199999999999996292e-05 1.400000000000012346e-05 -6.500000000020378366e-05
3.285728243842575926e-04 1.406459035468191196e-03 1.143756864326791241e-03 -2.599999999999998146e-05 4.000000000000530909e-06 -2.899999999983471355e-05
2.362771145115869680e-04 6.697278658141374600e-04 5.686022783715093034e-04 2.900000000000124700e-05 -1.999999999999918510e-05 2.699999999999924682e-05
4.626912338624288175e-04 6.053048323134141298e-04 5.632656728689439075e-04 -4.499999999999990119e-05 4.099999999999937028e-05 -7.000000000090267349e-06
5.892485854716070746e-04 8.926447813377181044e-04 6.295591625115610872e-04 1.499999999999938882e-05 -6.800000000000035183e-05 -6.799999999995698374e-05
1.984829605276977593e-04 7.138113809900304991e-04 2.557902627065174986e-04 6.499999999999908629e-05 7.500000000000041356e-05 1.099999999998324540e-05
5.184985585249768597e-04 6.464559429950750280e-04 3.890300699771788440e-04 -7.999999999999847511e-05 -4.900000000000043210e-05 2.000000000057511329e-06
8.098511562902111285e-04 9.982332347995485737e-04 7.712492505753512683e-04 -1.600000000000038891e-05 -1.799999999999891964e-05 -5.000000000032756020e-06
3.054241330008132657e-04 1.191724442717075798e-03 6.904881370656510992e-04 -1.500000000000112355e-05 -9.600000000000059874e-05 4.000000000004000356e-05
4.880093297968523397e-04 6.677470516694463927e-04 6.840079778202923591e-05 7.400000000000114819e-05 1.309999999999991727e-04 -4.700000000013027091e-05
7.331665329245925242e-04 9.754781271517300092e-04 2.892200430098903260e-04 3.399999999999930855e-05 -1.029999999999989257e-04 1.070000000000792539e-04
6.956509024258709234e-04 9.635150576942399766e-04 6.167868046011247942e-04 -7.199999999999914801e-05 4.299999999999963574e-05 3.299999999994973621e-05
8.217282933970546750e-04 7.580910296332950748e-04 4.937523568964250365e-04 -2.200000000000118527e-05 -6.600000000000008638e-05 -5.900000000003124967e-05
8.083155804578719692e-04 6.153984352507869829e-04 1.179263341862197217e-04 4.800000000000116673e-05 6.000000000000796363e-06 5.500000000013827162e-05
6.162699069602403266e-04 3.245501118083204159e-04 3.558713513505942436e-04 -7.000000000000061728e-06 3.099999999999977773e-05 2.199999999996649080e-05
7.141194591751297066e-04 4.522223492834118804e-04 1.160003781225634259e-03 -3.000000000000051237e-05 -4.000000000000010492e-05 4.099999999995773692e-05
7.686162105348167545e-04 6.155316014605401176e-04 1.254368065619409492e-03 4.799999999999943201e-05 2.999999999999530820e-06 8.000000000008000711e-06
8.243139006810438736e-04 1.017109080645398490e-04 8.290446918675597977e-04 -6.199999999999955547e-05 -6.500000000000082101e-05 5.999999999994898303e-05
5.008504448678350110e-04 1.992052841402298057e-04 4.595810156638705673e-04 -1.100000000000059264e-05 1.170000000000007839e-04 4.000000000115022658e-06
4.170500438749138203e-04 6.170850407875997431e-05 4.261442345610477679e-04 2.599999999999998146e-05 -1.019999999999996604e-04 -2.300000000010626877e-05
5.338475965754317957e-04 1.985488037257624545e-04 8.186650130170961860e-04 -1.999999999998530731e-06 6.699999999999935174e-05 1.699999999993373478e-05
5.312315884672100296e-04 1.572408236068575244e-04 8.791233829614209221e-04 -3.300000000000004319e-05 5.100000000000069755e-05 0.000000000000000000e+00
2.958195453203787051e-04 -1.657616366198178166e-04 1.927385913067112741e-04 6.499999999999908629e-05 -5.300000000000096301e-05 1.220000000001775220e-04
1.717021230366030178e-04 -2.749332136343972193e-04 4.567574441403982510e-04 -5.699999999999975919e-05 -9.999999999999592548e-06 3.399999999986746957e-05
3.777003312692384053e-04 -3.298233003101286288e-04 2.910365582453223066e-04 -4.999999999999796274e-06 -1.159999999999997838e-04 2.900000000005675815e-05
2.572042222190923833e-04 -9.916309284030206848e-05 1.757968882376429584e-05 2.000000000000265454e-06 1.539999999999996233e-04 -4.500000000007275958e-05
3.693685204776657048e-04 -1.917058966280039078e-04 -1.041703352498011599e-04 -7.000000000000061728e-06 -7.799999999999994438e-05 1.400000000018053470e-05
1.398368093841681481e-04 2.214519339698472935e-04 8.097726602768015754e-05 4.599999999999916656e-05 8.100000000000120992e-05 2.799999999991698019e-05
6.645719451960545125e-05 -3.133416205867287281e-05 3.973125796866831838e-04 -1.010000000000003950e-04 -6.900000000000135192e-05 5.999999999950489382e-06
4.240380219791960322e-04 4.553347509172563014e-05 2.276692909520511938e-04 4.900000000000043210e-05 4.000000000000010492e-05 -2.600000000008151346e-05
3.993442298619941208e-05 2.268325233408714046e-05 -5.258713523482423733e-05 2.800000000000024691e-05 -5.099999999999896283e-05 5.399999999999849365e-05
2.775503842935213728e-04 1.408432714622309017e-04 -7.074465719363616631e-05 -2.599999999999998146e-05 7.799999999999994438e-05 -4.999999999810711415e-06
2.787244567650111731e-04 -7.746445339084497104e-05 4.862659593451480744e-05 -8.599999999999927147e-05 -3.099999999999977773e-05 1.109999999999722320e-04
2.523955755880256859e-04 1.110232325668333966e-04 1.650661795251229930e-04 1.799999999999891964e-05 9.999999999999592548e-06 -2.999999999975244691e-06
3.703239199253196613e-04 6.683556908530899386e-05 3.492686251721636211e-04 7.000000000000061728e-05 -1.899999999999991973e-05 2.799999999991698019e-05
1.259737766323273315e-04 1.924284232626797013e-04 3.856490138599511170e-04 -9.200000000000006783e-05 -8.000000000001061817e-06 -1.199999999990097876e-05
1.430502845403929370e-04 4.878089151371760020e-04 3.131999691031944017e-04 7.300000000000014810e-05 1.140000000000012531e-04 3.500000000000724754e-05
-1.348270633116444353e-04 3.674200018749888548e-04 8.726225966406168846e-04 1.139999999999995184e-04 -1.340000000000004382e-04 -3.700000000006475886e-05
4.238534244483199384e-04 2.432297351730652998e-04 -3.692659800697826501e-05 -4.499999999999990119e-05 -1.000000000001000089e-06 7.200000000007200640e-05
2.347195232501152065e-04 2.677055543503892949e-04 6.551677492127921856e-04 -1.220000000000005802e-04 5.400000000000022837e-05 -5.600000000005600498e-05
6.129666489814825396e-04 5.594770233913849223e-04 8.317667904084277870e-04 5.500000000000122846e-05 4.999999999999796274e-06 -1.899999999999124611e-05
3.533719100325419466e-04 5.255555009919754496e-05 -4.599938091158645441e-04 7.199999999999914801e-05 -4.000000000000010492e-05 7.099999999993222843e-05
1.994187583912515258e-04 1.221028648464098098e-04 -8.731356142268563967e-05 -5.699999999999975919e-05 7.700000000000067901e-05 -6.100000000008876100e-05
4.288111715584807171e-04 5.543386542937645987e-04 4.400429097273752719e-04 -5.400000000000022837e-05 2.100000000000018519e-05 -8.399999999997298517e-05
1.635574504072780360e-04 6.870516735722634414e-04 3.769910715084110321e-04 5.900000000000002465e-05 -1.189999999999993147e-04 1.040000000001040092e-04
-3.821118984147887183e-05 5.900220283805143523e-04 2.509872256716271519e-04 1.199999999999985800e-05 3.599999999999957401e-05 -6.100000000008876100e-05
-2.649375691846284401e-04 8.748653229592883883e-04 4.956170799150942446e-04 -1.999999999999918510e-05 0.000000000000000000e+00 2.140000000001585079e-04
-5.985625820560867930e-05 8.962794738403997942e-04 4.834102067127390837e-04 2.699999999999924682e-05 4.499999999999990119e-05 -1.110000000001942766e-04
-6.743186217325713820e-04 5.785297848871178003e-04 5.904587623003179116e-05 -8.700000000000027156e-05 -4.000000000000010492e-05 -2.099999999982671284e-05
-4.402812531148028751e-04 1.066518862685225254e-04 -9.356492558718137401e-04 5.000000000000143219e-05 1.440000000000000308e-04 5.599999999983396037e-05
-4.461885175798941772e-04 1.437561040387198700e-04 -9.809830617918003509e-04 -9.300000000000106792e-05 -3.300000000000004319e-05 1.600000000001600142e-05
-2.397603450435494183e-04 2.741061174658564127e-04 -5.111338249097506286e-04 1.069999999999994567e-04 -7.399999999999941347e-05 1.399999999995849009e-05
-8.519077102718754409e-04 -2.541927136908371025e-05 -7.978986219329273688e-04 1.800000000000065437e-05 1.269999999999986418e-04 -2.599999999985946886e-05
6.830490116928691381e-05 -1.641135138866328647e-05 -4.876445448999104800e-04 -5.699999999999975919e-05 -1.299999999999912337e-05 5.399999999999849365e-05
-2.246001156137381039e-04 -3.148426280102530864e-04 -1.037077080692555466e-03 5.999999999999061639e-06 -2.100000000000018519e-05 2.100000000004875744e-05
-2.730641833371067265e-04 1.889470246734137218e-04 -4.973538526613165188e-04 4.000000000000530909e-06 -1.299999999999912337e-05 -4.000000000115022658e-06
-2.036857747207743749e-04 -5.164473929646053922e-05 -5.375498767397879872e-04 -1.199999999999985800e-05 9.099999999999906775e-05 2.400000000002400213e-05
-1.365426104485592909e-04 -2.532813348080247321e-04 -1.157205440036892467e-03 -2.800000000000024691e-05 -9.099999999999906775e-05 -1.099999999998324540e-05
2.193082325950322729e-05 -1.939385765413849719e-04 -2.844325209779847551e-04 -1.099999999999885791e-05 2.699999999999924682e-05 1.099999999998324540e-05
-6.102985181006190512e-04 -7.407069611325495717e-04 -1.184891982924134429e-03 2.999999999999530820e-06 -7.999999999999327094e-06 -3.099999999989222488e-05
-1.836939523031042845e-04 -2.257219848787563109e-04 -6.233579613635275782e-04 1.499999999999938882e-05 -6.000000000000796363e-06 3.699999999984271426e-05
-1.768258727464718817e-04 -3.472817463881841798e-04 -5.866181353491990930e-04 -6.699999999999935174e-05 -1.400000000000012346e-05 -4.999999999988347099e-05
3.147968356629704078e-04 2.483015852278903658e-05 4.272803061847162685e-05 4.299999999999963574e-05 1.199999999999985800e-05 8.199999999991547384e-05
-1.802495160532190501e-03 -7.802156974281280631e-04 -8.352675548203117610e-04 -1.299999999999912337e-05 7.000000000000061728e-05 -4.599999999999049294e-05
-1.075162494046922679e-03 -6.435687273602874129e-04 -1.228067293083692302e-03 -6.500000000000082101e-05 -1.699999999999965428e-05 1.160000000000049880e-04
-1.586082561533556576e-03 -7.501675625704969574e-04 -9.844337103370639618e-04 2.399999999999971600e-05 6.899999999999961720e-05 5.999999999950489382e-06
-9.198465361615058063e-04 -6.392647204824219434e-05 -1.275971799264675425e-04 6.700000000000108646e-05 -3.300000000000004319e-05 2.400000000002400213e-05
2.131889669584904976e-03 -9.019857301766969968e-04 -6.081502194441845135e-04 7.000000000000061728e-06 5.850000000000004502e-04 2.499999999994173550e-05
8.483545869175712628e-03 -6.199319137480250501e-04 9.180580027115031391e-04 -1.640000000000009506e-04 7.829999999999989746e-04 2.000000000057511329e-06
1.362836499455513314e-02 -8.327806686243523692e-05 3.469319578770466454e-04 6.500000000000082101e-05 2.360000000000000986e-04 2.000000000057511329e-06
1.892648719623599846e-02 -1.351471670403977480e-03 -1.302978960989404364e-03 -2.770000000000012036e-04 -1.790000000000003394e-04 -1.219999999999554774e-04
2.624913771780335719e-02 -8.543612859408739393e-04 -3.505076876417824471e-04 -5.019999999999989748e-04 -6.899999999999961720e-05 8.199999999991547384e-05
2.818105699312464449e-02 -8.392587973948732825e-04 -1.797271379011709737e-04 -2.320000000000013024e-04 1.159999999999997838e-04 -5.999999999994898303e-05
3.560338669839364228e-02 -6.750731441214502266e-04 -6.642483288511031279e-04 -2.919999999999988577e-04 2.520000000000004875e-04 -5.399999999999849365e-05
3.663571986813300013e-02 -8.127443557371193507e-04 -1.051559601423266961e-03 -1.469999999999995616e-04 4.889999999999998515e-04 1.579999999998804583e-04
4.278035366622764263e-02 -2.237015216358459598e-04 7.437540274568710675e-05 4.069999999999993762e-04 9.130000000000006166e-04 9.999999999998898659e-05
5.663600938844205041e-02 3.217068783069643753e-04 1.428271230770262112e-03 5.780000000000003885e-04 1.818999999999999437e-03 5.500000000013827162e-05
6.440872541395420425e-02 4.818553264257261306e-04 1.828415143071928555e-03 6.809999999999993142e-04 2.068999999999999659e-03 4.850000000000687095e-04
7.796657078316707179e-02 1.563926541233072670e-04 1.053939058646066566e-03 3.329999999999999627e-04 1.724000000000000705e-03 7.309999999998151310e-04
1.044462905948831954e-01 -7.489815359065729605e-05 3.854591752870388955e-04 7.399999999999941347e-05 8.809999999999998388e-04 1.206000000000040373e-03
1.123441117969988245e-01 4.131320840077378604e-04 5.742124888569756763e-04 4.499999999999990119e-05 1.099999999999998548e-04 1.214000000000048374e-03
1.303250140430582682e-01 1.011452265516880975e-03 1.094500754585105541e-03 2.240000000000002406e-04 -1.670000000000000477e-04 1.603000000000021075e-03
1.634955667785615574e-01 6.523183437619712926e-04 2.072769429701738515e-03 1.800000000000065437e-05 8.129999999999999206e-04 2.029000000000058535e-03
1.684952481974696936e-01 2.810105075313340116e-04 9.966190792101469256e-04 -1.740000000000005431e-04 1.256000000000000172e-03 2.039999999999819735e-03
2.061062928500521363e-01 -2.061272904107020647e-04 5.269243115320365080e-04 -6.859999999999991105e-04 8.779999999999998743e-04 2.663000000000081968e-03
2.080111804845015955e-01 -5.307497888010922170e-04 4.965030707834565968e-04 -5.050000000000002404e-04 1.133000000000000109e-03 2.604999999999968452e-03
2.294537777352440577e-01 9.512153916984709056e-04 2.441554393250717873e-03 9.499999999999959865e-05 1.312999999999999931e-03 2.747999999999972687e-03
2.777222927027915844e-01 3.193349589324810580e-04 2.793149096588687114e-03 6.540000000000000674e-04 2.162999999999999992e-03 3.446999999999977859e-03
2.778479911657070200e-01 6.138472770391818984e-04 1.020841498985459051e-03 1.030000000000006605e-04 9.630000000000003141e-04 3.252000000000032642e-03
3.013740738197370761e-01 4.166828887958264668e-04 -2.196289178913118402e-03 -2.750000000000009381e-04 3.299999999999995645e-04 3.486000000000100130e-03
3.589812384561282821e-01 -1.617135533780788897e-03 -4.353552348314329752e-03 -1.186999999999998820e-03 9.500000000000046602e-05 3.910999999999997812e-03
3.496993888240413351e-01 1.052684764109378546e-03 -6.681891672387554187e-03 -2.170000000000001789e-04 -1.894000000000000284e-03 3.388999999999864343e-03
4.119231446828687804e-01 1.564985470552125333e-03 -5.622703877715654226e-03 5.430000000000000798e-04 -1.447999999999999851e-03 3.315000000000178915e-03
3.937224251157531163e-01 8.752035859554454763e-04 -3.064293517071593927e-03 -8.450000000000002648e-04 -9.859999999999998974e-04 2.329000000000025494e-03
4.084568516135167471e-01 -1.096874656834114729e-03 -4.798960918275430206e-03 -2.244000000000001202e-03 -2.154999999999999798e-03 1.479999999999925819e-03
4.616016720925641414e-01 -4.630794278426502808e-04 -9.427868314636476434e-04 -1.659999999999999150e-03 -1.510000000000000057e-03 6.690000000000306812e-04
4.304142575285891947e-01 1.002345707266731048e-03 1.809315632217077009e-03 -7.850000000000001074e-04 -7.980000000000000981e-04 -4.870000000001262208e-04
4.399489881302671712e-01 1.429977253620914011e-03 2.396265737139517248e-03 -1.330000000000003055e-04 -9.129999999999997493e-04 -1.565000000000038582e-03
4.950373559260273781e-01 1.340622226745546031e-03 2.611332143737640343e-03 -7.429999999999997370e-04 -4.600000000000003392e-04 -2.721999999999891173e-03
4.601096954276228668e-01 7.541568923104272288e-04 2.145112520295779351e-03 -1.265999999999999764e-03 -2.999999999999530820e-06 -4.145999999999983032e-03
4.695554474578384485e-01 6.062806907815683965e-04 1.895778572475752873e-03 -1.247999999999999977e-03 -2.340000000000007005e-04 -5.676999999999932101e-03
5.287429326825723308e-01 5.358214491708340093e-04 2.443736200722634866e-03 -2.094000000000000375e-03 -4.629999999999998700e-04 -8.242000000000082593e-03
4.913009690373826288e-01 -9.436165518747548654e-04 3.826904177289111239e-03 -2.140999999999999674e-03 5.950000000000000427e-04 -1.039100000000003909e-02
5.538082801295051150e-01 -2.667780258006819706e-04 3.175301818267054540e-03 -3.205000000000000383e-03 9.729999999999999066e-04 -1.422600000000007192e-02
5.150449514391129968e-01 -1.156047763027168900e-03 1.027266363323276616e-03 -2.983999999999999674e-03 -2.149999999999999134e-04 -1.538299999999992451e-02
5.265333153256894771e-01 1.117252239427150580e-04 -3.736209499870921558e-04 -1.117999999999999203e-03 -1.578999999999999675e-03 -1.794499999999987772e-02
5.380189756692195235e-01 3.443635949633191539e-03 3.923070173221047605e-03 -4.390000000000001540e-04 -1.276000000000000224e-03 -2.060500000000020648e-02
6.041885414555754341e-01 3.813471558323856467e-03 6.134372231331855496e-03 -9.799999999999999684e-04 -7.069999999999992957e-04 -2.535299999999995890e-02
5.615102409433464503e-01 2.143918574677763900e-04 4.551138523378774059e-03 -2.936000000000001109e-03 -1.956000000000001141e-03 -2.573599999999998111e-02
5.722991900573717317e-01 3.550225165952323341e-04 7.090345192130814364e-03 1.300000000000085809e-05 -2.177000000000000116e-03 -2.856899999999984452e-02
6.422283946651570208e-01 5.026782473677636649e-03 1.191006310162357786e-02 -1.061000000000001178e-03 -1.456999999999999962e-03 -3.339300000000000601e-02
5.941093735642831719e-01 2.343649413452044035e-03 1.296433457087247526e-02 1.340000000000004382e-04 -1.120999999999998734e-03 -3.252300000000007962e-02
6.651543793292908902e-01 5.981346122004419820e-03 1.677071350606593875e-02 1.036999999999999728e-03 -2.182000000000001647e-03 -3.767399999999998528e-02
6.126654855447699610e-01 6.336464138637373268e-03 1.922071619124264552e-02 2.510000000000000078e-03 -1.059999999999998443e-03 -3.458099999999997287e-02
6.184094120327525701e-01 7.318122372590420144e-03 1.970396545363297530e-02 9.230000000000002092e-04 5.719999999999995921e-04 -3.561500000000017430e-02
6.863717763309860054e-01 4.278165516337777662e-03 2.101209305245969536e-02 -1.533999999999998906e-03 4.170000000000007034e-04 -4.105499999999984162e-02
6.284781605559963680e-01 4.439806889916370763e-03 2.222153209356651435e-02 1.499999999999990924e-04 6.989999999999982339e-04 -3.805800000000014727e-02
6.320380488826043974e-01 3.626622306086677190e-03 2.136125674781752526e-02 1.244999999999999579e-03 1.833000000000001295e-03 -3.913999999999995261e-02
7.028314205963952510e-01 1.931703252071822780e-04 1.486959302602996504e-02 -3.027000000000000177e-03 -1.386999999999999345e-03 -4.373099999999996434e-02
6.457311682305749700e-01 -3.187875274040907324e-03 1.282390013476159690e-02 -4.412999999999998521e-03 -2.687000000000001887e-03 -4.008900000000004127e-02
7.177629242319424341e-01 -9.489697611261282972e-04 1.782506210130631319e-02 -1.746000000000001023e-03 -2.852999999999997899e-03 -4.423899999999991728e-02
6.581517226299625767e-01 -1.344575662795609609e-03 2.069246651585261026e-02 -2.568999999999998368e-03 -1.550000000000002764e-03 -4.054899999999994620e-02
6.632136064175525592e-01 -2.804651470772219404e-03 2.536186306608759905e-02 -2.101000000000002171e-03 -2.880000000000000615e-04 -4.145200000000004437e-02
7.360642910485887258e-01 6.013867806686476513e-04 3.047731188093807594e-02 -8.820000000000008389e-04 -8.859999999999979003e-04 -4.587300000000005262e-02
6.748025432626529874e-01 1.410416375696090397e-04 2.912963900885896101e-02 1.880000000000006666e-04 -2.570000000000002838e-04 -4.125999999999985235e-02
6.812187895192397535e-01 -1.538946051621724629e-05 2.813513011674819569e-02 -8.939999999999989622e-04 -1.485000000000000209e-03 -4.136000000000006338e-02
7.593486454777176320e-01 3.262012742956889050e-03 3.546877651271151261e-02 5.350000000000007527e-04 -7.759999999999989129e-04 -4.534700000000002618e-02
7.008934388701256735e-01 3.287048217482169306e-03 3.250960779925643473e-02 4.209999999999977649e-04 -2.153000000000002134e-03 -4.071200000000008146e-02
7.121572631977326484e-01 3.018044346102706933e-03 3.668930290431933472e-02 4.100000000000283973e-05 -1.552999999999998826e-03 -4.093400000000002592e-02
7.956145851594816909e-01 1.926578191473380308e-03 4.441137601123808232e-02 -1.078000000000002567e-03 3.550000000000011480e-04 -4.510999999999976140e-02
7.361271112044820430e-01 -1.640825797759144604e-03 4.021181482535655244e-02 -4.812000000000000305e-03 1.551999999999997826e-03 -3.990600000000021907e-02
7.476168755116335829e-01 -1.044899389591212114e-03 4.254280110515230168e-02 9.680000000000001104e-04 3.960000000000001713e-03 -3.959899999999993980e-02
8.378491505194932687e-01 6.529401563313780819e-03 4.469217233117579041e-02 2.375999999999999640e-03 4.588999999999999330e-03 -4.209599999999991127e-02
7.762627863248038329e-01 -2.133212063662388944e-03 3.403005389241833128e-02 -4.336999999999997107e-03 3.522000000000000824e-03 -3.749800000000025335e-02
8.708672545278632882e-01 9.002936791792416366e-04 2.945410387933924956e-02 1.153999999999998777e-03 7.199999999999984190e-04 -4.026399999999963342e-02
8.043453169448231410e-01 8.633869493558241548e-04 2.417609803451031825e-02 -2.014999999999999430e-03 -4.369999999999998885e-04 -3.343000000000007077e-02
8.116773608125313899e-01 9.846878504410567015e-04 2.347369801545788615e-02 -8.080000000000031601e-04 2.105000000000000968e-03 -3.358700000000025554e-02
9.011726014560614839e-01 1.951839358434199123e-03 2.276854323350736495e-02 1.930000000000056670e-04 3.590999999999998707e-03 -3.497400000000006060e-02
8.258688556149776927e-01 -1.286553672201860973e-03 1.943422941730041723e-02 -2.478000000000001035e-03 4.007000000000001012e-03 -3.080599999999966698e-02
8.323616399048016090e-01 2.818326891966028286e-03 1.035945506523879879e-02 4.208999999999997466e-03 9.150000000000000147e-04 -2.786800000000022592e-02
9.237191755917680824e-01 3.003370180429473443e-03 6.597087023121957217e-03 2.374000000000001109e-03 5.370000000000001508e-04 -2.644299999999999429e-02
8.463202452729047254e-01 1.467822760298213413e-03 5.679010699559937717e-03 3.175999999999998269e-03 6.939999999999993049e-04 -2.060199999999978715e-02
8.522193828531532400e-01 3.175208456718035463e-03 4.481863462168608932e-03 3.756999999999999923e-03 2.180000000000003116e-04 -1.643400000000028172e-02
9.429435618084466286e-01 6.818258799112162510e-03 2.188333120626724960e-03 2.679000000000000825e-03 -6.890000000000003760e-04 -1.481500000000002260e-02
8.635253668156563922e-01 1.119551782915489480e-03 2.934917273030822338e-03 2.781999999999999751e-03 9.100000000000080247e-05 -1.053699999999979653e-02
9.554226721910251685e-01 2.300640057099597249e-03 4.064516583889509448e-03 2.167999999999999788e-03 6.349999999999992803e-04 -7.700999999999957879e-03
8.747974015902362233e-01 3.507301470149939266e-04 3.597223302409361095e-03 1.083000000000000629e-03 1.158000000000000175e-03 -3.808999999999951314e-03
8.777273557531325432e-01 1.939267499700463677e-03 1.610066222569478693e-04 1.985999999999999918e-03 2.138000000000000143e-03 -1.797000000000270603e-03
9.724695474390222527e-01 1.409315261885671095e-03 -2.641774178417666871e-03 2.273000000000000714e-03 -1.600000000000006365e-05 -1.919999999997479279e-04
8.893456881795039903e-01 5.037721945234840048e-04 -4.121998740439425900e-03 7.200000000000001538e-04 -2.083999999999999915e-03 4.040000000000709690e-04
8.941039287703488325e-01 -5.426506250240975722e-04 -4.291384271225478358e-03 -5.520000000000004070e-04 -4.144999999999999379e-03 1.142999999999894101e-03
9.871493085026650238e-01 -1.525652412927822532e-03 6.438072347080974617e-03 -3.090000000000000732e-03 -8.470000000000005302e-04 1.068999999999764583e-03
9.026014070934256228e-01 -3.224434767180333998e-03 7.817394566825794713e-03 -3.079000000000000140e-03 2.269999999999997714e-04 1.253000000000170644e-03
9.974907073880393549e-01 -2.964786717009400708e-03 8.479243670886772374e-03 -1.596999999999997727e-03 -1.000000000000000021e-03 1.060999999999978627e-03
9.114216040351456050e-01 -3.148697638927785460e-03 7.590041189385370729e-03 -1.103000000000003283e-03 -2.225999999999998813e-03 1.132000000000132900e-03
9.155851733498995282e-01 -3.721113552743304104e-03 1.084529249902388068e-02 -6.099999999999855538e-05 -3.889000000000000096e-03 9.589999999999321290e-04
1.012006585498892886e+00 -7.837250833986923390e-04 1.847083282790543818e-02 1.271000000000001295e-03 -9.673000000000001042e-03 1.182000000000016371e-03
9.215725839629752558e-01 -3.730209175182048944e-03 2.693572481146116332e-02 -3.267000000000002541e-03 -7.767999999999997129e-03 1.069999999999904361e-03
