8.588213524498965468e-01 -4.511345489035208101e-02 2.743137314160116330e-02 5.272639020759663708e-04 1.154868074931627610e-03 -2.066936517651433991e-03
8.578301847515988898e-01 -4.326919061222926632e-02 2.642728552941332396e-02 5.217171449604478262e-04 1.153258147361418528e-03 -2.064423295255757036e-03
8.590563151320138591e-01 -4.153545164675702395e-02 2.548845957585869904e-02 5.175156191287192883e-04 1.154653785005545219e-03 -2.067251075742372428e-03
8.581634929330551609e-01 -3.970201592454890294e-02 2.448579796500790010e-02 5.120467826820324087e-04 1.153220706469963198e-03 -2.064981596692399939e-03
8.592751284278926649e-01 -3.796015979351118758e-02 2.353755303136200946e-02 5.077694197329128516e-04 1.154502991290636341e-03 -2.067531707081321501e-03
8.583423932989403538e-01 -3.613105543872500991e-02 2.253236287011707931e-02 5.022923320938802762e-04 1.153059502054435900e-03 -2.065183924138262392e-03
8.595797774141279435e-01 -3.439189996011200734e-02 2.158123350791150627e-02 4.980825341396356853e-04 1.154556462170504283e-03 -2.068036487015149222e-03
8.585821325580051955e-01 -3.256609535051965820e-02 2.057303205159451143e-02 4.925857189836311233e-04 1.153067548565400377e-03 -2.065538575627115861e-03
8.595307798120016551e-01 -3.081382968043384213e-02 1.960919398513200074e-02 4.882029991619607143e-04 1.154216159888541218e-03 -2.067708810234155509e-03
8.599060387162563712e-01 -2.903906492965599787e-02 1.862859021150158403e-02 4.834911222537366035e-04 1.154618222141011799e-03 -2.068509073104747575e-03
8.585221611790975205e-01 -2.721107177513689204e-02 1.761123696883751949e-02 4.778037690822784997e-04 1.152678764904803421e-03 -2.065076532795966091e-03
8.598941198772854788e-01 -2.546927210449604143e-02 1.664737985624399966e-02 4.736503701406906061e-04 1.154461072338790195e-03 -2.068285197052502355e-03
8.598885017067545711e-01 -2.368509782459900584e-02 1.565377496914439198e-02 4.687306672216786166e-04 1.154425627723259379e-03 -2.068169097230648790e-03
8.591869318146325707e-01 -2.193583121484142529e-02 1.469268687488498731e-02 5.903141661871991880e-04 1.237850941221580250e-03 -2.078540993547654120e-03
8.555578332930258156e-01 -1.924751249492895680e-02 1.285751020063961338e-02 -1.463468186656051613e-03 -1.279385214319021802e-04 -1.873206623445387853e-03
8.633324047178111416e-01 -1.930086800019196677e-02 1.432797470169040049e-02 2.249139587020656736e-03 2.351623933054415583e-03 -2.248316786741654666e-03
8.704329424414821714e-01 -1.910178330122489290e-02 1.193029523560195683e-02 8.626135010026472760e-04 2.605369364191246345e-03 -1.673293054383039047e-03
8.812422450963192100e-01 -2.290401643071998325e-02 1.149018875692806377e-02 3.655795136497478129e-03 1.923832388715639857e-03 -2.015776112872007253e-03
8.916613257068111142e-01 -1.851780486282503940e-02 1.106127319285396364e-02 1.167479757022320611e-03 -3.502221202744126849e-04 -1.350286534208794409e-03
9.014496537811010901e-01 -1.769899493658995057e-02 1.328445802931503723e-02 -2.343914170624458032e-04 -1.703563508513070146e-03 -1.583327972739419220e-03
9.059689686714337276e-01 -1.319509668719218327e-02 1.346266322751096464e-02 2.275800997293825345e-04 -1.481867962020134988e-03 -1.501556939113031508e-03
9.128232800650205592e-01 -1.585654183180000218e-02 1.241592877484006680e-02 -4.659038669357039308e-04 -4.827155168433128196e-04 -1.177277893154624056e-03
9.149423568835696186e-01 -1.187966992913598412e-02 1.214367654568996452e-02 2.129923721081641158e-04 6.250838405066558301e-04 -1.764742082888209884e-03
9.183621020962137171e-01 -1.156925454925689795e-02 1.152029234170996383e-02 -1.732689169587511499e-03 1.203480081998688916e-03 -1.070066048209736276e-03
9.285690467018522520e-01 -9.646928742123798972e-03 1.196789242558992522e-02 -2.395177332170424916e-04 -1.593449031735479082e-03 -7.621922423268756575e-04
9.358862050164777902e-01 -1.331083064904823275e-02 1.763780327204006459e-02 1.707218996623908330e-03 -3.936244971485907546e-03 8.899516308266686160e-07
9.370085376739013538e-01 -1.149148383135185567e-02 2.182413807204005435e-02 7.964647783224726441e-04 -3.692286114760164398e-03 8.550787629899442299e-04
9.437573418940236047e-01 -9.482526746723170946e-03 1.958418530870996779e-02 -9.404434936884469021e-04 -2.564071573778740898e-03 1.460586101199840003e-03
9.466595138752378347e-01 -1.074282888090797618e-02 1.742443826608994911e-02 -2.001965825005058708e-04 -1.178126109677749347e-03 1.453928439153595598e-03
9.492448015445104081e-01 -1.127925149815405155e-02 1.486811292922001794e-02 2.430078016992017614e-04 2.574996493688537502e-03 1.151118953165747305e-03
9.531444413341926269e-01 -1.255039863628791205e-02 1.213239731984000827e-02 1.014628726112564230e-03 5.287399463674756495e-03 8.791648265060875156e-04
9.599197395087414320e-01 -1.099976898965001476e-02 1.001480659160004956e-02 -7.049051396928671109e-04 3.529790883006020397e-03 1.190561163929369781e-03
9.697375513429273841e-01 -9.602750257030839495e-03 1.279815226843999607e-02 -2.417805344031666304e-03 -1.208443924129842112e-03 7.297232976393105974e-04
9.768553782493951676e-01 -9.970649731542262362e-03 1.556204163322600850e-02 -1.705925805623597843e-03 -4.898121504587528083e-03 -1.565645345502839070e-04
9.805995364253019542e-01 -9.282512046918619739e-03 1.911371875699385478e-02 -3.250477222845620309e-03 -4.061899235550645720e-03 -9.060237402866780365e-04
9.804978993808639576e-01 -5.244357308790115711e-04 1.534749217762101069e-02 -7.684449009214291970e-03 3.730613977100654538e-04 -1.077854414097342839e-03
9.804993685485162702e-01 -5.747558089590004519e-03 1.030480043504822078e-02 -3.057347536435445733e-03 3.934832111641091423e-03 -1.611488329294787081e-03
9.856998093287855367e-01 -1.198403816629577991e-02 1.069655259209390495e-02 8.185415924670735519e-04 4.394148521757245546e-03 -1.539056135195865371e-03
1.013015059387977645e+00 -1.320045498572019506e-02 2.256638014453794805e-02 5.758820480920045538e-04 1.276093095628951651e-03 -1.897618982828967737e-03
1.059312386719478249e+00 -1.490662230176810835e-02 4.675046176590397923e-02 -6.400293041996813620e-05 -2.139513535016381029e-03 -1.069989209634310268e-03
1.043677267165440625e+00 -1.780957429823244731e-02 4.099196207194526209e-02 3.329817028115228134e-03 -3.133024352942536186e-03 -1.023381637799976318e-03
1.045599426056322390e+00 -1.483181935026979884e-02 4.183874008577271458e-02 2.410583813348964077e-04 -9.891176967506704748e-04 -1.293702183091556546e-03
1.034451659282258351e+00 -1.249172884357032179e-02 3.329236645709957726e-02 8.798526513639778153e-04 -2.308605089921920636e-03 -9.927455525650941137e-04
1.037129270038235296e+00 -1.345061964416323363e-02 3.703803412185226185e-02 -3.919851588519783058e-04 -3.829063703962067196e-03 -5.233429378362353113e-05
1.025132437717434675e+00 -2.210098038527631703e-02 2.887998768918019488e-02 5.984710915793541551e-03 -1.722507312135525617e-03 -4.568250558302858200e-04
1.024280575642619651e+00 -1.817322776206588622e-02 2.933094982057188327e-02 4.862751540873223172e-04 -3.055608198894990343e-04 8.664199531360772255e-05
1.012169610542202003e+00 -1.437037327025983240e-02 2.240668496276195312e-02 -2.761991564556491932e-04 1.782635660413067411e-03 -1.568186817840697134e-04
1.007423952751477891e+00 -1.995590514696992182e-02 2.426878619344807059e-02 2.309769684458061120e-03 2.818995286924905197e-03 2.211876760519135288e-04
1.003191018616695684e+00 -1.261543289962512027e-02 2.781747872680791905e-02 -1.744711473119688744e-04 1.053878497909079698e-04 -9.749493497727343416e-04
1.001311751089662971e+00 -9.201660494740158958e-03 2.617353056011000045e-02 -1.946863648115576030e-03 -1.553300623752308998e-03 -1.305152253817547237e-03
