5.653510999971088635e-01 3.499723096254546591e-03 9.789327798551586413e-03 1.958991774779981695e-03 9.745075018787581695e-04 -1.630129850879272766e-03
5.622709827788330283e-01 -1.432853243856912085e-03 1.207469947403185667e-02 5.160642611215073353e-04 1.342331768444251583e-03 -1.125710888537904963e-03
5.616831784698302910e-01 -7.501552426369438760e-03 1.767642778537800718e-02 5.313722584654369946e-05 1.209820360572000549e-03 -1.825072454508071870e-03
5.621576541662270943e-01 -4.714453381887300822e-03 1.582208168515469512e-02 2.120611348142489340e-03 1.917460196395185008e-03 -2.014454715716837083e-03
5.648721010275568055e-01 -1.649416781578197030e-03 1.192282575784985033e-02 2.486069153515073522e-03 2.125325515678671597e-03 -1.557485709388695301e-03
5.743744886982067310e-01 -4.697164832031171591e-03 1.217009037851020208e-02 1.176937792995328552e-03 9.318559278888470174e-04 -1.386358882740088352e-03
5.794357464606567643e-01 -6.424289076930250926e-03 1.409418851625241637e-02 2.141475192454778131e-04 -7.585376543650735118e-04 -1.371734350527046079e-03
5.870128589691407939e-01 -8.179009249117897423e-03 2.033520882949420294e-02 2.863202955038605946e-04 2.154893817055076113e-04 -1.155476207839983838e-03
5.945485921326900680e-01 -7.129070763588400347e-03 1.795724055797843707e-02 -5.325664178046762148e-04 2.443897232623525040e-03 -1.181824095603465838e-03
6.012110609185850052e-01 -1.007376531777449957e-02 1.646269746161799913e-02 -1.698947015830305947e-03 3.897628450348643997e-03 -1.142839892333952917e-03
6.130586903935603127e-01 -8.737162689681207683e-03 1.049039449824516919e-02 -1.497297456946505671e-03 3.749370602647440764e-03 -1.222017095880248774e-03
6.261390756736717744e-01 -8.651469709786098125e-03 7.786832757059888345e-03 -1.459114656602342880e-03 8.000582661374620874e-04 -1.193066959030516030e-03
6.484509506401496814e-01 -9.740895768995489964e-03 5.580578240562204806e-03 -2.511639569238673965e-03 -6.444374661973067617e-03 -1.080203123408854382e-03
6.649288350993117769e-01 -8.157332160918906450e-03 9.393664617878372952e-03 -1.025977773476034706e-03 -1.062885918247928954e-02 -7.800198834417466920e-04
6.765604268855768266e-01 -7.337761895285979837e-03 1.833919157909021103e-02 -1.091529032191835506e-03 -7.242166821845861732e-03 -7.015664543009204890e-04
6.837439081156191367e-01 -9.981101527912723120e-03 2.237856967790240528e-02 -2.385904634971887026e-03 -1.017470480245835640e-04 -1.250960875591480143e-03
6.920644359073115925e-01 -1.096295340583360381e-02 1.502355897615000047e-02 -2.166373985136958204e-03 7.346980025532063793e-03 -8.419852981057379671e-04
7.108415074133360712e-01 -5.517727111668537313e-03 4.373124634432415392e-03 7.429117594369635813e-04 7.113891858029731258e-03 -9.686242677303842641e-04
7.343663681314104297e-01 1.338163005664248382e-04 -4.840361351400086927e-04 2.192673992911534260e-03 -5.638432587350729330e-04 -1.323192886621710890e-03
7.603994702631018399e-01 6.071111014739305825e-03 -8.710232342674304991e-04 7.271833393157622893e-04 -9.826029590258496607e-03 -4.105669542724815768e-04
7.766062937625100027e-01 4.679659748133113695e-03 5.673613892018026378e-03 2.686643044467935688e-04 -7.958416938232883153e-03 -4.180045204060407749e-04
7.888872075457569188e-01 2.791954540905263425e-03 1.143937701543037457e-02 8.670358589630308525e-04 -2.785393491985713177e-03 -4.566401763686882276e-04
8.036749317883754573e-01 5.872971543203411339e-03 1.064539725164654650e-02 2.141743758111581963e-03 9.921568533338923773e-04 -2.568807343850919300e-04
8.213333123409997105e-01 2.728080767014509980e-03 9.080333228583488403e-03 8.162462118715891387e-04 2.663957266010985592e-03 2.944224151039467885e-04
8.329644917296312734e-01 7.369357387459954736e-03 8.384895935866802305e-03 -2.256879843792865704e-03 3.483338243092613633e-03 6.714446699700900301e-04
8.462399434753360428e-01 1.303807100512001209e-02 1.065913252480150952e-02 2.694837596102883474e-03 5.305967943576790462e-03 9.807278859596951781e-04
8.597874554243679635e-01 1.750837239735052175e-02 1.310251346162757263e-02 2.908234197175849425e-03 6.204493750531718532e-03 6.184043028694373445e-04
8.817391477579744619e-01 7.354272448449946688e-03 8.060283807831124595e-03 -4.584490434107408099e-04 6.004813760409691281e-03 1.197793936632100820e-03
9.011466508490109106e-01 7.506055839740390263e-03 8.157771660281025461e-03 -1.247416088636189423e-03 9.367332252478380999e-04 2.519867737981740241e-04
9.203388709118188737e-01 6.124865357020285034e-03 1.199178874071955142e-02 -4.162401286413536586e-04 -5.780793099701749677e-04 -2.575093939650441310e-04
9.346063698382095497e-01 6.976459533947970866e-03 1.527390085581299163e-02 -1.218526109323318785e-03 9.356328017767496369e-04 5.215328232059668334e-05
9.533100131692460177e-01 2.545544941905910317e-03 1.501869477850125388e-02 -2.673808105804514196e-03 2.181867481638575038e-03 1.658265183431609224e-04
9.718559259233500169e-01 7.554795253947716588e-03 1.279346326352055752e-02 -3.545759198181724827e-03 8.653583070374858133e-04 -1.793372765693940218e-05
9.762761500780470225e-01 2.974391421898630455e-03 1.307486296333898457e-02 -1.777923657838250716e-03 -1.700966091981725992e-04 9.594171021097205876e-05
9.830766785757308890e-01 2.524860567277499145e-03 1.335378632912087409e-02 -8.644502372986131652e-04 -1.156726426735296687e-04 -2.239807177599195676e-04
9.879032012828135034e-01 2.794747296359879982e-03 1.392793740152896594e-02 -2.866271068409104866e-05 1.170103958978083170e-04 -1.885243295589658641e-04
1.001601351854375821e+00 1.488973332686014360e-03 1.499651882649059506e-02 -7.862421082909468867e-04 -1.157712122782698916e-03 -3.528325462947845548e-04
1.007764688404108044e+00 1.680614141127516553e-03 1.523121645783243397e-02 -6.993860865915210376e-04 -1.904962193246475741e-03 -2.936930568135515118e-04
1.014748679483580940e+00 1.335529126305128695e-03 1.701856683395149353e-02 -6.597489292262653099e-04 -1.276851130083621680e-03 -3.361752705237190664e-04
1.021406323882626088e+00 2.723403229498069095e-03 1.843298825672246358e-02 1.392402869062718540e-04 7.394422553361791606e-04 -5.064184489725342964e-05
1.028983672198958033e+00 5.753883023331788108e-04 1.631282909719701524e-02 -1.069285100128151977e-03 1.178880082979390925e-03 -1.800071235333322583e-04
1.036460938377233632e+00 1.061982187516065119e-03 1.668642921195098022e-02 1.953006505858792541e-04 -7.566460541501771053e-04 -3.350386826726087230e-04
1.047491592611581313e+00 2.386156227541871584e-03 1.617849184482397784e-02 7.035246048374375893e-04 -2.725280813037810751e-03 -6.779288689753165675e-04
1.055454598021674073e+00 1.649817867550401346e-03 1.768837358032728999e-02 -2.439575171762371070e-04 -3.485154289603937909e-03 -3.268738081326771905e-04
1.063322725937512203e+00 1.252009692395142197e-03 1.939615641154166306e-02 -1.810822675183416247e-04 -2.588157549427194497e-03 -5.022607941180014246e-04
1.063120975263416312e+00 -7.136694520015659507e-04 2.222494756525494539e-02 6.569006654800167710e-05 -6.264464797325420067e-04 -5.299344213734180631e-04
1.071855435013362445e+00 8.073974687260419836e-03 1.635744415952655045e-02 5.782959968916520643e-04 1.572163746980097254e-03 -3.899752603698410092e-04
1.075485084495314103e+00 1.486807837540468809e-02 1.134098370787404303e-02 -2.129842372414880031e-04 3.217775919131735107e-04 -3.463756170595314043e-04
1.076937375461789026e+00 5.770563730630147783e-03 1.883227054404646578e-02 2.163624971949842934e-04 -8.748937685022304539e-04 -5.349352066032903030e-04
1.077864308273398741e+00 2.899595267662010215e-03 2.270920270133123739e-02 3.558237446519250946e-05 -2.102858252480537763e-03 -7.632755432023519138e-04
1.075904952093752698e+00 9.736312830490547647e-04 2.449948019998588952e-02 -1.271182503314750162e-04 -2.328691828716737949e-03 -5.662554743639143517e-04
1.074474861212575183e+00 -1.982528201268912293e-04 2.801745929307355304e-02 -1.492810122637890091e-03 -5.731677454031975771e-04 -4.644722525497628485e-04
1.065466405524352789e+00 -4.718262973729936069e-03 2.104228586056998418e-02 -7.244081420640074293e-04 4.061049616050950439e-03 -4.097370726997701107e-04
1.062637742066256274e+00 -8.161336100470000313e-03 1.304151787094488466e-02 -1.408473264067303110e-03 4.508466715371632627e-03 -1.014020882808448765e-04
1.073289348684463240e+00 -5.612422954420031446e-03 1.381466151981803475e-02 -7.691235078812405646e-04 5.464536776412162733e-04 -1.658476776246441131e-04
1.079087083331894847e+00 -2.657566088300014097e-03 1.289158877028207667e-02 -1.222256769285428452e-04 -2.763391303441971661e-03 2.275036260222552953e-04
1.077085865191061975e+00 -3.363245897799983612e-03 1.373925652435992358e-02 -9.349519024810914319e-04 -2.289634411426447191e-03 2.011236947816394394e-04
1.076484737714979767e+00 1.545382612599971710e-03 1.366947856829996664e-02 2.136560041884810746e-03 -1.301010589967636823e-03 7.568848171109546219e-05
1.079121938255911184e+00 -2.085528414500094092e-03 1.644528126454997477e-02 -9.654124203480676791e-04 -3.197791011094516106e-04 3.378158816521592556e-04
1.070787409149806413e+00 -8.913554127990648210e-05 1.348232536071998673e-02 2.187036480147031350e-03 2.877228809070164501e-03 4.147222779081367883e-04
1.073703348670756563e+00 -4.737755799639980711e-03 9.691449191280078132e-03 -1.122018056520119114e-03 2.507151996238744275e-03 7.720909510626483563e-05
1.074472435544137072e+00 -3.132194842699986652e-03 1.259028041148008148e-02 9.648167698246782470e-04 1.996823490292084710e-03 8.031088868233268729e-05
1.066815940306639288e+00 -8.762798364900136611e-03 1.270640251111999561e-02 1.396370658037411963e-03 3.003627291168575394e-03 1.979822660910443566e-05
1.072103942867740134e+00 -3.773642376717860694e-03 1.417706174792195822e-02 1.693593805282906511e-03 2.575188183456152136e-03 1.307500245598634814e-04
1.071599392709732923e+00 -7.720611330007024799e-03 1.145679231692394752e-02 1.407118669730393276e-03 -2.049251506617319474e-03 1.635697352361034640e-04
1.086854616433999610e+00 -3.100892513515060393e-03 8.126279158084110180e-03 1.210656851456677792e-03 -6.085352081278688242e-03 4.047601322895028053e-05
1.085820458736969085e+00 -5.407844635731859709e-03 8.479643158899896963e-03 1.095524541828069888e-03 -6.081973512414174526e-03 2.896555481487553263e-04
1.083164996370765687e+00 -1.616355290414147466e-03 1.402818881299606850e-02 1.669336029597716636e-03 -1.316743157529445644e-03 1.419412388396247560e-04
1.079242547024893195e+00 2.381555267520139331e-03 1.066952397403558676e-02 3.172374620101823563e-03 3.242623941811156006e-03 2.297809156706319411e-04
1.078016256401776118e+00 3.674621854839241804e-03 9.263111212409845877e-03 1.887030729553242948e-03 3.300549767637464289e-03 3.781368029925902263e-05
1.079382615729876704e+00 -1.836800194046976382e-03 1.140831845915204860e-02 -1.978316891395642992e-03 3.785482168902531454e-03 -4.154412245944635873e-05
1.081788518955612455e+00 5.440426268119377554e-04 8.382115280062749779e-03 7.309824718478351389e-04 4.682929474072086012e-03 6.099062819765743715e-05
1.085064851723560819e+00 -1.938574400398205893e-03 4.891783145683787325e-03 -3.298232584833795875e-03 8.197085344991243694e-04 5.477676569246685279e-04
1.092447232973787763e+00 -6.194747191275966000e-03 7.270694247789022228e-03 -4.854080989941598513e-03 -3.735987407104396710e-03 1.017190027200104430e-03
1.088913077777813765e+00 -2.982850149692739539e-03 1.011372246670189275e-02 -1.465369431280661577e-03 -2.495597015787630324e-03 1.412131076355509218e-04
1.085667754985228939e+00 1.244771109653940644e-03 7.893581904180036607e-03 7.374981245764980486e-04 -2.713350969219228970e-04 -1.640498748684132702e-04
1.087814757346593275e+00 3.303029396219703175e-03 1.089936872453502528e-02 1.480042964020291535e-03 -9.182256240820654836e-04 1.659114538499657787e-04
1.084035786093534570e+00 2.522786751716079093e-03 1.045077163478398685e-02 1.126110195393646186e-03 -1.372314025437188292e-03 -2.872695521253763873e-04
1.084083925688631211e+00 7.908275162429952067e-04 1.665651344839005205e-02 1.576009921614864463e-03 -1.834895342739412821e-03 -2.980953038702501001e-04
1.079871031663247827e+00 -3.093846483651814701e-03 2.156619124616400082e-02 1.174514276703089027e-03 -1.965069897226871202e-03 -7.067634517101788194e-04
1.074506504781320260e+00 -1.758352951885241988e-03 2.216412199882007716e-02 7.416454295838259547e-04 1.054226184856460555e-03 -5.911751279149141114e-04
1.069410874705080117e+00 -5.043059033619824716e-03 2.068201204789276576e-02 -1.282052569665855391e-04 3.879086718585750271e-03 -5.203490914655328758e-04
1.069055839812192099e+00 -5.164135661100145366e-03 1.804501927373018677e-02 -5.267660796543064978e-04 2.383820805313194638e-03 -6.529584582814947080e-04
1.065553685304503340e+00 -1.077977143195094772e-02 2.032558382439792269e-02 -2.100171724039328995e-03 -1.632247678145138867e-03 -5.102002803780252005e-04
1.071222134167328477e+00 -8.489857552678016159e-03 2.018514642799998718e-02 -1.046054541700002817e-03 -4.118794793512894556e-03 -5.724140524508217198e-04
1.066226214218426671e+00 -8.954051595038011249e-03 2.276884867139601643e-02 -1.575423642635107729e-03 -4.238104137760011214e-03 -5.853406298418108167e-04
1.061287811029029360e+00 -6.194214378800047723e-03 2.026381498760903080e-02 -1.142228632099823345e-03 -1.117334210171299193e-03 -3.954543020969793210e-04
1.055237289382001009e+00 -5.140772410529024020e-03 1.918056282314812774e-02 1.990257252221334580e-04 2.310910386603945692e-03 -5.466888146697483630e-04
1.047626141144366807e+00 -4.060410078415903519e-03 1.903335219056482425e-02 2.407601955997009519e-04 1.056409716777407734e-03 -6.363315232940439103e-04
1.039517838225207713e+00 -3.529247129088022503e-03 1.443590635878698805e-02 3.295406672405099338e-04 -2.323633158389428605e-04 -4.921215193983488612e-04
1.025508060684802381e+00 -1.616619892984844618e-03 1.588552611512808813e-02 1.270067753849205873e-03 -2.027682400908515856e-04 -7.162053671293175383e-04
1.011436209371715078e+00 -2.211217727741117498e-03 1.424437814575595963e-02 1.409587642684795479e-03 -1.551506899115633747e-03 -6.427812631478180272e-04
9.942551411496475255e-01 -4.887312160413962922e-03 1.722167668373409538e-02 -2.098226444365840909e-04 -2.605567323181813381e-03 -4.476454505134980222e-04
9.726129627557162927e-01 -4.941747354928111013e-03 2.052047686143588720e-02 7.442123608964769377e-04 -1.359517121357303304e-03 -9.651648881994628892e-04
9.534493337882958830e-01 -8.425813155991668246e-03 2.486404800527610565e-02 1.013965513527358142e-03 -4.245689949333199265e-05 -2.028008489376717516e-03
9.310524251091567560e-01 -7.144841783480349040e-03 2.458177692569389963e-02 8.611928381993859752e-04 5.646607104626581372e-04 -3.280073164030020139e-03
9.061836711292393653e-01 -9.387645982339669695e-03 2.427621614577709155e-02 -4.875099237010077288e-05 8.694950726246067092e-04 -3.451587100835144806e-03
8.855200322242789968e-01 -6.401249779374463753e-03 2.257529536221004191e-02 3.539696758201361666e-04 1.537126005681057391e-04 -3.100331635947708997e-03
8.620222095224419068e-01 -1.210978751959987734e-02 2.982540400767990513e-02 -1.073522497610161991e-03 -1.579933834171438466e-03 -3.161132012608612596e-03
8.396445810268785559e-01 -1.005806917407910464e-02 2.523512181810104102e-02 -1.038660333399391272e-03 -9.441550684053936701e-04 -3.031063098148267798e-03
8.148128224347135351e-01 -1.333605441120585058e-02 2.522725070964189006e-02 -9.715229436659611820e-04 -1.586558434857959603e-03 -2.927961450157501311e-03
7.867384134325146050e-01 -1.161203376184022883e-02 2.185481703887615784e-02 -1.519945985645560806e-03 -8.936971780902532025e-04 -2.719699658315220814e-03
7.605955151840025907e-01 -1.596157102441912029e-02 2.670808859425597565e-02 -2.123655242210993783e-03 -6.294461435456576506e-04 -2.412193578632128299e-03
7.279539220394845023e-01 -1.528719971802412238e-02 2.788364998395610403e-02 -1.912313102489628450e-03 9.202741647780145889e-04 -2.708222557808608044e-03
6.987399776327146705e-01 -1.391389215536033112e-02 2.728878262013980163e-02 -1.393554738909839538e-03 3.394958406245595760e-03 -2.587646883265834474e-03
6.660446909810293636e-01 -1.371217391871952344e-02 2.189230644704021414e-02 -2.309219092588269892e-03 3.861370251600761746e-03 -2.488054395478958569e-03
6.382178284714680183e-01 -1.145614419165071583e-02 2.281865119919973539e-02 -2.026299834514392120e-03 2.682374022861327371e-03 -2.216988864191735131e-03
6.068722940281251477e-01 -8.902793196529621561e-03 2.289084818851001499e-02 -1.616396787482259068e-03 1.207475826448379305e-03 -1.005825284482078641e-03
5.849001533429006860e-01 -8.966833604050745629e-03 2.189626157755011904e-02 -2.544204346278562678e-03 -5.507814474442372307e-04 8.186187920944387741e-04
5.639339749017051595e-01 -8.335527131659506775e-03 2.404428788640014178e-02 -3.704394286000427944e-03 -1.718812278960810298e-03 2.775622509136377314e-03
5.393379884874122121e-01 -3.030414423239574835e-03 2.188917213398984540e-02 -2.844695555793932962e-03 -1.650050641208451914e-03 5.377132491261121805e-03
5.175803986878582119e-01 2.844580607699786524e-03 1.910239041557993539e-02 -8.275677557704162746e-04 -1.771798207473109649e-03 7.187881533099259312e-03
4.946388269176961727e-01 7.722065816210057186e-03 1.641062965504994781e-02 1.649921163045624251e-04 -2.465021675622605137e-03 9.529607519118570014e-03
4.737766808522287931e-01 8.107025711149757480e-03 2.331316054410020877e-02 4.404024656084679079e-04 -1.393822763320893762e-03 1.166011163962262648e-02
4.504147635822325357e-01 1.072457589712034857e-02 2.186621241280001585e-02 7.765824204332555381e-04 -1.127566046146581333e-04 1.332539157598449514e-02
4.313097066665491086e-01 1.340850478973992788e-02 2.460894049422973975e-02 2.912707695522515072e-04 7.150671889972846224e-04 1.494062694199904326e-02
4.207210283330389267e-01 1.849110250455969148e-02 1.950658902826034324e-02 1.406570215425118064e-03 2.823738016456352022e-03 1.773327067265344226e-02
4.117450355440037679e-01 2.147145400650009653e-02 2.260467880363959542e-02 6.735545844932210036e-04 4.528569783679945240e-03 2.089148425324742139e-02
4.012698164260528055e-01 2.795282475506006420e-02 1.498404973921003622e-02 2.074813441275785014e-03 4.929066464180599516e-03 2.405110103873201594e-02
3.998124453868651673e-01 3.208992798157954407e-02 1.865914235566017848e-02 2.307308495779088892e-03 2.787741379411005915e-03 2.708085193540488156e-02
3.866941067579774405e-01 3.586231722994031451e-02 1.079283195475994918e-02 2.641752135099009052e-03 1.301318036661785679e-03 2.975425758458431769e-02
3.865184691055297828e-01 3.915851690720111022e-02 1.454776040879988096e-02 2.429759379683267551e-03 1.687404369163349183e-03 3.240696339036790163e-02
3.732596933895037106e-01 4.387011264380933501e-02 1.345700459219994344e-02 2.644160391508923805e-03 1.913023408890041424e-03 3.578740474744512845e-02
3.772221097543613788e-01 4.719661172455462406e-02 1.573032738867030308e-02 3.459900362315224825e-03 5.584265674041209715e-04 3.897797709972283808e-02
3.618052081718429736e-01 5.072630875454355037e-02 1.084032207799202896e-02 2.591108914706990660e-03 8.826155287446624254e-04 4.099295452758458524e-02
3.656494428280341880e-01 4.604064413041762671e-02 1.382572934736775970e-02 -4.401260160523225509e-04 1.235054312709118335e-03 4.302010499652947351e-02
3.619839312092988926e-01 4.591046243219990691e-02 9.316977994167238708e-03 -2.329980925844949043e-03 7.076464429538464884e-04 4.641264493119545698e-02
3.499585266265783368e-01 5.286454660503590169e-02 8.476136684793925125e-03 9.789165456752964289e-05 -6.775699982560293155e-04 4.788414634368148848e-02
3.567069728764971082e-01 5.353783181212101033e-02 6.789272505790868231e-03 8.486350735874784862e-04 -1.027733885830259264e-03 4.834808445877492034e-02
3.403145630245564268e-01 5.996857529623212529e-02 7.698877876910308928e-03 1.520769681435615341e-03 6.309706500389478112e-04 4.998546538249781790e-02
3.472371629417392302e-01 5.441549299689885100e-02 8.687387264949605198e-03 -2.832546373186554597e-04 2.594909131520359985e-03 4.969545962517935012e-02
3.347371583721124866e-01 5.833869461939854978e-02 8.856190887350389243e-03 -2.133740703022121710e-03 4.133772323877279997e-03 5.007201396760108114e-02
3.484530502774627059e-01 4.824977986219421144e-02 5.518061632701950180e-03 -5.834036719169700264e-03 6.042564158122903928e-03 5.158589762806142787e-02
3.412589745531755536e-01 5.471170723025346044e-02 8.975520881668139390e-04 -8.147901507490142720e-03 6.463782719778626840e-03 5.306398364843112336e-02
3.568756789120908213e-01 4.721197127518732273e-02 -2.805956949978990513e-03 -7.733261600027414862e-03 5.342084080591710804e-03 5.497061878651621214e-02
3.585963214483368078e-01 5.214492544274944991e-02 1.768456529925705595e-03 -2.335257056337303183e-03 3.381928109379879477e-03 5.518284417075658421e-02
3.509634425430041560e-01 6.942255322511058091e-02 4.748692506851815397e-04 2.367217490717929418e-03 8.298242932751540013e-04 5.442432757488913087e-02
3.709361591360093025e-01 5.557856514219741001e-02 -1.655764089600158346e-03 1.555730960498151461e-03 -2.439745477955994335e-03 5.613528761401953560e-02
3.629738532626503589e-01 6.840876814811953921e-02 -7.112351033446981993e-04 7.382949492150681081e-04 -1.271538204946506823e-03 5.658701973463653445e-02
3.764413007924633514e-01 5.742889212788488545e-02 3.532187334549852665e-03 2.095613665489097499e-03 -2.130493911401611096e-03 5.620720966660597284e-02
3.730258687242003490e-01 7.416024998627962495e-02 3.559855117299659359e-03 7.271405408701501344e-03 -6.256253743638889864e-03 5.767630964545578109e-02
3.854853232094966886e-01 5.156150438030656508e-02 7.539472421745427831e-03 -1.588643283435629827e-03 -1.803142803715018783e-03 5.714659842287050928e-02
3.892328884688034396e-01 4.791743373120958827e-02 6.376698782259626955e-03 -1.454789991494622944e-02 1.096007563452416206e-02 5.503445683128171950e-02
3.883143594067300919e-01 6.043770574761574144e-02 2.100404346100231100e-03 -2.348877203162185595e-02 2.330612783801964960e-02 5.325072169727462779e-02
4.069535802790005818e-01 4.646652590317948417e-02 2.132198517199698079e-03 -1.885693995541510432e-02 1.991328660362978731e-02 4.865614754797253916e-02
4.156255448293993959e-01 5.722890047912671668e-02 2.906430582260212045e-03 -1.269204482702093739e-02 1.876871235716900954e-02 4.306486778470675070e-02
4.329364489717998365e-01 4.913989056930107707e-02 2.007500118480213657e-03 -1.509425908968126118e-02 2.290963941931149772e-02 3.624171199677528321e-02
4.430707531748788730e-01 4.334926439160652345e-02 9.663909695600760193e-04 -3.249921260592840422e-02 3.754913315939767404e-02 3.090458944977214628e-02
4.652041797713009630e-01 2.554544136384412009e-02 5.628854606739786860e-03 -1.856909642795390170e-02 1.643022297798052422e-02 2.869394546117631783e-02
4.844660866379003616e-01 1.678346197774603990e-02 4.190098630619702030e-03 -3.693179368197435641e-03 -3.497750737403132471e-03 2.636181970254614093e-02
