0.000000000000000000e+00 0.000000000000000000e+00
1.344200067250846509e+01 1.666666666666666644e-02
1.347000036993066985e+01 3.333333333333333287e-02
1.347100062197251980e+01 5.000000000000000278e-02
1.349300076470906795e+01 6.666666666666666574e-02
1.349500089702944905e+01 8.333333333333332871e-02
1.357000091487180704e+01 1.000000000000000056e-01
1.359100042689191312e+01 1.166666666666666685e-01
1.360900027437760862e+01 1.333333333333333315e-01
1.362500077060687964e+01 1.499999999999999944e-01
1.362600035809217580e+01 1.666666666666666574e-01
1.363500024901249397e+01 1.833333333333333204e-01
1.364000035111164344e+01 2.000000000000000111e-01
1.364300061809257514e+01 2.166666666666666741e-01
1.366700124147103246e+01 2.333333333333333370e-01
2.087900218602771218e+01 2.500000000000000000e-01
2.088200127651974114e+01 2.666666666666666630e-01
2.088300160786481285e+01 2.833333333333333259e-01
2.089300172530043298e+01 2.999999999999999889e-01
2.089400103291122335e+01 3.166666666666666519e-01
2.089600158940592323e+01 3.333333333333333148e-01
2.091700138200877745e+01 3.499999999999999778e-01
2.092100080384588523e+01 3.666666666666666408e-01
2.092100174474139962e+01 3.833333333333333592e-01
2.092400145718076132e+01 4.000000000000000222e-01
2.092400145718076132e+01 4.166666666666666852e-01
2.092500178852584725e+01 4.333333333333333481e-01
2.092600055702807893e+01 4.500000000000000111e-01
2.092699980893179657e+01 4.666666666666666741e-01
2.092800075134811522e+01 4.833333333333333370e-01
2.093200072974062564e+01 5.000000000000000000e-01
2.093300050453029826e+01 5.166666666666667185e-01
2.093300050453029826e+01 5.333333333333333259e-01
2.093400157461638145e+01 5.500000000000000444e-01
2.093600099438140205e+01 5.666666666666666519e-01
2.093800149846509129e+01 5.833333333333333703e-01
2.093999970214093409e+01 5.999999999999999778e-01
2.094399951813791461e+01 6.166666666666666963e-01
2.094399996678170339e+01 6.333333333333333037e-01
2.095200200000465429e+01 6.500000000000000222e-01
2.095200209856906426e+01 6.666666666666666297e-01
2.095300123629218447e+01 6.833333333333333481e-01
2.095300176377578083e+01 6.999999999999999556e-01
2.095400011897502424e+01 7.166666666666666741e-01
2.095400087247717380e+01 7.333333333333332815e-01
2.095700028890840727e+01 7.500000000000000000e-01
2.095799958023671650e+01 7.666666666666667185e-01
2.095900138915979127e+01 7.833333333333333259e-01
2.096100026781519787e+01 8.000000000000000444e-01
2.096400022129141760e+01 8.166666666666666519e-01
2.096400022129141760e+01 8.333333333333333703e-01
2.096600090671579864e+01 8.499999999999999778e-01
2.096900250193594317e+01 8.666666666666666963e-01
2.097200075057294910e+01 8.833333333333333037e-01
2.097700052211356692e+01 9.000000000000000222e-01
2.097800133852620164e+01 9.166666666666666297e-01
2.098000198604358246e+01 9.333333333333333481e-01
2.098300153993723072e+01 9.499999999999999556e-01
2.098500058361769049e+01 9.666666666666666741e-01
2.098700217295104054e+01 9.833333333333332815e-01
2.098700228377657595e+01 1.000000000000000000e+00
