0.000000000000000000e+00 0.000000000000000000e+00
1.721300126040088330e+01 5.000000000000000278e-02
1.724000210592266669e+01 1.000000000000000056e-01
1.726700029080040721e+01 1.499999999999999944e-01
1.728400034065201751e+01 2.000000000000000111e-01
1.728400034065201751e+01 2.500000000000000000e-01
1.729499976614716061e+01 2.999999999999999889e-01
1.730400065217610361e+01 3.499999999999999778e-01
1.731500012817700807e+01 4.000000000000000222e-01
1.731900029949069975e+01 4.500000000000000111e-01
1.732500092384717405e+01 5.000000000000000000e-01
1.733200092509607870e+01 5.500000000000000444e-01
1.733200092509607870e+01 5.999999999999999778e-01
1.733200092509607870e+01 6.500000000000000222e-01
1.736400030693210539e+01 6.999999999999999556e-01
1.737600102289625070e+01 7.500000000000000000e-01
1.737800004460547854e+01 8.000000000000000444e-01
1.741200094188191727e+01 8.499999999999999778e-01
1.741700160609141079e+01 9.000000000000000222e-01
1.746100068889974466e+01 9.499999999999999556e-01
1.747500042657312136e+01 1.000000000000000000e+00
