0.000000000000000000e+00 0.000000000000000000e+00
4.040404040404040331e-01 0.000000000000000000e+00
8.080808080808080662e-01 0.000000000000000000e+00
1.212121212121212155e+00 0.000000000000000000e+00
1.616161616161616132e+00 0.000000000000000000e+00
2.020202020202020332e+00 0.000000000000000000e+00
2.424242424242424310e+00 0.000000000000000000e+00
2.828282828282828287e+00 0.000000000000000000e+00
3.232323232323232265e+00 0.000000000000000000e+00
3.636363636363636243e+00 0.000000000000000000e+00
4.040404040404040664e+00 0.000000000000000000e+00
4.444444444444444642e+00 0.000000000000000000e+00
4.848484848484848619e+00 0.000000000000000000e+00
5.252525252525252597e+00 0.000000000000000000e+00
5.656565656565656575e+00 0.000000000000000000e+00
6.060606060606060552e+00 0.000000000000000000e+00
6.464646464646464530e+00 0.000000000000000000e+00
6.868686868686868507e+00 0.000000000000000000e+00
7.272727272727272485e+00 0.000000000000000000e+00
7.676767676767676463e+00 0.000000000000000000e+00
8.080808080808081328e+00 0.000000000000000000e+00
8.484848484848484418e+00 0.000000000000000000e+00
8.888888888888889284e+00 0.000000000000000000e+00
9.292929292929292373e+00 0.000000000000000000e+00
9.696969696969697239e+00 0.000000000000000000e+00
1.010101010101010033e+01 0.000000000000000000e+00
1.050505050505050519e+01 0.000000000000000000e+00
1.090909090909090828e+01 0.000000000000000000e+00
1.131313131313131315e+01 0.000000000000000000e+00
1.171717171717171624e+01 0.000000000000000000e+00
1.212121212121212110e+01 0.000000000000000000e+00
1.252525252525252419e+01 0.000000000000000000e+00
1.292929292929292906e+01 0.000000000000000000e+00
1.333333333333333393e+01 0.000000000000000000e+00
1.373737373737373701e+01 0.000000000000000000e+00
1.414141414141414188e+01 0.000000000000000000e+00
1.454545454545454497e+01 0.000000000000000000e+00
1.494949494949494984e+01 0.000000000000000000e+00
1.535353535353535293e+01 0.000000000000000000e+00
1.575757575757575779e+01 0.000000000000000000e+00
1.616161616161616266e+01 0.000000000000000000e+00
1.656565656565656397e+01 0.000000000000000000e+00
1.696969696969696884e+01 1.000000000000000000e+00
1.737373737373737370e+01 1.000000000000000000e+00
1.777777777777777857e+01 1.000000000000000000e+00
1.818181818181817988e+01 1.000000000000000000e+00
1.858585858585858475e+01 1.000000000000000000e+00
1.898989898989898961e+01 1.000000000000000000e+00
1.939393939393939448e+01 1.000000000000000000e+00
1.979797979797979934e+01 1.000000000000000000e+00
2.020202020202020066e+01 1.000000000000000000e+00
2.060606060606060552e+01 1.000000000000000000e+00
2.101010101010101039e+01 1.000000000000000000e+00
2.141414141414141525e+01 1.000000000000000000e+00
2.181818181818181657e+01 1.000000000000000000e+00
2.222222222222222143e+01 1.000000000000000000e+00
2.262626262626262630e+01 1.000000000000000000e+00
2.303030303030303116e+01 1.000000000000000000e+00
2.343434343434343248e+01 1.000000000000000000e+00
2.383838383838383734e+01 1.000000000000000000e+00
2.424242424242424221e+01 1.000000000000000000e+00
2.464646464646464707e+01 1.000000000000000000e+00
2.505050505050504839e+01 1.000000000000000000e+00
2.545454545454545325e+01 1.000000000000000000e+00
2.585858585858585812e+01 1.000000000000000000e+00
2.626262626262626299e+01 1.000000000000000000e+00
2.666666666666666785e+01 1.000000000000000000e+00
2.707070707070706916e+01 1.000000000000000000e+00
2.747474747474747403e+01 1.000000000000000000e+00
2.787878787878787890e+01 1.000000000000000000e+00
2.828282828282828376e+01 1.000000000000000000e+00
2.868686868686868507e+01 1.000000000000000000e+00
2.909090909090908994e+01 1.000000000000000000e+00
2.949494949494949481e+01 1.000000000000000000e+00
2.989898989898989967e+01 1.000000000000000000e+00
3.030303030303030098e+01 1.000000000000000000e+00
3.070707070707070585e+01 1.000000000000000000e+00
3.111111111111111072e+01 1.000000000000000000e+00
3.151515151515151558e+01 1.000000000000000000e+00
3.191919191919191690e+01 1.000000000000000000e+00
3.232323232323232531e+01 1.000000000000000000e+00
3.272727272727272663e+01 1.000000000000000000e+00
3.313131313131312794e+01 1.000000000000000000e+00
3.353535353535353636e+01 1.000000000000000000e+00
3.393939393939393767e+01 1.000000000000000000e+00
3.434343434343434609e+01 1.000000000000000000e+00
3.474747474747474740e+01 1.000000000000000000e+00
3.515151515151514872e+01 1.000000000000000000e+00
3.555555555555555713e+01 1.000000000000000000e+00
3.595959595959595845e+01 1.000000000000000000e+00
3.636363636363635976e+01 1.000000000000000000e+00
3.676767676767676818e+01 1.000000000000000000e+00
3.717171717171716949e+01 1.000000000000000000e+00
3.757575757575757791e+01 1.000000000000000000e+00
3.797979797979797922e+01 1.000000000000000000e+00
3.838383838383838054e+01 1.000000000000000000e+00
3.878787878787878896e+01 1.000000000000000000e+00
3.919191919191919027e+01 1.000000000000000000e+00
3.959595959595959869e+01 1.000000000000000000e+00
4.000000000000000000e+01 1.000000000000000000e+00
