0.000000000000000000e+00 0.000000000000000000e+00
4.004004004004003969e-02 0.000000000000000000e+00
8.008008008008007939e-02 0.000000000000000000e+00
1.201201201201201191e-01 0.000000000000000000e+00
1.601601601601601588e-01 0.000000000000000000e+00
2.002002002002001846e-01 0.000000000000000000e+00
2.402402402402402382e-01 0.000000000000000000e+00
2.802802802802802917e-01 0.000000000000000000e+00
3.203203203203203175e-01 0.000000000000000000e+00
3.603603603603603434e-01 0.000000000000000000e+00
4.004004004004003692e-01 0.000000000000000000e+00
4.404404404404404505e-01 0.000000000000000000e+00
4.804804804804804763e-01 0.000000000000000000e+00
5.205205205205205576e-01 0.000000000000000000e+00
5.605605605605605835e-01 0.000000000000000000e+00
6.006006006006006093e-01 0.000000000000000000e+00
6.406406406406406351e-01 0.000000000000000000e+00
6.806806806806806609e-01 0.000000000000000000e+00
7.207207207207206867e-01 0.000000000000000000e+00
7.607607607607607125e-01 0.000000000000000000e+00
8.008008008008007383e-01 0.000000000000000000e+00
8.408408408408408752e-01 0.000000000000000000e+00
8.808808808808809010e-01 0.000000000000000000e+00
9.209209209209209268e-01 0.000000000000000000e+00
9.609609609609609526e-01 0.000000000000000000e+00
1.001001001001001089e+00 0.000000000000000000e+00
1.041041041041041115e+00 0.000000000000000000e+00
1.081081081081081141e+00 0.000000000000000000e+00
1.121121121121121167e+00 0.000000000000000000e+00
1.161161161161161193e+00 0.000000000000000000e+00
1.201201201201201219e+00 0.000000000000000000e+00
1.241241241241241244e+00 0.000000000000000000e+00
1.281281281281281270e+00 0.000000000000000000e+00
1.321321321321321296e+00 0.000000000000000000e+00
1.361361361361361322e+00 0.000000000000000000e+00
1.401401401401401348e+00 0.000000000000000000e+00
1.441441441441441373e+00 0.000000000000000000e+00
1.481481481481481399e+00 0.000000000000000000e+00
1.521521521521521425e+00 0.000000000000000000e+00
1.561561561561561451e+00 0.000000000000000000e+00
1.601601601601601477e+00 0.000000000000000000e+00
1.641641641641641725e+00 0.000000000000000000e+00
1.681681681681681750e+00 0.000000000000000000e+00
1.721721721721721776e+00 0.000000000000000000e+00
1.761761761761761802e+00 0.000000000000000000e+00
1.801801801801801828e+00 0.000000000000000000e+00
1.841841841841841854e+00 0.000000000000000000e+00
1.881881881881881879e+00 0.000000000000000000e+00
1.921921921921921905e+00 0.000000000000000000e+00
1.961961961961961931e+00 0.000000000000000000e+00
2.002002002002002179e+00 0.000000000000000000e+00
2.042042042042042205e+00 0.000000000000000000e+00
2.082082082082082231e+00 0.000000000000000000e+00
2.122122122122122256e+00 0.000000000000000000e+00
2.162162162162162282e+00 0.000000000000000000e+00
2.202202202202202308e+00 0.000000000000000000e+00
2.242242242242242334e+00 0.000000000000000000e+00
2.282282282282282360e+00 0.000000000000000000e+00
2.322322322322322385e+00 0.000000000000000000e+00
2.362362362362362411e+00 0.000000000000000000e+00
2.402402402402402437e+00 0.000000000000000000e+00
2.442442442442442463e+00 0.000000000000000000e+00
2.482482482482482489e+00 0.000000000000000000e+00
2.522522522522522515e+00 0.000000000000000000e+00
2.562562562562562540e+00 0.000000000000000000e+00
2.602602602602602566e+00 0.000000000000000000e+00
2.642642642642642592e+00 0.000000000000000000e+00
2.682682682682682618e+00 0.000000000000000000e+00
2.722722722722722644e+00 0.000000000000000000e+00
2.762762762762762669e+00 0.000000000000000000e+00
2.802802802802802695e+00 0.000000000000000000e+00
2.842842842842842721e+00 0.000000000000000000e+00
2.882882882882882747e+00 0.000000000000000000e+00
2.922922922922922773e+00 0.000000000000000000e+00
2.962962962962962798e+00 0.000000000000000000e+00
3.003003003003002824e+00 0.000000000000000000e+00
3.043043043043042850e+00 0.000000000000000000e+00
3.083083083083082876e+00 0.000000000000000000e+00
3.123123123123122902e+00 0.000000000000000000e+00
3.163163163163162928e+00 0.000000000000000000e+00
3.203203203203202953e+00 0.000000000000000000e+00
3.243243243243243423e+00 0.000000000000000000e+00
3.283283283283283449e+00 0.000000000000000000e+00
3.323323323323323475e+00 0.000000000000000000e+00
3.363363363363363501e+00 0.000000000000000000e+00
3.403403403403403527e+00 0.000000000000000000e+00
3.443443443443443552e+00 0.000000000000000000e+00
3.483483483483483578e+00 0.000000000000000000e+00
3.523523523523523604e+00 0.000000000000000000e+00
3.563563563563563630e+00 0.000000000000000000e+00
3.603603603603603656e+00 0.000000000000000000e+00
3.643643643643643681e+00 0.000000000000000000e+00
3.683683683683683707e+00 0.000000000000000000e+00
3.723723723723723733e+00 0.000000000000000000e+00
3.763763763763763759e+00 0.000000000000000000e+00
3.803803803803803785e+00 0.000000000000000000e+00
3.843843843843843811e+00 0.000000000000000000e+00
3.883883883883883836e+00 0.000000000000000000e+00
3.923923923923923862e+00 0.000000000000000000e+00
3.963963963963963888e+00 0.000000000000000000e+00
4.004004004004004358e+00 0.000000000000000000e+00
4.044044044044044384e+00 0.000000000000000000e+00
4.084084084084084409e+00 0.000000000000000000e+00
4.124124124124124435e+00 0.000000000000000000e+00
4.164164164164164461e+00 0.000000000000000000e+00
4.204204204204204487e+00 0.000000000000000000e+00
4.244244244244244513e+00 0.000000000000000000e+00
4.284284284284284539e+00 0.000000000000000000e+00
4.324324324324324564e+00 0.000000000000000000e+00
4.364364364364364590e+00 0.000000000000000000e+00
4.404404404404404616e+00 0.000000000000000000e+00
4.444444444444444642e+00 0.000000000000000000e+00
4.484484484484484668e+00 0.000000000000000000e+00
4.524524524524524693e+00 0.000000000000000000e+00
4.564564564564564719e+00 0.000000000000000000e+00
4.604604604604604745e+00 0.000000000000000000e+00
4.644644644644644771e+00 0.000000000000000000e+00
4.684684684684684797e+00 0.000000000000000000e+00
4.724724724724724823e+00 0.000000000000000000e+00
4.764764764764764848e+00 0.000000000000000000e+00
4.804804804804804874e+00 0.000000000000000000e+00
4.844844844844844900e+00 0.000000000000000000e+00
4.884884884884884926e+00 0.000000000000000000e+00
4.924924924924924952e+00 0.000000000000000000e+00
4.964964964964964977e+00 0.000000000000000000e+00
5.005005005005005003e+00 0.000000000000000000e+00
5.045045045045045029e+00 0.000000000000000000e+00
5.085085085085085055e+00 0.000000000000000000e+00
5.125125125125125081e+00 0.000000000000000000e+00
5.165165165165165106e+00 0.000000000000000000e+00
5.205205205205205132e+00 0.000000000000000000e+00
5.245245245245245158e+00 0.000000000000000000e+00
5.285285285285285184e+00 0.000000000000000000e+00
5.325325325325325210e+00 0.000000000000000000e+00
5.365365365365365236e+00 0.000000000000000000e+00
5.405405405405405261e+00 0.000000000000000000e+00
5.445445445445445287e+00 0.000000000000000000e+00
5.485485485485485313e+00 0.000000000000000000e+00
5.525525525525525339e+00 0.000000000000000000e+00
5.565565565565565365e+00 0.000000000000000000e+00
5.605605605605605390e+00 0.000000000000000000e+00
5.645645645645645416e+00 0.000000000000000000e+00
5.685685685685685442e+00 0.000000000000000000e+00
5.725725725725725468e+00 0.000000000000000000e+00
5.765765765765765494e+00 0.000000000000000000e+00
5.805805805805805520e+00 0.000000000000000000e+00
5.845845845845845545e+00 0.000000000000000000e+00
5.885885885885885571e+00 0.000000000000000000e+00
5.925925925925925597e+00 0.000000000000000000e+00
5.965965965965965623e+00 0.000000000000000000e+00
6.006006006006005649e+00 0.000000000000000000e+00
6.046046046046045674e+00 0.000000000000000000e+00
6.086086086086085700e+00 0.000000000000000000e+00
6.126126126126125726e+00 0.000000000000000000e+00
6.166166166166165752e+00 0.000000000000000000e+00
6.206206206206205778e+00 0.000000000000000000e+00
6.246246246246245803e+00 0.000000000000000000e+00
6.286286286286285829e+00 0.000000000000000000e+00
6.326326326326325855e+00 0.000000000000000000e+00
6.366366366366365881e+00 0.000000000000000000e+00
6.406406406406405907e+00 0.000000000000000000e+00
6.446446446446446821e+00 0.000000000000000000e+00
6.486486486486486847e+00 0.000000000000000000e+00
6.526526526526526872e+00 0.000000000000000000e+00
6.566566566566566898e+00 0.000000000000000000e+00
6.606606606606606924e+00 0.000000000000000000e+00
6.646646646646646950e+00 0.000000000000000000e+00
6.686686686686686976e+00 0.000000000000000000e+00
6.726726726726727001e+00 0.000000000000000000e+00
6.766766766766767027e+00 0.000000000000000000e+00
6.806806806806807053e+00 0.000000000000000000e+00
6.846846846846847079e+00 0.000000000000000000e+00
6.886886886886887105e+00 0.000000000000000000e+00
6.926926926926927131e+00 0.000000000000000000e+00
6.966966966966967156e+00 0.000000000000000000e+00
7.007007007007007182e+00 0.000000000000000000e+00
7.047047047047047208e+00 0.000000000000000000e+00
7.087087087087087234e+00 0.000000000000000000e+00
7.127127127127127260e+00 0.000000000000000000e+00
7.167167167167167285e+00 0.000000000000000000e+00
7.207207207207207311e+00 0.000000000000000000e+00
7.247247247247247337e+00 0.000000000000000000e+00
7.287287287287287363e+00 0.000000000000000000e+00
7.327327327327327389e+00 0.000000000000000000e+00
7.367367367367367414e+00 0.000000000000000000e+00
7.407407407407407440e+00 0.000000000000000000e+00
7.447447447447447466e+00 0.000000000000000000e+00
7.487487487487487492e+00 0.000000000000000000e+00
7.527527527527527518e+00 0.000000000000000000e+00
7.567567567567567544e+00 0.000000000000000000e+00
7.607607607607607569e+00 0.000000000000000000e+00
7.647647647647647595e+00 0.000000000000000000e+00
7.687687687687687621e+00 0.000000000000000000e+00
7.727727727727727647e+00 0.000000000000000000e+00
7.767767767767767673e+00 0.000000000000000000e+00
7.807807807807807698e+00 0.000000000000000000e+00
7.847847847847847724e+00 0.000000000000000000e+00
7.887887887887887750e+00 0.000000000000000000e+00
7.927927927927927776e+00 0.000000000000000000e+00
7.967967967967967802e+00 0.000000000000000000e+00
8.008008008008008716e+00 0.000000000000000000e+00
8.048048048048048742e+00 0.000000000000000000e+00
8.088088088088088767e+00 0.000000000000000000e+00
8.128128128128128793e+00 0.000000000000000000e+00
8.168168168168168819e+00 0.000000000000000000e+00
8.208208208208208845e+00 0.000000000000000000e+00
8.248248248248248871e+00 0.000000000000000000e+00
8.288288288288288896e+00 0.000000000000000000e+00
8.328328328328328922e+00 0.000000000000000000e+00
8.368368368368368948e+00 0.000000000000000000e+00
8.408408408408408974e+00 0.000000000000000000e+00
8.448448448448449000e+00 0.000000000000000000e+00
8.488488488488489025e+00 0.000000000000000000e+00
8.528528528528529051e+00 0.000000000000000000e+00
8.568568568568569077e+00 0.000000000000000000e+00
8.608608608608609103e+00 0.000000000000000000e+00
8.648648648648649129e+00 0.000000000000000000e+00
8.688688688688689155e+00 0.000000000000000000e+00
8.728728728728729180e+00 0.000000000000000000e+00
8.768768768768769206e+00 0.000000000000000000e+00
8.808808808808809232e+00 0.000000000000000000e+00
8.848848848848849258e+00 0.000000000000000000e+00
8.888888888888889284e+00 0.000000000000000000e+00
8.928928928928929309e+00 0.000000000000000000e+00
8.968968968968969335e+00 0.000000000000000000e+00
9.009009009009009361e+00 0.000000000000000000e+00
9.049049049049049387e+00 0.000000000000000000e+00
9.089089089089089413e+00 0.000000000000000000e+00
9.129129129129129439e+00 0.000000000000000000e+00
9.169169169169169464e+00 0.000000000000000000e+00
9.209209209209209490e+00 0.000000000000000000e+00
9.249249249249249516e+00 0.000000000000000000e+00
9.289289289289289542e+00 0.000000000000000000e+00
9.329329329329329568e+00 0.000000000000000000e+00
9.369369369369369593e+00 0.000000000000000000e+00
9.409409409409409619e+00 0.000000000000000000e+00
9.449449449449449645e+00 0.000000000000000000e+00
9.489489489489489671e+00 0.000000000000000000e+00
9.529529529529529697e+00 0.000000000000000000e+00
9.569569569569569722e+00 0.000000000000000000e+00
9.609609609609609748e+00 0.000000000000000000e+00
9.649649649649649774e+00 0.000000000000000000e+00
9.689689689689689800e+00 0.000000000000000000e+00
9.729729729729729826e+00 0.000000000000000000e+00
9.769769769769769852e+00 0.000000000000000000e+00
9.809809809809809877e+00 0.000000000000000000e+00
9.849849849849849903e+00 0.000000000000000000e+00
9.889889889889889929e+00 0.000000000000000000e+00
9.929929929929929955e+00 0.000000000000000000e+00
9.969969969969969981e+00 0.000000000000000000e+00
1.001001001001001001e+01 0.000000000000000000e+00
1.005005005005005003e+01 0.000000000000000000e+00
1.009009009009009006e+01 0.000000000000000000e+00
1.013013013013013008e+01 0.000000000000000000e+00
1.017017017017017011e+01 0.000000000000000000e+00
1.021021021021021014e+01 0.000000000000000000e+00
1.025025025025025016e+01 0.000000000000000000e+00
1.029029029029029019e+01 0.000000000000000000e+00
1.033033033033033021e+01 0.000000000000000000e+00
1.037037037037037024e+01 0.000000000000000000e+00
1.041041041041041026e+01 0.000000000000000000e+00
1.045045045045045029e+01 0.000000000000000000e+00
1.049049049049049032e+01 0.000000000000000000e+00
1.053053053053053034e+01 0.000000000000000000e+00
1.057057057057057037e+01 0.000000000000000000e+00
1.061061061061061039e+01 0.000000000000000000e+00
1.065065065065065042e+01 0.000000000000000000e+00
1.069069069069069045e+01 0.000000000000000000e+00
1.073073073073073047e+01 0.000000000000000000e+00
1.077077077077077050e+01 0.000000000000000000e+00
1.081081081081081052e+01 0.000000000000000000e+00
1.085085085085085055e+01 0.000000000000000000e+00
1.089089089089089057e+01 0.000000000000000000e+00
1.093093093093093060e+01 0.000000000000000000e+00
1.097097097097097063e+01 0.000000000000000000e+00
1.101101101101101065e+01 0.000000000000000000e+00
1.105105105105105068e+01 0.000000000000000000e+00
1.109109109109109070e+01 0.000000000000000000e+00
1.113113113113113073e+01 0.000000000000000000e+00
1.117117117117117076e+01 0.000000000000000000e+00
1.121121121121121078e+01 0.000000000000000000e+00
1.125125125125125081e+01 0.000000000000000000e+00
1.129129129129129083e+01 0.000000000000000000e+00
1.133133133133133086e+01 0.000000000000000000e+00
1.137137137137137088e+01 0.000000000000000000e+00
1.141141141141141091e+01 0.000000000000000000e+00
1.145145145145145094e+01 0.000000000000000000e+00
1.149149149149149096e+01 0.000000000000000000e+00
1.153153153153153099e+01 0.000000000000000000e+00
1.157157157157157101e+01 0.000000000000000000e+00
1.161161161161161104e+01 0.000000000000000000e+00
1.165165165165165106e+01 0.000000000000000000e+00
1.169169169169169109e+01 0.000000000000000000e+00
1.173173173173173112e+01 0.000000000000000000e+00
1.177177177177177114e+01 0.000000000000000000e+00
1.181181181181181117e+01 0.000000000000000000e+00
1.185185185185185119e+01 0.000000000000000000e+00
1.189189189189189122e+01 0.000000000000000000e+00
1.193193193193193125e+01 0.000000000000000000e+00
1.197197197197197127e+01 0.000000000000000000e+00
1.201201201201201130e+01 0.000000000000000000e+00
1.205205205205205132e+01 0.000000000000000000e+00
1.209209209209209135e+01 0.000000000000000000e+00
1.213213213213213137e+01 0.000000000000000000e+00
1.217217217217217140e+01 0.000000000000000000e+00
1.221221221221221143e+01 0.000000000000000000e+00
1.225225225225225145e+01 0.000000000000000000e+00
1.229229229229229148e+01 0.000000000000000000e+00
1.233233233233233150e+01 0.000000000000000000e+00
1.237237237237237153e+01 0.000000000000000000e+00
1.241241241241241156e+01 0.000000000000000000e+00
1.245245245245245158e+01 0.000000000000000000e+00
1.249249249249249161e+01 0.000000000000000000e+00
1.253253253253253163e+01 0.000000000000000000e+00
1.257257257257257166e+01 0.000000000000000000e+00
1.261261261261261168e+01 0.000000000000000000e+00
1.265265265265265171e+01 0.000000000000000000e+00
1.269269269269269174e+01 0.000000000000000000e+00
1.273273273273273176e+01 0.000000000000000000e+00
1.277277277277277179e+01 0.000000000000000000e+00
1.281281281281281181e+01 0.000000000000000000e+00
1.285285285285285362e+01 0.000000000000000000e+00
1.289289289289289364e+01 0.000000000000000000e+00
1.293293293293293367e+01 0.000000000000000000e+00
1.297297297297297369e+01 0.000000000000000000e+00
1.301301301301301372e+01 0.000000000000000000e+00
1.305305305305305374e+01 0.000000000000000000e+00
1.309309309309309377e+01 0.000000000000000000e+00
1.313313313313313380e+01 0.000000000000000000e+00
1.317317317317317382e+01 0.000000000000000000e+00
1.321321321321321385e+01 0.000000000000000000e+00
1.325325325325325387e+01 0.000000000000000000e+00
1.329329329329329390e+01 0.000000000000000000e+00
1.333333333333333393e+01 0.000000000000000000e+00
1.337337337337337395e+01 0.000000000000000000e+00
1.341341341341341398e+01 0.000000000000000000e+00
1.345345345345345400e+01 0.000000000000000000e+00
1.349349349349349403e+01 0.000000000000000000e+00
1.353353353353353405e+01 0.000000000000000000e+00
1.357357357357357408e+01 0.000000000000000000e+00
1.361361361361361411e+01 0.000000000000000000e+00
1.365365365365365413e+01 0.000000000000000000e+00
1.369369369369369416e+01 0.000000000000000000e+00
1.373373373373373418e+01 0.000000000000000000e+00
1.377377377377377421e+01 0.000000000000000000e+00
1.381381381381381424e+01 0.000000000000000000e+00
1.385385385385385426e+01 0.000000000000000000e+00
1.389389389389389429e+01 0.000000000000000000e+00
1.393393393393393431e+01 0.000000000000000000e+00
1.397397397397397434e+01 0.000000000000000000e+00
1.401401401401401436e+01 0.000000000000000000e+00
1.405405405405405439e+01 0.000000000000000000e+00
1.409409409409409442e+01 0.000000000000000000e+00
1.413413413413413444e+01 0.000000000000000000e+00
1.417417417417417447e+01 0.000000000000000000e+00
1.421421421421421449e+01 0.000000000000000000e+00
1.425425425425425452e+01 0.000000000000000000e+00
1.429429429429429455e+01 0.000000000000000000e+00
1.433433433433433457e+01 0.000000000000000000e+00
1.437437437437437460e+01 0.000000000000000000e+00
1.441441441441441462e+01 0.000000000000000000e+00
1.445445445445445465e+01 0.000000000000000000e+00
1.449449449449449467e+01 0.000000000000000000e+00
1.453453453453453470e+01 0.000000000000000000e+00
1.457457457457457473e+01 0.000000000000000000e+00
1.461461461461461475e+01 0.000000000000000000e+00
1.465465465465465478e+01 0.000000000000000000e+00
1.469469469469469480e+01 0.000000000000000000e+00
1.473473473473473483e+01 0.000000000000000000e+00
1.477477477477477485e+01 0.000000000000000000e+00
1.481481481481481488e+01 0.000000000000000000e+00
1.485485485485485491e+01 0.000000000000000000e+00
1.489489489489489493e+01 0.000000000000000000e+00
1.493493493493493496e+01 0.000000000000000000e+00
1.497497497497497498e+01 0.000000000000000000e+00
1.501501501501501501e+01 0.000000000000000000e+00
1.505505505505505504e+01 0.000000000000000000e+00
1.509509509509509506e+01 0.000000000000000000e+00
1.513513513513513509e+01 0.000000000000000000e+00
1.517517517517517511e+01 0.000000000000000000e+00
1.521521521521521514e+01 0.000000000000000000e+00
1.525525525525525516e+01 0.000000000000000000e+00
1.529529529529529519e+01 0.000000000000000000e+00
1.533533533533533522e+01 0.000000000000000000e+00
1.537537537537537524e+01 0.000000000000000000e+00
1.541541541541541527e+01 0.000000000000000000e+00
1.545545545545545529e+01 0.000000000000000000e+00
1.549549549549549532e+01 0.000000000000000000e+00
1.553553553553553535e+01 0.000000000000000000e+00
1.557557557557557537e+01 0.000000000000000000e+00
1.561561561561561540e+01 0.000000000000000000e+00
1.565565565565565542e+01 0.000000000000000000e+00
1.569569569569569545e+01 0.000000000000000000e+00
1.573573573573573547e+01 0.000000000000000000e+00
1.577577577577577550e+01 0.000000000000000000e+00
1.581581581581581553e+01 0.000000000000000000e+00
1.585585585585585555e+01 0.000000000000000000e+00
1.589589589589589558e+01 0.000000000000000000e+00
1.593593593593593560e+01 0.000000000000000000e+00
1.597597597597597563e+01 0.000000000000000000e+00
1.601601601601601743e+01 0.000000000000000000e+00
1.605605605605605746e+01 0.000000000000000000e+00
1.609609609609609748e+01 0.000000000000000000e+00
1.613613613613613751e+01 0.000000000000000000e+00
1.617617617617617753e+01 0.000000000000000000e+00
1.621621621621621756e+01 0.000000000000000000e+00
1.625625625625625759e+01 0.000000000000000000e+00
1.629629629629629761e+01 0.000000000000000000e+00
1.633633633633633764e+01 0.000000000000000000e+00
1.637637637637637766e+01 0.000000000000000000e+00
1.641641641641641769e+01 0.000000000000000000e+00
1.645645645645645772e+01 0.000000000000000000e+00
1.649649649649649774e+01 0.000000000000000000e+00
1.653653653653653777e+01 0.000000000000000000e+00
1.657657657657657779e+01 0.000000000000000000e+00
1.661661661661661782e+01 0.000000000000000000e+00
1.665665665665665784e+01 0.000000000000000000e+00
1.669669669669669787e+01 0.000000000000000000e+00
1.673673673673673790e+01 0.000000000000000000e+00
1.677677677677677792e+01 0.000000000000000000e+00
1.681681681681681795e+01 0.000000000000000000e+00
1.685685685685685797e+01 0.000000000000000000e+00
1.689689689689689800e+01 0.000000000000000000e+00
1.693693693693693803e+01 0.000000000000000000e+00
1.697697697697697805e+01 0.000000000000000000e+00
1.701701701701701808e+01 0.000000000000000000e+00
1.705705705705705810e+01 0.000000000000000000e+00
1.709709709709709813e+01 0.000000000000000000e+00
1.713713713713713815e+01 0.000000000000000000e+00
1.717717717717717818e+01 0.000000000000000000e+00
1.721721721721721821e+01 0.000000000000000000e+00
1.725725725725725823e+01 0.000000000000000000e+00
1.729729729729729826e+01 0.000000000000000000e+00
1.733733733733733828e+01 0.000000000000000000e+00
1.737737737737737831e+01 0.000000000000000000e+00
1.741741741741741833e+01 1.000000000000000000e+00
1.745745745745745836e+01 1.000000000000000000e+00
1.749749749749749839e+01 1.000000000000000000e+00
1.753753753753753841e+01 1.000000000000000000e+00
1.757757757757757844e+01 1.000000000000000000e+00
1.761761761761761846e+01 1.000000000000000000e+00
1.765765765765765849e+01 1.000000000000000000e+00
1.769769769769769852e+01 1.000000000000000000e+00
1.773773773773773854e+01 1.000000000000000000e+00
1.777777777777777857e+01 1.000000000000000000e+00
1.781781781781781859e+01 1.000000000000000000e+00
1.785785785785785862e+01 1.000000000000000000e+00
1.789789789789789864e+01 1.000000000000000000e+00
1.793793793793793867e+01 1.000000000000000000e+00
1.797797797797797870e+01 1.000000000000000000e+00
1.801801801801801872e+01 1.000000000000000000e+00
1.805805805805805875e+01 1.000000000000000000e+00
1.809809809809809877e+01 1.000000000000000000e+00
1.813813813813813880e+01 1.000000000000000000e+00
1.817817817817817883e+01 1.000000000000000000e+00
1.821821821821821885e+01 1.000000000000000000e+00
1.825825825825825888e+01 1.000000000000000000e+00
1.829829829829829890e+01 1.000000000000000000e+00
1.833833833833833893e+01 1.000000000000000000e+00
1.837837837837837895e+01 1.000000000000000000e+00
1.841841841841841898e+01 1.000000000000000000e+00
1.845845845845845901e+01 1.000000000000000000e+00
1.849849849849849903e+01 1.000000000000000000e+00
1.853853853853853906e+01 1.000000000000000000e+00
1.857857857857857908e+01 1.000000000000000000e+00
1.861861861861861911e+01 1.000000000000000000e+00
1.865865865865865914e+01 1.000000000000000000e+00
1.869869869869869916e+01 1.000000000000000000e+00
1.873873873873873919e+01 1.000000000000000000e+00
1.877877877877877921e+01 1.000000000000000000e+00
1.881881881881881924e+01 1.000000000000000000e+00
1.885885885885885926e+01 1.000000000000000000e+00
1.889889889889889929e+01 1.000000000000000000e+00
1.893893893893893932e+01 1.000000000000000000e+00
1.897897897897897934e+01 1.000000000000000000e+00
1.901901901901901937e+01 1.000000000000000000e+00
1.905905905905905939e+01 1.000000000000000000e+00
1.909909909909909942e+01 1.000000000000000000e+00
1.913913913913913944e+01 1.000000000000000000e+00
1.917917917917917947e+01 1.000000000000000000e+00
1.921921921921921950e+01 1.000000000000000000e+00
1.925925925925925952e+01 1.000000000000000000e+00
1.929929929929929955e+01 1.000000000000000000e+00
1.933933933933933957e+01 1.000000000000000000e+00
1.937937937937937960e+01 1.000000000000000000e+00
1.941941941941941963e+01 1.000000000000000000e+00
1.945945945945945965e+01 1.000000000000000000e+00
1.949949949949949968e+01 1.000000000000000000e+00
1.953953953953953970e+01 1.000000000000000000e+00
1.957957957957957973e+01 1.000000000000000000e+00
1.961961961961961975e+01 1.000000000000000000e+00
1.965965965965965978e+01 1.000000000000000000e+00
1.969969969969969981e+01 1.000000000000000000e+00
1.973973973973973983e+01 1.000000000000000000e+00
1.977977977977977986e+01 1.000000000000000000e+00
1.981981981981981988e+01 1.000000000000000000e+00
1.985985985985985991e+01 1.000000000000000000e+00
1.989989989989989994e+01 1.000000000000000000e+00
1.993993993993993996e+01 1.000000000000000000e+00
1.997997997997997999e+01 1.000000000000000000e+00
2.002002002002002001e+01 1.000000000000000000e+00
2.006006006006006004e+01 1.000000000000000000e+00
2.010010010010010006e+01 1.000000000000000000e+00
2.014014014014014009e+01 1.000000000000000000e+00
2.018018018018018012e+01 1.000000000000000000e+00
2.022022022022022014e+01 1.000000000000000000e+00
2.026026026026026017e+01 1.000000000000000000e+00
2.030030030030030019e+01 1.000000000000000000e+00
2.034034034034034022e+01 1.000000000000000000e+00
2.038038038038038025e+01 1.000000000000000000e+00
2.042042042042042027e+01 1.000000000000000000e+00
2.046046046046046030e+01 1.000000000000000000e+00
2.050050050050050032e+01 1.000000000000000000e+00
2.054054054054054035e+01 1.000000000000000000e+00
2.058058058058058037e+01 1.000000000000000000e+00
2.062062062062062040e+01 1.000000000000000000e+00
2.066066066066066043e+01 1.000000000000000000e+00
2.070070070070070045e+01 1.000000000000000000e+00
2.074074074074074048e+01 1.000000000000000000e+00
2.078078078078078050e+01 1.000000000000000000e+00
2.082082082082082053e+01 1.000000000000000000e+00
2.086086086086086056e+01 1.000000000000000000e+00
2.090090090090090058e+01 1.000000000000000000e+00
2.094094094094094061e+01 1.000000000000000000e+00
2.098098098098098063e+01 1.000000000000000000e+00
2.102102102102102066e+01 1.000000000000000000e+00
2.106106106106106068e+01 1.000000000000000000e+00
2.110110110110110071e+01 1.000000000000000000e+00
2.114114114114114074e+01 1.000000000000000000e+00
2.118118118118118076e+01 1.000000000000000000e+00
2.122122122122122079e+01 1.000000000000000000e+00
2.126126126126126081e+01 1.000000000000000000e+00
2.130130130130130084e+01 1.000000000000000000e+00
2.134134134134134086e+01 1.000000000000000000e+00
2.138138138138138089e+01 1.000000000000000000e+00
2.142142142142142092e+01 1.000000000000000000e+00
2.146146146146146094e+01 1.000000000000000000e+00
2.150150150150150097e+01 1.000000000000000000e+00
2.154154154154154099e+01 1.000000000000000000e+00
2.158158158158158102e+01 1.000000000000000000e+00
2.162162162162162105e+01 1.000000000000000000e+00
2.166166166166166107e+01 1.000000000000000000e+00
2.170170170170170110e+01 1.000000000000000000e+00
2.174174174174174112e+01 1.000000000000000000e+00
2.178178178178178115e+01 1.000000000000000000e+00
2.182182182182182117e+01 1.000000000000000000e+00
2.186186186186186120e+01 1.000000000000000000e+00
2.190190190190190123e+01 1.000000000000000000e+00
2.194194194194194125e+01 1.000000000000000000e+00
2.198198198198198128e+01 1.000000000000000000e+00
2.202202202202202130e+01 1.000000000000000000e+00
2.206206206206206133e+01 1.000000000000000000e+00
2.210210210210210136e+01 1.000000000000000000e+00
2.214214214214214138e+01 1.000000000000000000e+00
2.218218218218218141e+01 1.000000000000000000e+00
2.222222222222222143e+01 1.000000000000000000e+00
2.226226226226226146e+01 1.000000000000000000e+00
2.230230230230230148e+01 1.000000000000000000e+00
2.234234234234234151e+01 1.000000000000000000e+00
2.238238238238238154e+01 1.000000000000000000e+00
2.242242242242242156e+01 1.000000000000000000e+00
2.246246246246246159e+01 1.000000000000000000e+00
2.250250250250250161e+01 1.000000000000000000e+00
2.254254254254254164e+01 1.000000000000000000e+00
2.258258258258258167e+01 1.000000000000000000e+00
2.262262262262262169e+01 1.000000000000000000e+00
2.266266266266266172e+01 1.000000000000000000e+00
2.270270270270270174e+01 1.000000000000000000e+00
2.274274274274274177e+01 1.000000000000000000e+00
2.278278278278278179e+01 1.000000000000000000e+00
2.282282282282282182e+01 1.000000000000000000e+00
2.286286286286286185e+01 1.000000000000000000e+00
2.290290290290290187e+01 1.000000000000000000e+00
2.294294294294294190e+01 1.000000000000000000e+00
2.298298298298298192e+01 1.000000000000000000e+00
2.302302302302302195e+01 1.000000000000000000e+00
2.306306306306306197e+01 1.000000000000000000e+00
2.310310310310310200e+01 1.000000000000000000e+00
2.314314314314314203e+01 1.000000000000000000e+00
2.318318318318318205e+01 1.000000000000000000e+00
2.322322322322322208e+01 1.000000000000000000e+00
2.326326326326326210e+01 1.000000000000000000e+00
2.330330330330330213e+01 1.000000000000000000e+00
2.334334334334334216e+01 1.000000000000000000e+00
2.338338338338338218e+01 1.000000000000000000e+00
2.342342342342342221e+01 1.000000000000000000e+00
2.346346346346346223e+01 1.000000000000000000e+00
2.350350350350350226e+01 1.000000000000000000e+00
2.354354354354354228e+01 1.000000000000000000e+00
2.358358358358358231e+01 1.000000000000000000e+00
2.362362362362362234e+01 1.000000000000000000e+00
2.366366366366366236e+01 1.000000000000000000e+00
2.370370370370370239e+01 1.000000000000000000e+00
2.374374374374374241e+01 1.000000000000000000e+00
2.378378378378378244e+01 1.000000000000000000e+00
2.382382382382382247e+01 1.000000000000000000e+00
2.386386386386386249e+01 1.000000000000000000e+00
2.390390390390390252e+01 1.000000000000000000e+00
2.394394394394394254e+01 1.000000000000000000e+00
2.398398398398398257e+01 1.000000000000000000e+00
2.402402402402402259e+01 1.000000000000000000e+00
2.406406406406406262e+01 1.000000000000000000e+00
2.410410410410410265e+01 1.000000000000000000e+00
2.414414414414414267e+01 1.000000000000000000e+00
2.418418418418418270e+01 1.000000000000000000e+00
2.422422422422422272e+01 1.000000000000000000e+00
2.426426426426426275e+01 1.000000000000000000e+00
2.430430430430430278e+01 1.000000000000000000e+00
2.434434434434434280e+01 1.000000000000000000e+00
2.438438438438438283e+01 1.000000000000000000e+00
2.442442442442442285e+01 1.000000000000000000e+00
2.446446446446446288e+01 1.000000000000000000e+00
2.450450450450450290e+01 1.000000000000000000e+00
2.454454454454454293e+01 1.000000000000000000e+00
2.458458458458458296e+01 1.000000000000000000e+00
2.462462462462462298e+01 1.000000000000000000e+00
2.466466466466466301e+01 1.000000000000000000e+00
2.470470470470470303e+01 1.000000000000000000e+00
2.474474474474474306e+01 1.000000000000000000e+00
2.478478478478478308e+01 1.000000000000000000e+00
2.482482482482482311e+01 1.000000000000000000e+00
2.486486486486486314e+01 1.000000000000000000e+00
2.490490490490490316e+01 1.000000000000000000e+00
2.494494494494494319e+01 1.000000000000000000e+00
2.498498498498498321e+01 1.000000000000000000e+00
2.502502502502502324e+01 1.000000000000000000e+00
2.506506506506506327e+01 1.000000000000000000e+00
2.510510510510510329e+01 1.000000000000000000e+00
2.514514514514514332e+01 1.000000000000000000e+00
2.518518518518518334e+01 1.000000000000000000e+00
2.522522522522522337e+01 1.000000000000000000e+00
2.526526526526526339e+01 1.000000000000000000e+00
2.530530530530530342e+01 1.000000000000000000e+00
2.534534534534534345e+01 1.000000000000000000e+00
2.538538538538538347e+01 1.000000000000000000e+00
2.542542542542542350e+01 1.000000000000000000e+00
2.546546546546546352e+01 1.000000000000000000e+00
2.550550550550550355e+01 1.000000000000000000e+00
2.554554554554554358e+01 1.000000000000000000e+00
2.558558558558558360e+01 1.000000000000000000e+00
2.562562562562562363e+01 1.000000000000000000e+00
2.566566566566566721e+01 1.000000000000000000e+00
2.570570570570570723e+01 1.000000000000000000e+00
2.574574574574574726e+01 1.000000000000000000e+00
2.578578578578578728e+01 1.000000000000000000e+00
2.582582582582582731e+01 1.000000000000000000e+00
2.586586586586586733e+01 1.000000000000000000e+00
2.590590590590590736e+01 1.000000000000000000e+00
2.594594594594594739e+01 1.000000000000000000e+00
2.598598598598598741e+01 1.000000000000000000e+00
2.602602602602602744e+01 1.000000000000000000e+00
2.606606606606606746e+01 1.000000000000000000e+00
2.610610610610610749e+01 1.000000000000000000e+00
2.614614614614614752e+01 1.000000000000000000e+00
2.618618618618618754e+01 1.000000000000000000e+00
2.622622622622622757e+01 1.000000000000000000e+00
2.626626626626626759e+01 1.000000000000000000e+00
2.630630630630630762e+01 1.000000000000000000e+00
2.634634634634634764e+01 1.000000000000000000e+00
2.638638638638638767e+01 1.000000000000000000e+00
2.642642642642642770e+01 1.000000000000000000e+00
2.646646646646646772e+01 1.000000000000000000e+00
2.650650650650650775e+01 1.000000000000000000e+00
2.654654654654654777e+01 1.000000000000000000e+00
2.658658658658658780e+01 1.000000000000000000e+00
2.662662662662662783e+01 1.000000000000000000e+00
2.666666666666666785e+01 1.000000000000000000e+00
2.670670670670670788e+01 1.000000000000000000e+00
2.674674674674674790e+01 1.000000000000000000e+00
2.678678678678678793e+01 1.000000000000000000e+00
2.682682682682682795e+01 1.000000000000000000e+00
2.686686686686686798e+01 1.000000000000000000e+00
2.690690690690690801e+01 1.000000000000000000e+00
2.694694694694694803e+01 1.000000000000000000e+00
2.698698698698698806e+01 1.000000000000000000e+00
2.702702702702702808e+01 1.000000000000000000e+00
2.706706706706706811e+01 1.000000000000000000e+00
2.710710710710710813e+01 1.000000000000000000e+00
2.714714714714714816e+01 1.000000000000000000e+00
2.718718718718718819e+01 1.000000000000000000e+00
2.722722722722722821e+01 1.000000000000000000e+00
2.726726726726726824e+01 1.000000000000000000e+00
2.730730730730730826e+01 1.000000000000000000e+00
2.734734734734734829e+01 1.000000000000000000e+00
2.738738738738738832e+01 1.000000000000000000e+00
2.742742742742742834e+01 1.000000000000000000e+00
2.746746746746746837e+01 1.000000000000000000e+00
2.750750750750750839e+01 1.000000000000000000e+00
2.754754754754754842e+01 1.000000000000000000e+00
2.758758758758758844e+01 1.000000000000000000e+00
2.762762762762762847e+01 1.000000000000000000e+00
2.766766766766766850e+01 1.000000000000000000e+00
2.770770770770770852e+01 1.000000000000000000e+00
2.774774774774774855e+01 1.000000000000000000e+00
2.778778778778778857e+01 1.000000000000000000e+00
2.782782782782782860e+01 1.000000000000000000e+00
2.786786786786786863e+01 1.000000000000000000e+00
2.790790790790790865e+01 1.000000000000000000e+00
2.794794794794794868e+01 1.000000000000000000e+00
2.798798798798798870e+01 1.000000000000000000e+00
2.802802802802802873e+01 1.000000000000000000e+00
2.806806806806806875e+01 1.000000000000000000e+00
2.810810810810810878e+01 1.000000000000000000e+00
2.814814814814814881e+01 1.000000000000000000e+00
2.818818818818818883e+01 1.000000000000000000e+00
2.822822822822822886e+01 1.000000000000000000e+00
2.826826826826826888e+01 1.000000000000000000e+00
2.830830830830830891e+01 1.000000000000000000e+00
2.834834834834834894e+01 1.000000000000000000e+00
2.838838838838838896e+01 1.000000000000000000e+00
2.842842842842842899e+01 1.000000000000000000e+00
2.846846846846846901e+01 1.000000000000000000e+00
2.850850850850850904e+01 1.000000000000000000e+00
2.854854854854854906e+01 1.000000000000000000e+00
2.858858858858858909e+01 1.000000000000000000e+00
2.862862862862862912e+01 1.000000000000000000e+00
2.866866866866866914e+01 1.000000000000000000e+00
2.870870870870870917e+01 1.000000000000000000e+00
2.874874874874874919e+01 1.000000000000000000e+00
2.878878878878878922e+01 1.000000000000000000e+00
2.882882882882882924e+01 1.000000000000000000e+00
2.886886886886886927e+01 1.000000000000000000e+00
2.890890890890890930e+01 1.000000000000000000e+00
2.894894894894894932e+01 1.000000000000000000e+00
2.898898898898898935e+01 1.000000000000000000e+00
2.902902902902902937e+01 1.000000000000000000e+00
2.906906906906906940e+01 1.000000000000000000e+00
2.910910910910910943e+01 1.000000000000000000e+00
2.914914914914914945e+01 1.000000000000000000e+00
2.918918918918918948e+01 1.000000000000000000e+00
2.922922922922922950e+01 1.000000000000000000e+00
2.926926926926926953e+01 1.000000000000000000e+00
2.930930930930930955e+01 1.000000000000000000e+00
2.934934934934934958e+01 1.000000000000000000e+00
2.938938938938938961e+01 1.000000000000000000e+00
2.942942942942942963e+01 1.000000000000000000e+00
2.946946946946946966e+01 1.000000000000000000e+00
2.950950950950950968e+01 1.000000000000000000e+00
2.954954954954954971e+01 1.000000000000000000e+00
2.958958958958958974e+01 1.000000000000000000e+00
2.962962962962962976e+01 1.000000000000000000e+00
2.966966966966966979e+01 1.000000000000000000e+00
2.970970970970970981e+01 1.000000000000000000e+00
2.974974974974974984e+01 1.000000000000000000e+00
2.978978978978978986e+01 1.000000000000000000e+00
2.982982982982982989e+01 1.000000000000000000e+00
2.986986986986986992e+01 1.000000000000000000e+00
2.990990990990990994e+01 1.000000000000000000e+00
2.994994994994994997e+01 1.000000000000000000e+00
2.998998998998998999e+01 1.000000000000000000e+00
3.003003003003003002e+01 1.000000000000000000e+00
3.007007007007007005e+01 1.000000000000000000e+00
3.011011011011011007e+01 1.000000000000000000e+00
3.015015015015015010e+01 1.000000000000000000e+00
3.019019019019019012e+01 1.000000000000000000e+00
3.023023023023023015e+01 1.000000000000000000e+00
3.027027027027027017e+01 1.000000000000000000e+00
3.031031031031031020e+01 1.000000000000000000e+00
3.035035035035035023e+01 1.000000000000000000e+00
3.039039039039039025e+01 1.000000000000000000e+00
3.043043043043043028e+01 1.000000000000000000e+00
3.047047047047047030e+01 1.000000000000000000e+00
3.051051051051051033e+01 1.000000000000000000e+00
3.055055055055055035e+01 1.000000000000000000e+00
3.059059059059059038e+01 1.000000000000000000e+00
3.063063063063063041e+01 1.000000000000000000e+00
3.067067067067067043e+01 1.000000000000000000e+00
3.071071071071071046e+01 1.000000000000000000e+00
3.075075075075075048e+01 1.000000000000000000e+00
3.079079079079079051e+01 1.000000000000000000e+00
3.083083083083083054e+01 1.000000000000000000e+00
3.087087087087087056e+01 1.000000000000000000e+00
3.091091091091091059e+01 1.000000000000000000e+00
3.095095095095095061e+01 1.000000000000000000e+00
3.099099099099099064e+01 1.000000000000000000e+00
3.103103103103103066e+01 1.000000000000000000e+00
3.107107107107107069e+01 1.000000000000000000e+00
3.111111111111111072e+01 1.000000000000000000e+00
3.115115115115115074e+01 1.000000000000000000e+00
3.119119119119119077e+01 1.000000000000000000e+00
3.123123123123123079e+01 1.000000000000000000e+00
3.127127127127127082e+01 1.000000000000000000e+00
3.131131131131131085e+01 1.000000000000000000e+00
3.135135135135135087e+01 1.000000000000000000e+00
3.139139139139139090e+01 1.000000000000000000e+00
3.143143143143143092e+01 1.000000000000000000e+00
3.147147147147147095e+01 1.000000000000000000e+00
3.151151151151151097e+01 1.000000000000000000e+00
3.155155155155155100e+01 1.000000000000000000e+00
3.159159159159159103e+01 1.000000000000000000e+00
3.163163163163163105e+01 1.000000000000000000e+00
3.167167167167167108e+01 1.000000000000000000e+00
3.171171171171171110e+01 1.000000000000000000e+00
3.175175175175175113e+01 1.000000000000000000e+00
3.179179179179179116e+01 1.000000000000000000e+00
3.183183183183183118e+01 1.000000000000000000e+00
3.187187187187187121e+01 1.000000000000000000e+00
3.191191191191191123e+01 1.000000000000000000e+00
3.195195195195195126e+01 1.000000000000000000e+00
3.199199199199199128e+01 1.000000000000000000e+00
3.203203203203203486e+01 1.000000000000000000e+00
3.207207207207207489e+01 1.000000000000000000e+00
3.211211211211211491e+01 1.000000000000000000e+00
3.215215215215215494e+01 1.000000000000000000e+00
3.219219219219219497e+01 1.000000000000000000e+00
3.223223223223223499e+01 1.000000000000000000e+00
3.227227227227227502e+01 1.000000000000000000e+00
3.231231231231231504e+01 1.000000000000000000e+00
3.235235235235235507e+01 1.000000000000000000e+00
3.239239239239239510e+01 1.000000000000000000e+00
3.243243243243243512e+01 1.000000000000000000e+00
3.247247247247247515e+01 1.000000000000000000e+00
3.251251251251251517e+01 1.000000000000000000e+00
3.255255255255255520e+01 1.000000000000000000e+00
3.259259259259259522e+01 1.000000000000000000e+00
3.263263263263263525e+01 1.000000000000000000e+00
3.267267267267267528e+01 1.000000000000000000e+00
3.271271271271271530e+01 1.000000000000000000e+00
3.275275275275275533e+01 1.000000000000000000e+00
3.279279279279279535e+01 1.000000000000000000e+00
3.283283283283283538e+01 1.000000000000000000e+00
3.287287287287287540e+01 1.000000000000000000e+00
3.291291291291291543e+01 1.000000000000000000e+00
3.295295295295295546e+01 1.000000000000000000e+00
3.299299299299299548e+01 1.000000000000000000e+00
3.303303303303303551e+01 1.000000000000000000e+00
3.307307307307307553e+01 1.000000000000000000e+00
3.311311311311311556e+01 1.000000000000000000e+00
3.315315315315315559e+01 1.000000000000000000e+00
3.319319319319319561e+01 1.000000000000000000e+00
3.323323323323323564e+01 1.000000000000000000e+00
3.327327327327327566e+01 1.000000000000000000e+00
3.331331331331331569e+01 1.000000000000000000e+00
3.335335335335335571e+01 1.000000000000000000e+00
3.339339339339339574e+01 1.000000000000000000e+00
3.343343343343343577e+01 1.000000000000000000e+00
3.347347347347347579e+01 1.000000000000000000e+00
3.351351351351351582e+01 1.000000000000000000e+00
3.355355355355355584e+01 1.000000000000000000e+00
3.359359359359359587e+01 1.000000000000000000e+00
3.363363363363363590e+01 1.000000000000000000e+00
3.367367367367367592e+01 1.000000000000000000e+00
3.371371371371371595e+01 1.000000000000000000e+00
3.375375375375375597e+01 1.000000000000000000e+00
3.379379379379379600e+01 1.000000000000000000e+00
3.383383383383383602e+01 1.000000000000000000e+00
3.387387387387387605e+01 1.000000000000000000e+00
3.391391391391391608e+01 1.000000000000000000e+00
3.395395395395395610e+01 1.000000000000000000e+00
3.399399399399399613e+01 1.000000000000000000e+00
3.403403403403403615e+01 1.000000000000000000e+00
3.407407407407407618e+01 1.000000000000000000e+00
3.411411411411411621e+01 1.000000000000000000e+00
3.415415415415415623e+01 1.000000000000000000e+00
3.419419419419419626e+01 1.000000000000000000e+00
3.423423423423423628e+01 1.000000000000000000e+00
3.427427427427427631e+01 1.000000000000000000e+00
3.431431431431431633e+01 1.000000000000000000e+00
3.435435435435435636e+01 1.000000000000000000e+00
3.439439439439439639e+01 1.000000000000000000e+00
3.443443443443443641e+01 1.000000000000000000e+00
3.447447447447447644e+01 1.000000000000000000e+00
3.451451451451451646e+01 1.000000000000000000e+00
3.455455455455455649e+01 1.000000000000000000e+00
3.459459459459459651e+01 1.000000000000000000e+00
3.463463463463463654e+01 1.000000000000000000e+00
3.467467467467467657e+01 1.000000000000000000e+00
3.471471471471471659e+01 1.000000000000000000e+00
3.475475475475475662e+01 1.000000000000000000e+00
3.479479479479479664e+01 1.000000000000000000e+00
3.483483483483483667e+01 1.000000000000000000e+00
3.487487487487487670e+01 1.000000000000000000e+00
3.491491491491491672e+01 1.000000000000000000e+00
3.495495495495495675e+01 1.000000000000000000e+00
3.499499499499499677e+01 1.000000000000000000e+00
3.503503503503503680e+01 1.000000000000000000e+00
3.507507507507507682e+01 1.000000000000000000e+00
3.511511511511511685e+01 1.000000000000000000e+00
3.515515515515515688e+01 1.000000000000000000e+00
3.519519519519519690e+01 1.000000000000000000e+00
3.523523523523523693e+01 1.000000000000000000e+00
3.527527527527527695e+01 1.000000000000000000e+00
3.531531531531531698e+01 1.000000000000000000e+00
3.535535535535535701e+01 1.000000000000000000e+00
3.539539539539539703e+01 1.000000000000000000e+00
3.543543543543543706e+01 1.000000000000000000e+00
3.547547547547547708e+01 1.000000000000000000e+00
3.551551551551551711e+01 1.000000000000000000e+00
3.555555555555555713e+01 1.000000000000000000e+00
3.559559559559559716e+01 1.000000000000000000e+00
3.563563563563563719e+01 1.000000000000000000e+00
3.567567567567567721e+01 1.000000000000000000e+00
3.571571571571571724e+01 1.000000000000000000e+00
3.575575575575575726e+01 1.000000000000000000e+00
3.579579579579579729e+01 1.000000000000000000e+00
3.583583583583583732e+01 1.000000000000000000e+00
3.587587587587587734e+01 1.000000000000000000e+00
3.591591591591591737e+01 1.000000000000000000e+00
3.595595595595595739e+01 1.000000000000000000e+00
3.599599599599599742e+01 1.000000000000000000e+00
3.603603603603603744e+01 1.000000000000000000e+00
3.607607607607607747e+01 1.000000000000000000e+00
3.611611611611611750e+01 1.000000000000000000e+00
3.615615615615615752e+01 1.000000000000000000e+00
3.619619619619619755e+01 1.000000000000000000e+00
3.623623623623623757e+01 1.000000000000000000e+00
3.627627627627627760e+01 1.000000000000000000e+00
3.631631631631631763e+01 1.000000000000000000e+00
3.635635635635635765e+01 1.000000000000000000e+00
3.639639639639639768e+01 1.000000000000000000e+00
3.643643643643643770e+01 1.000000000000000000e+00
3.647647647647647773e+01 1.000000000000000000e+00
3.651651651651651775e+01 1.000000000000000000e+00
3.655655655655655778e+01 1.000000000000000000e+00
3.659659659659659781e+01 1.000000000000000000e+00
3.663663663663663783e+01 1.000000000000000000e+00
3.667667667667667786e+01 1.000000000000000000e+00
3.671671671671671788e+01 1.000000000000000000e+00
3.675675675675675791e+01 1.000000000000000000e+00
3.679679679679679793e+01 1.000000000000000000e+00
3.683683683683683796e+01 1.000000000000000000e+00
3.687687687687687799e+01 1.000000000000000000e+00
3.691691691691691801e+01 1.000000000000000000e+00
3.695695695695695804e+01 1.000000000000000000e+00
3.699699699699699806e+01 1.000000000000000000e+00
3.703703703703703809e+01 1.000000000000000000e+00
3.707707707707707812e+01 1.000000000000000000e+00
3.711711711711711814e+01 1.000000000000000000e+00
3.715715715715715817e+01 1.000000000000000000e+00
3.719719719719719819e+01 1.000000000000000000e+00
3.723723723723723822e+01 1.000000000000000000e+00
3.727727727727727824e+01 1.000000000000000000e+00
3.731731731731731827e+01 1.000000000000000000e+00
3.735735735735735830e+01 1.000000000000000000e+00
3.739739739739739832e+01 1.000000000000000000e+00
3.743743743743743835e+01 1.000000000000000000e+00
3.747747747747747837e+01 1.000000000000000000e+00
3.751751751751751840e+01 1.000000000000000000e+00
3.755755755755755843e+01 1.000000000000000000e+00
3.759759759759759845e+01 1.000000000000000000e+00
3.763763763763763848e+01 1.000000000000000000e+00
3.767767767767767850e+01 1.000000000000000000e+00
3.771771771771771853e+01 1.000000000000000000e+00
3.775775775775775855e+01 1.000000000000000000e+00
3.779779779779779858e+01 1.000000000000000000e+00
3.783783783783783861e+01 1.000000000000000000e+00
3.787787787787787863e+01 1.000000000000000000e+00
3.791791791791791866e+01 1.000000000000000000e+00
3.795795795795795868e+01 1.000000000000000000e+00
3.799799799799799871e+01 1.000000000000000000e+00
3.803803803803803874e+01 1.000000000000000000e+00
3.807807807807807876e+01 1.000000000000000000e+00
3.811811811811811879e+01 1.000000000000000000e+00
3.815815815815815881e+01 1.000000000000000000e+00
3.819819819819819884e+01 1.000000000000000000e+00
3.823823823823823886e+01 1.000000000000000000e+00
3.827827827827827889e+01 1.000000000000000000e+00
3.831831831831831892e+01 1.000000000000000000e+00
3.835835835835835894e+01 1.000000000000000000e+00
3.839839839839839897e+01 1.000000000000000000e+00
3.843843843843843899e+01 1.000000000000000000e+00
3.847847847847847902e+01 1.000000000000000000e+00
3.851851851851851904e+01 1.000000000000000000e+00
3.855855855855855907e+01 1.000000000000000000e+00
3.859859859859859910e+01 1.000000000000000000e+00
3.863863863863863912e+01 1.000000000000000000e+00
3.867867867867867915e+01 1.000000000000000000e+00
3.871871871871871917e+01 1.000000000000000000e+00
3.875875875875875920e+01 1.000000000000000000e+00
3.879879879879879923e+01 1.000000000000000000e+00
3.883883883883883925e+01 1.000000000000000000e+00
3.887887887887887928e+01 1.000000000000000000e+00
3.891891891891891930e+01 1.000000000000000000e+00
3.895895895895895933e+01 1.000000000000000000e+00
3.899899899899899935e+01 1.000000000000000000e+00
3.903903903903903938e+01 1.000000000000000000e+00
3.907907907907907941e+01 1.000000000000000000e+00
3.911911911911911943e+01 1.000000000000000000e+00
3.915915915915915946e+01 1.000000000000000000e+00
3.919919919919919948e+01 1.000000000000000000e+00
3.923923923923923951e+01 1.000000000000000000e+00
3.927927927927927954e+01 1.000000000000000000e+00
3.931931931931931956e+01 1.000000000000000000e+00
3.935935935935935959e+01 1.000000000000000000e+00
3.939939939939939961e+01 1.000000000000000000e+00
3.943943943943943964e+01 1.000000000000000000e+00
3.947947947947947966e+01 1.000000000000000000e+00
3.951951951951951969e+01 1.000000000000000000e+00
3.955955955955955972e+01 1.000000000000000000e+00
3.959959959959959974e+01 1.000000000000000000e+00
3.963963963963963977e+01 1.000000000000000000e+00
3.967967967967967979e+01 1.000000000000000000e+00
3.971971971971971982e+01 1.000000000000000000e+00
3.975975975975975985e+01 1.000000000000000000e+00
3.979979979979979987e+01 1.000000000000000000e+00
3.983983983983983990e+01 1.000000000000000000e+00
3.987987987987987992e+01 1.000000000000000000e+00
3.991991991991991995e+01 1.000000000000000000e+00
3.995995995995995997e+01 1.000000000000000000e+00
4.000000000000000000e+01 1.000000000000000000e+00
