6.564705967903137207e-01 1.178305316716432571e-02 4.194077046122401953e-04 -1.427948009222745895e-04 -1.415008591720834374e-04 3.887930419296026230e-03
6.548669934272766113e-01 1.090056635439395905e-02 6.170403212308883667e-04 -1.555666676722466946e-04 6.078759906813502312e-05 4.062561783939599991e-03
6.567823290824890137e-01 1.326060295104980469e-02 -9.120158210862427950e-05 -1.464832021156325936e-04 1.961538218893110752e-04 4.270396661013364792e-03
6.581953763961791992e-01 1.403614878654479980e-02 6.380821578204631805e-04 8.887291187420487404e-06 1.466378598706796765e-04 4.451612941920757294e-03
6.559305787086486816e-01 1.251313276588916779e-02 5.744585650973021984e-04 6.382702122209593654e-05 7.386553988908417523e-06 4.399336874485015869e-03
6.990832090377807617e-01 2.311516553163528442e-02 8.404894033446907997e-04 -2.432868932373821735e-04 1.060263457475230098e-04 4.213538952171802521e-03
6.704335808753967285e-01 1.601637527346611023e-02 5.396355409175157547e-04 -4.342788597568869591e-04 1.502678933320567012e-04 3.790369024500250816e-03
6.847783327102661133e-01 1.833147928118705750e-02 -6.943839252926409245e-06 -3.232213202863931656e-04 1.675815874477848411e-04 3.476203884929418564e-03
6.855041980743408203e-01 2.003603614866733551e-02 2.814082545228302479e-04 -2.076926466543227434e-04 7.275213283719494939e-05 3.878928255289793015e-03
7.587036490440368652e-01 2.747870981693267822e-02 6.665883120149374008e-04 -4.692617221735417843e-04 -7.023863872746005654e-06 1.842869911342859268e-03
7.830736637115478516e-01 2.565699443221092224e-02 4.326355992816388607e-04 -7.132146856747567654e-04 -4.820794492843560874e-05 6.139972247183322906e-04
7.079340815544128418e-01 1.234329491853713989e-02 5.454505444504320621e-04 -5.460203392431139946e-04 -1.975865598069503903e-04 1.711283111944794655e-03
7.038521766662597656e-01 1.110330875962972641e-02 5.768361152149736881e-04 -6.652097217738628387e-04 -8.381784573430195451e-05 1.805949257686734200e-03
6.844177246093750000e-01 9.510070085525512695e-03 4.544588155113160610e-04 -3.136198793072253466e-04 -9.445491014048457146e-05 2.440960146486759186e-03
6.653086543083190918e-01 1.272488385438919067e-02 1.184858381748199463e-03 7.267859473358839750e-05 2.311232310603372753e-05 2.811400219798088074e-03
6.716983318328857422e-01 1.304918993264436722e-02 8.279843605123460293e-04 6.870305514894425869e-05 1.313069660682231188e-04 2.209475031122565269e-03
1.187855362892150879e+00 3.551932424306869507e-02 5.484337452799081802e-03 -1.756098121404647827e-03 -5.515975062735378742e-04 -2.781355986371636391e-03
1.219460129737854004e+00 3.211513906717300415e-02 7.774013094604015350e-03 -9.733945480547845364e-04 1.374267740175127983e-04 1.751236617565155029e-03
6.596270203590393066e-01 1.003122329711914062e-02 8.624651236459612846e-04 -7.190443284343928099e-06 9.647593105910345912e-05 2.254504477605223656e-03
6.646373271942138672e-01 9.959753602743148804e-03 5.939555121585726738e-04 3.600399577408097684e-05 5.204113767831586301e-05 2.088696230202913284e-03
7.510198950767517090e-01 1.802624203264713287e-02 7.766377530060708523e-04 -1.175222423626109958e-04 -8.203130710171535611e-05 1.088621211238205433e-03
8.193988800048828125e-01 2.109525538980960846e-02 1.204596133902668953e-03 -2.729718398768454790e-04 -8.439049997832626104e-05 1.976098166778683662e-03
1.212431788444519043e+00 5.342223495244979858e-02 5.804213695228099823e-03 -4.549172590486705303e-04 -2.128573833033442497e-04 2.547087147831916809e-03
1.193324565887451172e+00 3.487208858132362366e-02 7.562367711216211319e-03 -1.239275676198303699e-03 -1.300322619499638677e-04 3.685621311888098717e-03
1.155221223831176758e+00 5.213283002376556396e-02 5.257639568299055099e-03 -7.582304533571004868e-04 -7.443272043019533157e-04 -8.498891256749629974e-04
1.124968051910400391e+00 2.820445969700813293e-02 7.442295551300048828e-03 -1.389118493534624577e-03 -7.992193568497896194e-04 -2.360003534704446793e-03
9.155647754669189453e-01 1.383398659527301788e-02 4.416620358824729919e-03 -1.353492960333824158e-03 -2.957080141641199589e-04 -3.297231160104274750e-05
7.593718767166137695e-01 7.773376069962978363e-03 1.789371017366647720e-03 -9.136165026575326920e-04 -9.370188490720465779e-05 1.029495033435523510e-03
6.710319519042968750e-01 5.703239236027002335e-03 5.594877875410020351e-04 -1.239242410520091653e-04 3.551155168679542840e-05 1.212675473652780056e-03
6.785578727722167969e-01 7.614449597895145416e-03 1.450355397537350655e-03 -1.002567005343735218e-04 1.658673281781375408e-04 1.305874204263091087e-03
1.220651626586914062e+00 3.949204832315444946e-02 1.454880740493535995e-02 -2.244538860395550728e-03 -4.358311416581273079e-04 5.762597080320119858e-03
1.218935608863830566e+00 5.533424019813537598e-02 1.397958863526582718e-02 -2.112696180120110512e-03 -4.267603508196771145e-04 5.492215044796466827e-03
6.602146625518798828e-01 7.932993583381175995e-03 3.498781006783246994e-05 1.646698001422919333e-05 -1.041020877892151475e-04 5.683194031007587910e-04
1.019574284553527832e+00 6.124000251293182373e-02 6.453996058553457260e-03 -5.388053832575678825e-04 -3.890442021656781435e-04 9.128781966865062714e-04
6.644794344902038574e-01 6.703834515064954758e-03 5.508605390787124634e-04 -4.933954915031790733e-05 -4.660854756366461515e-05 7.763946196064352989e-04
6.615762114524841309e-01 6.502760574221611023e-03 2.319298509974032640e-04 4.727944178739562631e-05 -5.271333793643862009e-05 9.376902016811072826e-04
6.563389897346496582e-01 6.496588699519634247e-03 8.777750190347433090e-05 9.437815606361255050e-05 -7.105065014911815524e-05 1.237683231011033058e-03
6.560405492782592773e-01 6.275173742324113846e-03 3.191442810930311680e-04 5.135803075972944498e-05 -2.492013481969479471e-05 1.827718107961118221e-03
6.594251990318298340e-01 7.215990684926509857e-03 7.525677792727947235e-04 -3.782515705097466707e-07 -4.540993177215568721e-05 3.063620533794164658e-03
6.555780768394470215e-01 7.101716008037328720e-03 5.403806571848690510e-04 -1.493023773946333677e-05 -5.362714000511914492e-05 4.029675852507352829e-03
6.466683149337768555e-01 1.077917870134115219e-02 5.833618342876434326e-04 7.038394687697291374e-05 1.093517421395517886e-04 4.423321690410375595e-03
6.616623997688293457e-01 1.767568476498126984e-02 1.109525095671415329e-03 -1.217135111801326275e-03 -2.972782240249216557e-04 9.148816578090190887e-03
6.634532213211059570e-01 1.880414783954620361e-02 2.488803584128618240e-03 -1.275511895073577762e-04 -2.030633855611085892e-03 8.796504698693752289e-03
6.539764404296875000e-01 1.911289989948272705e-02 2.584506059065461159e-03 -6.622411892749369144e-04 -1.384607981890439987e-03 9.209512732923030853e-03
6.633232831954956055e-01 2.267077006399631500e-02 -7.750054355710744858e-04 -7.266665343195199966e-04 -1.092054648324847221e-03 1.188160851597785950e-02
6.546961069107055664e-01 2.679679356515407562e-02 -4.276479012332856655e-04 -1.979736611247062683e-03 -1.073682651622220874e-04 1.104815304279327393e-02
6.722807288169860840e-01 2.859748154878616333e-02 -3.694979008287191391e-03 -2.198149915784597397e-03 2.730532723944634199e-04 1.454126369208097458e-02
6.705344915390014648e-01 2.875063754618167877e-02 3.445074660703539848e-03 -1.628906175028532743e-04 1.583852281328290701e-04 1.470611337572336197e-02
6.746858358383178711e-01 3.445546701550483704e-02 2.907364163547754288e-03 -2.240564208477735519e-03 5.690548568964004517e-04 1.495366636663675308e-02
6.775841712951660156e-01 3.479247540235519409e-02 -1.906634541228413582e-03 -1.557372976094484329e-03 8.738456526771187782e-04 1.781008578836917877e-02
6.601749658584594727e-01 3.314339742064476013e-02 1.821074984036386013e-03 -1.481577171944081783e-03 -2.165605081245303154e-03 1.764722168445587158e-02
6.723778843879699707e-01 3.504039719700813293e-02 7.865281077101826668e-04 -1.970259472727775574e-03 1.777409634087234735e-04 1.537634525448083878e-02
6.692878007888793945e-01 3.630380332469940186e-02 -1.405319664627313614e-03 -1.482576830312609673e-03 2.091816626489162445e-03 1.923656463623046875e-02
6.603016257286071777e-01 3.656367585062980652e-02 3.167359624058008194e-03 -1.882909564301371574e-03 -9.541260078549385071e-04 1.878924295306205750e-02
6.661192774772644043e-01 3.430357575416564941e-02 -1.490853261202573776e-03 -1.928496523760259151e-03 -4.111865418963134289e-04 1.805379986763000488e-02
6.680719852447509766e-01 3.669647499918937683e-02 1.244219136424362659e-03 -1.170464674942195415e-03 1.368730328977108002e-03 1.910578086972236633e-02
6.510108709335327148e-01 3.609419614076614380e-02 4.107678309082984924e-03 -9.992225095629692078e-04 -1.415205653756856918e-03 2.200090698897838593e-02
6.687813401222229004e-01 3.779964894056320190e-02 1.360786962322890759e-03 -1.893572742119431496e-03 -1.232215552590787411e-03 1.735042966902256012e-02
6.608968377113342285e-01 3.940861672163009644e-02 -3.801279468461871147e-03 -2.609576098620891571e-03 1.239675562828779221e-03 2.032748237252235413e-02
6.609202623367309570e-01 3.693256154656410217e-02 1.980763161554932594e-03 -1.157656661234796047e-03 2.929684342234395444e-05 1.991324126720428467e-02
6.575164198875427246e-01 3.846199437975883484e-02 -1.791060785762965679e-03 -2.026915084570646286e-03 3.988426760770380497e-05 2.014127746224403381e-02
6.600681543350219727e-01 3.534507751464843750e-02 2.571004210039973259e-03 -2.384687395533546805e-04 -5.147749106981791556e-05 1.962648518383502960e-02
6.822895407676696777e-01 3.954135999083518982e-02 4.977822303771972656e-03 -1.620938419364392757e-03 1.385856885462999344e-04 2.184327132999897003e-02
6.546781063079833984e-01 3.951694071292877197e-02 -5.735176615417003632e-03 -2.951651345938444138e-03 -9.599927579984068871e-05 1.915856264531612396e-02
6.558151245117187500e-01 3.664594888687133789e-02 2.542252186685800552e-03 -5.465920548886060715e-04 -7.397932349704205990e-04 2.128804847598075867e-02
6.779029369354248047e-01 3.880447521805763245e-02 1.409669057466089725e-03 -1.676931977272033691e-03 -4.635157238226383924e-04 1.875678077340126038e-02
6.628006696701049805e-01 3.630601987242698669e-02 -9.198941988870501518e-04 -8.061661501415073872e-04 1.061157672666013241e-03 2.046245522797107697e-02
6.657336354255676270e-01 3.896199911832809448e-02 2.645890926942229271e-03 -2.668162342160940170e-03 1.284689351450651884e-04 2.121779136359691620e-02
6.534994244575500488e-01 3.738163784146308899e-02 -5.151336081326007843e-03 -2.169840503484010696e-03 -1.998190964513923973e-05 2.025930583477020264e-02
6.632001996040344238e-01 3.520387783646583557e-02 2.594020683318376541e-03 -2.002170804189518094e-04 -4.130512388655915856e-05 2.051658742129802704e-02
6.629869341850280762e-01 3.762404248118400574e-02 2.893209690228104591e-03 -1.901194686070084572e-03 7.685856689931824803e-05 2.119466848671436310e-02
6.805558800697326660e-01 3.547646477818489075e-02 2.344844862818717957e-03 -1.126500079408288002e-03 -7.553838077001273632e-05 1.983722485601902008e-02
6.326465606689453125e-01 3.805599361658096313e-02 -2.378579229116439819e-03 -2.106671454384922981e-03 -1.009065075777471066e-03 2.129379659891128540e-02
6.932680010795593262e-01 3.761348500847816467e-02 2.702050842344760895e-04 -2.185914898291230202e-03 4.690102650783956051e-05 1.880854740738868713e-02
6.590951681137084961e-01 3.883098810911178589e-02 -3.043862525373697281e-03 -1.531034358777105808e-03 2.298837061971426010e-03 2.081432379782199860e-02
6.412664651870727539e-01 3.819257393479347229e-02 3.023796947672963142e-03 -9.866745676845312119e-04 -8.929080213420093060e-04 2.071256190538406372e-02
6.611511707305908203e-01 3.464030846953392029e-02 5.537916906177997589e-03 -1.350864418782293797e-03 -3.651422448456287384e-04 2.006916329264640808e-02
6.591097116470336914e-01 3.927697986364364624e-02 -3.673329949378967285e-03 -1.307964441366493702e-03 -1.306423800997436047e-04 1.966591365635395050e-02
6.580661535263061523e-01 3.783969953656196594e-02 2.289471682161092758e-03 -2.629026770591735840e-03 -1.564060949021950364e-05 1.995607279241085052e-02
6.569929718971252441e-01 3.947707265615463257e-02 -5.446657538414001465e-03 -2.151157939806580544e-03 1.978353975573554635e-05 2.087197825312614441e-02
6.618413329124450684e-01 3.364231437444686890e-02 2.452226821333169937e-03 -1.831459958339110017e-04 -3.977172673330642283e-05 2.053545415401458740e-02
6.633670330047607422e-01 3.505091741681098938e-02 5.359808448702096939e-03 -2.262473804876208305e-03 3.871021908707916737e-04 1.985077746212482452e-02
6.492488384246826172e-01 3.571283817291259766e-02 -3.619283437728881836e-03 -1.746596535667777061e-03 1.036116853356361389e-03 2.112772129476070404e-02
6.437401771545410156e-01 3.501083329319953918e-02 2.834171522408723831e-03 -2.078244928270578384e-03 -1.056770444847643375e-03 1.989438571035861969e-02
6.609826683998107910e-01 3.804942220449447632e-02 -3.224138403311371803e-03 -1.537767238914966583e-03 -4.863730573561042547e-04 1.968892663717269897e-02
6.543439030647277832e-01 3.086168691515922546e-02 5.072760395705699921e-03 -5.175419501028954983e-04 7.232443749671801925e-05 1.799575984477996826e-02
6.491081118583679199e-01 3.353650495409965515e-02 1.090732635930180550e-03 -2.908888040110468864e-03 -1.177428785013034940e-04 1.669253967702388763e-02
6.611250638961791992e-01 3.251819312572479248e-02 -5.092065315693616867e-03 -1.829196000471711159e-03 -1.937256020028144121e-04 1.523096486926078796e-02
6.459501981735229492e-01 2.555258944630622864e-02 3.652446437627077103e-03 -1.051185536198318005e-03 -1.220565522089600563e-03 1.235962659120559692e-02
6.610701680183410645e-01 2.288264594972133636e-02 7.944527314975857735e-04 -2.420536242425441742e-03 1.011742628179490566e-03 9.178070351481437683e-03
6.506015062332153320e-01 2.175617963075637817e-02 1.038191141560673714e-03 -1.331008039414882660e-03 1.414626254700124264e-03 1.010685414075851440e-02
6.707897186279296875e-01 2.130088210105895996e-02 -3.960023634135723114e-03 -2.074651420116424561e-03 -8.812893647700548172e-04 5.768441595137119293e-03
6.546754837036132812e-01 1.064950879663228989e-02 -1.568328123539686203e-03 2.112891525030136108e-03 1.466325833462178707e-03 4.357531201094388962e-03
6.613686680793762207e-01 1.000923756510019302e-02 6.628171540796756744e-04 1.464672270230948925e-03 3.310698783025145531e-03 5.580498371273279190e-03
6.657290458679199219e-01 1.155528426170349121e-02 -3.426104085519909859e-04 3.870410728268325329e-04 1.722055021673440933e-03 2.858209656551480293e-03
6.312678456306457520e-01 -2.153584035113453865e-03 -1.761916792020201683e-04 3.161045606248080730e-04 3.440558444708585739e-03 -1.465323148295283318e-04
7.090582251548767090e-01 -1.437802333384752274e-03 -1.398833352141082287e-03 1.885415404103696346e-03 1.501814578659832478e-03 -1.025801431387662888e-02
6.571771502494812012e-01 -1.193420216441154480e-02 3.261597361415624619e-03 3.091044258326292038e-03 3.341199189890176058e-04 -7.355897687375545502e-03
6.170169115066528320e-01 -3.103972785174846649e-02 3.936280962079763412e-03 3.520018653944134712e-03 2.142203156836330891e-04 -1.863468438386917114e-02
6.651826500892639160e-01 -2.402178756892681122e-02 -1.737049082294106483e-03 1.851681503467261791e-03 -3.583648940548300743e-04 -1.876739040017127991e-02
