8.523986480768800389e-01 6.178120284863800570e-03 -1.009509323555000081e-02 5.536618099612099697e-04 3.158800467640100057e-03 1.295567674517300160e-03
8.547999688913500149e-01 5.766148700607100566e-03 -8.023376410638599979e-03 2.114447134114099801e-03 3.716650720128800069e-04 1.011781596285200044e-03
8.570756501714500430e-01 5.796716787387900041e-03 -4.658579079916500432e-04 6.690370688666301023e-04 -4.113023349562100126e-03 1.003420845920600154e-03
8.580567100473800446e-01 6.960476724981300850e-03 -3.664301199677000645e-03 4.514614823273499955e-04 -3.530028010972199870e-03 -2.005231490843599875e-04
8.587624482529601089e-01 8.089901755527300481e-03 -1.135296729804199933e-02 -3.248374515939400522e-04 6.108839873997500697e-04 -1.325869594285600250e-03
8.607506498007900797e-01 9.866799495653701124e-03 -1.182770363287800192e-02 -1.602238169465300052e-03 9.401684861549899777e-04 -1.524466102218000052e-03
8.624850140953800315e-01 1.180799995537500091e-02 -8.431796676344900307e-03 -4.794344179714100235e-03 3.372956967866400178e-03 -1.747925571687199966e-03
8.659852412959300194e-01 1.355316595887700107e-02 -6.857084596185400796e-03 -4.812878219990299883e-03 1.363287609912500198e-03 -2.162276652589200428e-03
8.694290767881300841e-01 1.418870810927200070e-02 -8.100663589722599880e-03 -4.020220324507699922e-03 1.848368926948800025e-04 -2.270445276472099830e-03
8.732126179821600997e-01 1.108600748023000002e-02 -2.094689390122099829e-03 -3.829031728098000287e-04 -3.096857747528400026e-03 -2.068468069507900260e-03
8.765020136185400768e-01 1.345252637389300100e-02 -7.542805711456600747e-03 -6.028441791354900714e-03 4.616589382377800474e-04 -1.646310973333500174e-03
8.803638307494999760e-01 1.616374078922500068e-02 -9.866997603898001665e-03 -6.581324025765101365e-03 2.155807451218599846e-03 -7.666326183473000681e-04
8.853608498553999784e-01 1.265006911168600062e-02 -8.960065739723100178e-03 -1.915992422388400123e-03 -9.390030716032500167e-04 2.938377301339200384e-04
8.893254628866000822e-01 1.418707622532200223e-02 -6.287987142391500590e-03 -3.982405186207200326e-03 -2.546267546704400020e-04 2.101042730319299841e-04
8.926117401116100414e-01 1.532978694997400027e-02 -1.127216794695599933e-02 -2.310671315263100167e-03 2.477348970693900136e-03 -4.056500283711500141e-04
8.979831168469900593e-01 1.266868184530199962e-02 -1.151930244588200009e-02 -3.507314414037100269e-03 2.844043163883799852e-03 1.021536471739500082e-03
9.039678138412000630e-01 1.226969627639000124e-02 -6.087008670395199945e-03 -1.872717650489600044e-04 -1.855064807773899871e-03 6.809937275221501253e-04
9.087790670555699890e-01 9.256669027131601141e-03 -3.619959553876300144e-03 2.715418693554300187e-03 -3.811591193545699890e-03 8.350986778736399713e-04
9.116030649203299419e-01 8.549360959338000304e-03 -5.663501134539400059e-03 4.310603663363400326e-03 3.554527655903300348e-04 6.416793554202501228e-04
9.136479706306399606e-01 1.016842990058200100e-02 -9.193356850094499752e-03 7.616590214245600766e-04 6.324538482387499945e-03 6.717590057329501018e-04
9.172612779940900740e-01 1.133381466362800086e-02 -9.444975979066801142e-03 -5.539913936219299610e-04 5.950876069151800514e-03 5.980448788035800864e-04
9.225499755219600528e-01 9.357015491248099268e-03 5.405634866891699980e-05 2.560501153969000493e-03 -9.855035524066000502e-04 5.493206024804100224e-04
9.280724333200099929e-01 8.043141672844899767e-03 6.382301845050401129e-03 5.193097224408100426e-03 -8.552119847115400783e-03 -2.667193197248700318e-05
9.314397450490701225e-01 8.211425088240900325e-03 3.612022241748000413e-03 3.509231554572399964e-03 -9.799807572494699873e-03 -1.441993407070499984e-05
9.315173879693401382e-01 1.019264440990900154e-02 -8.340357281557299676e-03 1.419980675856800153e-03 -4.250197157935500444e-03 -3.964416302884800193e-06
9.296489405042200893e-01 1.080110018864600084e-02 -1.881885753415900309e-02 -8.951500801176499747e-04 5.003161583230700607e-03 4.704160085119100118e-04
9.285344272629599827e-01 1.295607360897000140e-02 -1.890349650477700372e-02 -1.250070387683800037e-03 9.028848576944100909e-03 7.451646784289700759e-05
9.281629501686700090e-01 1.447030299927999988e-02 -9.757808215145500133e-03 -2.863025820114800234e-03 6.130945011593100236e-03 2.470353971971500303e-05
9.288476660475399882e-01 1.622297497801999944e-02 2.474359289294600188e-03 -3.830367018384499972e-03 -1.191197797037200088e-03 -3.774429814189100298e-04
9.277516469818100076e-01 1.652341502378200030e-02 6.317313389409800160e-03 -3.236705567965599776e-03 -7.067698116487600678e-03 -2.145584229762600027e-04
9.245861942257500576e-01 1.483347650830899901e-02 1.371641263411700054e-03 7.666334454554500502e-04 -5.993254754693100490e-03 -1.898941180751500212e-04
9.211029341501000278e-01 1.434155162721300128e-02 -6.405851617445600457e-03 -1.482419271209100111e-03 -1.166176336298700147e-03 2.821002843734600279e-04
9.165053404826200012e-01 1.427181172138899945e-02 -1.265780900225899931e-02 1.389026127109099958e-03 4.195186658697999844e-03 -2.622224918552100415e-04
9.149482080269500939e-01 1.188881666942700165e-02 -1.040968776655700097e-02 1.415082455979900121e-03 3.467954433006100248e-03 5.714479580487900326e-04
9.134505426727401733e-01 1.282463534040199915e-02 -5.497054467970399760e-03 2.464919747064300490e-03 -8.976774235323700278e-04 -2.376459681899500118e-04
9.116092361704000169e-01 1.325002192061200228e-02 1.291762342070000048e-03 -1.908608290653200298e-04 -6.555785592171800916e-03 3.820503657249300390e-04
9.070041713247700699e-01 1.446787789918100101e-02 -5.240448985768000195e-03 1.169868883317900067e-03 -2.098635425460400154e-03 -2.742145237149500427e-04
9.021668080899500897e-01 1.294507645069400276e-02 -1.247099730231600138e-02 1.051433234315500001e-03 2.828987401095400204e-03 4.346633783231600265e-05
8.978775536885600372e-01 1.381171718142900143e-02 -1.509404779927900168e-02 2.497770566530500315e-03 5.660269604768500794e-03 -2.888638479591899952e-04
8.962839530913599972e-01 1.369958004522799956e-02 -7.926634738511500328e-03 1.135555711858200105e-03 3.390308546771499901e-03 1.331111183594600028e-04
8.942050605786300288e-01 1.393413879226400136e-02 -5.687644763540500954e-04 1.836752450081300010e-03 -1.994652463415400208e-03 -2.215386800476400186e-04
8.918625139510001354e-01 1.303939139124699921e-02 8.465339260480299333e-04 2.915091568869199873e-03 -4.408184584108100317e-03 -2.793100299706600216e-04
8.885277769820399962e-01 1.466212199083100076e-02 -3.435703585261700235e-03 2.402160784245300183e-04 -3.337921242253500016e-03 -2.978766938941999984e-04
8.842399129839700889e-01 1.619756176497600189e-02 -6.590389402109900381e-03 -7.210750499768801142e-04 -1.090908549784900140e-03 -6.666281171859699678e-04
8.798051714543699831e-01 1.595750504259199967e-02 -9.844233204932500633e-03 5.824689976860799581e-04 1.885353103507700009e-03 -9.404358279800700219e-04
8.774182155445799935e-01 1.622129170349599983e-02 -9.787053036726299504e-03 -2.080968885794800237e-03 1.482166824200500206e-03 -3.430636651421399932e-04
8.739112343604000799e-01 1.685996088107200030e-02 -8.344154787685499619e-03 2.676963697437500416e-04 7.499311459641100613e-04 -8.243400371569299971e-04
8.718280535344300475e-01 1.348696954177600049e-02 -4.953553864579299942e-03 2.661694897474800245e-03 -7.476490136128700241e-04 4.795775382662100525e-04
8.704252543755001126e-01 1.396242067855200247e-02 -7.302485082524400560e-03 -4.924774387980100339e-04 -2.003838179870899832e-03 1.178582219812100013e-03
8.695252324710101011e-01 1.755993409108800099e-02 -4.762212420744400300e-03 -2.916773408853800317e-03 -4.773280960119400188e-03 9.534710691756300739e-04
8.659443796363600621e-01 1.725804362529800157e-02 -5.675340608228600370e-03 -3.171257619180199976e-03 -2.569703540388700372e-03 1.293937535168500005e-03
8.609726502378900470e-01 1.536661484987399996e-02 -1.528258154887900122e-02 9.125121325663800541e-04 4.923307850964699778e-03 1.288036661012900014e-03
8.568331450585999765e-01 1.496415230175000138e-02 -2.171582133271900139e-02 7.996004324347101393e-04 1.153291548269000030e-02 9.658945921606799934e-04
8.561258576575501156e-01 1.560720046860800125e-02 -1.155610263779400029e-02 -4.521635015051300136e-04 6.185400414457900044e-03 5.524482812071800260e-04
8.565348734130000530e-01 1.356907212401200005e-02 2.868234775651999982e-03 3.391126819143300448e-03 -3.838392861046299731e-03 6.899247512788899729e-04
8.544014384276400476e-01 1.189836812988499977e-02 6.237156986858199970e-03 2.629711625903400143e-03 -8.083095120824201549e-03 2.686018692413900066e-04
8.500604894242400622e-01 1.373422992010400051e-02 -1.187148151242700071e-03 1.572713471514700220e-03 -4.004002395613200614e-03 -9.289915611286700013e-04
8.459223152215700203e-01 1.393844072222799949e-02 -1.108421193509800083e-02 7.888736579018601003e-04 1.706836439115400061e-03 -1.106423176867299928e-03
8.437933771493499879e-01 1.494382195105999935e-02 -1.159743638124999948e-02 1.111402414387000024e-03 5.532191145649600341e-04 -1.646534616434000044e-03
8.423477603743899644e-01 1.647190662089500005e-02 -5.541350465020600594e-03 -1.223130609008100250e-03 -2.880262994108300206e-03 -2.192485582247400127e-03
8.390634713815799950e-01 1.705250821450899831e-02 -7.062581548923300111e-03 -5.080280384877800697e-05 -1.462706286857200135e-03 -3.535011010819699966e-03
8.351028526847600331e-01 1.584825425788599987e-02 -1.170688736533700113e-02 1.291992161569400057e-03 1.992962459202700203e-03 -4.263452455832399644e-03
8.323115445907700582e-01 1.748737069321100110e-02 -1.389750162314400128e-02 -2.756789877415400259e-03 3.655645146121099930e-03 -4.537576475587600314e-03
8.302007726109199570e-01 1.815704000797300002e-02 -1.095043896309200182e-02 -8.903525747744200783e-04 1.341749000551900259e-03 -5.581220587505700791e-03
8.278199460162000145e-01 1.810801815693900002e-02 -5.250554958624299891e-03 -2.899862623823900101e-03 3.488529625960200102e-04 -5.233303166631200071e-03
8.248112057450500689e-01 1.948266573083300146e-02 -5.391015779234099858e-03 -1.820556637645499853e-03 -1.467544023916200226e-04 -5.593197051120100613e-03
8.232831675583300868e-01 1.799263431987400269e-02 -8.753842075314099969e-03 4.624761422334400002e-04 -8.903982950634499460e-04 -5.720658734940899798e-03
8.218576406223401243e-01 1.783179684799699946e-02 -7.306488236714099582e-03 -1.224631482624900011e-03 -4.383784149435100523e-03 -5.346716070893800000e-03
8.205468854661299716e-01 1.849764488835299939e-02 -4.858809949280500085e-03 3.572581345885699985e-04 -5.903111681203400060e-03 -5.637410069087100441e-03
8.168325914750700356e-01 1.751197580260200129e-02 -1.242963986456799980e-02 -1.669119426091399952e-04 -3.318402868951200301e-03 -5.551141310743800371e-03
8.124306972911000679e-01 1.652555179643800179e-02 -2.250279305044899925e-02 3.207107268974900352e-03 3.968155354399999918e-03 -5.837343182611001019e-03
8.093314853745300352e-01 1.593493411691000033e-02 -2.397806385792100245e-02 1.842326870315500039e-03 7.062709626016500271e-03 -6.119789315882000723e-03
8.080101666082500911e-01 1.756169606595600272e-02 -1.770410424911100095e-02 1.281736280903600031e-04 4.492181033939700481e-03 -7.157113946777600433e-03
8.068054947936700305e-01 1.977225889481000129e-02 -1.238972681784999974e-02 -1.885471020181300099e-03 1.403695619319400177e-03 -8.055644044263900530e-03
8.065058939684300876e-01 1.946053094617200205e-02 -2.581106197841500239e-03 -1.229753368168200016e-03 -3.743757446154000364e-03 -8.646671544136100632e-03
8.046644479092700530e-01 2.087645288792900136e-02 -5.526094594612600969e-03 -3.749842979449800537e-03 -3.600082274752600120e-03 -1.003425263976500011e-02
8.031171313209899409e-01 2.353953495547900232e-02 -1.029530311423700051e-02 -3.327618457564600427e-03 -1.585126561582300047e-03 -1.200035504794000167e-02
8.027278637379100523e-01 2.254909283406800191e-02 -1.234416304362600039e-02 -1.697072840111500105e-03 -7.130000017957500557e-04 -1.277521864505500038e-02
8.025956571745800350e-01 2.064595005946499862e-02 -1.488065333933099969e-02 -3.185300133982800182e-04 2.841338846996500174e-04 -1.230125991853400075e-02
8.022897839304500289e-01 1.764487289514700061e-02 -1.534246146176200011e-02 4.360180135016000075e-03 1.146890165570300111e-03 -1.152556549548700016e-02
8.029202441099301257e-01 1.498497938799000020e-02 -1.523124190035599936e-02 3.205238604945599701e-03 2.612199793642600368e-03 -9.266777417757800922e-03
8.047096867542899989e-01 1.482016712060000088e-02 -1.561235388588700160e-02 2.968582439368100054e-03 2.742770334445599964e-03 -7.289067087298199688e-03
8.072285986614500253e-01 1.528451150131700069e-02 -1.221342568141100052e-02 1.451862533970500139e-03 1.751724270499600063e-04 -5.429611387347900268e-03
8.091452168626199759e-01 1.743434806518600125e-02 -8.044910468405001153e-03 -1.358409949208300160e-03 -1.330115728737300091e-03 -4.581985477507700272e-03
8.108015102141700181e-01 1.981825672775699987e-02 -7.800805935176700033e-03 -2.439857820622000177e-03 -2.493434456173599756e-04 -4.384238423521500359e-03
8.134431490006299725e-01 2.064115148028400348e-02 -1.128376152114800128e-02 -3.570139307002900483e-03 6.326899742664100334e-04 -3.886290505112100294e-03
8.173464438597900505e-01 1.988303254617300106e-02 -1.273291900265700188e-02 -2.063078775620100138e-03 1.212432997351100004e-04 -2.947897444586000063e-03
8.221583853352101290e-01 1.634269538890900306e-02 -9.631221535443800982e-03 1.041150045637899944e-03 -2.403203434995200040e-03 -2.012250230325900429e-03
8.264326996674701276e-01 1.724470199860700034e-02 -1.094517648728600065e-02 -3.338176799900700355e-04 -1.983996669983700053e-03 -1.769484853773300092e-03
8.314890721821801556e-01 2.025426266789299989e-02 -1.356411619248900149e-02 -4.172493247021099964e-03 -5.546323544971200250e-04 -1.510340377169000015e-03
8.368097146239800166e-01 1.921980095612400158e-02 -1.598254409522700120e-02 -1.437676350655300080e-03 5.925312216852700580e-04 -1.265738207935800065e-03
8.427579125036500640e-01 1.726440505906700132e-02 -1.650682177671599846e-02 3.491399363402300070e-04 2.761216005778899859e-04 -1.058751253280200118e-03
8.499236824119900113e-01 2.042324752438700111e-02 -1.599276333872300115e-02 -3.371528451826200090e-03 -2.722860467301500245e-04 -1.121642980852199977e-03
8.561022535911700926e-01 2.120854260984800232e-02 -1.563864263582200043e-02 -1.919162455770600162e-03 4.065870999957400160e-04 -1.041824245968800021e-03
8.626308863003100402e-01 1.564674901101600207e-02 -1.710731055642100013e-02 2.909869110279200092e-03 5.447875427116499530e-04 -5.354120047747100083e-04
8.703153165795649571e-01 1.723907090584300000e-02 -1.602801720316300235e-02 1.195708685394000206e-03 8.061596949400001353e-05 -6.268274813200000722e-04
8.779997468588199849e-01 1.883139280066900220e-02 -1.494872384990499938e-02 -5.184517394920900267e-04 -3.835556037234700297e-04 -7.182429578645900667e-04
8.851440684882000420e-01 1.644441340162399942e-02 -1.249079505241300000e-02 3.340637558176900567e-03 -3.038852545620500042e-03 -2.480916870456700103e-04
8.910587313172501078e-01 1.504439108829200115e-02 -1.469755816118500230e-02 3.445170955373900654e-03 -1.587747587999700175e-03 4.894765466095699720e-04
8.959093884013800135e-01 1.639823581841599875e-02 -1.707229628088000051e-02 1.071606153946900054e-03 -3.326445890467000298e-04 7.834508193618301090e-04
8.997368633547101480e-01 1.670342048094300078e-02 -1.710293022519500036e-02 -2.020958122104600302e-04 -2.410149890967299823e-04 8.494240449215001041e-04
9.030510958563401358e-01 1.415640416216900135e-02 -1.723197403233600253e-02 3.222982533570800060e-03 -1.093419377060099928e-03 7.027288146160700320e-04
9.050436374823100927e-01 1.487409062620100031e-02 -1.817939744419999962e-02 1.362355520319600112e-03 -4.690736464481400536e-04 5.983367607795800520e-04
9.066268877088700107e-01 1.680868543262300022e-02 -1.746482432870500104e-02 1.144932251470700039e-04 -2.406780074130799988e-04 5.396960135659999852e-04
9.078904919374800597e-01 1.536927779550300091e-02 -1.703884374831100140e-02 -6.165987624763500643e-04 -9.935313556589901046e-05 1.646791384185300206e-03
9.086743957014500328e-01 1.493776129804600186e-02 -1.794640637903499938e-02 2.561835335127800122e-04 7.101587120658100832e-04 1.649935631783000208e-03
9.100336074315500401e-01 1.637239167465500203e-02 -1.749224067834299901e-02 -2.260231750748800065e-03 -7.434352804152700783e-04 1.738309964055500091e-03
9.106391814645899974e-01 1.604030729336000313e-02 -1.783668699186599996e-02 6.889891370849800722e-04 -7.091353732595600395e-04 1.133325452474399876e-03
9.111250290657899598e-01 1.623207903925200091e-02 -1.720096826322600053e-02 -2.328658774573199794e-04 -6.743011516041700617e-04 1.036730142072199955e-03
9.104169123562000365e-01 1.705029610232300027e-02 -2.065829553170900335e-02 2.790153954324600216e-04 2.054562816737299982e-03 -3.217994283241700231e-04
9.111244850881899948e-01 1.399932889331500022e-02 -1.983539592215199932e-02 2.054162777228700238e-03 1.217416912039000123e-03 -4.887155843144600159e-04
9.122648254252001543e-01 1.371894622269400135e-02 -1.802888417151700048e-02 3.357853974964200138e-03 5.949807824127700427e-04 -1.008331626514600080e-03
9.133958524115600719e-01 1.338510961010400124e-02 -1.448849423004900175e-02 1.783488104053999965e-03 -2.548411254603200060e-03 -8.934366089621599430e-04
9.138934412201801250e-01 1.519890988443800030e-02 -1.547404753599500131e-02 1.102866844036999886e-03 -2.396996211379800144e-03 -1.199237360963000074e-03
9.135737146085599614e-01 1.686678265923500022e-02 -1.729408706031200157e-02 -3.907820229011100448e-04 -1.645988972731799978e-03 -1.244880652583100046e-03
9.129595738519800108e-01 1.798288913098000305e-02 -1.976027001214300180e-02 -2.280313436743600011e-03 -4.358242093374900170e-04 -8.657549822421401007e-04
9.117776720748100860e-01 1.641635540457100223e-02 -2.181625078961100042e-02 -2.265852833648799951e-04 1.432873841809500018e-03 -7.991229152087101243e-04
9.101509906694099650e-01 1.368980706102400184e-02 -2.116341698465200316e-02 1.745075595518400012e-03 1.150626760182999961e-03 -3.979649754138300018e-04
9.094696893698099860e-01 1.347164695341399911e-02 -2.096813130085200053e-02 1.820047525943700034e-03 1.437040431593100123e-03 -2.601032526462100235e-04
9.096545952545099789e-01 1.275594047219100018e-02 -1.688620209661199911e-02 1.012840181985100044e-03 -1.094208819678800038e-03 6.759079058446301053e-04
9.083544500257000331e-01 1.246607569930400020e-02 -1.638151861740299794e-02 1.809732046338400225e-03 -1.045418575483400081e-03 1.081623939110900028e-03
9.072278635770200106e-01 1.320456145926800044e-02 -1.755423240433300058e-02 -1.213869442768000014e-03 5.592158099767000285e-04 1.659941534791200103e-03
9.063839515451299622e-01 1.715251151312800065e-02 -1.966284957182700202e-02 -5.621413400389600398e-03 1.555749165043700212e-03 1.243359194488500045e-03
9.067435396235300482e-01 1.790070967208099925e-02 -1.863483795638500029e-02 -5.303794123466500608e-03 1.499177806645000119e-04 1.321660130877800026e-03
9.067473012521101161e-01 1.671084988820500244e-02 -1.552552111830499994e-02 -3.481397716665500172e-03 -1.633859278885600036e-03 1.256384443053900138e-03
9.057914037902300430e-01 1.710906867929999978e-02 -1.648384866694500156e-02 -4.269979689106100443e-03 1.194540216480599951e-03 7.408199770153199755e-04
9.045165272993200833e-01 1.623733190193500306e-02 -1.975105667588500369e-02 -1.572388967749800085e-03 2.810302448880200137e-03 3.720928158261499908e-04
9.038630465718500151e-01 1.416089860371700163e-02 -2.095024320694499967e-02 -1.483439057310300194e-03 3.686722823563900586e-03 7.055017865811100131e-04
9.047597916883600710e-01 1.194166380582500041e-02 -1.662522336205799964e-02 1.952449352305500076e-03 2.153069877637800184e-03 -4.917920873248600542e-05
9.066624307551900408e-01 1.000526727119900074e-02 -1.195695308753400021e-02 3.181333371601800276e-03 -2.716208748120600095e-03 -8.598108231512099778e-04
9.091577052611100607e-01 1.168221494942700035e-02 -1.033230787319000012e-02 1.998631680101000101e-03 -7.280546832390400250e-03 -1.722687088210300048e-03
9.104792007298400103e-01 1.149631040919200063e-02 -1.467990788441400109e-02 1.815501197029899955e-03 -7.578645187818500509e-03 -2.110724891645100222e-03
9.104567757049200072e-01 9.610148161387700727e-03 -2.413342163770700044e-02 3.328563400374800682e-03 -2.200633561998400090e-03 -2.287417821926500307e-03
9.106555790893899882e-01 9.940846723424101583e-03 -3.051549567890200071e-02 1.687142984399200157e-03 1.617126502130200030e-03 -3.313027507554099950e-03
9.118122211209499506e-01 1.102967443766900146e-02 -3.397655798006000288e-02 2.287389730847400309e-03 4.628606607759900085e-03 -4.904096730433600039e-03
9.148186958205100083e-01 1.061818328106400172e-02 -2.881790412842900190e-02 6.226535570384300611e-04 3.033215114466700137e-03 -4.832321312594900151e-03
9.178439291508401210e-01 1.114657203492000134e-02 -2.401864646461400118e-02 1.497654311110900235e-03 4.948312638438700844e-04 -5.121005938899000735e-03
9.205436766276099414e-01 1.057026870676500141e-02 -2.037335591862000223e-02 7.334738888463299827e-04 -2.183403100314000155e-03 -4.465805846278100323e-03
9.215510266254199889e-01 9.843235818815701532e-03 -2.279891558623800205e-02 3.047007418292399863e-03 9.644475182750701287e-06 -3.985653986933300301e-03
9.228796126680400835e-01 9.126840627933799355e-03 -2.447961009587200365e-02 9.584223679634300231e-04 2.067447735476200376e-03 -2.460510579054700411e-03
9.248246159739599292e-01 1.032546976813100009e-02 -2.502831499689600267e-02 -3.582951709674000247e-04 2.303133115707000148e-03 -1.936345650975199867e-03
9.269703381173199919e-01 8.756816113133600310e-03 -2.076833506292600010e-02 7.147064825316900172e-04 6.861564001460401037e-05 -1.541738823224000215e-03
9.280435849291001071e-01 9.411283205575800628e-03 -1.785439287581599976e-02 -2.012938047730800030e-04 -1.280856475487800097e-03 -1.966999417136800019e-03
9.284353019216301517e-01 1.152440461926500063e-02 -1.952801769537799992e-02 -1.027149116033100216e-03 -4.295325939907000440e-04 -2.403879686074400241e-03
9.280248654682501375e-01 1.046292473749500102e-02 -1.879584792260000081e-02 -1.099781469261700007e-03 -3.015043094716200072e-04 -2.163830842347900033e-03
9.271701871008700691e-01 1.089347809202800138e-02 -1.976322707780600249e-02 -1.677452333270700166e-03 2.602332475994800494e-04 -1.858823209094299933e-03
9.243843155680899759e-01 1.248539846652400170e-02 -2.146766101460400103e-02 -2.540869929124500281e-03 2.409971823718699922e-03 -1.854110080306700051e-03
9.234062439788299770e-01 1.130979148438500045e-02 -1.884170207425300142e-02 -9.391494997252500211e-04 2.263014450640700361e-03 -1.404556386754299974e-03
9.220475953544999825e-01 1.013737787951100172e-02 -1.699399941536100175e-02 2.149884693207800154e-04 8.712570402997299804e-04 -6.388207908792400405e-04
9.204052189853600963e-01 1.137346504763200178e-02 -1.259528685896899904e-02 -2.155772206372399882e-03 -1.444131009892400024e-03 -7.352991681342700920e-05
9.190929945539401125e-01 1.036027264162000042e-02 -1.737462083186900111e-02 -5.232109010656799423e-04 8.312559698567499600e-04 8.863967893070200414e-04
9.179194456872000751e-01 8.160349295581499282e-03 -1.250206999891100013e-02 -1.410101336973700221e-03 -3.426262548942500194e-03 2.952399370437900489e-03
9.146426547854000777e-01 7.280695495315900496e-03 -1.466004341023700169e-02 6.523828745941800261e-04 -3.416097546156900405e-03 3.203926804787800373e-03
9.104261501271100343e-01 5.901026724864400462e-03 -2.044859861879300134e-02 9.194615213162600151e-04 6.002717526896000867e-04 4.398176874791000224e-03
9.069260222592099296e-01 7.791455457541700790e-03 -2.546797541606100196e-02 -1.244516562163900048e-03 3.742495099693800287e-03 4.953834888066200280e-03
9.047470296023301106e-01 5.917712717353300345e-03 -2.098108103088300314e-02 -5.249232604067399560e-04 1.244013072079500114e-03 5.965291688909600543e-03
9.027123889202199880e-01 3.622008132481600255e-03 -1.639546934406299963e-02 1.069949730359900106e-03 -2.829033115356599927e-04 6.593305188324300424e-03
9.004228884166100011e-01 2.582747377344000051e-03 -1.528641560098399979e-02 1.886602186370100152e-03 -1.412999028460200195e-03 6.694196968217200339e-03
8.972257487244301721e-01 3.112752175980800125e-03 -1.640409782668400193e-02 1.679322920681700169e-03 -1.001041575129200164e-03 7.227683630331400294e-03
8.955858624542500923e-01 2.954970767525599840e-03 -1.844973590018000181e-02 8.407289538791200105e-04 4.994510768910300413e-04 7.569666309524700210e-03
8.941247366219899906e-01 1.446439866542900037e-03 -1.958004456862700096e-02 2.000481400612700265e-03 3.615339505769899885e-04 7.966011435560100412e-03
8.932565865230399638e-01 9.715987619485001205e-04 -1.855641041313400158e-02 1.831938295198200055e-03 -2.163038966056899780e-03 7.884138846726300789e-03
8.928743871017501554e-01 3.405454703153500194e-04 -1.855747515460199823e-02 1.868891967066299998e-03 -2.753635246019099994e-03 7.892842062555300089e-03
8.920439014295500346e-01 1.856841031050300052e-03 -1.990185871135599985e-02 -1.423222494136900046e-03 -2.653160589394100259e-03 8.045396480192999744e-03
8.899154125873901533e-01 3.338602522855900045e-03 -2.355680241376800071e-02 -1.032970105249400149e-03 6.609666908389000024e-04 7.750132101260200600e-03
8.885334059974401288e-01 2.576607963649100042e-03 -2.664659755328300378e-02 5.797210853282600300e-05 3.994276837219599800e-03 7.512437040411100962e-03
8.881003889859301337e-01 3.397765520898200081e-03 -2.784390219995199964e-02 -8.026779026769400444e-04 5.812801693361800519e-03 6.940011162890800077e-03
8.889804335175700567e-01 2.346011750077600135e-03 -2.175727385645100098e-02 2.504158213745300032e-04 2.761120461771199991e-03 6.949577119820700422e-03
8.903953536470500252e-01 -2.004974112960300047e-04 -1.669050508932599930e-02 2.814648564483500197e-03 -1.038586676156600091e-03 7.242725251884300081e-03
8.910714132627201023e-01 -2.319761357607099794e-03 -1.533051729264500035e-02 4.913438374542200213e-03 -2.534033441289900226e-03 6.866428635934900167e-03
8.914173708556101250e-01 -2.252603782663500139e-03 -1.598388279733000197e-02 3.523909498479999881e-03 -3.099910483803700219e-03 6.429067101603500034e-03
8.906995855528401229e-01 -1.139589269104099994e-03 -1.885872597597799960e-02 2.363060855272000084e-03 -1.305277170434000116e-03 6.507606600236100387e-03
8.888706667308099441e-01 -2.658046016345400032e-04 -2.086185486614300366e-02 6.989100072707100366e-04 2.253768096085100123e-03 6.233785029452400955e-03
8.874537656182399648e-01 2.338895460314099894e-03 -2.356995361094900085e-02 -2.392744522312500143e-03 4.747862423701600110e-03 6.110235001883500619e-03
8.864701180714700257e-01 2.715714186963499952e-03 -2.151666057889200026e-02 -1.478668954534000058e-03 3.632685107344799796e-03 5.754189786084999876e-03
8.867376970433200611e-01 1.170308952636000144e-03 -1.352142197814300111e-02 -1.469547942138700201e-04 -1.941022125831500097e-03 5.884611916344000340e-03
8.868896125822699483e-01 2.711028881752600497e-03 -1.138685237097400091e-02 -1.046035731368200007e-03 -5.524822636960000782e-03 5.227543212932300558e-03
8.864699271323801533e-01 7.458516578351601090e-04 -1.206388052535100133e-02 1.297770004898800072e-03 -7.580215267118099731e-03 5.239520157773300615e-03
8.849847368514099921e-01 -9.478525270072801594e-04 -1.899132047311600027e-02 1.476552116781900022e-03 -5.590730373242600373e-03 5.476771469403200407e-03
8.822003174657799818e-01 -8.039161843493899257e-04 -2.872388313352500222e-02 1.528030113605600071e-03 -1.465815593432300131e-03 5.123868625437200466e-03
8.788762118113000454e-01 7.643307979474700032e-05 -3.304113878582200237e-02 -2.615065310485199909e-04 4.213114580249899786e-03 5.381450688791200587e-03
8.754005937378800395e-01 -2.476511964122100006e-04 -3.512841657946300100e-02 1.512886615803200061e-03 8.822739861036299133e-03 4.641561371253800049e-03
8.739486813961200307e-01 1.434863723219200003e-03 -3.170395249548200317e-02 -1.637696350355800044e-03 9.286325333909399918e-03 4.332513911348800754e-03
8.736038600082199901e-01 3.194125014679700513e-03 -2.098184473277700177e-02 -1.605921491429300203e-03 4.075187706652699977e-03 3.827472593368600080e-03
8.746078338200100610e-01 1.101321883644300033e-03 -7.248130683744200345e-03 -1.225399782333500128e-03 -4.702796328870400069e-03 4.719113917379100243e-03
8.729608351050700543e-01 1.634351255068499991e-03 -7.843272521400200883e-03 -2.521575105038800432e-03 -6.611085562480000129e-03 4.909008365104199773e-03
8.692612005146399534e-01 -8.161491293187099916e-04 -1.350489481682299979e-02 3.194939985987500352e-03 -2.797400344879300265e-03 4.853842790942500436e-03
8.648818821291901493e-01 -2.674808391182600074e-03 -2.168806068499699868e-02 2.106583283273099835e-03 3.705437294501500237e-03 5.621315849827400284e-03
8.615325994851800173e-01 1.658883172519000056e-03 -2.418494998505400090e-02 -3.162097165003800118e-03 6.417303236815500439e-03 5.447402030868500090e-03
8.604163590335800471e-01 8.578213469319600874e-04 -1.849705719659299960e-02 -2.731553017895800139e-03 2.943514787947500155e-03 6.196107628399100294e-03
8.595689388034801759e-01 -4.477385887484699838e-03 -1.152734802112199974e-02 3.693436737500900222e-03 -1.986302149668900223e-03 6.480382162625000081e-03
8.578790775084901288e-01 -3.391631612514200370e-03 -7.817315977340500224e-03 1.863758719734900015e-03 -4.792314717678700098e-03 5.867510297507100812e-03
8.547476894216899934e-01 1.796309037246600067e-04 -1.210305676033399981e-02 -6.992142546636100553e-04 -2.678150618268100146e-03 5.298853641451099772e-03
8.514341809424700314e-01 -1.961989558092000051e-03 -1.702470777425900070e-02 8.367726601555300174e-04 6.544195371543400476e-04 5.910733310855600421e-03
8.493810459605400931e-01 -3.026453230932800356e-03 -1.978461870611900042e-02 9.350242618005400255e-04 1.914353822863100289e-03 6.078228070769999859e-03
8.482818093586500519e-01 -2.329840622791300424e-03 -1.849922005228100269e-02 4.477791294007199942e-04 5.999863396074000882e-04 5.559079461866799771e-03
8.470286352185200096e-01 -1.921793592306500270e-03 -1.470385537207500107e-02 -4.266329710416999878e-04 -2.029582721921099984e-03 5.463918559910799916e-03
8.448673401106699954e-01 -1.137451757356099970e-03 -1.473882107952800141e-02 -3.872425324545000227e-04 -2.588127045238100337e-04 4.912575919674500372e-03
8.431178991123999822e-01 -4.580132294978600679e-04 -1.676750642429499991e-02 -2.095856006915200291e-03 7.615045744614300097e-04 4.621656984973900213e-03
8.418100695909300768e-01 6.862663595338700875e-07 -2.075934926812800230e-02 -3.578253861327400235e-04 2.199483873832200082e-03 3.549708732440700048e-03
8.421441427193299134e-01 -2.926678267217300202e-03 -1.602475661556200179e-02 5.103118084462499949e-04 5.703241753761600832e-04 4.207392461248800342e-03
8.420068977339800753e-01 -1.965587368942000191e-03 -1.537859413273300058e-02 -2.261747413915200008e-04 1.041007269787900180e-03 3.806288396089600040e-03
8.422831033417699231e-01 -3.793580960459600263e-03 -1.755499668871000202e-02 1.336963145960700164e-03 3.055544219551600306e-03 3.897793822253799861e-03
8.446193199407899810e-01 -1.872465481587800261e-03 -1.728332254947100022e-02 -2.515276594925500240e-03 1.501230405843400001e-03 3.893130734745699900e-03
8.475118604565500258e-01 1.636064858412300017e-03 -1.247532931100000034e-02 -3.379636678902600035e-03 -2.233080007632200128e-03 2.542977598590900022e-03
8.504733937163800883e-01 -2.289072813332400250e-04 -9.233179444031900870e-03 -7.817472503448500559e-04 -4.007324621628800126e-03 2.563587556028900424e-03
8.527403601281901002e-01 -5.440512908979800062e-04 -1.586081131361299912e-02 -2.024678870033800020e-03 -1.670931010944900000e-03 2.033094741236300251e-03
8.555617023306700819e-01 -6.779213811662801285e-04 -2.131795718864500089e-02 -4.708365493464600074e-04 1.408380510605400067e-03 1.128367148049999906e-03
8.593684434030800512e-01 -1.974216702036200432e-03 -2.088936084108999891e-02 -2.700026961855400242e-04 1.097955207666100096e-03 1.530757633988900218e-03
8.636665617981700294e-01 -1.595205650721200161e-03 -2.084768077132500078e-02 -1.442557805254600270e-04 2.151178007609499954e-03 9.218817728487099881e-04
8.695262845420800302e-01 -1.349794045882600100e-03 -1.866739458689500170e-02 3.313568897691500045e-04 5.685596506292200447e-04 6.545105232758800578e-04
8.747446415512301066e-01 3.135169818411099999e-04 -1.658307850432000005e-02 -7.813935616180399607e-04 7.562758146344300547e-04 2.338429887231200071e-04
8.800899963124400038e-01 4.514141413992100744e-04 -1.473219541629000075e-02 -7.783742318004800405e-05 -1.604497742798300167e-03 3.326167438287300432e-04
8.855041529723500782e-01 1.731416854904800108e-03 -1.677215464285899960e-02 -1.706228648613199997e-03 -6.034404867915999860e-04 4.216631468101000109e-04
8.908557341009700759e-01 9.838525750216100922e-04 -1.724790087723800103e-02 7.706770763210100527e-04 -8.274703116391501044e-04 6.982684332249499901e-04
8.972574937232601355e-01 4.154186275489300025e-04 -1.790111575480500192e-02 9.720402383535200509e-04 -8.157040072966399583e-04 1.365381079737900023e-03
9.045922030567701277e-01 -2.990009711126900491e-04 -1.907031067796400095e-02 2.982256200567700438e-03 -4.772536939994099885e-04 2.335387287365999886e-03
9.114643333245100454e-01 1.207348121736000202e-03 -1.805633844432200097e-02 -1.369652193412699984e-03 -8.832454861732701038e-04 3.462558008440799837e-03
9.178719004473899767e-01 3.793482551471499906e-03 -1.962796371973500251e-02 -1.881487373051399931e-03 1.648464880900099919e-03 3.327616721437900559e-03
9.264835463491100098e-01 2.541517198211200139e-03 -2.141463560329500207e-02 7.322365876183899690e-04 3.286901172977099717e-03 4.499207986180499969e-03
9.353817511453000888e-01 1.440495128700700241e-03 -2.029286890883100214e-02 -2.996952470330500450e-04 1.675499985948300215e-03 5.858714277512500068e-03
9.448158515119300382e-01 1.227835623770800024e-03 -1.398920496632199972e-02 8.116872860004700069e-04 -2.330648174272900199e-03 6.085130330279700517e-03
9.542163865496899877e-01 8.835999960348900860e-04 -1.376206464265699973e-02 7.896493548839299834e-04 -2.371931856256500465e-03 6.338271291670600355e-03
9.622686333429000261e-01 -1.642753581999600176e-05 -1.758449345069799941e-02 2.162855749270599977e-03 -3.580299674696400423e-04 6.314980696838600263e-03
9.701805392357700786e-01 -4.962481707154100391e-04 -1.931889755464500161e-02 1.642609950140500085e-03 7.682983671311399915e-04 6.589507664398600029e-03
9.785168980021400342e-01 1.713030872935100007e-03 -1.881757177340600065e-02 -8.723201059073700827e-05 1.677185772009800145e-03 6.208379975391900042e-03
9.863807764032799241e-01 1.243790508960000056e-03 -1.750068893642900067e-02 7.442584627217799752e-04 1.043753434573499927e-03 6.486199489235200746e-03
9.938351658821700241e-01 4.229287578615600071e-04 -1.366093662728200091e-02 1.304893540845900078e-03 -8.927455027686401071e-04 6.551394932991900198e-03
1.000966204435500106e+00 1.599549740880600165e-03 -1.218700332839300036e-02 -5.244413227406100232e-05 -1.016548436381899947e-03 6.334174741475399883e-03
1.007853791217599992e+00 2.033061964347900215e-03 -1.464512872740400019e-02 -1.453481825532700045e-05 4.514405443030600359e-04 6.245798444663500787e-03
1.015544941087100028e+00 -7.858688520324101255e-04 -1.505519968521400014e-02 3.329174760688299959e-03 5.898287751610301229e-04 6.570944747441899610e-03
1.024711187436200044e+00 -5.982295700955000311e-04 -1.317641580746900000e-02 9.158327567218501079e-04 -1.763879066000500085e-03 6.939257772967100807e-03
1.032535275690799947e+00 -4.262549684362599927e-04 -1.241722086547200100e-02 1.632757546243600137e-03 -3.328112080069800006e-03 7.273974824061600966e-03
1.037627219886799956e+00 -1.820704033060499896e-03 -1.308520294187700064e-02 1.095592800450900057e-03 -1.112909176311399975e-03 7.618926408057700300e-03
1.040695593537300123e+00 -8.002844985262899755e-04 -1.959580904984900215e-02 3.925885836398600496e-04 7.151991019362699716e-03 6.821294020512600614e-03
1.044524382019099917e+00 1.147606054125899959e-03 -2.001642686836700019e-02 -1.644162432327499982e-03 1.068397439919100030e-02 6.301701883006500214e-03
1.050567949387400057e+00 8.818222958987701008e-04 -5.599042475629800557e-03 -1.434280849214300026e-03 3.641600363157000177e-03 6.531149089998900675e-03
1.057277084134000011e+00 -1.324406389333300169e-03 5.872398238708700403e-03 2.716313157327899987e-04 -6.910275537321900093e-03 7.070037598787600602e-03
1.060153941010699929e+00 -3.431393719127500200e-03 1.867951269942199960e-03 1.703510670173800012e-03 -5.567529019477700583e-03 7.602668898273100793e-03
1.061288642463700027e+00 -4.561521724654000673e-03 -7.777956176037901202e-03 1.325261039903300169e-03 9.831369807923899182e-04 8.713440454487500833e-03
1.062510416671700098e+00 -3.924956980087700512e-03 -1.054719724847599967e-02 -3.451049315597100081e-04 4.300840761323600735e-03 8.886370097084700728e-03
1.064764088375899975e+00 -2.892996163883500196e-03 -4.443854441171900781e-03 -9.362090853799800170e-04 2.483822562462500300e-03 8.605845818643599945e-03
1.068864787979600051e+00 -1.944975770386000048e-03 2.515370059549399979e-03 -2.815731715683300086e-03 -3.514551029093100198e-03 8.696840060077100365e-03
1.072880089556000005e+00 -2.746583545567600135e-03 3.830679944607699814e-03 -5.429680708291500634e-04 -9.942138469069100939e-03 8.533813975517700809e-03
1.075607913012800010e+00 -3.449058272506899930e-03 -4.426558155749100391e-04 1.259193786319600121e-05 -1.245576367752800062e-02 8.758992828356701107e-03
1.074053087966100106e+00 -3.221372148405499819e-03 -1.915930993597400253e-02 -1.848562484996800308e-03 -6.163402363422800651e-03 8.720912247487199939e-03
1.070273006474199873e+00 -6.230927570534300179e-03 -3.342019997030200307e-02 2.211917505471000002e-03 6.044955896749000003e-03 9.001973002432999901e-03
1.068494363771899991e+00 -7.650144811395300122e-03 -3.509452738576400443e-02 1.185164776959100191e-03 1.237540009743400005e-02 9.127715706597100062e-03
1.070306448800599997e+00 -6.356039063716400171e-03 -2.061663386213200000e-02 1.150397984120000007e-04 8.280730644366501164e-03 8.772673263474700320e-03
1.072668694401400113e+00 -6.614244755054900574e-03 -6.136589564011100430e-03 1.760767001041600071e-03 6.966463216539499868e-04 8.582141016698100963e-03
