1.749780434281800190e+00 3.564355222892300057e-03 -2.369182422842500222e-03 -7.404294187239799903e-04 2.490128958225000088e-04 -2.561640024446699775e-04
1.747621761263999929e+00 3.737110023819099989e-03 -2.996844159221600124e-03 -8.595016348166199891e-04 5.918139249316800273e-04 -2.623048269073100284e-04
1.745566028313999984e+00 4.326904081103299764e-03 -2.993761366179800189e-03 -7.601058799461200529e-04 3.922355122288800813e-04 -4.759457667550200154e-04
1.743555225956599841e+00 5.390435837854600648e-03 -2.469133225504200474e-03 -1.070620721757900183e-03 5.584053148826999833e-04 -6.883943467835100527e-04
1.741525643672000134e+00 6.149024587637900476e-03 -1.858781687329700205e-03 -7.673411547171799831e-04 8.570480169584900705e-04 -8.463856186322300324e-04
1.739915505927200234e+00 6.092015673171200310e-03 -1.298556134629900083e-03 -2.219890143514600077e-04 6.501669639539600382e-04 -9.104783266075301305e-04
1.738432468582500112e+00 5.639248819408000137e-03 -7.689407780123399573e-04 1.864819395561200313e-04 1.023941479427600051e-03 -5.571692859311700623e-04
1.737374977050800018e+00 4.982824434744000629e-03 8.897282593147500147e-04 3.824692491772700449e-04 1.026305482039899892e-03 -1.917381516687300107e-04
1.736584916930300260e+00 4.571088054032899743e-03 2.583021816563100138e-03 3.906052911305500381e-04 4.925505568583700899e-04 6.374924378009100550e-05
1.735550451484400014e+00 4.003368208645600133e-03 3.931224681894000123e-03 5.768645060007500467e-04 -1.171061988871300181e-04 6.226437757572700349e-04
1.733994826123300248e+00 3.241847769863000564e-03 4.185463688907000400e-03 7.683134557972299975e-04 -5.104183740710499647e-04 1.188773922899099980e-03
1.731672116553000240e+00 2.388927813808300153e-03 3.766497386044499913e-03 9.609792248131100115e-04 -5.491538948057699855e-04 1.922432368548800162e-03
1.728853784287300188e+00 2.365369705563100111e-03 3.486746390956699942e-03 1.020657084099000017e-03 -5.666520036350200821e-04 2.116843976305000149e-03
1.726516029112200146e+00 2.541658264947700089e-03 2.479390725255700267e-03 4.778838692990700293e-04 -8.423766843478000402e-04 2.405436741413800091e-03
1.722954613083100162e+00 2.684928760335700271e-03 1.042457980438699951e-03 7.926382770775000728e-04 -2.596914556618800177e-04 2.470388997806100342e-03
1.719490114790799939e+00 2.708492557200200320e-03 1.504805034790199899e-05 6.572383229531800252e-04 8.912676697630200588e-04 2.681477356257500316e-03
1.716580122554099974e+00 2.530024312027300340e-03 6.293616783867200023e-04 7.092742510621200674e-04 6.931986565085400355e-04 2.804868287779300248e-03
1.713620848774800143e+00 1.575501454466500008e-03 1.509979392518900031e-03 1.522897179149300048e-03 -1.756763357730300025e-04 3.418279341085699811e-03
1.711143977047800080e+00 6.056955176866300620e-04 1.738768699414499968e-03 1.552022567348200011e-03 -5.385783013856999856e-04 4.184386501694500188e-03
1.708130586232500026e+00 3.723316616419200141e-04 1.266439189642899971e-03 1.102435565248699977e-03 -1.955955062012300078e-04 4.394284531352000631e-03
1.705369090789099928e+00 7.286560980705400221e-04 5.764094953744100611e-04 8.605594499222600372e-04 3.636604566766400373e-05 4.503869727234500672e-03
1.702763916579500325e+00 1.443474599218099981e-03 -5.838221091615700099e-05 5.355487602262300065e-04 2.338191715224599912e-04 4.605589590613599904e-03
1.700232152418700071e+00 1.822270677486100172e-03 -4.033909281904800141e-05 3.554406134468100038e-04 4.033766932276400003e-04 4.945905531734600367e-03
1.698079358952400142e+00 1.844166891942000024e-03 2.668477781620600319e-04 4.940809723180599822e-04 9.260508910311599732e-05 5.185728777619700094e-03
1.696276760565400110e+00 1.676907594416600193e-03 3.262836938108100394e-04 2.850114943509400112e-04 2.438377545683899795e-04 5.683442734798200072e-03
1.694853903157500064e+00 1.508149599428800077e-03 -2.947657700130300304e-05 2.884505690092699771e-04 1.033342097003100025e-03 5.969582708843300216e-03
1.694355965607500014e+00 1.245078339758500137e-03 1.200162865213199974e-03 2.295408302894600165e-04 -4.988075229905100400e-04 6.425211892832300396e-03
1.693827843097200248e+00 1.166029028264499966e-03 9.492575342420000398e-04 3.440378925328100288e-04 -5.821007608066099863e-04 6.740919976899799500e-03
1.693598227618300145e+00 4.964985144443200991e-04 3.194908241904400367e-04 4.665076827823900455e-04 1.463719826349500102e-04 7.277040927452499593e-03
1.693931665785800122e+00 -7.122927817340101017e-04 3.642489396638900600e-04 1.134789402389800063e-03 1.218990856487400055e-04 7.858298143576900041e-03
1.694483617371600026e+00 -1.645198106619499964e-03 5.169880907198399697e-04 1.176868761011900166e-03 -4.358545916086800729e-04 8.608253390178099637e-03
1.695172933312699914e+00 -2.586307236798399828e-03 -5.170232638240500355e-05 1.106307894740700100e-03 -5.405050007982399899e-04 9.264680557606000399e-03
1.695875436750500231e+00 -3.165036668012499894e-03 -8.671015689399301117e-04 8.747730075717099910e-04 -7.258205166015800494e-04 9.624426929917301310e-03
1.696665953589199916e+00 -3.835118946693499842e-03 -1.804878755857800172e-03 5.375351156570700849e-04 1.714426603335000138e-04 1.016867768232300115e-02
1.697376797312500019e+00 -3.925475817649799748e-03 -2.799413951460800066e-03 -2.884268540084299927e-04 1.154287404036800045e-03 1.039804676611300049e-02
1.698446372459400111e+00 -3.855263009916700106e-03 -1.608119852627799828e-03 -1.043573761617700010e-03 1.625867539979400193e-03 1.066810239846500107e-02
1.699921403252300012e+00 -3.926263253960500348e-03 1.236182883980799967e-03 -1.219950945502000072e-03 8.561781391526300392e-04 1.081827587998400106e-02
1.701065786584599948e+00 -4.173811075302200600e-03 3.339041834894399766e-03 -9.714559109981100397e-04 4.807882778674400000e-04 1.100297479956400051e-02
1.702393627163800049e+00 -4.649431736355100035e-03 4.834750239607599892e-03 -6.928603634213099764e-04 -1.854827764508900170e-04 1.087061776751500203e-02
1.703839139661900148e+00 -5.214923522680700585e-03 5.278292332405599974e-03 -1.947122769371600144e-04 -4.701783386132200610e-04 1.090548545676800138e-02
1.705331500857800053e+00 -5.593974819449900118e-03 5.185905889698200731e-03 -2.353658354495800345e-04 -5.804005774972100049e-04 1.094502903783600017e-02
1.706618143701200019e+00 -6.226154118953100211e-03 4.415356122418299945e-03 3.692477162334800332e-04 -2.739665959168800193e-06 1.091135461171200034e-02
1.708052925637399966e+00 -6.592744313635600338e-03 3.928102734903100336e-03 3.786589532997700481e-04 8.786110428908501134e-04 1.098850962207200029e-02
1.709737842587100154e+00 -6.323106933472500031e-03 5.044660844403300176e-03 8.889790851643401262e-05 5.539851789536499697e-04 1.080390560230200074e-02
1.711911308491099959e+00 -5.555650160644800065e-03 6.507126099313500361e-03 -7.633175861512400771e-04 -6.363017474096900519e-04 1.061507197504400063e-02
1.713659725580900073e+00 -4.505598524510900406e-03 6.266319437557800985e-03 -1.479403971238100156e-03 -1.163672985675600095e-03 1.007826521899700054e-02
1.715014411693000174e+00 -3.390697559734699804e-03 3.929481592823600399e-03 -2.145999510754400142e-03 -9.968251594976000347e-04 9.733357716117801983e-03
1.716367375491800296e+00 -2.794290711499499997e-03 1.407843727607100207e-03 -2.184762597848899975e-03 4.131447911092100424e-04 9.468893717133801055e-03
1.717834564860800217e+00 -2.747133990608400123e-03 1.405390091136799998e-03 -1.932426413490100124e-03 9.039030100707100626e-04 9.293447296126799984e-03
1.719415828513200184e+00 -2.804680961582200083e-03 2.110919155127199878e-03 -1.576477637403499946e-03 1.168301219361100093e-03 9.014488072818399936e-03
1.721465217639500001e+00 -3.491730237378400103e-03 4.043468022132799648e-03 -7.448420429472700976e-04 3.001529428235399859e-05 8.876701734080800349e-03
1.723499207736799876e+00 -4.038034738537100640e-03 5.337798458112500560e-03 -4.436111086317099696e-04 -5.752551595841299756e-04 8.982146469141999434e-03
1.725555096051099913e+00 -4.350904708066700814e-03 5.521913852642300335e-03 -2.711412788702000152e-04 -5.196799551581600266e-04 8.777947042226300067e-03
1.727853611782000032e+00 -3.746005514376300402e-03 4.972580938629400649e-03 -3.563863404104300274e-04 -1.708436187821999949e-03 7.982259686026801568e-03
1.729721368736400144e+00 -2.314802317770300009e-03 2.123181987520299935e-03 -6.564673058359300284e-04 -1.315375894778899983e-03 7.065689724894400579e-03
1.731338531694800231e+00 -2.053212118796399806e-03 -1.252265795728800145e-03 6.924737205048000100e-04 5.458017015106899792e-04 6.649351656765500017e-03
1.733855282472100079e+00 -2.669402069233300055e-03 -2.332782965105599862e-03 6.209512599919301233e-04 3.135113257735400215e-04 6.835662525778401014e-03
1.736460102502800140e+00 -3.148013940094800470e-03 -1.827088922069100042e-03 1.007932788910399910e-03 -8.955389663892600414e-04 6.625704814231199447e-03
1.739053951895600081e+00 -3.095906288624000399e-03 -2.970024730016100015e-03 1.063806209434500164e-03 -1.115661074152600072e-03 6.609188799430900166e-03
1.741348015348999967e+00 -2.856680252060300046e-03 -4.505910386700800845e-03 1.151730725044500031e-03 -3.070045937062200274e-04 6.594001618464500475e-03
1.744305862177699895e+00 -2.549798447627300499e-03 -4.448675863805900098e-03 3.802921527089200100e-04 -1.602791283061300205e-03 6.646825969771400638e-03
1.746995715496500345e+00 -1.231738044548400142e-03 -6.970745979307900811e-03 -4.421712366551400295e-04 -8.578387405850399980e-04 6.463204662354601025e-03
1.749076038582800141e+00 -1.006322802930800005e-03 -1.018648790394800080e-02 -8.648901275627599375e-04 1.175352035039899969e-03 6.687415868317400994e-03
1.752076355865800128e+00 -1.822306984634999936e-03 -9.545510833988000293e-03 1.395053530108100097e-04 4.820337304220400016e-04 6.932761700848200613e-03
1.754673396539800256e+00 -2.575945978935199887e-03 -8.907416566889600831e-03 5.363537695433000067e-04 1.082927479326999988e-03 7.373501831713500342e-03
1.757393882451500078e+00 -3.042372847713100022e-03 -7.731330512416700017e-03 8.777770593883099659e-04 1.219062193808800095e-03 7.642735549417599417e-03
1.760178067723499939e+00 -3.231738185926499949e-03 -6.017221836672800167e-03 4.492892415731600361e-04 3.076209424319000288e-04 7.910984108283400720e-03
1.763081901150900244e+00 -3.177568825365900164e-03 -5.024224593848099912e-03 5.084147067918800156e-04 -6.365937952076500218e-04 7.880221463188799569e-03
1.765628723971200076e+00 -2.779931315495500193e-03 -5.347296971302300389e-03 7.530216694032700509e-05 -9.729455368894401488e-04 7.897403076941601416e-03
1.767894682327699973e+00 -2.606461754432699927e-03 -6.878123208671900815e-03 5.127446992045500349e-04 -2.180237229347899901e-04 7.981934078665800861e-03
1.770525424083700061e+00 -2.353391578206900144e-03 -8.015904145904499331e-03 4.721372884055400059e-05 -3.834070345762200308e-05 7.901458689424900941e-03
1.773054915976900237e+00 -1.640614004580800023e-03 -8.184683255306501523e-03 -9.458377467282299948e-05 2.967568458102900412e-04 7.639373682360100365e-03
1.775664305799800280e+00 -1.942254427180400078e-04 -7.970059669717699524e-03 -3.049734801980600219e-04 -4.900451815895899782e-05 6.846296276101600763e-03
1.777661608515000102e+00 8.741846200381299609e-04 -8.360337001879500698e-03 -6.612194009121200164e-05 7.298436024270200375e-04 6.360740864328300048e-03
1.779857411742100215e+00 1.502680446877600190e-03 -7.620258626583400162e-03 -5.054761744957100194e-04 4.804159750941000150e-04 6.193991932309800795e-03
1.782508175504700310e+00 1.599389338197200168e-03 -6.361687164560299833e-03 -5.894080384455101002e-05 -1.116198074242500082e-04 5.892337551010800450e-03
1.784864068568300155e+00 1.764026987132800116e-03 -5.944069354968301022e-03 2.240468958503500003e-04 -2.542648699285899694e-04 5.436463503644999723e-03
1.786967947644900079e+00 2.865443826703700358e-03 -5.684561129162000841e-03 2.876580993272899803e-04 7.954245766552200817e-05 4.545390770729100180e-03
1.789207748860700109e+00 4.755726572901400849e-03 -5.735233579040300254e-03 -7.197216592213199907e-04 5.202585544800199550e-04 3.661725590024700328e-03
1.791103560902300051e+00 5.755717987105200134e-03 -6.144696025150100591e-03 1.631480158898700037e-05 -7.776423418597600023e-05 3.080388702338700095e-03
1.792455447550199921e+00 6.073959375260200820e-03 -7.366471869575300091e-03 5.020400289759200090e-04 1.031486897366599943e-03 2.565005132364900266e-03
1.793728690919400126e+00 6.092307020250000392e-03 -5.914652073016800349e-03 8.266035054532800070e-04 1.261424451588799914e-03 2.082295689887399878e-03
1.794521429410799840e+00 6.144863277523000648e-03 -3.150681930832800390e-03 1.250287669747300254e-03 9.450650560366400960e-04 1.559392495741600054e-03
1.794965267525400199e+00 6.558461871931299536e-03 -1.143002330050299975e-04 1.202223071552399949e-03 4.492687434165200302e-04 1.312490457132200073e-03
1.794830169052000102e+00 6.299650402306200894e-03 1.201857085821700193e-03 2.068234976515500364e-03 7.529712357561100123e-04 1.136084824140200190e-03
1.795027859361700173e+00 6.016453686236100662e-03 3.970854577341299992e-03 1.887839587586900240e-03 -3.177230282126099897e-03 1.082409562582400042e-03
1.793049509375699957e+00 6.567683449755799818e-03 -1.975086867286600205e-03 5.907951219213300985e-04 -2.035856540986600086e-03 1.173052940699800123e-03
1.790297606038399936e+00 6.952610920097201247e-03 -5.721792772070200157e-03 4.297752207384500584e-04 3.242904265623000495e-04 1.045489394232100014e-03
1.787451137189099981e+00 6.992663821018299877e-03 -4.318236646293700451e-03 3.409982116104100388e-04 2.102728700916900039e-04 1.118266856334200086e-03
1.784824525882400259e+00 7.266285115874300538e-03 -1.940972598280300311e-03 4.101222325347099809e-04 -8.226035904358501257e-05 9.351883830085599720e-04
1.781788712097300165e+00 7.630987563327400885e-03 -1.809322569056200092e-03 1.917571305297200086e-04 -6.217483803234800227e-05 7.282518773720200516e-04
1.779209261183700042e+00 7.827396893520799370e-03 -2.328427048104899939e-03 4.084554211137400213e-04 5.963240639017900737e-04 2.774324865658000031e-04
1.775961289032100154e+00 8.362685916240999648e-03 -2.362772198121899925e-03 4.948518721832300803e-04 9.755894347320200359e-04 -6.028883900831700078e-05
1.773735085473400197e+00 9.113391440318798983e-03 -1.765380582488499913e-03 2.398595451101800122e-04 6.571311519999700453e-04 -4.070704754451000013e-04
1.772933117853499940e+00 9.754802761085999696e-03 -9.834858006763901050e-05 -7.591669505299000449e-04 -1.555211216253200163e-03 -1.806173210419700220e-04
1.771905494355600075e+00 1.173657705543900039e-02 -1.608879414517199987e-03 -2.900751516884100215e-03 -1.146858376009999994e-03 -2.278012406041600186e-05
1.771015904103100169e+00 1.244713437942400122e-02 -4.401177703227000110e-03 -2.610733619950600035e-03 -2.159329752354099843e-04 1.877734924879000090e-04
1.770176227717700002e+00 1.140998688046999943e-02 -6.812416653245000585e-03 -6.149652706348700693e-04 1.099764014880799971e-03 5.351826941157799764e-04
1.769610551374600327e+00 8.479367775203300664e-03 -6.981082433479300631e-03 1.687815247822200106e-03 1.405232451974500110e-03 1.099345243985000008e-03
1.769582836766200096e+00 6.352229683608399957e-03 -4.718015292468800796e-03 2.501656132571600070e-03 2.195141050801800167e-04 1.438814219460500185e-03
