1.127412557601928711e+00 -1.611985825002193451e-02 7.357290014624595642e-03 3.510089591145515442e-04 -3.648694255389273167e-04 1.426020637154579163e-03
1.139174938201904297e+00 -6.956444587558507919e-03 6.289067678153514862e-03 3.769688191823661327e-04 6.913754041306674480e-04 2.886780770495533943e-03
1.176628589630126953e+00 -9.484818205237388611e-03 1.040098723024129868e-02 1.407017698511481285e-03 1.572098117321729660e-03 -2.113997703418135643e-03
1.191133856773376465e+00 -6.678241305053234100e-03 9.835219010710716248e-03 1.109909499064087868e-03 1.065901131369173527e-03 6.930594099685549736e-05
1.195392131805419922e+00 1.295401342213153839e-02 1.197327021509408951e-02 2.687626110855489969e-04 5.251060792943462729e-05 1.485252520069479942e-03
1.201137185096740723e+00 1.509155798703432083e-02 9.530567564070224762e-03 -4.241990100126713514e-04 -3.827485488727688789e-04 4.202715936116874218e-04
1.499590992927551270e+00 4.458136484026908875e-02 1.474824361503124237e-02 -1.971839228644967079e-03 -1.598900766111910343e-03 -2.981563331559300423e-03
1.200721621513366699e+00 4.978649318218231201e-02 9.150948375463485718e-03 -2.246747724711894989e-03 -1.525608822703361511e-03 2.993209986016154289e-03
1.345669031143188477e+00 1.344263926148414612e-02 6.822000257670879364e-03 -2.756569767370820045e-03 -8.024069829843938351e-04 -2.729865955188870430e-04
1.535971879959106445e+00 2.851041592657566071e-02 1.165767107158899307e-02 -9.488690993748605251e-04 -5.770336720161139965e-04 -1.233316306024789810e-02
1.404937267303466797e+00 9.751739911735057831e-03 1.036046259105205536e-02 -1.020788564346730709e-03 -9.845850290730595589e-04 -1.907449681311845779e-03
1.300576925277709961e+00 9.455936029553413391e-03 9.470431134104728699e-03 -6.949028465896844864e-04 -6.787070306017994881e-04 2.608191687613725662e-03
1.287758469581604004e+00 5.715332925319671631e-03 8.814506232738494873e-03 -4.939918871968984604e-04 4.704647290054708719e-04 1.366087235510349274e-03
1.264070630073547363e+00 2.225680975243449211e-03 9.229752235114574432e-03 5.374421016313135624e-04 4.925298271700739861e-04 3.141121007502079010e-03
1.285620570182800293e+00 -4.146008752286434174e-03 9.173206984996795654e-03 6.805481389164924622e-04 1.005986632662825286e-04 6.063513923436403275e-03
1.287084221839904785e+00 9.398513473570346832e-03 9.752242825925350189e-03 1.338111003860831261e-03 -6.926768401172012091e-05 2.781987423077225685e-03
1.279357194900512695e+00 8.900852873921394348e-03 8.059336803853511810e-03 1.661851070821285248e-03 5.435537314042448997e-04 3.552921814844012260e-03
1.314156889915466309e+00 -2.966333413496613503e-04 1.009583752602338791e-02 2.036096062511205673e-03 7.363386685028672218e-04 3.147365059703588486e-04
1.320600271224975586e+00 -2.511272206902503967e-03 1.002254150807857513e-02 1.602813019417226315e-03 5.765648675151169300e-04 -1.088790362700819969e-03
1.347614645957946777e+00 4.395580384880304337e-03 1.103475224226713181e-02 1.135255093686282635e-03 3.940679016523063183e-04 -2.897133526857942343e-04
1.361679792404174805e+00 1.612518727779388428e-02 9.153000079095363617e-03 -8.734064613236114383e-05 2.415747294435277581e-04 -5.467879236675798893e-04
1.402456045150756836e+00 1.820033043622970581e-02 1.116104144603013992e-02 2.731269341893494129e-04 -1.871827407740056515e-04 -4.404942155815660954e-04
1.395472764968872070e+00 3.674630774185061455e-03 1.082755345851182938e-02 -8.405165863223373890e-05 -4.029986157547682524e-04 5.950756021775305271e-04
1.402151465415954590e+00 1.987195760011672974e-02 9.478732943534851074e-03 -3.599132760427892208e-04 9.051356755662709475e-06 1.325487392023205757e-03
1.416636228561401367e+00 6.241090595722198486e-03 1.041806861758232117e-02 1.625283766770735383e-05 7.906508835731074214e-05 1.302133779972791672e-03
1.427667856216430664e+00 2.401839476078748703e-03 1.078907959163188934e-02 -8.462056284770369530e-04 4.131463065277785063e-04 7.787196664139628410e-04
1.447813510894775391e+00 2.395405899733304977e-03 1.049836259335279465e-02 1.143859408330172300e-04 5.245038191787898540e-04 -8.270530961453914642e-04
1.434717059135437012e+00 -7.706813979893922806e-03 1.077753026038408279e-02 -2.335213648620992899e-04 4.858377797063440084e-04 7.697073742747306824e-04
1.454295754432678223e+00 -5.877466872334480286e-03 9.533296339213848114e-03 8.375246543437242508e-04 9.436187101528048515e-04 1.318972557783126831e-03
1.504077792167663574e+00 -7.981540635228157043e-03 1.258249860256910324e-02 8.712543640285730362e-04 3.486931964289397001e-04 -3.509807575028389692e-04
1.511223912239074707e+00 -2.279369393363595009e-03 1.236707810312509537e-02 7.540040533058345318e-04 2.325024979654699564e-05 -1.040501985698938370e-03
1.527155399322509766e+00 4.887443501502275467e-03 1.175936777144670486e-02 1.096715801395475864e-03 -2.854715567082166672e-04 1.363345072604715824e-03
1.544136285781860352e+00 8.868024684488773346e-03 1.005866006016731262e-02 4.620995605364441872e-05 3.860903962049633265e-04 -5.103333387523889542e-04
1.542713046073913574e+00 1.507615949958562851e-02 1.670626550912857056e-02 -7.355504785664379597e-04 6.570172263309359550e-04 2.128733613062649965e-04
1.535905003547668457e+00 4.805531818419694901e-03 1.255760900676250458e-02 -5.587874911725521088e-04 1.696339924819767475e-03 -8.898660307750105858e-04
1.537271022796630859e+00 1.884569227695465088e-02 1.818312518298625946e-02 -1.314230263233184814e-03 9.958811569958925247e-04 -2.041203668341040611e-03
1.553898215293884277e+00 -1.826705038547515869e-02 1.509279571473598480e-02 -7.693740772083401680e-04 7.744111935608088970e-04 6.047725328244268894e-04
1.518788218498229980e+00 4.772125184535980225e-02 1.593331992626190186e-02 -7.876129820942878723e-04 -1.869690313469618559e-04 -2.801026683300733566e-03
1.555216312408447266e+00 3.095187805593013763e-02 1.729741506278514862e-02 -2.029924187809228897e-03 -1.858726376667618752e-03 -1.138623105362057686e-03
1.570873379707336426e+00 2.208934910595417023e-02 1.356869935989379883e-02 -1.848392887040972710e-03 -1.300696982070803642e-03 2.819575602188706398e-03
1.546459317207336426e+00 -3.291370812803506851e-03 1.222935225814580917e-02 -1.233901595696806908e-03 3.393697552382946014e-04 1.763035194016993046e-03
1.640504479408264160e+00 7.535806391388177872e-03 1.393511984497308731e-02 -6.124323408585041761e-05 7.478490006178617477e-04 -9.440875146538019180e-04
1.622611284255981445e+00 2.047046832740306854e-02 1.619222573935985565e-02 -8.411278249695897102e-04 -1.672021753620356321e-04 -4.206972953397780657e-04
1.586714744567871094e+00 -5.033888854086399078e-03 1.414943579584360123e-02 -4.697445838246494532e-04 -2.693941351026296616e-04 -2.824955736286938190e-04
1.612919449806213379e+00 2.093597128987312317e-02 1.468016579747200012e-02 -1.292949775233864784e-03 5.828476423630490899e-05 2.766600809991359711e-04
1.605010867118835449e+00 1.664846017956733704e-02 1.537960767745971680e-02 -8.410547161474823952e-04 -7.973606989253312349e-05 -9.692136081866919994e-04
1.609504103660583496e+00 5.645483732223510742e-03 1.504749897867441177e-02 -6.658928468823432922e-04 -1.644097392272669822e-05 -1.085040858015418053e-04
1.619890928268432617e+00 -2.186503261327743530e-04 1.577917672693729401e-02 -3.654546453617513180e-04 -2.802750095725059509e-04 1.078360946848988533e-03
1.610431790351867676e+00 -1.103845704346895218e-02 1.486680004745721817e-02 -5.910606705583631992e-05 4.904403613181784749e-05 2.604946726933121681e-03
1.614662885665893555e+00 -5.961493588984012604e-04 1.664977706968784332e-02 -1.674602390266954899e-04 3.555532603058964014e-04 2.966854721307754517e-03
1.599941372871398926e+00 5.983526818454265594e-03 1.411672867834568024e-02 8.309074910357594490e-04 3.231491427868604660e-04 1.864961464889347553e-03
1.603627681732177734e+00 3.968178760260343552e-03 1.568693108856678009e-02 1.208075089380145073e-03 2.204561315011233091e-04 2.311800140887498856e-03
1.619905114173889160e+00 1.925643160939216614e-02 1.534123625606298447e-02 6.263766554184257984e-04 -2.138420240953564644e-04 3.518087323755025864e-03
1.588335752487182617e+00 3.514984250068664551e-02 1.480368245393037796e-02 8.961152052506804466e-04 4.001579072792083025e-04 2.321275416761636734e-03
1.594798922538757324e+00 4.312385991215705872e-02 1.429674495011568069e-02 6.831188220530748367e-04 7.413158309645950794e-04 3.320123767480254173e-03
1.639126539230346680e+00 4.000540822744369507e-02 1.597759127616882324e-02 1.497148303315043449e-03 9.391069761477410793e-04 2.002142369747161865e-03
1.679037094116210938e+00 8.527334779500961304e-03 1.893716119229793549e-02 1.874456414952874184e-03 3.594179870560765266e-04 3.995200153440237045e-03
1.683371067047119141e+00 1.836529746651649475e-02 1.757747307419776917e-02 2.180392388254404068e-03 1.840499462559819221e-04 3.781690727919340134e-03
1.667263984680175781e+00 2.118737250566482544e-02 1.607433520257472992e-02 1.567508326843380928e-03 7.189091993495821953e-04 -2.345861867070198059e-05
1.914234638214111328e+00 3.078291751444339752e-02 1.700503192842006683e-02 8.407267741858959198e-04 2.060492115560919046e-04 -9.513068012893199921e-03
1.463498950004577637e+00 3.518352285027503967e-02 1.214081607758998871e-02 3.262867685407400131e-04 2.387548593105748296e-04 2.977096242830157280e-03
1.846228241920471191e+00 -1.120168622583150864e-02 1.462675817310810089e-02 1.491843955591320992e-03 2.333934389753267169e-04 -7.701486349105834961e-03
1.804142713546752930e+00 -2.494341507554054260e-02 1.629031077027320862e-02 1.142373308539390564e-03 8.684250497026368976e-05 -3.774515818804502487e-03
1.674424052238464355e+00 -2.282736357301473618e-03 1.575754582881927490e-02 4.204226133879274130e-04 -1.602980191819369793e-04 1.338284695520997047e-03
1.690680980682373047e+00 5.586755927652120590e-03 1.631053909659385681e-02 -8.044718415476381779e-04 -6.015875842422246933e-04 2.325510140508413315e-03
2.650498151779174805e+00 3.991366922855377197e-02 2.159525267779827118e-02 -8.449054439552128315e-04 7.206868031062185764e-05 -1.771688344888389111e-03
1.691086411476135254e+00 -2.311541326344013214e-02 1.324830949306488037e-02 -2.499119727872312069e-04 7.042068755254149437e-04 2.975489478558301926e-03
1.702743411064147949e+00 1.912951469421386719e-02 1.569562591612339020e-02 2.174876317440066487e-05 1.903700758703052998e-04 6.905007176101207733e-04
1.780702710151672363e+00 -4.359272122383117676e-02 1.537315454334020615e-02 6.294847698882222176e-04 -1.806064741685986519e-03 -6.656376644968986511e-04
1.742104887962341309e+00 -2.255783975124359131e-02 1.384743209928274155e-02 3.632279403973370790e-04 -8.412169408984482288e-04 -3.319789539091289043e-05
1.687003612518310547e+00 -8.064705133438110352e-02 1.275309454649686813e-02 6.865587783977389336e-04 -4.515652835834771395e-05 -4.501070361584424973e-04
1.659915208816528320e+00 -3.248424455523490906e-02 1.494785211980342865e-02 9.828971233218908310e-04 1.066873315721750259e-03 2.299721818417310715e-03
1.686778664588928223e+00 -2.836291305720806122e-02 1.256065629422664642e-02 1.075178501196205616e-03 2.392448717728257179e-03 4.649515612982213497e-04
1.725571990013122559e+00 -2.757176198065280914e-02 1.683325693011283875e-02 2.457327209413051605e-03 8.161165751516819000e-04 -1.959314802661538124e-03
1.736826896667480469e+00 -2.939609065651893616e-02 1.537870150059461594e-02 1.876021269708871841e-03 -4.104730760445818305e-05 2.701250370591878891e-03
1.805028438568115234e+00 -1.765601336956024170e-02 1.522625423967838287e-02 2.718761796131730080e-03 -3.061983443330973387e-04 3.883350291289389133e-04
1.814396381378173828e+00 -1.321850158274173737e-02 1.848848536610603333e-02 1.940951333381235600e-03 -4.895278252661228180e-04 2.082405611872673035e-03
1.815109491348266602e+00 -1.330779213458299637e-02 1.525696925818920135e-02 1.158498693257570267e-03 6.110150716267526150e-04 5.087459459900856018e-03
1.835638523101806641e+00 6.597965955734252930e-03 1.703071407973766327e-02 6.998732569627463818e-04 1.898475456982851028e-03 4.324568435549736023e-03
1.827134370803833008e+00 -1.385549549013376236e-02 1.588785275816917419e-02 5.287600215524435043e-04 1.757222227752208710e-03 8.059514220803976059e-04
1.889161586761474609e+00 7.194550707936286926e-03 1.822349429130554199e-02 -2.395364426774904132e-04 7.772323442623019218e-04 7.399705646093934774e-05
1.834310054779052734e+00 4.875166807323694229e-03 1.797567307949066162e-02 -5.741781205870211124e-04 1.823973143473267555e-04 2.382898936048150063e-03
1.812809348106384277e+00 -3.465331159532070160e-03 1.599985547363758087e-02 -1.311758067458868027e-03 2.597205166239291430e-04 7.687081233598291874e-04
1.827743649482727051e+00 7.633161731064319611e-03 1.653309538960456848e-02 -3.410188364796340466e-04 5.628380458801984787e-04 -7.075287285260856152e-04
1.851572513580322266e+00 3.574004024267196655e-02 1.639307104051113129e-02 -8.950053597800433636e-04 3.894313995260745287e-04 -9.110335959121584892e-04
1.873052358627319336e+00 -6.436044350266456604e-04 1.626745611429214478e-02 -1.121836598031222820e-03 2.716490125749260187e-04 -2.403232501819729805e-04
1.500593304634094238e+00 -1.629088073968887329e-04 1.433927845209836960e-02 -3.976164152845740318e-04 -4.480644565774127841e-05 3.571311710402369499e-03
1.500241279602050781e+00 -9.791937656700611115e-03 1.334533002227544785e-02 -1.292460365220904350e-03 -3.722668043337762356e-05 7.514142431318759918e-03
1.823414087295532227e+00 6.864205468446016312e-03 1.699271425604820251e-02 -1.392786216456443071e-04 -1.015161542454734445e-04 1.943068811669945717e-03
1.902020096778869629e+00 -2.676566317677497864e-02 1.702494546771049500e-02 -1.976512430701404810e-04 8.988234185380861163e-06 -3.482513129711151123e-04
1.943667769432067871e+00 1.551130972802639008e-02 1.984821818768978119e-02 -9.758514352142810822e-05 -4.580531385727226734e-04 1.535164425149559975e-03
1.866940021514892578e+00 1.109506934881210327e-03 1.701631955802440643e-02 -5.690261023119091988e-04 -3.985235816799104214e-04 2.726967213675379753e-03
1.868955612182617188e+00 -3.263940336182713509e-03 2.051000669598579407e-02 -2.143202291335910559e-04 -3.639374044723808765e-04 9.566191583871841431e-04
1.873373985290527344e+00 1.042082440108060837e-02 1.596572808921337128e-02 -1.215164083987474442e-04 2.133970847353339195e-04 3.377748886123299599e-03
1.934424042701721191e+00 -4.126644134521484375e-02 2.024215087294578552e-02 -8.463255362585186958e-04 4.155105852987617254e-04 8.541720453649759293e-04
1.951726913452148438e+00 -2.020543254911899567e-02 1.949840039014816284e-02 -7.063118391670286655e-04 -1.225610903929919004e-04 2.352666109800338745e-03
1.991131663322448730e+00 -5.404771864414215088e-02 1.976924017071723938e-02 -1.860256772488355637e-03 1.649174228077754378e-04 1.107199117541313171e-03
1.987009763717651367e+00 -3.391410410404205322e-02 1.990882493555545807e-02 -1.048075617291033268e-03 5.267134984023869038e-04 1.217453740537166595e-03
1.952633142471313477e+00 -1.971818506717681885e-02 1.743183098733425140e-02 -7.747552008368074894e-04 5.330063286237418652e-04 1.391983532812446356e-04
1.935482144355773926e+00 -3.541191667318344116e-02 1.701752468943595886e-02 4.778974398504942656e-04 8.459218079224228859e-04 2.873360179364681244e-03
2.013743162155151367e+00 -1.149872597306966782e-02 1.792917400598526001e-02 9.905707556754350662e-04 5.655266577377915382e-04 3.724829293787479401e-03
1.967689871788024902e+00 2.103031612932682037e-02 1.743791252374649048e-02 7.144922856241464615e-04 4.733293317258358002e-04 2.503797644749283791e-03
2.014542818069458008e+00 2.229729201644659042e-03 1.665556430816650391e-02 8.049100288189947605e-04 1.584951096447184682e-04 -1.556685310788452625e-03
1.987949013710021973e+00 -1.346247550100088120e-02 2.029349841177463531e-02 -4.597412189468741417e-04 -9.229661081917583942e-04 9.051457745954394341e-04
1.975122451782226562e+00 3.210766240954399109e-02 1.725305803120136261e-02 -8.271523984149098396e-04 -8.610457880422472954e-04 7.608646992594003677e-03
2.085499286651611328e+00 3.995955735445022583e-02 1.951551809906959534e-02 -1.039934344589710236e-03 4.075510078109800816e-04 9.353774599730968475e-03
2.082953691482543945e+00 7.101919036358594894e-03 2.054585143923759460e-02 1.177123922389000654e-04 7.698496337980031967e-04 -2.484068681951612234e-04
3.461551189422607422e+00 -2.469922229647636414e-02 2.673971652984619141e-02 3.468351205810904503e-04 7.835948490537703037e-04 -8.721865597181022167e-04
1.958939671516418457e+00 -1.031867321580648422e-02 1.688492111861705780e-02 1.649538462515920401e-04 5.478004459291696548e-04 3.600792260840535164e-04
1.971075296401977539e+00 -4.719331115484237671e-02 1.932751946151256561e-02 2.302999782841652632e-04 7.789582596160471439e-04 2.727349987253546715e-03
2.012800216674804688e+00 -5.027746316045522690e-03 1.955237984657287598e-02 -6.636504549533128738e-04 2.961290010716766119e-04 1.692255493253469467e-03
2.049052476882934570e+00 1.330843195319175720e-02 2.090591378509998322e-02 -1.498406054452061653e-03 6.507744546979665756e-05 5.983449518680572510e-03
2.250063180923461914e+00 2.710992097854614258e-02 1.993749290704727173e-02 -2.333184704184532166e-03 3.903531469404697418e-04 3.061163472011685371e-03
2.074039220809936523e+00 2.064829692244529724e-02 1.811772212386131287e-02 -8.398476056754589081e-04 6.666511180810630322e-04 2.257053507491946220e-03
2.015961170196533203e+00 -9.216101840138435364e-03 2.113199234008789062e-02 -9.118529851548373699e-05 8.956231176853179932e-04 3.779098857194185257e-03
2.058970928192138672e+00 -2.668890357017517090e-02 2.068977430462837219e-02 1.937090710271149874e-04 1.240870566107332706e-03 8.669639006257057190e-03
2.045119524002075195e+00 6.827043369412422180e-03 2.050407975912094116e-02 6.545397918671369553e-04 6.813155487179756165e-04 5.427528638392686844e-03
2.055233001708984375e+00 6.794852204620838165e-03 2.231580018997192383e-02 -1.670550554990768433e-04 -1.584399142302572727e-04 3.770447336137294769e-03
2.051240682601928711e+00 1.350168790668249130e-02 2.355206757783889771e-02 -1.016799127683043480e-03 -1.184713444672524929e-03 5.815444514155387878e-03
2.036322355270385742e+00 -1.782443001866340637e-02 2.082748338580131531e-02 -1.075597479939460754e-03 -5.461556138470768929e-04 5.878193303942680359e-03
2.101119279861450195e+00 -3.263674210757017136e-03 2.058348245918750763e-02 -1.075549051165580750e-03 8.653556578792631626e-04 6.651710718870162964e-03
2.114015102386474609e+00 2.321635931730270386e-02 2.195727452635765076e-02 -1.401914167217910290e-03 1.394147635437548161e-03 3.810664406046271324e-03
2.051371097564697266e+00 1.239282079041004181e-02 2.192846126854419708e-02 -6.088842055760324001e-04 1.235728384926915169e-03 1.793079311028122902e-03
1.506904482841491699e+00 4.439068585634231567e-02 1.814258843660354614e-02 1.239898847416043282e-05 -7.537843775935471058e-04 -5.738751031458377838e-03
1.518511652946472168e+00 1.367425769567489624e-01 1.546011399477720261e-02 -7.451177807524800301e-04 -1.708447118289768696e-03 -2.744131488725543022e-03
2.101359128952026367e+00 1.469947397708892822e-02 2.376108989119529724e-02 -7.144551491364836693e-04 -8.791591390036046505e-04 4.169407300651073456e-03
2.109144926071166992e+00 1.666512712836265564e-02 1.942067034542560577e-02 -2.314187877345830202e-04 1.200042665004730225e-03 2.860915381461381912e-03
2.116947889328002930e+00 1.747353002429008484e-02 2.300495095551013947e-02 7.387256482616066933e-05 1.394718536175787449e-03 -6.828145706094801426e-04
2.143697500228881836e+00 9.146407246589660645e-04 2.599210292100906372e-02 2.006469876505434513e-04 -1.850865664891898632e-04 -1.837645424529910088e-03
2.096237897872924805e+00 5.032379925251007080e-02 2.188537456095218658e-02 -9.981770999729633331e-04 -9.368563187308609486e-04 1.299652270972728729e-03
2.090373516082763672e+00 2.022293210029602051e-02 2.216188050806522369e-02 -8.845992852002382278e-04 5.465246795210987329e-05 2.568713389337062836e-03
1.500108480453491211e+00 -6.887839734554290771e-02 1.674209348857402802e-02 4.396271542645990849e-04 1.357054570689797401e-03 2.288571791723370552e-03
2.063810110092163086e+00 1.304043922573328018e-02 2.414970844984054565e-02 8.321288623847067356e-05 1.147043425589799881e-03 6.268302677199244499e-04
2.105859279632568359e+00 -8.696872740983963013e-03 2.434211783111095428e-02 5.851462483406066895e-04 5.722909118048846722e-04 7.169527816586196423e-04
2.113917350769042969e+00 1.052540075033903122e-02 2.487176470458507538e-02 7.518848869949579239e-04 7.232449715957045555e-04 2.275453414767980576e-03
2.074041843414306641e+00 -1.036114618182182312e-02 2.403713017702102661e-02 3.082561015617102385e-04 2.654495183378458023e-04 -9.355328511446714401e-04
2.068953990936279297e+00 -1.565853133797645569e-02 2.296945825219154358e-02 2.723968354985117912e-04 3.255731135141104460e-04 5.206878995522856712e-04
2.129062175750732422e+00 1.290973462164402008e-02 2.394609339535236359e-02 -1.185268629342317581e-03 6.809613551013171673e-04 1.879608142189681530e-03
2.153685331344604492e+00 -6.247173994779586792e-03 2.359786815941333771e-02 -1.049122773110866547e-03 1.225501415319740772e-03 1.203070045448839664e-03
2.124063253402709961e+00 -4.231751430779695511e-03 2.476762421429157257e-02 -1.030836254358291626e-03 8.877537911757826805e-04 -2.776006469503045082e-03
2.118735790252685547e+00 -5.981999449431896210e-03 2.672464214265346527e-02 -1.196319703012704849e-03 -1.960760564543306828e-04 -1.312504056841135025e-03
2.149244785308837891e+00 2.307884953916072845e-02 2.472543343901634216e-02 -1.262786798179149628e-03 -2.540639834478497505e-04 1.598904374986886978e-03
2.174060583114624023e+00 2.256763726472854614e-02 2.379710599780082703e-02 -8.003908442333340645e-04 8.909123425837606192e-05 2.447637962177395821e-03
2.135335922241210938e+00 -9.594943840056657791e-04 2.375117689371109009e-02 -5.041148397140204906e-04 2.566117618698626757e-04 4.409872926771640778e-03
2.194427013397216797e+00 -2.669742796570062637e-03 2.509682998061180115e-02 -3.816310199908912182e-04 3.817705146502703428e-04 2.708819927647709846e-03
2.163067102432250977e+00 -5.818528588861227036e-03 2.426454052329063416e-02 -1.608026213943958282e-04 1.113225007429718971e-03 5.600650794804096222e-03
2.173774719238281250e+00 1.248849323019385338e-03 2.389772795140743256e-02 1.432641874998807907e-03 1.407773001119494438e-03 -1.534129492938518524e-03
2.213923931121826172e+00 9.564634412527084351e-03 2.319766953587532043e-02 2.571373246610164642e-03 2.957622928079217672e-04 -4.315925296396017075e-03
1.506905198097229004e+00 -8.390259742736816406e-02 2.255341410636901855e-02 3.848256601486355066e-04 -1.886413199827075005e-03 -1.229378860443830490e-03
2.175329446792602539e+00 -2.778106834739446640e-03 2.022369392216205597e-02 9.049096261151134968e-04 -2.882990811485797167e-04 5.461238324642181396e-03
2.189802885055541992e+00 -2.228049561381340027e-02 2.178301475942134857e-02 -7.422280032187700272e-04 1.488951966166496277e-03 3.462828462943434715e-03
2.187058925628662109e+00 -3.842964768409729004e-02 2.147814817726612091e-02 2.796947956085205078e-05 2.253518905490636826e-03 -1.097076921723783016e-03
1.494923114776611328e+00 -5.926602333784103394e-02 1.656343787908554077e-02 5.282346392050385475e-04 -5.214594420976936817e-04 -3.862807061523199081e-03
2.199558258056640625e+00 -2.452048473060131073e-03 2.146245352923870087e-02 -2.203388372436165810e-03 -1.153586781583726406e-03 5.753016564995050430e-03
1.499007105827331543e+00 -3.888791799545288086e-02 1.623942889273166656e-02 -1.984551083296537399e-03 -1.215211814269423485e-03 4.976104479283094406e-03
2.206179141998291016e+00 2.874576300382614136e-02 2.274241670966148376e-02 -3.952011931687593460e-03 -6.377444951795041561e-04 2.802512142807245255e-03
2.202180147171020508e+00 -9.511485695838928223e-04 2.168918028473854065e-02 -2.271067816764116287e-03 5.266571533866226673e-04 6.487862206995487213e-03
2.212581396102905273e+00 6.679110229015350342e-04 2.180434949696063995e-02 -2.251001773402094841e-03 1.851566601544618607e-03 5.146125331521034241e-03
2.205427646636962891e+00 9.319202974438667297e-03 1.877723261713981628e-02 1.039181806845590472e-04 2.806796692311763763e-03 3.813999006524682045e-03
2.284628868103027344e+00 1.711286790668964386e-02 2.185628935694694519e-02 8.204609621316194534e-04 2.218503970652818680e-03 9.199231863021850586e-04
2.188886880874633789e+00 -1.668742485344409943e-02 2.168954350054264069e-02 2.499391091987490654e-03 1.635998603887856007e-03 3.307071514427661896e-03
2.211052417755126953e+00 -7.523442618548870087e-04 2.280164510011672974e-02 3.100551199167966843e-03 5.539433914236724377e-04 3.121528308838605881e-03
2.185702562332153320e+00 -6.676948629319667816e-03 2.555380016565322876e-02 2.464934950694441795e-03 -1.631326042115688324e-03 1.327591366134583950e-03
2.226027011871337891e+00 9.653791785240173340e-03 2.498435415327548981e-02 4.870591510552912951e-04 -2.833530772477388382e-03 7.370309438556432724e-03
2.204058408737182617e+00 8.352606557309627533e-03 2.341361343860626221e-02 -8.940611733123660088e-04 -2.148604544345289469e-04 3.915955312550067902e-03
2.175573110580444336e+00 1.217748504132032394e-02 2.395568042993545532e-02 -1.279592863284051418e-03 1.590642263181507587e-03 2.875047503039240837e-03
2.264755010604858398e+00 1.352261565625667572e-02 2.470040135085582733e-02 -1.043442985974252224e-03 1.799768419004976749e-03 4.918124992400407791e-03
2.242078065872192383e+00 6.251848302781581879e-03 2.516908012330532074e-02 -6.698872894048690796e-04 1.092123682610690594e-03 6.083224434405565262e-04
2.288088798522949219e+00 -1.503073610365390778e-03 2.573492564260959625e-02 -1.499309204518795013e-03 -1.755268895067274570e-04 2.441056305542588234e-03
2.212076902389526367e+00 1.602728664875030518e-02 2.108571305871009827e-02 -1.271703746169805527e-03 9.826765744946897030e-05 4.355065524578094482e-03
2.252504110336303711e+00 2.621732093393802643e-02 2.117419615387916565e-02 -1.565631362609565258e-03 8.689650567248463631e-04 7.290565874427556992e-03
2.282656431198120117e+00 9.143408387899398804e-03 2.168760634958744049e-02 -1.121827517636120319e-03 1.368859200738370419e-03 5.532803013920783997e-03
2.262256383895874023e+00 1.591992378234863281e-02 2.415151149034500122e-02 -6.092134863138198853e-04 -8.300843910546973348e-05 3.184113418683409691e-03
2.375363111495971680e+00 3.346334025263786316e-02 2.358720079064369202e-02 8.403106476180255413e-04 -6.113876588642597198e-04 7.563214283436536789e-03
2.240598678588867188e+00 1.436387654393911362e-02 2.455354854464530945e-02 1.246049941983073950e-04 -1.137333456426858902e-03 5.183943081647157669e-03
2.236141204833984375e+00 -6.111940369009971619e-03 2.243916317820549011e-02 -3.668394056148827076e-04 -1.677477121120318770e-05 6.793231237679719925e-03
2.138489961624145508e+00 -4.685852676630020142e-03 2.286836132407188416e-02 -6.360603729262948036e-04 8.376532932743430138e-04 -1.287762657739222050e-03
2.193384647369384766e+00 1.635790616273880005e-02 2.336556836962699890e-02 -3.258103970438241959e-05 5.939528346061706543e-04 2.374096307903528214e-03
2.228504657745361328e+00 2.749284962192177773e-03 2.366602607071399689e-02 6.385296583175659180e-04 1.311436062678694725e-04 6.185201928019523621e-04
2.266595363616943359e+00 -1.389873027801513672e-02 2.398398891091346741e-02 6.284565315581858158e-04 -2.671339898370206356e-04 4.098590929061174393e-03
2.271352767944335938e+00 -2.544602751731872559e-02 2.250309661030769348e-02 7.291583460755646229e-05 1.405920484103262424e-04 4.722150042653083801e-03
2.236921072006225586e+00 4.099649190902709961e-02 2.127268351614475250e-02 -8.263619383797049522e-05 7.382681360468268394e-04 5.157947074621915817e-03
1.655382037162780762e+00 -9.084454178810119629e-02 1.967247202992439270e-02 1.292522647418081760e-03 3.726860741153359413e-04 -4.907674156129360199e-05
2.263214349746704102e+00 -2.129269763827323914e-03 2.440094016492366791e-02 -7.298460695892572403e-05 -3.884881152771413326e-04 2.932481467723846436e-03
2.247297763824462891e+00 3.810130804777145386e-02 2.095371671020984650e-02 -3.793426149059087038e-04 -1.170485047623515129e-04 6.136221345514059067e-03
