3.121937857940793037e-03 2.539411187171936035e-03 1.662635040702298284e-04 5.919831892242655158e-05 1.719888678053393960e-05 4.272613150533288717e-04
3.296554321423172951e-03 2.173978835344314575e-03 1.588888990227133036e-04 6.057872087694704533e-05 1.623379466764163226e-05 4.188144812360405922e-04
3.200770821422338486e-03 2.290026284754276276e-03 1.673183287493884563e-04 6.151743582449853420e-05 1.748512659105472267e-05 4.087842535227537155e-04
3.665744327008724213e-03 2.428896725177764893e-03 1.715544203761965036e-04 6.982074410188943148e-05 1.931890619744081050e-05 4.729964712169021368e-04
3.529497189447283745e-03 2.613205229863524437e-03 1.701547880657017231e-04 6.837458204245194793e-05 1.883021650428418070e-05 4.037655016873031855e-04
3.594877896830439568e-03 2.898532897233963013e-03 1.702288864180445671e-04 6.979299359954893589e-05 1.985680682992096990e-05 4.544247931335121393e-04
1.657757675275206566e-04 2.926664426922798157e-03 1.680009154370054603e-04 6.800320261390879750e-05 1.859949406934902072e-05 3.950347600039094687e-04
5.127618554979562759e-03 2.666417509317398071e-03 1.785711647244170308e-04 7.488361734431236982e-05 1.990176133404020220e-05 4.106998676434159279e-04
4.770880099385976791e-03 1.956090331077575684e-03 1.914230088004842401e-04 7.497980550397187471e-05 1.920835165947210044e-05 4.227205354254692793e-04
3.510738955810666084e-03 1.269429456442594528e-03 1.849390391726046801e-04 7.713275408605113626e-05 2.019656676566228271e-05 4.390937101561576128e-04
4.921424668282270432e-03 1.397710759192705154e-03 1.757604040903970599e-04 7.264415035024285316e-05 1.953286846401169896e-05 4.251891223248094320e-04
9.449671051697805524e-05 2.297207014635205269e-03 1.795371645130217075e-04 7.364810880972072482e-05 2.077919816656503826e-05 4.304398025851696730e-04
9.444433817407116294e-05 3.374068299308419228e-03 1.723207824397832155e-04 7.776238635415211320e-05 1.851845809142105281e-05 3.944590571336448193e-04
5.427514202892780304e-03 3.373001702129840851e-03 1.613061613170430064e-04 6.837743421783670783e-05 1.805377723940182477e-05 4.543036920949816704e-04
4.892386030405759811e-03 3.471328876912593842e-03 1.820477627916261554e-04 7.275650568772107363e-05 2.298080653417855501e-05 4.653645446524024010e-04
5.715660750865936279e-03 2.692087553441524506e-03 1.722356537356972694e-04 6.542292976519092917e-05 2.155384026991669089e-05 4.993987968191504478e-04
5.654990207403898239e-03 2.772388979792594910e-03 1.724987232591956854e-04 7.146518328227102757e-05 2.154348658223170787e-05 4.867700044997036457e-04
1.077061242540366948e-04 2.903320128098130226e-03 1.718232088023796678e-04 6.690507871098816395e-05 2.184157528972718865e-05 4.177516966592520475e-04
2.549322962295264006e-04 3.794896416366100311e-03 1.867590326583012938e-04 7.555344927823171020e-05 2.307516115251928568e-05 4.512498853728175163e-04
5.773764103651046753e-03 3.614337882027029991e-03 1.840715995058417320e-04 7.501614163629710674e-05 2.310859417775645852e-05 4.718145937658846378e-04
5.089093931019306183e-03 3.468884620815515518e-03 1.737220591166988015e-04 7.288746564881876111e-05 1.976218482013791800e-05 4.162964178249239922e-04
4.039768129587173462e-03 3.213169053196907043e-03 1.660586131038144231e-04 6.953303818590939045e-05 1.958196116902399808e-05 3.807266475632786751e-04
5.056286230683326721e-03 3.576822811737656593e-03 1.627467427169904113e-04 7.095144974300637841e-05 2.046360532403923571e-05 4.378030425868928432e-04
4.658850841224193573e-03 3.214529715478420258e-03 1.614336069906130433e-04 7.109167927410453558e-05 1.875387170002795756e-05 3.833232913166284561e-04
4.720302298665046692e-03 3.575626062229275703e-03 1.748053618939593434e-04 7.439722685376182199e-05 2.179215516662225127e-05 4.558729997370392084e-04
5.324288271367549896e-03 3.410272300243377686e-03 1.780963211786001921e-04 7.100917719071730971e-05 2.158471943403128535e-05 4.216740489937365055e-04
4.279802087694406509e-03 3.725300077348947525e-03 1.813809067243710160e-04 7.797533908160403371e-05 2.258742642879951745e-05 4.502763331402093172e-04
4.707852378487586975e-03 3.185521345585584641e-03 1.729432842694222927e-04 7.335021655308082700e-05 2.040524850599467754e-05 3.732459736056625843e-04
4.706120584160089493e-03 3.323266981169581413e-03 1.786834036465734243e-04 7.381510658888146281e-05 2.213295192632358521e-05 4.101970989722758532e-04
3.087823046371340752e-03 2.254591323435306549e-03 1.675359671935439110e-04 6.389299232978373766e-05 1.962516216735821217e-05 3.912823158316314220e-04
5.238825455307960510e-03 3.226650645956397057e-03 1.747013739077374339e-04 7.513921445934101939e-05 1.976735620701219887e-05 4.271992947906255722e-04
3.757973434403538704e-03 2.197180641815066338e-03 1.652890641707926989e-04 7.107912097126245499e-05 1.970578341570217162e-05 4.738039860967546701e-04
4.450447857379913330e-03 2.776966197416186333e-03 1.752629614202305675e-04 7.704082963755354285e-05 1.973024336621165276e-05 4.072045849170535803e-04
4.797422327101230621e-03 2.520514419302344322e-03 1.864038931671530008e-04 7.663386350031942129e-05 2.120221688528545201e-05 4.187995218671858311e-04
5.702011752873659134e-03 3.903861390426754951e-03 1.966413692571222782e-04 8.112943032756447792e-05 2.321723877685144544e-05 4.990405286662280560e-04
4.234616644680500031e-03 3.711473429575562477e-03 1.822806225391104817e-04 8.179096766980364919e-05 2.219102134404238313e-05 4.788571095559746027e-04
3.444538917392492294e-03 3.752605058252811432e-03 1.799211313482373953e-04 8.295088628074154258e-05 2.032368320215027779e-05 4.125153645873069763e-04
4.594010300934314728e-03 3.588577266782522202e-03 1.834775175666436553e-04 7.925323734525591135e-05 2.145521830243524164e-05 4.613357305061072111e-04
3.595770336687564850e-03 2.882754895836114883e-03 1.769617956597357988e-04 7.648759492440149188e-05 1.929978498083073646e-05 3.858527925331145525e-04
2.990631386637687683e-03 3.693256992846727371e-03 1.681563298916444182e-04 7.751361408736556768e-05 1.839945434767287225e-05 4.372826952021569014e-04
3.297947812825441360e-03 4.135317169129848480e-03 1.768232032191008329e-04 7.847156666684895754e-05 2.100648816849570721e-05 5.084845470264554024e-04
3.210296854376792908e-03 2.846316667273640633e-03 1.721485168673098087e-04 7.263582665473222733e-05 2.001131178985815495e-05 4.299010906834155321e-04
4.301704466342926025e-03 3.505937056615948677e-03 1.760368904797360301e-04 7.770054071443155408e-05 1.971716301341075450e-05 4.480708157643675804e-04
4.222189541906118393e-03 3.905336838215589523e-03 1.766133209457620978e-04 7.185286813182756305e-05 2.041301195276901126e-05 4.622535489033907652e-04
3.910546191036701202e-03 4.241432994604110718e-03 1.790262904250994325e-04 7.920562347862869501e-05 2.147583472833503038e-05 4.896495956927537918e-04
3.542654216289520264e-03 4.050984513014554977e-03 1.703214802546426654e-04 7.847662345739081502e-05 1.921206785482354462e-05 4.496384644880890846e-04
6.036405451595783234e-03 4.612206481397151947e-03 1.833733113016933203e-04 7.919170457171276212e-05 2.169080107705667615e-05 5.390981677919626236e-04
4.656631499528884888e-03 3.817546647042036057e-03 1.782112667569890618e-04 7.566269050585106015e-05 2.028325616265647113e-05 4.798104055225849152e-04
5.325041711330413818e-03 4.119220655411481857e-03 1.859654003055766225e-04 7.333074609050527215e-05 2.147378836525604129e-05 4.853035206906497478e-04
4.397676966618746519e-04 4.460426513105630875e-03 1.782955805538222194e-04 7.742396701360121369e-05 1.974569022422656417e-05 4.209108010400086641e-04
1.119203050620853901e-03 4.811289254575967789e-03 1.840376207837834954e-04 8.202763274312019348e-05 2.049485010502394289e-05 4.524333926383405924e-04
1.917223999043926597e-04 5.509628914296627045e-03 1.862556528067216277e-04 8.312104182550683618e-05 2.162095370294991881e-05 5.223308107815682888e-04
1.195614458993077278e-03 4.413344897329807281e-03 1.785789645509794354e-04 7.644589641131460667e-05 2.053379466815385967e-05 4.532175662461668253e-04
1.254055299796164036e-03 4.364816006273031235e-03 1.873316068667918444e-04 7.942334923427551985e-05 2.156766640837304294e-05 4.412624111864715815e-04
5.968844052404165268e-04 4.896658938378095627e-03 1.907835103338584304e-04 8.419360528932884336e-05 2.297123683092650026e-05 5.291557172313332558e-04
5.570769426412880421e-04 5.333940032869577408e-03 1.848450192483142018e-04 8.694754797033965588e-05 2.272467827424407005e-05 4.885217058472335339e-04
6.108609028160572052e-03 4.534417763352394104e-03 1.907693658722564578e-04 7.587617437820881605e-05 2.085486448777373880e-05 4.217910172883421183e-04
2.906610898207873106e-04 4.897526931017637253e-03 1.975771883735433221e-04 7.747800555080175400e-05 2.469666287652216852e-05 4.887575050815939903e-04
8.896373037714511156e-05 2.913802163675427437e-03 1.880307536339387298e-04 7.453385478584095836e-05 2.048641363217029721e-05 3.810923080891370773e-04
3.921139985322952271e-03 1.778976176865398884e-03 2.017578517552465200e-04 8.495969086652621627e-05 2.495569424354471266e-05 4.474123998079448938e-04
2.553188707679510117e-03 7.651722989976406097e-04 1.791182585293427110e-04 7.412619743263348937e-05 1.977865395019762218e-05 3.477274731267243624e-04
4.619436804205179214e-03 7.360155577771365643e-04 1.727361959638074040e-04 6.368984031723812222e-05 1.981554305530153215e-05 4.012411518488079309e-04
1.698203559499233961e-04 1.679791836068034172e-03 1.521144004072993994e-04 5.503290594788268209e-05 1.971428173419553787e-05 4.005407099612057209e-04
3.095609135925769806e-03 1.903982367366552353e-03 1.471494033467024565e-04 3.703105176100507379e-05 1.793987030396237969e-05 2.886540023609995842e-04
4.259437788277864456e-03 2.555383834987878799e-03 1.512117160018533468e-04 3.789158290601335466e-05 1.872039683803450316e-05 2.972934744320809841e-04
2.530614146962761879e-03 5.061124917119741440e-03 1.702146546449512243e-04 4.710465145763009787e-05 2.188155303883831948e-05 4.748289356939494610e-04
2.155179157853126526e-03 4.237449262291193008e-03 1.588220620760694146e-04 2.922075145761482418e-05 2.154773937945719808e-05 3.615384048316627741e-04
3.528218949213624001e-03 5.072734784334897995e-03 1.637306413613259792e-04 3.042068783543072641e-05 2.191426938225049525e-05 4.880907072219997644e-04
4.565933719277381897e-03 3.250026842579245567e-03 1.264011661987751722e-04 2.141137338185217232e-05 1.802780934667680413e-05 3.420894499868154526e-04
5.092696752399206161e-03 3.921539522707462311e-03 1.332489046035334468e-04 2.215668246208224446e-05 1.822546801122371107e-05 3.690062731038779020e-04
7.375099812634289265e-04 3.554081544280052185e-03 1.199641337734647095e-04 2.227015102107543498e-05 1.789673660823609680e-05 3.867538471240550280e-04
1.276024500839412212e-03 3.730955766513943672e-03 1.222837017849087715e-04 2.353856143599841744e-05 1.829791654017753899e-05 3.962037153542041779e-04
1.598159084096550941e-03 3.775935154408216476e-03 1.202882485813461244e-04 3.262201789766550064e-05 1.764934313541743904e-05 3.801717248279601336e-04
1.534330775029957294e-03 2.488570287823677063e-03 1.049749625963158906e-04 3.057236972381360829e-05 1.612418600416276604e-05 3.273752517998218536e-04
1.486682216636836529e-03 3.383426927030086517e-03 1.160657702712342143e-04 3.823234510491602123e-05 1.724190769891720265e-05 3.462336608208715916e-04
4.465312696993350983e-03 2.773996442556381226e-03 1.273411762667819858e-04 4.144168269704096019e-05 1.770226663211360574e-05 3.563232312444597483e-04
3.755709156394004822e-03 2.847920171916484833e-03 1.316897396463900805e-04 4.911890937364660203e-05 1.846699888119474053e-05 3.511043905746191740e-04
3.741680877283215523e-03 3.014249261468648911e-03 1.496811310062184930e-04 5.555897951126098633e-05 1.868352774181403220e-05 3.711541357915848494e-04
4.294238053262233734e-03 2.712957561016082764e-03 1.505717373220250010e-04 4.966898632119409740e-05 1.874497684184461832e-05 3.811172791756689548e-04
4.266001284122467041e-03 2.394228940829634666e-03 1.490385620854794979e-04 4.920622450299561024e-05 1.843716563598718494e-05 3.643128147814422846e-04
4.287171643227338791e-03 3.036734648048877716e-03 1.716872357064858079e-04 6.024340473231859505e-05 1.944274845300242305e-05 3.765129076782613993e-04
4.151635337620973587e-03 2.455227775499224663e-03 1.543557591503486037e-04 5.681969560100696981e-05 1.728819006530102342e-05 3.476390265859663486e-04
1.077409397112205625e-04 3.290626918897032738e-03 1.633053761906921864e-04 7.109016587492078543e-05 1.960426197911147028e-05 4.122338723391294479e-04
2.810784644680097699e-05 3.546281484887003899e-03 1.652770297368988395e-04 6.611792196054011583e-05 1.873808469099458307e-05 3.938412119168788195e-04
4.859695211052894592e-03 3.255142364650964737e-03 1.771546521922573447e-04 6.535110878758132458e-05 2.020464853558223695e-05 3.915284469258040190e-04
2.178793220082297921e-04 3.841589437797665596e-03 1.683941954979673028e-04 6.723369733663275838e-05 1.989684460568241775e-05 4.311585507821291685e-04
2.658545272424817085e-04 3.337731584906578064e-03 1.733558310661464930e-04 6.360802944982424378e-05 1.924979733303189278e-05 3.970109682995826006e-04
4.921024446957744658e-05 3.457241458818316460e-03 1.640965056139975786e-04 6.328005110844969749e-05 1.797354525479022413e-05 3.797962854150682688e-04
4.069687274750322104e-04 3.798663150519132614e-03 1.683615264482796192e-04 6.702855898765847087e-05 1.916542532853782177e-05 4.522611270658671856e-04
5.499199498444795609e-03 3.632942913100123405e-03 1.796213036868721247e-04 6.662659143330529332e-05 1.951152444235049188e-05 3.786383313126862049e-04
5.420582601800560951e-04 4.022974986582994461e-03 1.686895557213574648e-04 6.682871025986969471e-05 1.931101178342942148e-05 4.125849227420985699e-04
7.611086039105430245e-05 3.755211364477872849e-03 1.654662482906132936e-04 6.649046554230153561e-05 1.851283013820648193e-05 3.925284545402973890e-04
2.646290522534400225e-04 3.486326662823557854e-03 1.608120219316333532e-04 6.269152800086885691e-05 1.851279193942900747e-05 3.970885300077497959e-04
4.213111824356019497e-04 4.347827285528182983e-03 1.713054225547239184e-04 6.473726534750312567e-05 1.946827251231297851e-05 4.465002857614308596e-04
2.903798849729355425e-05 4.334248602390289307e-03 1.782720501068979502e-04 6.882937304908409715e-05 1.959576184162870049e-05 4.067357222083956003e-04
5.750517360866069794e-03 4.470186308026313782e-03 1.723087771097198129e-04 6.825851596659049392e-05 2.038329694187268615e-05 4.024720692541450262e-04
9.039774304255843163e-04 3.801593091338872910e-03 1.667266915319487453e-04 6.674402538919821382e-05 2.061323357338551432e-05 4.199144896119832993e-04
4.895044025033712387e-03 4.361828789114952087e-03 1.602413103682920337e-04 7.566400017822161317e-05 2.051996489171870053e-05 4.350216768216341734e-04
5.005684681236743927e-03 4.661614540964365005e-03 1.678274129517376423e-04 7.547363202320411801e-05 1.928372148540802300e-05 4.047078255098313093e-04
6.874199607409536839e-04 4.856721498072147369e-03 1.806636864785104990e-04 8.323559450218454003e-05 2.079298064927570522e-05 4.714459937531501055e-04
4.991272930055856705e-03 4.173916298896074295e-03 1.750217488734051585e-04 8.035929204197600484e-05 1.954698745976202190e-05 4.094628966413438320e-04
8.910619071684777737e-04 5.604907404631376266e-03 1.783731422619894147e-04 8.807124686427414417e-05 1.951464219018816948e-05 4.268666380085051060e-04
1.274609589017927647e-03 4.443292506039142609e-03 1.710059732431545854e-04 9.132755803875625134e-05 1.995772436202969402e-05 4.441498313099145889e-04
4.955928307026624680e-04 4.543369635939598083e-03 1.780419988790526986e-04 8.789874118519946933e-05 2.101826248690485954e-05 4.582380934152752161e-04
2.674534334801137447e-04 4.870485048741102219e-03 1.685285824351012707e-04 8.268316014437004924e-05 1.961008820217102766e-05 4.256642423570156097e-04
6.639857310801744461e-03 3.966037184000015259e-03 1.921759248943999410e-04 8.310732664540410042e-05 2.099731318594422191e-05 3.973185375798493624e-04
8.689253445481881499e-05 4.359562415629625320e-03 1.888512779260054231e-04 9.012621012516319752e-05 2.113134360115509480e-05 4.610943142324686050e-04
5.804800428450107574e-03 2.320919651538133621e-03 2.371263835811987519e-04 9.472949750488623977e-05 2.542650872783269733e-05 6.477325223386287689e-04
4.575783805194078013e-06 5.207929760217666626e-03 1.817162556108087301e-04 1.091844242182560265e-04 2.059091457340400666e-05 4.298245767131447792e-04
5.920466035604476929e-03 3.812873270362615585e-03 2.012279001064598560e-04 8.431402966380119324e-05 2.277569547004532069e-05 4.068127018399536610e-04
6.483910139650106430e-03 3.422924783080816269e-03 1.980885281227529049e-04 7.685924356337636709e-05 2.339943421247880906e-05 4.466579703148454428e-04
5.931633990257978439e-03 4.372353199869394302e-03 1.958819339051842690e-04 9.493510879110544920e-05 2.365976069995667785e-05 4.384203930385410786e-04
3.930243663489818573e-03 2.722299424931406975e-03 1.831387926358729601e-04 8.793042798060923815e-05 2.041462721535935998e-05 3.982469206675887108e-04
3.675267333164811134e-03 1.925877528265118599e-03 1.881004573078826070e-04 8.143121522152796388e-05 2.012087861658073962e-05 3.920811868738383055e-04
4.739687312394380569e-03 3.892420791089534760e-03 1.998353691305965185e-04 8.214329864131286740e-05 2.145346297766081989e-05 4.644723667297512293e-04
1.302181044593453407e-03 4.288880154490470886e-03 1.957419299287721515e-04 8.378462371183559299e-05 2.253638012916781008e-05 4.778940055985003710e-04
5.296614952385425568e-03 3.647117642685770988e-03 2.041894767899066210e-04 8.027791045606136322e-05 2.245984796900302172e-05 4.471049760468304157e-04
5.573743488639593124e-03 4.034129437059164047e-03 2.053220378002151847e-04 7.967215788085013628e-05 2.208898331446107477e-05 4.721136647276580334e-04
5.145379342138767242e-03 4.191034007817506790e-03 1.972993341041728854e-04 8.200826414395123720e-05 2.136555303877685219e-05 4.669097834266722202e-04
5.479013547301292419e-03 3.999607171863317490e-03 1.880960771813988686e-04 8.404637628700584173e-05 2.017577571677975357e-05 5.107821198180317879e-04
4.819093737751245499e-03 5.079993512481451035e-03 2.009384043049067259e-04 8.808165148366242647e-05 2.272882193210534751e-05 5.229118978604674339e-04
4.114980343729257584e-03 4.006458912044763565e-03 2.006963622989133000e-04 8.978183177532628179e-05 2.300276173627935350e-05 4.438984615262597799e-04
4.279685672372579575e-03 4.378116689622402191e-03 1.954807230504229665e-04 8.904499554773792624e-05 2.134405804099515080e-05 4.435655137058347464e-04
4.598056897521018982e-03 3.436675528064370155e-03 1.888187543954700232e-04 7.787067443132400513e-05 2.123280319210607558e-05 4.374611598905175924e-04
4.657130557461641729e-05 4.310439340770244598e-03 1.790700189303606749e-04 8.226314093917608261e-05 1.886231802927795798e-05 4.252689541317522526e-04
4.164932295680046082e-03 4.008327145129442215e-03 1.870030537247657776e-04 8.560830610804259777e-05 2.036430123553145677e-05 4.270192002877593040e-04
5.563424900174140930e-03 4.821440670639276505e-03 2.165403566323220730e-04 9.725931158754974604e-05 2.418884469079785049e-05 5.184292094781994820e-04
4.771749489009380341e-03 5.240391474217176437e-03 1.982398680411279202e-04 9.623578807804733515e-05 2.050468174275010824e-05 4.184417775832116604e-04
3.817192045971751213e-03 4.143814556300640106e-03 1.904625823954120278e-04 8.366859401576220989e-05 2.018113991653081030e-05 3.760581894312053919e-04
4.264299292117357254e-03 3.506414126604795456e-03 1.834750728448852897e-04 7.542934326920658350e-05 1.935354339366313070e-05 3.811282804235816002e-04
4.599558189511299133e-03 3.669880097731947899e-03 2.026542933890596032e-04 8.250724204117432237e-05 2.101856625813525170e-05 4.001224588137120008e-04
5.714493338018655777e-03 3.565479535609483719e-03 2.038073580479249358e-04 7.943428499856963754e-05 2.183523429266642779e-05 4.044442612212151289e-04
6.501426454633474350e-03 3.712344449013471603e-03 2.032851043622940779e-04 8.404526306549087167e-05 2.227741606475319713e-05 4.947244888171553612e-04
5.758243147283792496e-03 4.373018629848957062e-03 1.845858205342665315e-04 9.173552825814113021e-05 1.999434607569128275e-05 4.403810016810894012e-04
6.034299265593290329e-03 3.520350437611341476e-03 1.955434272531419992e-04 9.378068352816626430e-05 2.033959754044190049e-05 3.930986858904361725e-04
6.633231532759964466e-05 3.805623389780521393e-03 1.716202095849439502e-04 8.665442146593704820e-05 1.879769479273818433e-05 4.070650320500135422e-04
4.388805478811264038e-03 3.847968997433781624e-03 1.828686363296583295e-04 9.036951087182387710e-05 1.891369720397051424e-05 3.735973150469362736e-04
5.216849967837333679e-03 3.587831044569611549e-03 1.822810736484825611e-04 9.306847641710191965e-05 1.922845331137068570e-05 3.672274178825318813e-04
6.020801141858100891e-03 3.930876031517982483e-03 1.903837546706199646e-04 9.710570157039910555e-05 1.980124579858966172e-05 3.541576152201741934e-04
5.539278034120798111e-03 5.020765587687492371e-03 1.878091425169259310e-04 1.010154446703381836e-04 2.046812551270704716e-05 4.153247864451259375e-04
2.884038549382239580e-04 4.173732828348875046e-03 1.713081001071259379e-04 9.174033039016649127e-05 2.057083293038886040e-05 4.121028759982436895e-04
5.682435818016529083e-03 4.562768153846263885e-03 1.876713213277980685e-04 9.338816016679629683e-05 2.130492430296726525e-05 4.742406890727579594e-04
1.167284674011170864e-03 5.007760133594274521e-03 1.693700760370120406e-04 9.380864503327757120e-05 1.993773184949532151e-05 4.532334860414266586e-04
6.140168756246566772e-03 5.519351921975612640e-03 1.819992467062547803e-04 9.770698670763522387e-05 2.053799653367605060e-05 4.878966719843447208e-04
5.952340085059404373e-03 4.970505367964506149e-03 1.805472711566835642e-04 9.369339386466890574e-05 1.963734393939375877e-05 4.420471377670764923e-04
6.379144731909036636e-03 5.900740157812833786e-03 1.995983475353568792e-04 9.356858936371281743e-05 2.256777952425181866e-05 5.132650840096175671e-04
5.958418361842632294e-03 6.136944983154535294e-03 1.996982755372300744e-04 9.957177826436236501e-05 2.174131986976135522e-05 4.875542945228517056e-04
2.980306278914213181e-03 4.192984662950038910e-03 2.027732989517971873e-04 8.466057624900713563e-05 2.595062142063397914e-05 6.174864829517900944e-04
7.077818736433982849e-06 9.413801308255642653e-06 1.766984787536785007e-04 6.999865581747144461e-05 2.092741851811297238e-05 5.389118450693786144e-04
4.746195860207080841e-03 4.200692754238843918e-03 1.704929163679480553e-04 7.862438360461965203e-05 1.804104977054521441e-05 4.244536685291677713e-04
5.308839026838541031e-04 4.949104506522417068e-03 2.174458059016615152e-04 8.569784404244273901e-05 2.305659290868788958e-05 5.118633853271603584e-04
4.549717064946889877e-03 1.988176489248871803e-03 1.917366462294012308e-04 7.505376561312004924e-05 2.068694266199599952e-05 4.747354250866919756e-04
4.018296385766007006e-05 5.301528610289096832e-03 1.996970240725204349e-04 9.237358608515933156e-05 2.262020643684081733e-05 5.365782417356967926e-04
2.184252021834254265e-03 4.928715527057647705e-03 2.052831987384706736e-04 8.943861030275002122e-05 2.153126297343987972e-05 5.067369202151894569e-04
4.743379075080156326e-03 3.542817197740077972e-03 1.910224818857386708e-04 8.184558828361332417e-05 2.318494807695969939e-05 5.909560131840407848e-04
8.792107109911739826e-04 4.907471127808094025e-03 1.788847002899274230e-04 8.987455657916143537e-05 2.052731360890902579e-05 5.128893535584211349e-04
5.269347690045833588e-03 4.236540291458368301e-03 1.996958599193021655e-04 8.738190081203356385e-05 2.162735836463980377e-05 4.519655485637485981e-04
4.418670199811458588e-03 4.106712061911821365e-03 2.163506142096593976e-04 8.550623897463083267e-05 2.326518733752891421e-05 4.382947518024593592e-04
5.531748291105031967e-03 4.251509439200162888e-03 2.041697007371112704e-04 8.930548210628330708e-05 2.099147241096943617e-05 4.301623848732560873e-04
4.846760537475347519e-03 4.052773118019104004e-03 2.000811655307188630e-04 8.436636562692001462e-05 2.000607128138653934e-05 4.462517681531608105e-04
5.584964994341135025e-03 3.630101215094327927e-03 1.923725067172199488e-04 7.846406515454873443e-05 1.961845373443793505e-05 4.631313786376267672e-04
4.418561700731515884e-03 2.572668716311454773e-03 2.098377590300515294e-04 7.472767174476757646e-05 2.187990321544930339e-05 3.876221599057316780e-04
5.181573331356048584e-03 3.355776192620396614e-03 2.347878034925088286e-04 8.373752643819898367e-05 2.361961378483101726e-05 4.227143072057515383e-04
5.114944651722908020e-03 3.354076528921723366e-03 2.109166234731674194e-04 8.224359044106677175e-05 2.221432987425941974e-05 4.086936532985419035e-04
5.903345067054033279e-03 3.259589662775397301e-03 2.010394237004220486e-04 7.266659667948260903e-05 2.257986852782778442e-05 4.652371571864932775e-04
5.587398074567317963e-03 3.770294599235057831e-03 2.060956176137551665e-04 8.131252980092540383e-05 2.275259612360969186e-05 4.010921402368694544e-04
6.521658506244421005e-03 4.495360422879457474e-03 2.174584078602492809e-04 9.134881838690489531e-05 2.318858969374559820e-05 4.396014846861362457e-04
6.375275552272796631e-03 4.366725217550992966e-03 2.094306546496227384e-04 8.379939390579238534e-05 2.174495239160023630e-05 4.459105548448860645e-04
5.077166482806205750e-03 3.690597601234912872e-03 2.000247768592089415e-04 7.930571882752701640e-05 2.008838418987579644e-05 3.815814852714538574e-04
5.324298515915870667e-03 4.385672509670257568e-03 1.803434715839102864e-04 8.026618888834491372e-05 1.906774377857800573e-05 4.234134685248136520e-04
5.210444796830415726e-03 3.506536828354001045e-03 2.197194844484329224e-04 8.524195436621084809e-05 2.131544533767737448e-05 4.453371802810579538e-04
6.599664338864386082e-04 3.002712968736886978e-03 2.152103261323645711e-04 8.477396477246657014e-05 2.045035216724500060e-05 4.578919324558228254e-04
4.501655697822570801e-03 3.100981703028082848e-03 2.137891715392470360e-04 8.530380728188902140e-05 2.035603756667114794e-05 3.667829732876271009e-04
3.924523480236530304e-03 2.891585696488618851e-03 2.074390649795532227e-04 7.910283602541312575e-05 2.161922020604833961e-05 4.584928392432630062e-04
4.762023221701383591e-03 3.359633963555097580e-03 1.876129826996475458e-04 7.532176095992326736e-05 1.891595638880971819e-05 4.048892296850681305e-04
5.419496912509202957e-03 4.016321618109941483e-03 2.217392466263845563e-04 8.197349234251305461e-05 2.207336729043163359e-05 4.070967843290418386e-04
5.845293868333101273e-03 4.200134426355361938e-03 2.035377401625737548e-04 9.083470649784430861e-05 2.000638596655335277e-05 4.323075991123914719e-04
7.297752308659255505e-04 3.719431813806295395e-03 1.831194240367040038e-04 8.165393956005573273e-05 1.995250568143092096e-05 3.960619214922189713e-04
1.103988732211291790e-03 3.779909340664744377e-03 1.769348891684785485e-04 8.197978604584932327e-05 2.005468195420689881e-05 4.081767692696303129e-04
6.636487785726785660e-03 4.138128831982612610e-03 2.061390987364575267e-04 8.937429083744063973e-05 2.218593544967006892e-05 4.677641554735600948e-04
4.280151042621582747e-04 4.602675791829824448e-03 1.940801448654383421e-04 9.079515439225360751e-05 2.328989103261847049e-05 5.150660290382802486e-04
3.287822182755917311e-04 4.587498493492603302e-03 1.833053538575768471e-04 8.605106995673850179e-05 2.223291812697425485e-05 5.417983629740774632e-04
5.883080884814262390e-03 4.894144367426633835e-03 2.047949965344741940e-04 9.259989019483327866e-05 2.086149652313906699e-05 4.507828562054783106e-04
8.776003960520029068e-04 4.565731156617403030e-03 2.012189797824248672e-04 8.436201460426673293e-05 2.340505670872516930e-05 5.283093778416514397e-04
9.592641727067530155e-04 5.338002927601337433e-03 1.737365528242662549e-04 8.864839037414640188e-05 2.023418528551701456e-05 4.564112459775060415e-04
