7.769138579226800290e-02 -1.676372371488900163e-03 -3.111549957437100000e-03 2.681376276917800069e-04 -2.014107640070600207e-04 7.861848176856299844e-03
8.402789128338800095e-02 -1.052699220336900023e-03 -3.181094981832800154e-03 2.160846841152500313e-04 -2.210657504901199992e-04 8.311308021736199536e-03
9.046446452583800646e-02 -1.469938891780000166e-03 -2.964868346267400014e-03 2.342661824170999899e-04 -3.242696504086000470e-04 9.820992546472499807e-03
9.562922697506900938e-02 -1.292978418778600088e-03 -2.956531878842800273e-03 -4.478117216903000218e-04 -2.467816533228800154e-04 1.166694670830200134e-02
1.028307675789000009e-01 -1.293145774286300108e-03 -4.493748839810200214e-03 -2.184841649659300397e-04 6.930388687302400756e-04 1.329593492982600149e-02
1.088765993008399963e-01 -2.638464328905399964e-03 -5.853004291183999848e-03 6.269861924816600091e-04 9.728654381324499745e-04 1.470659486521300012e-02
1.183186497679700050e-01 -4.332003432249999751e-03 -7.334716458018100682e-03 2.176870164345400156e-03 1.259733288442700140e-03 1.690131596732600064e-02
1.307345868120600163e-01 -5.016007130419800238e-03 -8.216266153179200074e-03 2.711381478478300071e-03 1.648474038075000000e-03 1.974360987738000076e-02
1.431387547637600066e-01 -4.772250023909099977e-03 -8.012123588983300834e-03 1.793359319374100095e-03 1.368209947874900103e-03 2.270751377173400171e-02
1.561874180330700135e-01 -4.836997948331700492e-03 -8.416771863102100182e-03 1.652114536195800100e-03 1.055417514718000110e-03 2.588644204107200253e-02
1.709937204431400126e-01 -6.357068702430500491e-03 -1.038253091314400058e-02 2.490695726759500038e-03 1.291493145292500148e-03 2.936487924479200262e-02
1.841456450632300013e-01 -8.654564900329500196e-03 -1.117840905861200093e-02 3.127649539450900323e-03 1.660681112641100013e-03 3.288581825034100209e-02
1.969145848953500200e-01 -8.992490603254601339e-03 -9.720273770160601720e-03 4.147581828320100021e-03 8.730023499693901658e-04 3.583764410425700070e-02
2.111592519935600043e-01 -7.397809195559001266e-03 -7.167131836271801136e-03 2.134769918905099918e-03 -9.859546292074099563e-04 3.854708150770000397e-02
2.240011987895600132e-01 -6.950208916175400556e-03 -7.895806110758900320e-03 1.383728605376399919e-03 -1.475014730357399962e-03 4.136747982992600159e-02
2.378526685911699912e-01 -7.757409996346300435e-03 -1.036898046242300080e-02 1.302635019118300163e-03 -3.538181086812800056e-04 4.394397375222300339e-02
2.509785069996799955e-01 -9.633592330500600695e-03 -1.175415943792900049e-02 3.144723392476300033e-03 7.386182326573400301e-05 4.647048876563300568e-02
2.639190792239200500e-01 -1.101997631143500009e-02 -1.202138691657500015e-02 3.173505418898200491e-03 5.973977801666300290e-04 4.893794857372300161e-02
2.768936565920600001e-01 -9.876202955470401307e-03 -1.143968442665600077e-02 1.985948715536599990e-03 2.444565623058000264e-03 5.054796712406500053e-02
2.895955043558899877e-01 -9.670516251076800504e-03 -1.178095938346800098e-02 1.595823445425499990e-03 2.332654966181700162e-03 5.270591000107900659e-02
3.026000202011200346e-01 -1.211932300949200049e-02 -1.222915717275799979e-02 2.975769670177999971e-03 1.811499534994800032e-03 5.521916391905300897e-02
3.168807340705699915e-01 -1.317733051240100109e-02 -1.220194435117800090e-02 2.917351994889100242e-03 1.091642952573699914e-03 5.655329929097100555e-02
3.297886304428500059e-01 -1.321898815479800177e-02 -1.347185050364500120e-02 3.300178370656099962e-03 1.554627173769300213e-03 5.705492852681300076e-02
3.438119804229999854e-01 -1.447854493648400090e-02 -1.435595692310099973e-02 3.504201390439100512e-03 2.320842183180300399e-03 5.860549463595900177e-02
3.560480069033999939e-01 -1.574942304999500317e-02 -1.482932689169300100e-02 4.404345020026000437e-03 1.825289095735700088e-03 6.030542002625800813e-02
3.664887817068700482e-01 -1.451130611062900061e-02 -1.359637949269300143e-02 2.813066656498400264e-03 1.644691206904599998e-03 6.165435291563900466e-02
3.783305932794700510e-01 -1.218462139957100093e-02 -8.371539041812099680e-03 -3.093160458573400245e-04 -4.822607100694700538e-04 6.328863079373700518e-02
3.903752836827800166e-01 -1.243459893693800097e-02 -7.775024458623900313e-03 -6.295369791453600452e-04 -6.468192808025199914e-04 6.508020783352100325e-02
4.033794174415300526e-01 -1.399347518993900030e-02 -1.097353396791399954e-02 2.842183291780299762e-04 8.312594264464601666e-04 6.599287678317400374e-02
4.190935434529600712e-01 -1.432288569375700198e-02 -1.464374419733900125e-02 8.121502438049899584e-04 2.530567822673800236e-03 6.588614905980799685e-02
4.344022520170700563e-01 -1.759304929848999957e-02 -1.035943852636700066e-02 1.944948443888700048e-03 1.253865238040600093e-03 6.579192856597300409e-02
4.502538413489700075e-01 -1.885720327936200175e-02 -7.013937207974701299e-03 3.123829093110400308e-03 1.262208056735099977e-04 6.388059857588500312e-02
4.677164801960200236e-01 -1.617769061065600297e-02 -9.199539413638600435e-03 1.306845622931900128e-03 1.545565908268700097e-03 6.085398107017500613e-02
4.842164574703300417e-01 -1.479363603881400126e-02 -1.209984235290099963e-02 1.622326870516700064e-04 2.625734025731600238e-03 5.897684128104899864e-02
5.013535142215100882e-01 -1.528960477646799931e-02 -1.302515721329599967e-02 -1.489817507427200136e-04 2.972639193990999924e-03 5.766919012164700015e-02
5.208758692446701088e-01 -1.561356805739400055e-02 -1.221422963222000037e-02 -5.266980391147199582e-04 3.148482028197299720e-03 5.534238982396499917e-02
5.411572551671000042e-01 -1.457610832370600032e-02 -1.049660264299200063e-02 -8.971871932047600527e-04 2.783035873211599925e-03 5.148311365232699499e-02
5.586516004936400437e-01 -1.410155494711900007e-02 -8.556717062173800972e-03 -1.056612052258600184e-03 1.968268551581100253e-03 4.802040517368499906e-02
5.806908650566000585e-01 -1.298810125465600131e-02 -7.254944250944199598e-03 -2.114221248036899942e-03 1.567010877056200209e-03 4.336583649701500343e-02
6.012840665239100879e-01 -1.132823225272600043e-02 -6.704333173171501264e-03 -2.135344632355900239e-03 1.673597383392599978e-03 3.780952986989800230e-02
6.230115475212900655e-01 -9.576243169164000424e-03 -6.047582197037200055e-03 -2.462025489200400305e-03 1.366201144014700169e-03 3.223162549921700093e-02
6.479583037695899606e-01 -7.780590761324400646e-03 -5.862363163734399946e-03 -3.200096065972699889e-03 1.076166069188299983e-03 2.680991124248800067e-02
6.689182683003730423e-01 -6.433006219542999893e-03 -5.224699397581000423e-03 -3.240771822396999822e-03 6.902100410850001144e-04 2.184045911454000205e-02
6.898782328311570122e-01 -5.085421677760999792e-03 -4.587035631427999888e-03 -3.281447578822000149e-03 3.042540129820000281e-04 1.687100698659100076e-02
7.108381973619399830e-01 -3.737837135978899945e-03 -3.949371865275499820e-03 -3.322123335246000408e-03 -8.170201512180800575e-05 1.190155485864300040e-02
7.330333498499199685e-01 -2.013445857124000239e-03 -4.470270026570999887e-03 -3.262881853146999689e-03 -2.077792255350000223e-04 7.113080062094000872e-03
7.552285023379000650e-01 -2.890545782698400131e-04 -4.991168187865600500e-03 -3.203640371048999905e-03 -3.338564359483600359e-04 2.324605265545399892e-03
7.771407866095200179e-01 -4.716737972028099864e-04 -5.323542907477900668e-03 -1.553042298371700098e-03 -7.080707444760200994e-04 -7.078456034476299967e-04
7.968319258232900992e-01 -6.962360552474100876e-04 -5.520359426811800169e-03 -8.284888523946900424e-04 -9.460117711316700945e-04 -2.027898785630400345e-03
8.165590191393299335e-01 -2.142837414530300143e-03 -6.114428222223100041e-03 -1.848553430886100033e-04 -1.050531278894899960e-03 -1.851206790977300140e-03
8.362170941231600318e-01 -1.818420924895899947e-03 -7.340850910473800846e-03 -5.562121216542400062e-04 -6.692781657435700575e-04 -1.903173828407999941e-03
8.585493916472100029e-01 -1.137702570867800064e-03 -8.285974188835599705e-03 -1.148850201984300034e-03 -2.431880757839299974e-05 -1.782556266638000118e-03
8.785485050757201320e-01 -1.652630895809100060e-03 -9.675717324338400233e-03 1.358443881562299861e-04 1.105161439006600074e-04 -1.913794859564800326e-03
8.989472600959200754e-01 -1.678218030024900085e-03 -1.027752989879900103e-02 -3.107430312616400216e-04 1.811349685039000210e-04 -1.702961200227000142e-03
9.223065574803600564e-01 -1.453450964329999978e-03 -1.076722629462400008e-02 2.864398841074400218e-04 5.802601395601600636e-04 -1.685874778601300153e-03
9.430939540727201198e-01 -2.803429041698600379e-03 -1.003632364968900029e-02 5.690066471414100598e-04 -4.001578775548700773e-04 -9.016086466011900488e-04
9.637705272011101165e-01 -3.709510002504599890e-03 -1.028780032463700103e-02 1.834633166101699896e-03 -7.209323702782200610e-04 -7.593993214534300751e-04
9.871727900833999758e-01 -3.150587961181600290e-03 -1.066771287461300115e-02 5.273773759102800250e-05 7.106579557718201233e-05 -1.167589461483599996e-04
1.008050333215500194e+00 -3.222845356384000225e-03 -1.204746954273800026e-02 1.030446901772100101e-03 5.319363088457900856e-04 -4.987367264001899616e-05
1.028940679344999998e+00 -3.265000257631899862e-03 -1.221244936443099949e-02 1.938983381085400187e-04 8.047019990498000333e-04 3.557770345180000498e-04
1.052148550245800118e+00 -1.999500541749400090e-03 -1.163158248329899946e-02 -3.909986270219100737e-04 1.346209924513700092e-03 1.780549977983499933e-04
1.073172288085600057e+00 -2.511350813571400220e-03 -9.972972994109700895e-03 -5.780874413668400181e-04 1.174617377716900054e-03 5.080909792929800368e-04
1.094007799343700071e+00 -1.782555513782200065e-03 -9.053771346174901632e-03 -1.243270909482400077e-03 5.576874053057300201e-04 3.396073263199700311e-04
1.117137528378000066e+00 -1.679908254534600133e-03 -8.156376361897600333e-03 -1.183822834983600013e-03 -1.000076664770600097e-05 2.324844816303500011e-04
1.137839123228699956e+00 -1.757263942398600140e-03 -7.268430381958600368e-03 -9.867826444898500100e-04 -2.170343576181100206e-04 6.206382498070700385e-05
1.158870954199199943e+00 -8.643513259394899895e-04 -6.797981681737000868e-03 -1.252904332699899962e-03 -1.278744901854900065e-03 -6.664709996345901180e-04
1.175856465120100003e+00 -9.556338957633999818e-04 -6.744939389550600253e-03 -1.424633658325799926e-03 -1.455306334039599978e-03 -6.049804930588999945e-04
1.191021919774300164e+00 -1.151204474399300081e-03 -7.382577137630999889e-03 -8.687832689349100738e-04 -1.242796209255800192e-03 -8.785655803570800899e-04
1.201942105272699957e+00 -1.339056998374599933e-03 -8.021090187027400328e-03 -8.037947599225600277e-04 -1.712319525499500159e-03 -9.008438791397899593e-04
1.212089882971699950e+00 -1.993951282479900031e-03 -8.913760911351599828e-03 -1.252908786408500066e-04 -1.694319429657500020e-03 -7.396039852756299904e-04
1.222013892711500072e+00 -1.985862986540300103e-03 -1.051639498593600133e-02 -2.137731371066800009e-05 -1.168910684066199954e-03 -1.022835962516599993e-03
1.230138111914700128e+00 -2.346679673633300135e-03 -1.175733873200100060e-02 2.723564628640200267e-04 -7.661379165246800030e-04 -9.907557509852000892e-04
1.243694049177699990e+00 -2.356951707585100246e-03 -1.318419569483000181e-02 2.066191162886199975e-05 -3.977639410766900790e-04 -9.234592120708099783e-04
1.254210130781900023e+00 -2.519588476811500128e-03 -1.408827982222200098e-02 7.482317577716000520e-04 -7.686060781932100379e-05 -9.475623501268000490e-04
1.265536519945400062e+00 -2.598383608007900220e-03 -1.402862310565400165e-02 4.912926861497199935e-04 1.510852122350600057e-04 -1.076854148631500039e-03
1.273874240302900196e+00 -3.252196614365300120e-03 -1.311501865870200005e-02 6.819294116567099773e-04 -7.973949142246301251e-04 -1.044814515726900017e-03
1.280954525215600048e+00 -3.219261548233300074e-03 -1.302343296347700102e-02 6.762244020493001113e-04 -3.910712065148200527e-04 -1.085933394185700004e-03
1.288948447570800182e+00 -3.333768485772300397e-03 -1.379641599796299981e-02 9.121066854765399893e-04 -1.223497831039799949e-04 -1.207649904346500122e-03
1.296413650288299912e+00 -4.034380460981300612e-03 -1.367017640579399999e-02 7.175839579405400874e-04 -4.492605662380600665e-04 -6.418022481190100575e-04
1.303160380362600179e+00 -4.961595409036800158e-03 -1.371022053594100204e-02 1.748285429898899929e-03 -1.376379285351799972e-03 8.631526674968400333e-05
1.309311675293500121e+00 -5.754967856622800193e-03 -1.481634487012500195e-02 1.991473991454999811e-03 -1.025988010614000160e-03 7.700674741178600282e-04
1.315088042671200164e+00 -5.741393378113300236e-03 -1.689311810441599879e-02 7.922916972029801167e-04 -1.429060969333200033e-04 1.251906371927300051e-03
1.321628044063100083e+00 -5.659583422086300088e-03 -1.791702469435900100e-02 4.041867867982500422e-04 4.543401247143100227e-04 1.135132864733399971e-03
1.329459781304300092e+00 -5.432911876592400567e-03 -1.756217059287299917e-02 4.319999322394000099e-04 3.567996392577700202e-04 8.723851926761800680e-04
1.336615697841300188e+00 -4.946645093524500159e-03 -1.653157193210099893e-02 -4.306257520117000000e-04 -5.144962739404099900e-04 7.741937853234800255e-04
1.343041480039100177e+00 -4.507300535056100663e-03 -1.566458474053500013e-02 -6.925898319559600346e-04 -1.308053413687400085e-03 6.296981550789400740e-04
1.349042416978599945e+00 -3.790529431241500356e-03 -1.686309629704400154e-02 -9.167545046106699656e-04 -6.087455872584200071e-04 3.296986471709700394e-04
1.354502611013000068e+00 -3.647562622368399898e-03 -1.856621109224499896e-02 -7.023125527230501298e-04 3.142735753891500133e-05 2.846231115258400111e-04
1.359883799841400176e+00 -4.042101222192700204e-03 -1.912670594470400331e-02 -2.796296670911099878e-04 -8.374625163085000761e-05 1.841845837779800010e-04
1.365593184925899983e+00 -3.941069565725000001e-03 -1.877755963337000150e-02 -2.539830182200000504e-04 -2.622711995799999977e-05 -4.969083308000000430e-06
1.371302570010400013e+00 -3.840037909257600340e-03 -1.842841332203500049e-02 -2.283363693480700224e-04 3.129201171570799824e-05 -1.941227503934500099e-04
1.376752621187200099e+00 -3.907879752200100337e-03 -1.776041377278200079e-02 5.063339304079000620e-05 -6.969349934065700771e-04 -2.033724712029800130e-04
1.382905266707700198e+00 -4.083477830380499891e-03 -1.763104916626100083e-02 -1.547836179704300077e-04 -1.101149935461000163e-03 -1.659587820506500070e-05
1.388650280739750054e+00 -3.898559727202000232e-03 -1.921889078924100130e-02 -1.476796383110000105e-04 -5.376263976119999982e-04 -1.221000886750000006e-04
1.394395294771800131e+00 -3.713641624024400026e-03 -2.080673241222000258e-02 -1.405756586508399928e-04 2.589714023776300129e-05 -2.276042991458500299e-04
1.398069353796100200e+00 -3.360353101479399921e-03 -2.149321495565200205e-02 -8.492319010112600553e-04 5.206445503070300995e-04 -5.834494117840200128e-05
1.402299853645800010e+00 -3.102090364831000101e-03 -2.149587825072900305e-02 -8.967370479748700517e-04 6.103837521371900275e-04 -2.320595382274999853e-04
1.405925303226900125e+00 -2.718815764964700385e-03 -2.013408204674700316e-02 -1.110292727947999976e-03 1.672865776340700219e-04 -1.458036831647900242e-04
1.408528727819000181e+00 -2.223503183387500002e-03 -1.854687266277700239e-02 -1.196051612421400109e-03 -4.453639559081900580e-04 -3.891299702552400235e-04
1.410268577232300036e+00 -2.156497124780199903e-03 -1.816453691153399955e-02 -1.126182340576500039e-03 -1.244971754110600019e-03 -2.796660868997100048e-04
1.411443140153200160e+00 -2.378770239394100133e-03 -1.872268422767400103e-02 -7.064742969655300872e-04 -1.604856573127700237e-03 -3.279166670500999799e-04
1.412736446211700247e+00 -2.498188671351399964e-03 -2.053749901393800079e-02 -7.918415635369699607e-04 -6.925577462823300987e-04 -2.494834301757800307e-04
1.413729657689066999e+00 -2.389838235984000168e-03 -2.107033475544900156e-02 -8.038870215890001015e-04 -4.191785455310000161e-04 -2.599161914159999766e-04
1.414722869166433084e+00 -2.281487800616999791e-03 -2.160317049695900313e-02 -8.159324796409999931e-04 -1.457993447800000190e-04 -2.703489526559999922e-04
1.415716080643800057e+00 -2.173137365249400068e-03 -2.213600623847000043e-02 -8.279779376931299889e-04 1.275798559707699918e-04 -2.807817138967500046e-04
1.416002087626200057e+00 -2.550114773181500188e-03 -2.136946168542800187e-02 -5.661404236796700393e-04 -3.672854697218600048e-04 1.142161535479500019e-05
1.415599233513400002e+00 -3.266278174380300194e-03 -2.139352226776999877e-02 -4.392787888265300609e-04 -6.859499239562800174e-04 7.091984547968000147e-04
1.414800308837400156e+00 -3.889339695560400413e-03 -2.259417712279600254e-02 -3.619831466102000207e-04 -2.680270281384500124e-04 9.713250788338800585e-04
1.414029930201600171e+00 -3.699720723931100054e-03 -2.313780441108199970e-02 -9.968668890116599759e-04 -3.846759406200100082e-04 1.103116557442699978e-03
1.413264548115800157e+00 -3.333480739606700313e-03 -2.366076694038400305e-02 -1.155690106992499945e-03 -4.287108122959899727e-04 1.016348956923100039e-03
1.412261546790300137e+00 -2.849556591598400093e-03 -2.424709065744000414e-02 -1.356533427049900044e-03 6.791540229724200373e-05 8.914988254221601011e-04
1.411297484852700013e+00 -2.571071175073700189e-03 -2.492284344143100294e-02 -1.199753279449300089e-03 3.544890622601800170e-04 6.202754772945901288e-04
1.410441205767799966e+00 -2.292059823608499913e-03 -2.414161875927500062e-02 -1.278857179203900197e-03 5.068075385062401029e-04 4.973320289391999554e-04
1.409677008542500110e+00 -2.043421653439300191e-03 -2.361182727043500268e-02 -1.473887260265300094e-03 4.397499087599600451e-04 3.481678070468700089e-04
1.408856315440099927e+00 -1.829101930849700132e-03 -2.333575387738100193e-02 -1.572981321891700132e-03 -1.001242766271399963e-04 2.505814108190800265e-04
1.407975018304700177e+00 -1.460842664185100104e-03 -2.312662103747200118e-02 -1.501892162433200034e-03 -9.276122154476501124e-05 -1.504504308426700236e-04
1.407147759454399960e+00 -1.465413922313299998e-03 -2.343981115301700321e-02 -1.224264082260600106e-03 -1.338133251560299911e-04 -2.598017024382599988e-05
1.406463080770100182e+00 -1.272618007959300203e-03 -2.376423821609300116e-02 -1.493844556947400122e-03 -4.466990735630199877e-04 1.008953575743300041e-05
1.405528193863299968e+00 -1.299355648883599931e-03 -2.426412375882799899e-02 -8.743529354781201047e-04 -4.557316139760299745e-05 -2.917955637776599941e-04
1.404827821907099983e+00 -1.360634195755799913e-03 -2.475839190216999955e-02 -7.571991086431999717e-04 1.532829103109599944e-04 -2.018543563914199925e-04
1.404061811041700025e+00 -1.594433445120300129e-03 -2.465112314177000247e-02 -4.666132997984300586e-04 -1.075068510718699984e-04 -1.165187508726000029e-04
1.402839791316900175e+00 -1.347272479930200018e-03 -2.470027510761800202e-02 -3.960807190487800338e-04 7.009891657256600355e-04 7.820034003445501005e-05
1.401601812900399979e+00 -6.911997359622400238e-04 -2.442320685502200051e-02 -5.238766410964200339e-04 9.692092344008601144e-04 -1.336393896387599899e-04
1.400434965840600121e+00 1.600718135850300137e-04 -2.313204723035799937e-02 -4.287644575801500841e-04 6.783555497824300369e-04 -5.958250746005200652e-05
1.399240075088900248e+00 1.066729809173999925e-03 -2.148907401147399920e-02 -1.054649086101400049e-03 2.905220947008400325e-04 -7.268681413301199777e-05
1.398249434111100031e+00 1.476791549306100040e-03 -2.043461368786200077e-02 -9.176457316266199921e-04 -2.114797280974200144e-04 -1.625769826900399945e-05
1.397148307804900069e+00 1.954418868459800035e-03 -1.992825506377300313e-02 -8.637744856299100788e-04 -1.985428314557300148e-04 -1.271362930452300062e-04
1.395819348664200099e+00 2.321125775236600013e-03 -2.049346083825399900e-02 -5.108245679987100238e-04 -3.433879864887000376e-04 -1.488345198504200132e-04
1.394772147695700015e+00 2.742889126653099991e-03 -2.069430595197500194e-02 -1.128000176685300168e-03 -3.656600190164900621e-04 -2.665420510155500170e-05
1.393673925119700119e+00 3.438818963721500341e-03 -2.105391595039900199e-02 -1.177506650707700001e-03 -3.186381687562700200e-04 2.853717301653100461e-05
1.392895930802300120e+00 3.827554636490100148e-03 -2.128463483837500156e-02 -1.267248528550600105e-03 -1.477864447881800127e-04 4.840003104544300140e-04
1.392271517270700087e+00 4.270358233149099993e-03 -2.176780778004699934e-02 -1.229970569296300140e-03 -1.458893063249500099e-04 9.836981609296399209e-04
1.391750318633899974e+00 4.474508619298700300e-03 -2.184203875493100078e-02 -1.572971970500200217e-03 2.490433055394699799e-04 1.413519841928700168e-03
1.390670691971999995e+00 5.140870032335800345e-03 -2.226990012847800127e-02 -1.701691190597800097e-03 7.698866864350099697e-04 1.843282115269699942e-03
1.390092232859900134e+00 5.787375933961800244e-03 -2.151808686439900253e-02 -1.684230296272900195e-03 1.111683969993200048e-04 2.036640296015500024e-03
1.389468381155499976e+00 6.082496657149400604e-03 -2.114979765770100273e-02 -9.895980916914800998e-04 -4.653495446952300480e-04 2.010546771570100120e-03
1.388864655292000094e+00 6.420362099821799902e-03 -2.108473437692800004e-02 -1.147600697851199926e-03 -2.172233435737299897e-05 2.413681114311100068e-03
1.388641458824800168e+00 6.860233073332500098e-03 -2.067184138864000195e-02 -1.019573438601100064e-03 -9.881353243627901111e-04 2.379103979435800292e-03
1.388260695035500092e+00 7.697398407352101096e-03 -2.147166220477800258e-02 -8.874010090854499589e-04 -7.472773532128099876e-04 2.373761144923200450e-03
1.387990938125000184e+00 8.617201982230400861e-03 -2.320145747563200078e-02 -1.019676235455400145e-03 2.412185807573399984e-04 2.495049826155900253e-03
1.388152333876599975e+00 9.323585759336800588e-03 -2.326126373278999959e-02 -1.029828577734000173e-03 7.846030827320400595e-05 2.491303247088200428e-03
1.388561908285399937e+00 1.022390419487800156e-02 -2.307032750853000094e-02 -1.266130172377999972e-03 5.794227471471699890e-04 2.259849322954200247e-03
1.389233330477000150e+00 1.154355322989400121e-02 -2.235704201974500135e-02 -1.584970428313100047e-03 4.090793551603200628e-04 2.023759139017700104e-03
1.389982863704499971e+00 1.278071884346700104e-02 -2.136974334350499882e-02 -1.727839515143200127e-03 2.539493801768799987e-04 1.670972473503299889e-03
1.390847714121700163e+00 1.300024804755199950e-02 -2.101590206407000228e-02 -1.774828676102499937e-03 -2.491842378545200474e-04 1.557655011183600073e-03
1.391971230197500020e+00 1.314215904363300047e-02 -2.083748177947800095e-02 -1.965870815551900089e-03 -4.733543132257000377e-04 1.296835414968700115e-03
1.392751426524600156e+00 1.319195697651100001e-02 -2.139915989072200056e-02 -1.830640476038900054e-03 -3.895169002946700340e-05 1.208399261543700084e-03
1.393598322968100156e+00 1.316854458447800150e-02 -2.196012594610300198e-02 -1.789283159120000181e-03 1.310739802176000106e-04 1.113151583265799965e-03
1.393821813843900026e+00 1.285087428919400032e-02 -2.140965028103700152e-02 -1.252661164417499980e-03 -7.223694499068600804e-04 1.151675494397499944e-03
1.393279935512600209e+00 1.281844338056300006e-02 -2.172039573096699872e-02 -1.506777907682200178e-03 -5.532753273744100151e-04 1.331794229720700004e-03
1.392111640394700034e+00 1.223348305674300078e-02 -2.269515280231000284e-02 -1.016989135283900012e-03 -7.217515501980499570e-05 1.414103227379200209e-03
1.391205161721200234e+00 1.131645651416000181e-02 -2.352827518384499952e-02 -7.337898004164699652e-04 3.242099971502100577e-04 1.842313836281999967e-03
1.390522137043800122e+00 1.038303746868100147e-02 -2.359288293674000059e-02 -5.161648677993999935e-04 1.029787895336600105e-03 2.155456007814500387e-03
1.389077659545200127e+00 9.991237966134500562e-03 -2.239096280138900066e-02 -5.447028848817800362e-04 8.087934167813299680e-04 2.244057934391700121e-03
1.387731239021100071e+00 9.851092773411201931e-03 -2.092118928931600147e-02 -5.034575331606300263e-04 2.775672465350000366e-04 2.356150774736000177e-03
1.385923647738100062e+00 9.675227805755500302e-03 -1.979826320621000391e-02 -2.940440563414300351e-04 3.053989406788000104e-04 2.442511645965499915e-03
1.384322163433300057e+00 9.249670861952099740e-03 -1.933757382160700145e-02 -1.784155605977000075e-04 8.389479234745299621e-04 2.454361905907699939e-03
1.382563966283200108e+00 8.385854406636699884e-03 -1.864085305120600014e-02 7.712302422638900746e-04 4.832264838594100154e-04 2.593050997733100087e-03
1.380980481821399986e+00 7.417742505577900464e-03 -1.791037108237100023e-02 1.295623565733100210e-03 5.149591120501000475e-04 2.675104308911400129e-03
1.379765545162100260e+00 6.261585625557300472e-03 -1.694371038062100071e-02 1.231197142694400197e-03 -2.701416413452700240e-04 3.052289695527400128e-03
1.378633244895300258e+00 5.371851584885500679e-03 -1.620528785513900005e-02 1.004884045527000081e-03 -1.047428508112400016e-03 3.266695064960500536e-03
1.376816611928000089e+00 4.823901924659000640e-03 -1.718310892165100107e-02 1.493021821088300191e-03 -6.104940450355599707e-04 3.435043545327100354e-03
1.375481715863299925e+00 4.389878573083499762e-03 -1.820506849361600010e-02 9.233093700526799922e-04 -6.807220436598399634e-05 3.863294854193000376e-03
1.373902090997900061e+00 3.972783024303300388e-03 -1.869875001543500059e-02 9.369984550705100050e-04 -2.882002896564800202e-04 4.174606254149999633e-03
1.372808964374000240e+00 4.232274289376000004e-03 -1.874822755484600173e-02 -3.739545600845699952e-04 -2.044174891259200016e-04 4.494636636761299708e-03
1.371436726954700092e+00 4.220441179736200005e-03 -1.887941647037399973e-02 2.476348544683100125e-05 -1.331348684197500136e-04 4.674025362021699999e-03
1.370895362717500010e+00 3.823432209354599935e-03 -1.912637765271800114e-02 -2.265362508905400065e-04 1.207897381204999952e-04 5.283798928425300322e-03
1.371131204760900113e+00 3.530625304327200068e-03 -1.904379168939900058e-02 -3.312732190533700452e-04 -3.424602111293799812e-04 5.712418452895200865e-03
1.371407009379300046e+00 3.516273436730900023e-03 -1.959200918684700365e-02 -5.658116000059000474e-04 1.001141213296200135e-04 5.700024846935900467e-03
1.373534627605800029e+00 3.447988510784000520e-03 -2.145426827827900257e-02 -1.747807961054500126e-04 9.512081756169100564e-04 5.838791613013600244e-03
1.376107980784100127e+00 2.961589945128200244e-03 -2.054114502711100118e-02 6.869146485767499812e-04 3.706160042726300372e-04 5.877127612196800417e-03
1.379970986392899945e+00 2.726285990544200215e-03 -2.076903298771900011e-02 -5.086055961391800124e-05 6.250249322030600359e-04 5.928788981258300249e-03
1.384527210018900112e+00 2.862230058457600201e-03 -1.965154475904400122e-02 -2.315822752964799818e-04 2.585995751688100223e-04 5.990772377352300559e-03
1.389142263695100077e+00 4.156858770023500078e-03 -1.904765273372900289e-02 -9.636614664216401225e-04 -1.104507384724399922e-04 5.628941636949599987e-03
1.394951765254700105e+00 5.464571430827300583e-03 -2.004934114189900127e-02 -2.139870644328800264e-03 2.647006956853100218e-05 5.278886015524500083e-03
1.401287005461500090e+00 6.629146878250200686e-03 -2.088789510408300271e-02 -2.694633844912200198e-03 1.049923500510999965e-03 4.828878608196199990e-03
1.407883274881799984e+00 7.058484319301000856e-03 -2.008635243651200192e-02 -2.322390951279000148e-03 8.705548054670000100e-04 4.489271063872000110e-03
1.414479544302100100e+00 7.487821760352500987e-03 -1.928480976894100113e-02 -1.950148057646300132e-03 6.911861104235900773e-04 4.149663519547899977e-03
1.421863909346300137e+00 7.005492291113701170e-03 -1.855728753714000132e-02 -9.561129042959500349e-04 7.933402622451499837e-04 4.038418964769099895e-03
1.428725831707500227e+00 6.275162694407700539e-03 -1.753314618768899921e-02 2.064118986653299900e-05 -8.089707242446700226e-06 4.067499108430500283e-03
1.435129788041200172e+00 5.966068471416900026e-03 -1.673262465646500191e-02 -1.006846863941099937e-04 -3.990685748713000669e-04 4.274048739920700141e-03
1.439117827698100038e+00 5.376984852136600448e-03 -1.697886283635499996e-02 3.726805101798100358e-04 -1.819369606448799966e-04 4.580659820987200044e-03
1.443748766763400138e+00 5.355785673090900784e-03 -1.810527330103000113e-02 4.747001423903499909e-04 1.017577533321199898e-03 4.552437869454700400e-03
1.452365309336800081e+00 5.733434808627300462e-03 -1.797150197139700187e-02 -1.204530021199599898e-04 1.353271928790000063e-03 4.555881816124599665e-03
1.462129193247350134e+00 6.131993466757999951e-03 -1.704325734280700069e-02 -4.342959248890000375e-04 4.510946075029999736e-04 4.495286670016000394e-03
1.471893077157900187e+00 6.530552124888400201e-03 -1.611501271421699952e-02 -7.481388476581200993e-04 -4.510827137849400103e-04 4.434691523906900655e-03
1.482081086481900067e+00 6.687260098129000144e-03 -1.685253882005099957e-02 -6.320989973837500171e-04 -1.073035355324500036e-03 4.495068176456300593e-03
1.490946885438700242e+00 6.323319939760399695e-03 -1.820144693658500012e-02 -3.599203567071200148e-04 -1.127899134918300189e-03 4.537331450490200181e-03
1.499883131956200266e+00 6.187214271253500472e-03 -1.996522729451299938e-02 -5.600859419934199959e-04 -5.666379508765100612e-04 4.617981760439900454e-03
1.510557793589899944e+00 6.405809965583900319e-03 -2.215869799377600050e-02 -8.018275940028900262e-04 7.068992093990400820e-04 4.718963198971300871e-03
1.528224787823299957e+00 6.800098535672899347e-03 -2.303585043912100006e-02 -1.028517325042400173e-03 1.164030640146800077e-03 4.594796515679499919e-03
1.540659082030400029e+00 6.988823138524000340e-03 -2.249545514672000174e-02 -1.047363313708000055e-03 1.102733422837400131e-03 4.661847705294100246e-03
1.557471277867800152e+00 6.417334060449600419e-03 -2.139352605092000037e-02 -2.361269109973399786e-04 -7.130024606106300563e-04 4.587060965967800115e-03
1.571514396364300126e+00 5.445049810990700359e-03 -2.182802038531900246e-02 8.454779011346400756e-04 -5.751209497472500659e-04 4.589220465481200217e-03
1.583432712834100142e+00 4.753113418384500438e-03 -2.243826449723600180e-02 1.063165293888600118e-03 1.597185736175900231e-04 4.642901452431900597e-03
1.593902789781400209e+00 5.056960643436100508e-03 -2.213765507384300030e-02 3.069609756423900132e-04 1.035987042382400039e-03 4.482481169285500514e-03
1.601467483678700177e+00 5.962082624472300751e-03 -1.934856430295300161e-02 -4.876930567426799798e-04 2.939793736163199959e-04 4.124014405926400631e-03
1.608963655228300205e+00 6.846657096001400322e-03 -1.693464822145200263e-02 -5.895661917754800715e-04 5.401352236148599913e-04 3.881363843418700419e-03
1.617588684350000028e+00 6.695182978748200585e-03 -1.565188363779000322e-02 -3.541019055378600184e-05 -2.827892421133400432e-04 3.572676341877400411e-03
1.625588542590500118e+00 6.734195002968800664e-03 -1.563239800420000020e-02 -1.716112055285100172e-04 -1.583313195312300063e-04 3.539929888401299827e-03
1.633725097715500230e+00 6.589072967596200717e-03 -1.622660243483600023e-02 2.996859533204100277e-04 3.471978216269999869e-04 3.618136398273200105e-03
1.642747891041399955e+00 6.566369788843499922e-03 -1.530820276998100075e-02 -1.328586962999700146e-04 3.432006021794900227e-04 3.617702144606899789e-03
1.647725328612600126e+00 6.525609296894399614e-03 -1.460010655832700080e-02 -1.712850642892700041e-04 -1.498172335643299918e-04 3.457851608162299667e-03
1.655744405570800160e+00 5.643628449855799672e-03 -1.481644992765399939e-02 7.288874612254600625e-04 5.141487747548899876e-04 3.572523929709700043e-03
1.662535831806300157e+00 5.270740135468399840e-03 -1.450011524454200042e-02 2.312127722982399889e-04 8.944744096203900447e-04 3.602929244834499837e-03
1.668857632302799932e+00 5.011259801727600653e-03 -1.282420877023900119e-02 9.230385532095399664e-04 -1.297009622770700199e-04 3.555289719161400241e-03
1.675527600163799979e+00 5.844942881239000715e-03 -1.208184614600200067e-02 -1.154502995047300157e-03 -4.862161238119200074e-04 3.649056838338300170e-03
1.679952240870100200e+00 5.977630158106200277e-03 -1.287265870862500106e-02 -4.472520037904000479e-04 -1.382207995943700004e-03 3.716205606419299961e-03
1.681148680754499969e+00 6.063438837957599997e-03 -1.322692903455600227e-02 -1.358177925809399972e-03 -9.138688041178100706e-04 3.906809332423000387e-03
1.680918972585000226e+00 5.554878243850400882e-03 -1.280866956608799935e-02 -9.945858948693700984e-04 -5.782687217186099514e-04 4.134957386260999616e-03
1.679808618653200192e+00 5.323276248035000574e-03 -1.171231673741000151e-02 -8.769402663124100479e-04 -8.676458905067900573e-04 4.461368378167999797e-03
1.678688415024200076e+00 5.426999662846300476e-03 -1.226204964819799931e-02 -1.033344733006100104e-03 -1.138215169297000068e-04 4.566519547043199588e-03
1.677657823359799849e+00 5.065812290890500322e-03 -1.268961505894999897e-02 -8.679156095648901280e-04 3.276954711793300082e-04 4.548889187810400449e-03
1.676703668161000138e+00 4.973236118861400559e-03 -1.211698764364500108e-02 -9.290563852940199319e-04 4.449864796097599724e-04 4.618107072469000186e-03
1.675871794948500026e+00 5.084391847884300701e-03 -1.105714092700599976e-02 -9.176229843011899159e-04 1.995013963954699824e-04 4.643853447042800217e-03
1.675030858378099952e+00 4.898420843641800200e-03 -1.054577509428999971e-02 -6.967643410618500933e-04 -1.053589728299400129e-03 4.670433417529300073e-03
1.673988801310200003e+00 4.572490557983800025e-03 -1.168695637630200179e-02 -6.459540154894800488e-04 -3.598232698145400143e-04 4.749196281874600717e-03
1.673513918090600017e+00 4.303762161495300678e-03 -1.260889585314100073e-02 -6.728855225378600606e-05 -2.977247949496700263e-04 4.418904131025600500e-03
1.672826278091700036e+00 4.087914794933300393e-03 -1.315445963319600113e-02 1.663149289513300103e-04 -4.850407710807499957e-05 3.969384245804299938e-03
1.671914160883700040e+00 3.477466063290699742e-03 -1.377169497682100008e-02 9.628054192993099622e-04 9.952213164366101143e-04 3.802051352469500503e-03
1.671623907205300075e+00 2.787239228398700076e-03 -1.275793155961200270e-02 1.450111440641100018e-03 1.013885581048100002e-03 3.761068333037800252e-03
1.671767372335200008e+00 2.879005673183099995e-03 -1.068013193096400103e-02 1.068966423655200084e-03 3.383930135927700139e-04 3.617275936495500596e-03
1.671948704772900030e+00 3.304085264156700428e-03 -9.452080743556100229e-03 5.168730392627199702e-04 -4.614296478521400066e-04 3.551285291065300279e-03
1.671477660960400291e+00 3.971915065186000168e-03 -1.017369229172200053e-02 8.879042655908299972e-06 3.829319276518199804e-05 3.487312059840300474e-03
1.670700067901700114e+00 4.332581730069400179e-03 -1.016229112466700106e-02 8.428942833141500645e-05 1.102552294420099978e-03 3.230352192591200503e-03
1.670393056621500172e+00 4.349078286107700177e-03 -9.046904682352901322e-03 5.314188016174000362e-04 3.935892111914900387e-04 3.011827594360900247e-03
1.670258886795300102e+00 4.402383445182300042e-03 -7.865616756387999731e-03 8.535123328931800996e-04 -1.604399367389500324e-05 2.896881913596000089e-03
1.670108751010500159e+00 4.595654531540999815e-03 -7.629421020751200183e-03 6.473084154862600650e-04 -5.138561723385699906e-04 2.826985401662900164e-03
1.669997599490099960e+00 5.272935980055500592e-03 -8.476843722856799990e-03 2.952954120127700361e-04 -2.263913623988800239e-04 2.820730807796100002e-03
1.670267482507199919e+00 5.761404397920700214e-03 -9.153439751894001247e-03 1.862503360811800304e-04 3.832949691041599911e-04 2.704309937262399863e-03
1.670881444055299925e+00 5.816148786878101024e-03 -9.166796702455499643e-03 2.742444045294500162e-04 1.975084603198200154e-04 2.692543866239800309e-03
1.671539840384100195e+00 5.887152950647699980e-03 -9.418842596471500850e-03 2.931742482917400281e-04 -2.243563942563300210e-04 2.801237651769800281e-03
1.672486000256300009e+00 5.856658779655000979e-03 -9.866617938514199784e-03 9.744640043018800053e-04 4.661643797425100381e-04 2.881561507828500103e-03
1.673994065398900055e+00 5.254012813605100571e-03 -9.852144052473000083e-03 1.411295514538100189e-03 1.611070269957400221e-04 3.508692346371999980e-03
1.676077106437800168e+00 3.944179985299200650e-03 -1.026430249186200024e-02 1.708878063535200151e-03 -3.238251964478000003e-04 4.039573758498699908e-03
1.677920386928899887e+00 3.393375515331700180e-03 -1.106853990837100045e-02 1.819730853320300143e-03 -5.262978378831900282e-04 4.497772002775599770e-03
1.679922266331800307e+00 3.514023644568100083e-03 -1.244124113641300114e-02 1.389820428380900141e-03 -2.787895183588299706e-04 4.731978904194199947e-03
1.682398373659599988e+00 4.026351157541000272e-03 -1.258585255756899945e-02 4.323886500686100203e-04 3.519600561302500363e-04 5.218128788293800724e-03
1.684974091552000175e+00 4.103562983683999542e-03 -1.230965703544100072e-02 6.974608898021000640e-04 7.561586533284300315e-04 5.571904734910500430e-03
1.687857238798700088e+00 4.415938128992100316e-03 -1.125863549699500019e-02 -1.497548254505300025e-06 4.542171310329800715e-04 5.826333428449000616e-03
1.691150303505299934e+00 4.334533155961699941e-03 -1.017695636827099966e-02 3.778122701145400497e-04 2.086556721764399973e-04 6.091872329269200359e-03
1.694452687266767121e+00 4.235411766276000675e-03 -1.039612472179800122e-02 5.802518525470000627e-04 -1.124406304990000020e-04 6.028671374300000052e-03
1.697755071028232976e+00 4.136290376588999500e-03 -1.061529307532500105e-02 7.826914349790000487e-04 -4.335369331750000459e-04 5.965470419330000038e-03
1.701057454789700163e+00 4.037168986903200488e-03 -1.083446142885200088e-02 9.851310174111801207e-04 -7.546332358502100181e-04 5.902269464360300130e-03
1.704040672699600023e+00 4.707760270336199676e-03 -1.197148747622800088e-02 6.099053301928799783e-04 -6.141656165586000318e-04 5.917156736602400408e-03
1.706794383872000331e+00 4.125076289306000253e-03 -1.307268701125099963e-02 1.664454420246000215e-03 8.378226784070000668e-04 5.907177445919000076e-03
1.709548095044399973e+00 3.542392308275899709e-03 -1.417388654627300265e-02 2.719003510298700216e-03 2.289810973373500053e-03 5.897198155236100213e-03
1.713018735539699966e+00 1.752188880025200074e-03 -1.032056872447500127e-02 2.936686207310800021e-03 1.341360189065100156e-03 6.172083958214599764e-03
1.717111820283900192e+00 1.673999669529300073e-03 -6.456965039416200612e-03 3.705513740845899941e-03 -9.850327848027402074e-04 5.879759054116300010e-03
1.721347831105900061e+00 2.641744277252200054e-03 -6.515568925288099840e-03 2.641523770420900474e-03 -2.128352522406600205e-03 5.767289583197400191e-03
