3.256469499319791794e-03 3.149861702695488930e-03 2.665238920599222183e-03 3.216617042198777199e-04 3.122132911812514067e-04 5.159690626896917820e-04
3.963381983339786530e-03 3.066790057346224785e-03 2.696406096220016479e-03 3.470047086011618376e-04 3.486336790956556797e-04 5.980535643175244331e-04
5.248861853033304214e-03 7.438150700181722641e-03 2.899561077356338501e-03 3.979348402936011553e-04 3.707119612954556942e-04 5.884736310690641403e-04
4.203741904348134995e-03 3.275939961895346642e-03 3.759133862331509590e-03 5.077809910289943218e-04 4.183574928902089596e-04 5.696270382031798363e-04
4.186709877103567123e-03 3.597665578126907349e-03 4.495274741202592850e-03 6.192706641741096973e-04 3.709942684508860111e-04 5.460632382892072201e-04
4.595592617988586426e-03 3.870788030326366425e-03 3.497208934277296066e-03 5.430841119959950447e-04 3.764721332117915154e-04 5.787871195934712887e-04
7.131511811167001724e-03 7.135607767850160599e-03 3.385355696082115173e-03 5.093203508295118809e-04 3.649060672614723444e-04 5.983501323498785496e-04
1.212175935506820679e-02 9.175894781947135925e-03 4.734051413834095001e-03 7.778320577926933765e-04 4.885597154498100281e-04 7.608558516949415207e-04
8.211907930672168732e-03 6.840440444648265839e-03 4.441927187144756317e-03 6.169205880723893642e-04 4.573806072585284710e-04 6.264272960834205151e-04
9.998230263590812683e-03 8.128255605697631836e-03 6.909795571118593216e-03 1.103588845580816269e-03 3.884190227836370468e-04 9.854421950876712799e-04
7.891279645264148712e-03 6.682237144559621811e-03 3.471235511824488640e-03 5.584858008660376072e-04 3.971432452090084553e-04 9.520107996650040150e-04
8.082804270088672638e-03 3.184089437127113342e-03 3.225239925086498260e-03 5.519730038940906525e-04 3.285626880824565887e-04 7.120587979443371296e-04
6.821939721703529358e-03 5.126354750245809555e-03 2.580491360276937485e-03 3.901533491443842649e-04 3.920652670785784721e-04 7.070860592648386955e-04
1.105624157935380936e-02 6.777085829526185989e-03 7.231194525957107544e-03 1.203157939016819000e-03 7.015544106252491474e-04 1.511718146502971649e-03
6.299269385635852814e-03 6.264882162213325500e-03 2.939798403531312943e-03 4.696456599049270153e-04 3.406625473871827126e-04 8.971389033831655979e-04
5.834086332470178604e-03 3.635230939835309982e-03 3.296077251434326172e-03 5.673224804922938347e-04 5.188965587876737118e-04 6.462681922130286694e-04
8.462902158498764038e-03 3.482360625639557838e-03 3.292335895821452141e-03 5.427892901934683323e-04 4.705254686996340752e-04 9.327264851890504360e-04
8.550697006285190582e-03 3.767814254388213158e-03 3.515647025778889656e-03 4.639509716071188450e-04 4.605096182785928249e-04 6.824807496741414070e-04
8.371195755898952484e-03 8.821914903819561005e-03 4.680113866925239563e-03 5.573920789174735546e-04 4.391937109176069498e-04 5.870651802979409695e-04
1.015610992908477783e-02 5.583289079368114471e-03 4.842203576117753983e-03 6.271048332564532757e-04 5.520336562767624855e-04 8.350426796823740005e-04
5.859922152012586594e-03 4.801675677299499512e-03 7.450684905052185059e-03 7.925864192657172680e-04 4.792356339748948812e-04 5.597269046120345592e-04
7.439767010509967804e-03 5.852434318512678146e-03 4.962800536304712296e-03 5.353544256649911404e-04 5.135198589414358139e-04 4.957219935022294521e-04
5.971809383481740952e-03 5.618726834654808044e-03 6.147233303636312485e-03 6.401225691661238670e-04 5.358700873330235481e-04 5.104815354570746422e-04
6.081859581172466278e-03 5.828250665217638016e-03 6.871665362268686295e-03 6.501137977465987206e-04 6.906467024236917496e-04 6.147118983790278435e-04
6.365154869854450226e-03 5.602574907243251801e-03 5.417295731604099274e-03 5.833469331264495850e-04 4.571492609102278948e-04 5.716122104786336422e-04
5.564542487263679504e-03 4.838773980736732483e-03 7.240675389766693115e-03 7.144025876186788082e-04 5.752232973463833332e-04 5.113569786772131920e-04
4.347061738371849060e-03 4.339584149420261383e-03 6.512006279081106186e-03 6.626352551393210888e-04 6.042615859769284725e-04 5.371759179979562759e-04
4.731339868158102036e-03 4.234560765326023102e-03 6.037171464413404465e-03 6.617479375563561916e-04 5.458511295728385448e-04 5.369564169086515903e-04
4.908403847366571426e-03 4.009487573057413101e-03 4.716472234576940536e-03 6.123436614871025085e-04 4.986653802916407585e-04 5.453232442960143089e-04
4.656886681914329529e-03 3.083661664277315140e-03 4.378097597509622574e-03 4.583686531987041235e-04 4.604654968716204166e-04 5.925110308453440666e-04
5.240017082542181015e-03 3.256861818954348564e-03 6.727514322847127914e-03 6.969711394049227238e-04 6.556214066222310066e-04 7.336701964959502220e-04
7.193712983280420303e-03 2.863324945792555809e-03 4.322614520788192749e-03 6.851024809293448925e-04 6.376910023391246796e-04 6.345814326778054237e-04
6.652917712926864624e-03 2.404955914244055748e-03 3.854655660688877106e-03 4.792133113369345665e-04 5.054846405982971191e-04 6.983698694966733456e-04
4.633280914276838303e-03 2.243520459160208702e-03 5.702006630599498749e-03 6.744703277945518494e-04 6.662146770395338535e-04 6.344865541905164719e-04
8.605605922639369965e-03 3.741719061508774757e-03 6.543036550283432007e-03 9.054161491803824902e-04 6.238383939489722252e-04 9.143877541646361351e-04
6.576060783118009567e-03 3.487944835796952248e-03 4.239753354340791702e-03 4.611374461092054844e-04 4.703517479356378317e-04 5.610255175270140171e-04
7.550344336777925491e-03 7.338056806474924088e-03 4.059987142682075500e-03 4.999695229344069958e-04 4.936748882755637169e-04 8.453648770228028297e-04
4.553014878183603287e-03 4.581544548273086548e-03 3.724505193531513214e-03 4.846447263844311237e-04 4.443759680725634098e-04 5.810786969959735870e-04
6.264994386583566666e-03 7.369047962129116058e-03 3.910345025360584259e-03 4.677594988606870174e-04 4.788411606568843126e-04 6.555272848345339298e-04
5.814153701066970825e-03 5.899106152355670929e-03 3.059946699067950249e-03 4.005523805972188711e-04 4.207024176139384508e-04 5.919210962019860744e-04
7.246479857712984085e-03 6.316502578556537628e-03 3.538434626534581184e-03 4.276402469258755445e-04 3.801428247243165970e-04 6.694601615890860558e-04
6.944836582988500595e-03 6.634823977947235107e-03 4.250095691531896591e-03 4.454765876289457083e-04 3.905311750713735819e-04 4.689915222115814686e-04
7.863136939704418182e-03 7.129928097128868103e-03 2.970877103507518768e-03 3.988497483078390360e-04 3.819451667368412018e-04 6.800920236855745316e-04
4.479384981095790863e-03 6.783883552998304367e-03 3.622448071837425232e-03 5.029282765462994576e-04 3.685652045533061028e-04 5.594312679022550583e-04
4.796324297785758972e-03 6.053044926375150681e-03 3.257902804762125015e-03 4.330450610723346472e-04 3.575636947061866522e-04 5.852548638358712196e-04
6.689043249934911728e-03 4.967212211340665817e-03 3.948732279241085052e-03 5.079016555100679398e-04 5.424909759312868118e-04 6.457370473071932793e-04
7.800654508173465729e-03 6.076521705836057663e-03 4.398690070956945419e-03 5.074222572147846222e-04 4.606448346748948097e-04 5.177828134037554264e-04
9.121417067945003510e-03 7.618772797286510468e-03 5.813808180391788483e-03 5.175581900402903557e-04 6.283615366555750370e-04 6.177106406539678574e-04
7.887245155870914459e-03 7.876140996813774109e-03 3.126587718725204468e-03 3.482933971099555492e-04 4.035368328914046288e-04 6.659897626377642155e-04
1.013791561126708984e-02 7.767771370708942413e-03 4.147071391344070435e-03 4.513553867582231760e-04 4.992246977053582668e-04 6.122506456449627876e-04
9.417640045285224915e-03 7.538834586739540100e-03 3.269617911428213120e-03 3.614340093918144703e-04 4.933001473546028137e-04 5.977731780149042606e-04
1.017992384731769562e-02 1.197146996855735779e-02 3.634143853560090065e-03 4.379253077786415815e-04 4.904150264337658882e-04 7.818039157427847385e-04
7.220410276204347610e-03 9.694652631878852844e-03 3.262122860178351402e-03 4.358019214123487473e-04 5.563047016039490700e-04 6.242522504180669785e-04
7.916148751974105835e-03 6.326660979539155960e-03 3.264033701270818710e-03 3.937222063541412354e-04 7.256103563122451305e-04 7.037008763290941715e-04
8.911422453820705414e-03 7.623374462127685547e-03 3.189705777913331985e-03 3.441875451244413853e-04 7.107034325599670410e-04 5.264809587970376015e-04
7.000923622399568558e-03 5.528612527996301651e-03 4.464328289031982422e-03 4.790261154994368553e-04 7.728668861091136932e-04 5.832522874698042870e-04
7.365169469267129898e-03 5.734791513532400131e-03 3.738734871149063110e-03 4.216684319544583559e-04 8.128480403684079647e-04 5.757955950684845448e-04
1.016858126968145370e-02 4.993297159671783447e-03 6.025914568454027176e-03 6.365082808770239353e-04 9.698172216303646564e-04 6.946208304725587368e-04
7.344879209995269775e-03 3.782187821343541145e-03 3.810586640611290932e-03 3.498844744171947241e-04 3.717746585607528687e-04 6.176406750455498695e-04
8.759965188801288605e-03 6.680984515696763992e-03 5.322548095136880875e-03 4.796599678229540586e-04 5.207070498727262020e-04 8.446496212854981422e-04
9.962822310626506805e-03 5.750309675931930542e-03 1.828504353761672974e-02 2.281800610944628716e-03 6.228469428606331348e-04 1.070923288352787495e-03
6.859831977635622025e-03 7.112129591405391693e-03 1.278589107096195221e-02 1.404325361363589764e-03 4.817085282411426306e-04 6.871524965390563011e-04
6.687362678349018097e-03 5.210245959460735321e-03 5.631651729345321655e-03 6.523973424918949604e-04 4.486260295379906893e-04 4.746335034724324942e-04
3.801761660724878311e-03 6.318596191704273224e-03 4.098813980817794800e-03 5.702091148123145103e-04 7.886532694101333618e-04 5.163550376892089844e-04
6.257898174226284027e-03 5.329119507223367691e-03 3.398668719455599785e-03 4.292521916795521975e-04 5.843972903676331043e-04 4.764251934830099344e-04
4.669574555009603500e-03 4.807766992598772049e-03 4.620171617716550827e-03 5.258739693090319633e-04 4.662538412958383560e-04 4.517324268817901611e-04
6.392221897840499878e-03 5.828459747135639191e-03 4.075907170772552490e-03 4.994487389922142029e-04 5.137261468917131424e-04 5.937980604358017445e-04
4.531776532530784607e-03 5.213271826505661011e-03 5.411260295659303665e-03 4.049031413160264492e-04 3.493772237561643124e-04 3.744256391655653715e-04
4.731334745883941650e-03 5.671518854796886444e-03 5.946086719632148743e-03 4.467293911147862673e-04 4.372978291939944029e-04 3.824131272267550230e-04
5.781760904937982559e-03 7.441312540322542191e-03 4.573088139295578003e-03 4.561023961286991835e-04 4.395318392198532820e-04 4.235624219290912151e-04
7.320926524698734283e-03 7.114788983017206192e-03 6.322728935629129410e-03 4.476470930967479944e-04 6.848044577054679394e-04 4.675576637964695692e-04
6.700936239212751389e-03 6.433435250073671341e-03 7.457562256604433060e-03 4.746043123304843903e-04 6.230117869563400745e-04 5.368760903365910053e-04
4.878466948866844177e-03 5.637631285935640335e-03 5.672709550708532333e-03 4.908565897494554520e-04 6.492846296168863773e-04 4.193461500108242035e-04
5.092208273708820343e-03 4.623479675501585007e-03 3.593207336962223053e-03 4.048136179335415363e-04 2.811769954860210419e-04 4.094765172339975834e-04
5.500979255884885788e-03 5.564444698393344879e-03 6.767879240214824677e-03 4.590981698129326105e-04 6.254405016079545021e-04 4.944133106619119644e-04
5.468144547194242477e-03 4.893992561846971512e-03 4.718744195997714996e-03 4.014785808976739645e-04 4.393343988340348005e-04 4.474940651562064886e-04
5.993421655148267746e-03 4.130703397095203400e-03 3.938866779208183289e-03 4.681206191889941692e-04 3.797743702307343483e-04 4.472722066566348076e-04
4.355567041784524918e-03 3.029087092727422714e-03 3.562435507774353027e-03 4.317736020311713219e-04 4.047770926263183355e-04 3.485520428512245417e-04
5.505233071744441986e-03 3.689728211611509323e-03 3.484492423012852669e-03 4.717699775937944651e-04 3.359155671205371618e-04 4.420977493282407522e-04
3.913028165698051453e-03 2.879160223528742790e-03 3.710612654685974121e-03 3.824775922112166882e-04 6.246851407922804356e-04 4.190721956547349691e-04
3.870161250233650208e-03 2.673093462362885475e-03 4.094552248716354370e-03 5.049582105129957199e-04 4.415651492308825254e-04 4.095405747648328543e-04
5.262874066829681396e-03 3.878138260915875435e-03 3.101508365944027901e-03 3.877853159792721272e-04 4.320578591432422400e-04 5.491895717568695545e-04
4.622824490070343018e-03 3.444673726335167885e-03 2.770493971183896065e-03 3.382844442967325449e-04 3.216669138055294752e-04 4.385676293168216944e-04
4.665513988584280014e-03 3.951571881771087646e-03 1.990806078538298607e-03 2.704403595998883247e-04 2.419678639853373170e-04 4.215028311591595411e-04
4.596046637743711472e-03 6.099852733314037323e-03 1.832328620366752148e-03 2.663899504113942385e-04 2.118060074280947447e-04 4.478487244341522455e-04
5.366246681660413742e-03 5.943182390183210373e-03 2.362903673201799393e-03 3.344016149640083313e-04 2.778903581202030182e-04 4.599335952661931515e-04
5.648891907185316086e-03 7.129056379199028015e-03 2.473689150065183640e-03 3.291184548288583755e-04 3.494403790682554245e-04 4.775124252773821354e-04
5.597827024757862091e-03 4.546788055449724197e-03 1.838077558204531670e-03 2.803724491968750954e-04 3.355370135977864265e-04 4.164156562183052301e-04
6.629829294979572296e-03 5.939499009400606155e-03 2.085601678118109703e-03 2.924253349192440510e-04 3.413239028304815292e-04 4.624177818186581135e-04
6.492350250482559204e-03 6.044093985110521317e-03 1.985027454793453217e-03 2.617560676299035549e-04 3.141226188745349646e-04 4.401320475153625011e-04
6.284481380134820938e-03 5.739150568842887878e-03 2.374072792008519173e-03 3.366406599525362253e-04 3.172735450789332390e-04 5.015765782445669174e-04
5.885852500796318054e-03 5.185265094041824341e-03 2.305789384990930557e-03 2.888160815928131342e-04 3.185193636454641819e-04 4.415143048390746117e-04
6.622445303946733475e-03 5.903786979615688324e-03 3.092846833169460297e-03 4.431415291037410498e-04 3.201876534149050713e-04 4.991366877220571041e-04
6.093785632401704788e-03 6.651961244642734528e-03 3.906217170879244804e-03 4.546229320112615824e-04 3.794263175223022699e-04 4.536332853604108095e-04
7.802776526659727097e-03 5.370950326323509216e-03 3.997042309492826462e-03 4.669692425522953272e-04 3.528628731146454811e-04 4.472117871046066284e-04
8.688781410455703735e-03 9.376975707709789276e-03 4.096338991075754166e-03 5.095452070236206055e-04 4.574842751026153564e-04 5.190534866414964199e-04
5.822605919092893600e-03 7.541419938206672668e-03 3.085616743192076683e-03 3.725540009327232838e-04 2.480785187799483538e-04 5.011744797229766846e-04
6.269183475524187088e-03 7.785567548125982285e-03 3.588039660826325417e-03 4.040781932417303324e-04 3.297673829365521669e-04 6.441610166803002357e-04
4.523625131696462631e-03 7.851586677134037018e-03 2.423807745799422264e-03 3.080017049796879292e-04 3.025874902959913015e-04 4.735543916467577219e-04
6.302979309111833572e-03 8.175904862582683563e-03 3.238683333620429039e-03 3.894864057656377554e-04 3.901010204572230577e-04 4.905564128421247005e-04
5.992197897285223007e-03 7.616586517542600632e-03 3.114655846729874611e-03 4.473401349969208241e-04 5.927174352109432220e-04 6.858510314486920834e-04
7.303778082132339478e-03 7.595044095069169998e-03 3.450340358540415764e-03 3.897490096278488636e-04 6.281679379753768444e-04 5.981409340165555477e-04
9.040626697242259979e-03 6.207503844052553177e-03 3.819537116214632988e-03 4.265127354301512241e-04 5.125000607222318649e-04 7.368068327195942402e-04
8.582599461078643799e-03 6.063748151063919067e-03 3.873153124004602432e-03 4.801307513844221830e-04 5.224731867201626301e-04 6.108196685090661049e-04
7.632299326360225677e-03 6.620186381042003632e-03 3.135685808956623077e-03 4.042626824229955673e-04 3.910573723260313272e-04 5.288415704853832722e-04
9.543707594275474548e-03 8.173177950084209442e-03 3.276428440585732460e-03 5.136704421602189541e-04 5.812994786538183689e-04 6.979145691730082035e-04
1.294889114797115326e-02 1.165792904794216156e-02 3.811116097494959831e-03 5.832886090502142906e-04 7.344115874730050564e-04 9.415918029844760895e-04
1.059513911604881287e-02 1.171054691076278687e-02 3.285451559349894524e-03 4.839780158363282681e-04 4.293547535780817270e-04 8.053034543991088867e-04
9.878989309072494507e-03 8.460828103125095367e-03 3.739686682820320129e-03 4.191024345345795155e-04 4.772543616127222776e-04 7.078119670040905476e-04
1.036201976239681244e-02 9.664277546107769012e-03 9.639947675168514252e-03 1.492837443947792053e-03 8.725975058041512966e-04 8.470480097457766533e-04
8.231368847191333771e-03 9.260924533009529114e-03 4.177697002887725830e-03 5.408795550465583801e-04 4.644822038244456053e-04 7.279547862708568573e-04
5.730750039219856262e-03 4.340020474046468735e-03 3.007603576406836510e-03 4.104810359422117472e-04 3.684880502987653017e-04 4.744674661196768284e-04
7.332021836191415787e-03 6.367551162838935852e-03 4.813585430383682251e-03 6.413905066438019276e-04 5.445079877972602844e-04 8.439268567599356174e-04
1.449277438223361969e-02 6.245168391615152359e-03 8.998734876513481140e-03 6.453454843722283840e-04 9.779399260878562927e-04 9.284538100473582745e-04
5.424109287559986115e-03 5.099189002066850662e-03 5.577340256422758102e-03 6.131823174655437469e-04 8.091807831078767776e-04 6.095579592511057854e-04
5.967638455331325531e-03 5.934153217822313309e-03 9.857319295406341553e-03 1.272846595384180546e-03 1.830304507166147232e-03 6.782165728509426117e-04
6.656356155872344971e-03 4.947981331497430801e-03 5.224272608757019043e-03 6.845675525255501270e-04 7.720554713159799576e-04 6.691321032121777534e-04
3.789895446971058846e-03 4.526241216808557510e-03 3.724218579009175301e-03 4.920198698528110981e-04 6.043632747605443001e-04 4.273156228009611368e-04
6.632643286138772964e-03 5.523292347788810730e-03 4.276650492101907730e-03 5.672093830071389675e-04 6.366522866301238537e-04 6.563892238773405552e-04
6.911818403750658035e-03 5.013792775571346283e-03 5.386660341173410416e-03 6.376486271619796753e-04 6.079938611947000027e-04 6.699570221826434135e-04
6.197132635861635208e-03 6.327537354081869125e-03 4.909148905426263809e-03 5.587821942754089832e-04 6.355669465847313404e-04 6.057134596630930901e-04
5.956500303000211716e-03 6.748456973582506180e-03 5.129747092723846436e-03 4.989310982637107372e-04 5.395144689828157425e-04 5.064644501544535160e-04
7.766078226268291473e-03 7.247522938996553421e-03 6.064215209335088730e-03 5.848442669957876205e-04 6.259860820136964321e-04 7.443693466484546661e-04
5.927345249801874161e-03 4.826390184462070465e-03 3.812747541815042496e-03 3.843299637082964182e-04 6.094061536714434624e-04 5.855450872331857681e-04
5.696676205843687057e-03 5.232284311205148697e-03 3.849301487207412720e-03 4.317711282055824995e-04 5.340588977560400963e-04 6.519728340208530426e-04
6.274828687310218811e-03 4.070761147886514664e-03 4.302540794014930725e-03 5.746045499108731747e-04 7.066434482112526894e-04 6.752805784344673157e-04
7.964463904500007629e-03 4.662122577428817749e-03 3.445652779191732407e-03 4.376816505100578070e-04 5.763654480688273907e-04 7.972676539793610573e-04
6.903844419866800308e-03 5.535288713872432709e-03 4.686870146542787552e-03 5.061101401224732399e-04 5.864202976226806641e-04 7.235234370455145836e-04
5.696746986359357834e-03 7.221800275146961212e-03 3.727206261828541756e-03 5.040231626480817795e-04 5.932673229835927486e-04 7.156447973102331161e-04
4.691242706030607224e-03 5.647401791065931320e-03 4.601037595421075821e-03 5.016180803067982197e-04 5.832097376696765423e-04 4.819317546207457781e-04
8.640622720122337341e-03 6.620965432375669479e-03 3.780492115765810013e-03 4.341638996265828609e-04 4.356121353339403868e-04 7.000284385867416859e-04
5.641884636133909225e-03 4.316804930567741394e-03 3.692430211231112480e-03 4.108898574486374855e-04 5.838000797666609287e-04 5.171766970306634903e-04
7.785730529576539993e-03 5.050736479461193085e-03 4.736243747174739838e-03 6.468949723057448864e-04 6.329743773676455021e-04 6.860666908323764801e-04
6.423535756766796112e-03 4.511442035436630249e-03 5.451994016766548157e-03 6.108350935392081738e-04 7.708362536504864693e-04 6.339676328934729099e-04
5.534808617085218430e-03 4.079203587025403976e-03 3.822400933131575584e-03 5.246546934358775616e-04 5.548187182284891605e-04 5.182300810702145100e-04
6.471273954957723618e-03 5.295353475958108902e-03 3.260185476392507553e-03 4.662104474846273661e-04 5.788778071291744709e-04 6.749486783519387245e-04
1.099333073943853378e-02 7.633142173290252686e-03 3.523533232510089874e-03 5.085435695946216583e-04 5.908149178139865398e-04 9.516085847280919552e-04
9.263173677027225494e-03 8.140753023326396942e-03 3.549686865881085396e-03 4.593471821863204241e-04 5.592345260083675385e-04 1.080504269339144230e-03
7.894963957369327545e-03 6.530703511089086533e-03 4.217203706502914429e-03 6.502697360701858997e-04 7.880148477852344513e-04 7.117884815670549870e-04
6.475162226706743240e-03 6.540637463331222534e-03 4.224550444632768631e-03 5.175592377781867981e-04 4.492046718951314688e-04 6.002177833579480648e-04
7.734006736427545547e-03 6.693494506180286407e-03 5.028994288295507431e-03 5.697299493476748466e-04 7.045193924568593502e-04 8.404370164498686790e-04
9.238752536475658417e-03 9.302465245127677917e-03 4.994871560484170914e-03 7.326159975491464138e-04 4.108308639843016863e-04 6.765216239728033543e-04
7.414129097014665604e-03 9.520299732685089111e-03 4.777951631695032120e-03 6.655612378381192684e-04 5.309737171046435833e-04 8.434797637164592743e-04
1.036825776100158691e-02 8.404138498008251190e-03 4.665950313210487366e-03 4.456237074919044971e-04 5.096923559904098511e-04 9.091303800232708454e-04
9.799036197364330292e-03 8.303188718855381012e-03 4.787578247487545013e-03 5.057608359493315220e-04 6.211961735971271992e-04 7.076781475916504860e-04
1.059646159410476685e-02 1.521596219390630722e-02 4.599702544510364532e-03 5.439482629299163818e-04 5.488188471645116806e-04 9.226083057001233101e-04
9.156555868685245514e-03 8.188217878341674805e-03 4.686850123107433319e-03 6.030435324646532536e-04 5.757765611633658409e-04 7.074004970490932465e-04
1.378173753619194031e-02 1.049205567687749863e-02 1.220714766532182693e-02 1.515577780082821846e-03 8.124276064336299896e-04 1.087989076040685177e-03
1.226354856044054031e-02 1.061293575912714005e-02 5.925732664763927460e-03 9.072851971723139286e-04 8.771797292865812778e-04 1.024229102768003941e-03
6.262572482228279114e-03 5.647437646985054016e-03 3.656233893707394600e-03 4.197742673568427563e-04 5.435865605250000954e-04 6.514808046631515026e-04
9.478009305894374847e-03 5.696088541299104691e-03 6.859186571091413498e-03 7.239623228088021278e-04 7.679341360926628113e-04 1.217404962517321110e-03
9.052580222487449646e-03 3.623384749516844749e-03 5.373791791498661041e-03 6.891703233122825623e-04 8.894258062355220318e-04 1.017115660943090916e-03
9.092359803617000580e-03 7.039518561214208603e-03 4.981600213795900345e-03 6.046768976375460625e-04 8.031295146793127060e-04 7.225508452393114567e-04
7.954605855047702789e-03 8.343783207237720490e-03 5.499099381268024445e-03 8.573526283726096153e-04 8.771813591010868549e-04 9.419947164133191109e-04
7.426335476338863373e-03 6.074972916394472122e-03 4.589633550494909286e-03 7.056719623506069183e-04 5.930712795816361904e-04 8.226341451518237591e-04
7.842835038900375366e-03 7.506643421947956085e-03 6.118085701018571854e-03 6.550343241542577744e-04 7.333141984418034554e-04 6.226430996321141720e-04
7.351065520197153091e-03 6.138315889984369278e-03 4.530488513410091400e-03 6.179694901220500469e-04 5.495112272910773754e-04 6.849544588476419449e-04
1.057245675474405289e-02 8.284211158752441406e-03 8.981184102594852448e-03 1.229660236276686192e-03 6.745994905941188335e-04 1.378088491037487984e-03
7.230940274894237518e-03 6.735448259860277176e-03 4.979555029422044754e-03 6.653228192590177059e-04 7.248889305628836155e-04 7.741893059574067593e-04
6.695024669170379639e-03 6.491537671536207199e-03 4.921504296362400055e-03 5.352963344193994999e-04 5.372976302169263363e-04 6.630428251810371876e-04
7.856409996747970581e-03 4.321854561567306519e-03 6.044251844286918640e-03 6.332714692689478397e-04 5.033872439526021481e-04 7.163783302530646324e-04
5.744453519582748413e-03 2.846100833266973495e-03 4.536209162324666977e-03 5.526141612790524960e-04 4.035620368085801601e-04 5.358677008189260960e-04
5.927046760916709900e-03 3.233914729207754135e-03 4.449811764061450958e-03 4.844071518164128065e-04 4.465705133043229580e-04 5.363825475797057152e-04
6.675494369119405746e-03 4.878066945821046829e-03 6.243226584047079086e-03 5.723183858208358288e-04 6.245461991056799889e-04 6.089441594667732716e-04
7.541550789028406143e-03 4.833108745515346527e-03 4.648682195693254471e-03 6.117415614426136017e-04 4.299063293728977442e-04 6.143173086456954479e-04
7.029660977423191071e-03 5.014491733163595200e-03 4.728625062853097916e-03 5.269876564852893353e-04 4.650597402360290289e-04 6.485352059826254845e-04
7.486277259886264801e-03 6.552472244948148727e-03 3.931329585611820221e-03 4.621384432539343834e-04 4.754170076921582222e-04 6.793381762690842152e-04
7.101633585989475250e-03 7.013676222413778305e-03 3.817999269813299179e-03 6.014759419485926628e-04 4.315370752010494471e-04 5.588684580288827419e-04
1.085365004837512970e-02 6.871101446449756622e-03 3.074559150263667107e-03 4.499680653680115938e-04 4.282472655177116394e-04 7.885929080657660961e-04
6.116615142673254013e-03 6.235290318727493286e-03 2.619595034047961235e-03 3.682351671159267426e-04 3.640382201410830021e-04 6.324817077256739140e-04
5.992711521685123444e-03 6.561281625181436539e-03 3.019393188878893852e-03 4.573998157866299152e-04 5.389262223616242409e-04 6.324896239675581455e-04
6.366719491779804230e-03 7.582030724734067917e-03 4.213024862110614777e-03 6.513104890473186970e-04 6.470727967098355293e-04 5.490167532116174698e-04
6.307187955826520920e-03 8.729211054742336273e-03 4.885531496256589890e-03 7.716101827099919319e-04 4.539282817859202623e-04 5.975324311293661594e-04
5.740141961723566055e-03 6.941894069314002991e-03 3.580564865842461586e-03 5.347799160517752171e-04 4.692969087045639753e-04 5.366686382330954075e-04
7.078667171299457550e-03 9.373242966830730438e-03 5.617315415292978287e-03 8.405394037254154682e-04 4.122352693229913712e-04 6.677881465293467045e-04
4.971495363861322403e-03 5.467794835567474365e-03 3.854843322187662125e-03 5.272250273264944553e-04 5.151788354851305485e-04 4.736770060844719410e-04
7.048791740089654922e-03 6.308325100690126419e-03 4.646934103220701218e-03 5.315208691172301769e-04 6.838684203103184700e-04 5.756495520472526550e-04
7.113610394299030304e-03 6.806047167629003525e-03 5.375275854021310806e-03 5.771032883785665035e-04 7.741863373667001724e-04 5.679271998815238476e-04
8.756735362112522125e-03 7.099117618054151535e-03 5.351575091481208801e-03 4.481913056224584579e-04 9.773139609023928642e-04 6.773959612473845482e-04
8.623474277555942535e-03 6.275370717048645020e-03 3.263260237872600555e-03 4.245658928994089365e-04 4.732534289360046387e-04 5.728093674406409264e-04
8.213586173951625824e-03 7.417651824653148651e-03 3.858196781948208809e-03 3.877081326209008694e-04 5.921890260651707649e-04 6.377038080245256424e-04
7.636801805347204208e-03 8.937107399106025696e-03 4.315699916332960129e-03 4.879025509580969810e-04 5.222003092058002949e-04 6.338323000818490982e-04
7.404707372188568115e-03 7.818678393959999084e-03 5.316186696290969849e-03 5.639383452944457531e-04 5.910159670747816563e-04 6.576234591193497181e-04
7.258607074618339539e-03 7.300054654479026794e-03 5.218054167926311493e-03 5.546666798181831837e-04 5.706243100576102734e-04 6.229772698134183884e-04
1.111763436347246170e-02 9.702540934085845947e-03 5.780521314591169357e-03 5.913806380704045296e-04 7.645757868885993958e-04 7.551306043751537800e-04
