1.255784532986581326e-03 2.565812028478831053e-04 1.049496568157337606e-04 2.710187618504278362e-05 1.358053759759059176e-05 5.248516390565782785e-05
1.116119092330336571e-03 2.471122134011238813e-04 9.949181549018248916e-05 2.704681537579745054e-05 1.329273072769865394e-05 4.639626786229200661e-05
8.886473369784653187e-04 2.548942284192889929e-04 1.002067147055640817e-04 2.633999065437819809e-05 1.370665904687484726e-05 4.747290222439914942e-05
9.414391242899000645e-04 2.512042992748320103e-04 9.966263314709067345e-05 2.747588405327405781e-05 1.343064286629669368e-05 4.349569644546136260e-05
9.577032760716974735e-04 2.273321733810007572e-04 1.059701608028262854e-04 2.961567952297627926e-05 1.307023194385692477e-05 3.962350456276908517e-05
8.533677319064736366e-04 2.430827735224738717e-04 1.081451846403069794e-04 3.010148611792828888e-05 1.499238078395137563e-05 4.466953760129399598e-05
9.769264142960309982e-04 2.328651462448760867e-04 1.041470459313131869e-04 2.778288580884691328e-05 1.488197813159786165e-05 4.820508911507204175e-05
7.740194560028612614e-04 2.278444444527849555e-04 1.006275124382227659e-04 2.607497845019679517e-05 1.570283893670421094e-05 4.586049908539280295e-05
8.525040466338396072e-04 2.192887477576732635e-04 9.310918539995327592e-05 2.472273445164319128e-05 1.508375498815439641e-05 4.186103615211322904e-05
6.699102814309298992e-04 2.240156318293884397e-04 9.147504169959574938e-05 2.531488462409470230e-05 1.357863766315858811e-05 4.416581577970646322e-05
7.930151768960058689e-04 2.261356567032635212e-04 1.014020526781678200e-04 2.914139622589573264e-05 1.577918737893924117e-05 4.566470670397393405e-05
6.917106220498681068e-04 2.146966726286336780e-04 1.006275560939684510e-04 3.095881402259692550e-05 1.363985302305081859e-05 4.511474253376945853e-05
7.364618941210210323e-04 2.050027396762743592e-04 1.019766423269174993e-04 3.217788980691693723e-05 1.284789959754562005e-05 4.225118391332216561e-05
7.188946474343538284e-04 1.997992512769997120e-04 1.108640281017869711e-04 3.288927473477087915e-05 1.431365399184869602e-05 4.405614890856668353e-05
7.816377910785377026e-04 1.988065341720357537e-04 1.111100427806377411e-04 3.042297976207919419e-05 1.538331889605615288e-05 4.186996739008463919e-05
8.296399610117077827e-04 2.010817697737365961e-04 1.196969678858295083e-04 2.874589699786156416e-05 1.527413041912950575e-05 3.855481918435543776e-05
6.807948811911046505e-04 2.011540491366758943e-04 1.189843605970963836e-04 2.818369102897122502e-05 1.559843985887710005e-05 3.868091880576685071e-05
7.933060405775904655e-04 2.096837561111897230e-04 1.224084990099072456e-04 2.834282167896162719e-05 1.547249303257558495e-05 4.111262023798190057e-05
6.641313666477799416e-04 2.091228816425427794e-04 1.037845649989321828e-04 2.261216832266654819e-05 1.605792385817039758e-05 3.961653783335350454e-05
8.062539272941648960e-04 2.114272065227851272e-04 9.840662823989987373e-05 1.888143378891982138e-05 1.673054248385597020e-05 3.337881207698956132e-05
6.183462683111429214e-04 2.214392006862908602e-04 1.119955632020719349e-04 2.366814260312821716e-05 1.745486406434793025e-05 3.298752199043519795e-05
6.452968227677047253e-04 2.394104667473584414e-04 1.073086532414890826e-04 2.272305391670670360e-05 1.746160523907747120e-05 3.656150875031016767e-05
5.727479583583772182e-04 2.328733535250648856e-04 1.083854513126425445e-04 2.511475213395897299e-05 1.252879337698686868e-05 3.390427445992827415e-05
5.670912214554846287e-04 2.656097931321710348e-04 1.178142265416681767e-04 2.664971361809875816e-05 1.446926671633264050e-05 3.530758112901821733e-05
5.070024053566157818e-04 2.552791847847402096e-04 1.217192257172428071e-04 2.005779242608696222e-05 1.321701074630254880e-05 3.348755853949114680e-05
5.494621582329273224e-04 2.438678930047899485e-04 1.376733271172270179e-04 2.540388595662079751e-05 1.645200427446980029e-05 3.562075289664790034e-05
5.316541646607220173e-04 2.432502806186676025e-04 1.581554097356274724e-04 3.443730020080693066e-05 2.104225131915882230e-05 3.494345583021640778e-05
6.917211576364934444e-04 2.335413591936230659e-04 1.112826503231190145e-04 2.543563823564909399e-05 1.782647996151354164e-05 3.849260610877536237e-05
7.608974701724946499e-04 2.268048556288704276e-04 1.013053697533905506e-04 2.515886990295257419e-05 1.614802749827504158e-05 3.817063043243251741e-05
7.443443173542618752e-04 2.308781549800187349e-04 1.083875104086473584e-04 2.853588739526458085e-05 1.081941991287749261e-05 4.112967872060835361e-05
7.968390127643942833e-04 2.212631661677733064e-04 1.124279442592523992e-04 2.963991755677852780e-05 1.111573874368332326e-05 4.136715506319887936e-05
7.580436067655682564e-04 2.208622754551470280e-04 1.193117277580313385e-04 3.480813393252901733e-05 1.363740648230304942e-05 4.025080124847590923e-05
7.405451033264398575e-04 2.183388860430568457e-04 1.153507182607427239e-04 3.173364893882535398e-05 1.475700264563784003e-05 4.054028977407142520e-05
7.766875787638127804e-04 2.090158232022076845e-04 1.029891573125496507e-04 2.837054307747166604e-05 1.418760348315117881e-05 4.178984818281605840e-05
6.994001450948417187e-04 2.166476915590465069e-04 1.101344823837280273e-04 3.299430682091042399e-05 1.342732593911932781e-05 3.959022069466300309e-05
8.320029010064899921e-04 2.112639922415837646e-04 1.131502067437395453e-04 3.215777542209252715e-05 1.335220440523698926e-05 4.180797986919060349e-05
8.569437195546925068e-04 2.019306848524138331e-04 1.089486686396412551e-04 3.300461685284972191e-05 1.379386685584904626e-05 4.026684473501518369e-05
7.980791269801557064e-04 2.137579140253365040e-04 1.140757958637550473e-04 3.476042911643162370e-05 1.612455344002228230e-05 4.114252442377619445e-05
7.041026838123798370e-04 2.268531534355133772e-04 1.264201127924025059e-04 3.744594141608104110e-05 1.666268326516728848e-05 4.278786218492314219e-05
7.184063433669507504e-04 2.184186159865930676e-04 1.148096489487215877e-04 3.578652467695064843e-05 1.601857184141408652e-05 3.932186882593668997e-05
9.340201504528522491e-04 2.216313150711357594e-04 1.373012637486681342e-04 4.340551458881236613e-05 1.691765828581992537e-05 4.216878005536273122e-05
9.894547984004020691e-04 2.228963130619376898e-04 1.395546423736959696e-04 4.546697164187207818e-05 1.422836157871643081e-05 4.478145274333655834e-05
1.017424743622541428e-03 2.148797211702913046e-04 1.095644765882752836e-04 3.408526754355989397e-05 1.288307885261019692e-05 4.514743704930879176e-05
1.259480253793299198e-03 2.145468752132728696e-04 1.065955366357229650e-04 3.202974403393454850e-05 1.481109848100459203e-05 4.078827623743563890e-05
1.087026670575141907e-03 2.124089223798364401e-04 1.197369638248346746e-04 3.369088881299830973e-05 1.568841798871289939e-05 3.826952524832449853e-05
8.210722589865326881e-04 2.280422486364841461e-04 1.135215425165370107e-04 3.090751124545931816e-05 1.577475995873101056e-05 4.118747165193781257e-05
6.115738069638609886e-04 2.150117070414125919e-04 1.052353327395394444e-04 2.846581810445059091e-05 1.396187963109696284e-05 3.836202449747361243e-05
6.783230928704142570e-04 2.011867909459397197e-04 1.093836690415628254e-04 3.089016536250710487e-05 1.277354567719157785e-05 3.983932765549980104e-05
5.555674433708190918e-04 1.934209722094237804e-04 1.193961434182710946e-04 3.043808283109683543e-05 1.450766467314679176e-05 4.456651367945596576e-05
5.463529378175735474e-04 1.835403963923454285e-04 1.215768352267332375e-04 2.661345206433907151e-05 1.697286461421754211e-05 4.750256994157098234e-05
1.226574648171663284e-03 1.868295948952436447e-04 1.058007692336104810e-04 2.394521288806572556e-05 1.447575596102979034e-05 4.799840826308354735e-05
1.441147178411483765e-03 2.011947944993153214e-04 1.299091818509623408e-04 2.847598079824820161e-05 1.539523873361758888e-05 4.369170710560865700e-05
1.121213077567517757e-03 2.134132373612374067e-04 1.537097559776157141e-04 3.194731107214465737e-05 1.792533657862804830e-05 4.812921542907133698e-05
1.052597421221435070e-03 2.051401970675215125e-04 1.442087523173540831e-04 3.383626972208730876e-05 1.498556139267748222e-05 4.915824320050887764e-05
1.124279457144439220e-03 2.026514848694205284e-04 1.404602080583572388e-04 2.797836532408837229e-05 1.859895928646437824e-05 5.025324571761302650e-05
7.894297013990581036e-04 1.974116603378206491e-04 1.493247546022757888e-04 3.344675496919080615e-05 1.782002982508856803e-05 4.632482523447833955e-05
6.758839590474963188e-04 1.869135448941960931e-04 1.327412028331309557e-04 2.848388430720660836e-05 1.382290520268725231e-05 4.102706225239671767e-05
5.500552942976355553e-04 1.867739920271560550e-04 1.305568584939464927e-04 2.689452230697497725e-05 1.595140020071994513e-05 3.895021654898300767e-05
5.468684248626232147e-04 2.114633534802123904e-04 1.218859251821413636e-04 2.526441676309332252e-05 1.469354720029514283e-05 3.712183752213604748e-05
6.682699895463883877e-04 2.260883047711104155e-04 1.149724557762965560e-04 2.038671664195135236e-05 1.583189987286459655e-05 3.865594771923497319e-05
6.301430985331535339e-04 2.430173917673528194e-04 1.165058201877400279e-04 2.282653258589562029e-05 1.574356792843900621e-05 3.701691821333952248e-05
7.904788944870233536e-04 2.766764373518526554e-04 1.352624094579368830e-04 2.450006650178693235e-05 1.649692421779036522e-05 3.810238922596909106e-05
7.448212127201259136e-04 2.920881670434027910e-04 1.220710546476766467e-04 1.946518204931635410e-05 1.659156987443566322e-05 4.022415305371396244e-05
6.756993825547397137e-04 2.651856048032641411e-04 1.179214741569012403e-04 2.057944766420405358e-05 1.487000281485961750e-05 3.770588955376297235e-05
6.700787926092743874e-04 2.568503259681165218e-04 1.150711541413329542e-04 2.013054472627118230e-05 1.451427033316576853e-05 3.732522236532531679e-05
7.216680678538978100e-04 2.499505644664168358e-04 1.016549213090911508e-04 1.821056321205105633e-05 1.335021534032421187e-05 3.752367410925216973e-05
7.327721687033772469e-04 2.435617934679612517e-04 1.084253744920715690e-04 1.997040271817240864e-05 1.470259212510427460e-05 3.739138628588989377e-05
7.939648348838090897e-04 2.586342743597924709e-04 1.106710915337316692e-04 1.990094824577681720e-05 1.519262968940893188e-05 3.933097104891203344e-05
7.975494372658431530e-04 2.486305602360516787e-04 1.072133964044041932e-04 2.146112092304974794e-05 1.534428520244546235e-05 3.974665378336794674e-05
7.712668739259243011e-04 2.517541870474815369e-04 1.076020489563234150e-04 2.094628325721714646e-05 1.398819949827156961e-05 4.015918239019811153e-05
7.446210365742444992e-04 2.409948938293382525e-04 1.042184376274235547e-04 1.850088847277220339e-05 1.417466592101845890e-05 4.130486195208504796e-05
6.999177276156842709e-04 2.393702598055824637e-04 9.621118078939616680e-05 1.805463216442149132e-05 1.449094088457059115e-05 4.087260822416283190e-05
6.963034975342452526e-04 2.348103153053671122e-04 8.785897807683795691e-05 1.783389780030120164e-05 1.394556602463126183e-05 4.099044599570333958e-05
6.822918076068162918e-04 2.303090586792677641e-04 7.966070552356541157e-05 1.723482819215860218e-05 1.247522686753654853e-05 4.121928577660582960e-05
7.357862195931375027e-04 2.251159457955509424e-04 7.801000174367800355e-05 1.735090881993528455e-05 1.336915374849922955e-05 4.055351746501401067e-05
8.125826134346425533e-04 2.306960523128509521e-04 7.666756573598831892e-05 1.748104295984376222e-05 1.344380052614724264e-05 4.409363828017376363e-05
9.021671721711754799e-04 2.295757294632494450e-04 7.841856859158724546e-05 1.849108411988709122e-05 1.288832027057651430e-05 4.269551573088392615e-05
9.226988186128437519e-04 2.293787838425487280e-04 8.230755338445305824e-05 2.196315654146019369e-05 1.288347993977367878e-05 4.410839392221532762e-05
8.498860988765954971e-04 2.315795136382803321e-04 8.324193913722410798e-05 2.377566670475061983e-05 1.309897288592765108e-05 4.287499177735298872e-05
9.056316339410841465e-04 2.195531851612031460e-04 9.189776756102219224e-05 2.609396688058041036e-05 1.312696713284822181e-05 4.166146027273498476e-05
9.054690599441528320e-04 2.069850452244281769e-04 1.031940992106683552e-04 3.028087485290598124e-05 1.432675071555422619e-05 4.287026968086138368e-05
9.145629592239856720e-04 2.024830464506521821e-04 1.025103701977059245e-04 2.994107853737659752e-05 1.416488794347969815e-05 3.974517676397226751e-05
9.218343184329569340e-04 1.993105252040550113e-04 9.391290950588881969e-05 2.726864840951748192e-05 1.305934620177140459e-05 4.020017877337522805e-05
8.506318554282188416e-04 2.048598107649013400e-04 9.312963084084913135e-05 2.679801946214865893e-05 1.259641521755838767e-05 3.998741885880008340e-05
1.008384861052036285e-03 2.119657438015565276e-04 9.414926898898556828e-05 2.732044595177285373e-05 1.219403293362120166e-05 4.215258741169236600e-05
8.858187356963753700e-04 2.173871471313759685e-04 9.407170728081837296e-05 3.101221227552741766e-05 1.199842336063738912e-05 4.337812060839496553e-05
7.817211444489657879e-04 2.287922397954389453e-04 9.532582043902948499e-05 2.962469079648144543e-05 1.404061913490295410e-05 4.405644358485005796e-05
7.090357830747961998e-04 2.395231422269716859e-04 9.999054600484669209e-05 2.918274003604892641e-05 1.469498238293454051e-05 4.455005910131148994e-05
7.348335348069667816e-04 2.333005249965935946e-04 1.048958001774735749e-04 2.685842082428280264e-05 1.542658719699829817e-05 4.201518095214851201e-05
6.033552926965057850e-04 2.292564167873933911e-04 9.967600635718554258e-05 2.137587762263137847e-05 1.518771023256704211e-05 3.718066363944672048e-05
6.143384380266070366e-04 2.537104592192918062e-04 9.119074093177914619e-05 1.938935020007193089e-05 1.405401144438656047e-05 3.883665704051963985e-05
5.384581745602190495e-04 2.669960958883166313e-04 8.548048208467662334e-05 1.896014691737946123e-05 1.345811142527963966e-05 3.745383219211362302e-05
5.529943155124783516e-04 2.799203502945601940e-04 8.446347783319652081e-05 1.529517066956032068e-05 1.422657260263804346e-05 3.406086761970072985e-05
5.234503769315779209e-04 2.992596419062465429e-04 7.943003583932295442e-05 1.408573552907910198e-05 1.447582144464831799e-05 3.883197496179491282e-05
4.567342984955757856e-04 3.018434217665344477e-04 7.873288268456235528e-05 1.456501740904059261e-05 1.418535885022720322e-05 3.398576882318593562e-05
4.670568450819700956e-04 3.151944256387650967e-04 7.744271715637296438e-05 1.376104864903027192e-05 1.512547351012472063e-05 3.632566222222521901e-05
4.941565566696226597e-04 3.302591503597795963e-04 7.367657963186502457e-05 1.386408712278353050e-05 1.512929975433507934e-05 3.579559415811672807e-05
4.921637009829282761e-04 3.423008602112531662e-04 7.080620707711204886e-05 1.379274453938705847e-05 1.400031214870978147e-05 3.537182055879384279e-05
5.387708079069852829e-04 3.475198172964155674e-04 7.989953883225098252e-05 1.732241616991814226e-05 1.424041056452551857e-05 3.548399763531051576e-05
5.340420757420361042e-04 3.484349290374666452e-04 8.536578388884663582e-05 1.936151238624006510e-05 1.332922238361788914e-05 3.287045183242298663e-05
5.313124274834990501e-04 3.774331416934728622e-04 7.971532613737508655e-05 1.733850513119250536e-05 1.093300397769780830e-05 3.633524465840309858e-05
5.081706331111490726e-04 3.432832018006592989e-04 8.484791032969951630e-05 1.781643186404835433e-05 1.215636893903138116e-05 3.600834315875545144e-05
5.049187457188963890e-04 3.548575041349977255e-04 8.317736501339823008e-05 1.828278618631884456e-05 1.217802218889119104e-05 4.023497240268625319e-05
6.402576691471040249e-04 3.571182896848767996e-04 8.071946649579331279e-05 1.826860534492880106e-05 1.231198166351532564e-05 3.978278982685878873e-05
7.169381133280694485e-04 3.378100809641182423e-04 7.514557364629581571e-05 1.728107054077554494e-05 1.213098130392609164e-05 4.095826807315461338e-05
7.131805177778005600e-04 3.354902728460729122e-04 7.592915790155529976e-05 1.738321407174225897e-05 1.296029586228542030e-05 4.338876533438451588e-05
6.826225435361266136e-04 3.158406470902264118e-04 7.844836363801732659e-05 1.776488898030947894e-05 1.394341325067216530e-05 4.252865255693905056e-05
8.029366144910454750e-04 2.964317100122570992e-04 7.923335215309634805e-05 1.888252336357254535e-05 1.389028238918399438e-05 4.456475289771333337e-05
7.560896920040249825e-04 3.058675210922956467e-04 8.131122012855485082e-05 2.092454633384477347e-05 1.330088798567885533e-05 4.343939508544281125e-05
8.624928887002170086e-04 3.146314993500709534e-04 9.096014400711283088e-05 2.453376146149821579e-05 1.360833175567677245e-05 4.704810271505266428e-05
8.218954317271709442e-04 3.030172083526849747e-04 9.086229692911729217e-05 2.168279752368107438e-05 1.345263717666966841e-05 4.807808727491647005e-05
6.400115671567618847e-04 2.977962139993906021e-04 9.610907727619633079e-05 2.253313869005069137e-05 1.414026701240800321e-05 4.356001954874955118e-05
6.435711402446031570e-04 2.971510693896561861e-04 9.736452193465083838e-05 2.181972740800119936e-05 1.496612821938470006e-05 4.401159458211623132e-05
6.307240109890699387e-04 2.937024983111768961e-04 9.325806604465469718e-05 2.011722972383722663e-05 1.480652917962288484e-05 4.651076596928760409e-05
6.628547562286257744e-04 2.868457522708922625e-04 8.806103869574144483e-05 1.961318776011466980e-05 1.414109647157602012e-05 4.667306711780838668e-05
6.080844323150813580e-04 3.116858133580535650e-04 8.614642865722998977e-05 1.742764288792386651e-05 1.365433308819774538e-05 4.673965304391458631e-05
6.356953526847064495e-04 2.829497971106320620e-04 8.913539204513654113e-05 1.693046760919969529e-05 1.464021806896198541e-05 4.840445762965828180e-05
6.147726671770215034e-04 2.865070127882063389e-04 8.827564306557178497e-05 1.726354639686178416e-05 1.477748082834295928e-05 4.470908243092708290e-05
7.012666901573538780e-04 2.825352130457758904e-04 8.004905248526483774e-05 1.763715590641368181e-05 1.219580644828965887e-05 4.338093276601284742e-05
7.949430728331208229e-04 2.657640434335917234e-04 7.844858919270336628e-05 1.716431142995133996e-05 1.389752469549421221e-05 4.011576311313547194e-05
8.129160851240158081e-04 2.565485774539411068e-04 7.382948388112708926e-05 1.655693813518155366e-05 1.247843647433910519e-05 4.361247192719019949e-05
8.882076363079249859e-04 2.583554887678474188e-04 7.610727334395051003e-05 1.729882569634355605e-05 1.359000270895194262e-05 4.324208202888257802e-05
8.029131568036973476e-04 2.783878007903695107e-04 7.856593583710491657e-05 1.923540185089223087e-05 1.318979775533080101e-05 4.540436566458083689e-05
8.120049024000763893e-04 2.796614717226475477e-04 8.110630733426660299e-05 2.097795550071168691e-05 1.351723130937898532e-05 4.699343116953969002e-05
1.011891406960785389e-03 2.889531024266034365e-04 8.194756082957610488e-05 2.165288606192916632e-05 1.315012832492357120e-05 5.661156319547444582e-05
1.041720970533788204e-03 3.053891705349087715e-04 8.638513099867850542e-05 2.168712126149330288e-05 1.226182030222844332e-05 5.855560448253527284e-05
9.994046995416283607e-04 3.292381006758660078e-04 9.692629100754857063e-05 2.432882138236891478e-05 1.481069102737819776e-05 5.768069240730255842e-05
7.173949270509183407e-04 3.455493133515119553e-04 1.037800611811690032e-04 2.543967821111436933e-05 1.478815920563647524e-05 5.256013901089318097e-05
8.909279713407158852e-04 3.471726959105581045e-04 1.029781706165522337e-04 2.728193067014217377e-05 1.393618640577187762e-05 5.491969568538479507e-05
9.140005568042397499e-04 3.481122548691928387e-04 1.090569858206436038e-04 2.889381357817910612e-05 1.461068222852190956e-05 5.574562237598001957e-05
6.581608322449028492e-04 3.443192981649190187e-04 1.039499693433754146e-04 2.680562465684488416e-05 1.369984511256916448e-05 4.831069963984191418e-05
6.597948377020657063e-04 3.748209564946591854e-04 9.522095206193625927e-05 2.640817183419130743e-05 1.252115453098667786e-05 5.263089769869111478e-05
5.896058282814919949e-04 3.649296704679727554e-04 9.636651520850136876e-05 2.596022568468470126e-05 1.230141060659661889e-05 4.519490175880491734e-05
7.540509104728698730e-04 3.697092179208993912e-04 9.502151078777387738e-05 2.402258360234554857e-05 1.285741564061027020e-05 4.283704765839502215e-05
6.363866268657147884e-04 4.033141012769192457e-04 8.775622700341045856e-05 2.064841464743949473e-05 1.213642099173739552e-05 3.795728116529062390e-05
5.239321617409586906e-04 4.241529677528887987e-04 9.735821367939934134e-05 1.843358768383041024e-05 1.709850039333105087e-05 3.364634540048427880e-05
5.592182860709726810e-04 4.186588630545884371e-04 8.137996337609365582e-05 1.487932331656338647e-05 1.425462323823012412e-05 3.435152757447212934e-05
5.373976891860365868e-04 4.221783601678907871e-04 7.903754158178344369e-05 1.450025047233793885e-05 1.365334264846751466e-05 3.489747177809476852e-05
5.317177274264395237e-04 4.022091161459684372e-04 7.944275421323254704e-05 1.423960293323034421e-05 1.417020757799036801e-05 3.402122820261865854e-05
5.427444120869040489e-04 4.272509249858558178e-04 7.818413723725825548e-05 1.412505025655264035e-05 1.301633619732456282e-05 3.585690865293145180e-05
6.472631357610225677e-04 4.165802383795380592e-04 7.743474270682781935e-05 1.378162869514198974e-05 1.458200131310150027e-05 4.032966171507723629e-05
9.908681968227028847e-04 4.446656093932688236e-04 7.510181603720411658e-05 1.412438905390445143e-05 1.392008562106639147e-05 5.212504038354381919e-05
8.889083983376622200e-04 3.983059723395854235e-04 7.456893217749893665e-05 1.551890818518586457e-05 1.338499714620411396e-05 4.257385444361716509e-05
9.151750709861516953e-04 3.703981055878102779e-04 7.223086868179962039e-05 1.513428014732198790e-05 1.286968654312659055e-05 4.179847019258886576e-05
1.142497407272458076e-03 3.616840112954378128e-04 7.485018431907519698e-05 1.664824412728194147e-05 1.270023221877636388e-05 4.474743400351144373e-05
1.119431690312922001e-03 3.712460456881672144e-04 7.707513577770441771e-05 2.006026988965459168e-05 1.265496211999561638e-05 5.484839130076579750e-05
9.458627901040017605e-04 3.780147526413202286e-04 7.522795931436121464e-05 1.891715328383725137e-05 1.183361109724501148e-05 5.791999501525424421e-05
8.047290612012147903e-04 3.860739234369248152e-04 7.989534060470759869e-05 2.032597694778814912e-05 1.257777876162435859e-05 5.143105227034538984e-05
8.673448464833199978e-04 3.783859137911349535e-04 8.133375376928597689e-05 1.880085983430035412e-05 1.290294403588632122e-05 5.454555139294825494e-05
1.045734039507806301e-03 3.684120019897818565e-04 7.985764386830851436e-05 1.728657480271067470e-05 1.296108075621305034e-05 5.478841922013089061e-05
1.289290143176913261e-03 3.542918129824101925e-04 8.027800504351034760e-05 1.775515738700050861e-05 1.281184086110442877e-05 5.127735130372457206e-05
1.305492827668786049e-03 3.449619398452341557e-04 8.409773727180436254e-05 1.807084299798589200e-05 1.282893390452954918e-05 5.247470471658743918e-05
1.361789531074464321e-03 3.371427592355757952e-04 8.003671246115118265e-05 1.813848757592495531e-05 1.219554360432084650e-05 5.318063995218835771e-05
1.362657290883362293e-03 3.301457618363201618e-04 8.063879795372486115e-05 1.832387169997673482e-05 1.221639558934839442e-05 5.033204070059582591e-05
1.557032228447496891e-03 3.247162967454642057e-04 8.618005813332274556e-05 1.936589069373439997e-05 1.328665166511200368e-05 4.875245576840825379e-05
1.450937474146485329e-03 3.157893370371311903e-04 8.327713294420391321e-05 1.996992614294867963e-05 1.291555690841050819e-05 4.913805605610832572e-05
1.348505262285470963e-03 3.014616086147725582e-04 7.632475171703845263e-05 1.967919342860113829e-05 1.182334381155669689e-05 4.759028524858877063e-05
1.333069289103150368e-03 3.054378030356019735e-04 7.783002365613356233e-05 1.913630330818705261e-05 1.190294733532937244e-05 4.931025250698439777e-05
1.376330852508544922e-03 3.048476355616003275e-04 7.865826046327129006e-05 1.938752393471077085e-05 1.224013340106466785e-05 4.857728708884678781e-05
1.585171907208859921e-03 2.968195185530930758e-04 7.952368468977510929e-05 1.965494629985187203e-05 1.210068057844182476e-05 4.564343544188886881e-05
1.516040414571762085e-03 3.089485981035977602e-04 8.104462904157117009e-05 2.043025415332522243e-05 1.209164747706381604e-05 4.671580245485529304e-05
9.542923653498291969e-04 3.229182620998471975e-04 8.368084672838449478e-05 2.110506102326326072e-05 1.262923615286126733e-05 4.827766679227352142e-05
1.125819748267531395e-03 3.082557232119143009e-04 7.836187432985752821e-05 1.691530087555292994e-05 1.253737536899279803e-05 4.672487193602137268e-05
8.351914584636688232e-04 3.037476853933185339e-04 7.811850809957832098e-05 1.703526868368498981e-05 1.346102271782001480e-05 4.674869705922901630e-05
1.036402769386768341e-03 2.994195965584367514e-04 8.654146222397685051e-05 2.224046693299897015e-05 1.354602409264771268e-05 5.165798211237415671e-05
7.261356804519891739e-04 2.737749891821295023e-04 9.015438263304531574e-05 2.384688195888884366e-05 1.379420427838340402e-05 4.311518205213360488e-05
7.902184734120965004e-04 2.684044593479484320e-04 9.103107004193589091e-05 2.432988549116998911e-05 1.394509217789163813e-05 4.427583917276933789e-05
7.531652809120714664e-04 2.563168818596750498e-04 8.845929551171138883e-05 2.400043376837857068e-05 1.364275249216007069e-05 4.274000093573704362e-05
7.437053136527538300e-04 2.813521423377096653e-04 8.839467773213982582e-05 2.492689418431837112e-05 1.383799462928436697e-05 4.751971937366761267e-05
6.332664634101092815e-04 2.906942390836775303e-04 1.005144149530678988e-04 2.453349770803470165e-05 1.374063049297546968e-05 4.280304347048513591e-05
6.838157423771917820e-04 3.049408842343837023e-04 9.923970355885103345e-05 2.278118336107581854e-05 1.484768654336221516e-05 4.620641266228631139e-05
5.790540017187595367e-04 2.971084613818675280e-04 9.502808825345709920e-05 2.208046134910546243e-05 1.455228448321577162e-05 4.194383291178382933e-05
6.656123441644012928e-04 2.898583188652992249e-04 9.767288429429754615e-05 2.107688305841293186e-05 1.534633520350325853e-05 4.602712942869402468e-05
6.421703146770596504e-04 3.222675295546650887e-04 9.839099948294460773e-05 1.981807508855126798e-05 1.551105742692016065e-05 4.323143002693541348e-05
6.571443518623709679e-04 3.009317733813077211e-04 9.455127292312681675e-05 1.941954724316019565e-05 1.520103251095861197e-05 4.117261050851084292e-05
5.705961957573890686e-04 2.905015717260539532e-04 8.861983224051073194e-05 1.888977021735627204e-05 1.539317236165516078e-05 3.606058817240409553e-05
5.926514859311282635e-04 2.876693615689873695e-04 8.596684347139671445e-05 1.859294388850685209e-05 1.380572666676016524e-05 3.881592419929802418e-05
5.443526897579431534e-04 2.767081314232200384e-04 8.145162428263574839e-05 1.792789953469764441e-05 1.188630540127633139e-05 3.670118530862964690e-05
6.215812754817306995e-04 2.829664736054837704e-04 8.426539716310799122e-05 1.851929482654668391e-05 1.325358880421845242e-05 4.164427809882909060e-05
7.457159808836877346e-04 2.911935443989932537e-04 8.657416765345260501e-05 1.894429442472755909e-05 1.200437873194459826e-05 4.565325434668920934e-05
6.977542070671916008e-04 3.002753946930170059e-04 8.829258149489760399e-05 1.890180828922893852e-05 1.273783982469467446e-05 4.275358514860272408e-05
7.147846044972538948e-04 3.119299071840941906e-04 9.495537233306095004e-05 1.960448571480810642e-05 1.338967831543413922e-05 4.743151293951086700e-05
6.925474153831601143e-04 3.294555062893778086e-04 9.571822738507762551e-05 1.940133552125189453e-05 1.299734230997273698e-05 4.464374433155171573e-05
7.879477343522012234e-04 3.494613047223538160e-04 1.003519791993312538e-04 2.128883170371409506e-05 1.327637801296077669e-05 4.745591286337003112e-05
8.486852748319506645e-04 3.417507105041295290e-04 9.360964759252965450e-05 1.907155638036783785e-05 1.373586928821168840e-05 4.783730037161149085e-05
9.207008406519889832e-04 3.565594379324465990e-04 8.513514330843463540e-05 1.644780786591582000e-05 1.128545500250766054e-05 5.366626646718941629e-05
9.369727922603487968e-04 4.254480882082134485e-04 8.956754754763096571e-05 1.557310679345391691e-05 1.245900602953042835e-05 5.432936086435802281e-05
7.727704942226409912e-04 4.829867684748023748e-04 9.057336137630045414e-05 1.458233418816234916e-05 1.238982440554536879e-05 4.890829586656764150e-05
7.918517803773283958e-04 5.547612090595066547e-04 9.664158278610557318e-05 1.691247234703041613e-05 1.329243696090998128e-05 4.676639946410432458e-05
7.738905842415988445e-04 5.834608455188572407e-04 9.276800119550898671e-05 1.745915506035089493e-05 1.389446697430685163e-05 4.605636422638781369e-05
6.722375401295721531e-04 5.492952186614274979e-04 8.912725024856626987e-05 1.591757063579279929e-05 1.405480270477710292e-05 4.242714203428477049e-05
6.265725824050605297e-04 5.639838636852800846e-04 8.346887625521048903e-05 1.313765005761524662e-05 1.348278419754933566e-05 4.111729504074901342e-05
6.459236028604209423e-04 5.810695001855492592e-04 7.574479968752712011e-05 1.278295167139731348e-05 1.236650587088661268e-05 4.250283382134512067e-05
5.935964873060584068e-04 5.874548223800957203e-04 7.152710895752534270e-05 1.180187518912134692e-05 1.214998519571963698e-05 3.527347507770173252e-05
6.160786142572760582e-04 6.050214287824928761e-04 6.842860602773725986e-05 1.123855236073723063e-05 1.150310527009423822e-05 3.811053102253936231e-05
6.961727049201726913e-04 6.168074905872344971e-04 6.562481576111167669e-05 1.122239700634963810e-05 1.142660676123341545e-05 4.001424895250238478e-05
7.392426487058401108e-04 6.206380785442888737e-04 6.294662307482212782e-05 1.104124112316640094e-05 1.155411882791668177e-05 3.875757101923227310e-05
6.760681280866265297e-04 5.974395317025482655e-04 6.106784712756052613e-05 1.119265198212815449e-05 1.171235180663643405e-05 3.748324161279015243e-05
6.441849982365965843e-04 5.910229519940912724e-04 6.170319829834625125e-05 1.121112836699467152e-05 1.164870172942755744e-05 3.854834358207881451e-05
6.913217366673052311e-04 5.949666374363005161e-04 6.205915997270494699e-05 1.104853436117991805e-05 1.282241191802313551e-05 4.168428131379187107e-05
7.378802984021604061e-04 6.158196483738720417e-04 6.259417568799108267e-05 1.199072812596568838e-05 1.141898792411666363e-05 4.448566323844715953e-05
8.029983146116137505e-04 5.810413858853280544e-04 6.099342863308265805e-05 1.200614497065544128e-05 1.124645496020093560e-05 4.678931145463138819e-05
7.735664257779717445e-04 5.488106980919837952e-04 6.440101424232125282e-05 1.398126460117055103e-05 1.155800509877735749e-05 4.776135756401345134e-05
7.791343959979712963e-04 4.969455185346305370e-04 6.541286711581051350e-05 1.488821271777851507e-05 1.156849884864641353e-05 5.036370203015394509e-05
8.226145291700959206e-04 4.446920356713235378e-04 6.719433440594002604e-05 1.515849362476728857e-05 1.269362928724149242e-05 5.161774970474652946e-05
8.876369101926684380e-04 4.211919149383902550e-04 6.683710671495646238e-05 1.440221603843383491e-05 1.163885826827026904e-05 5.255411815596744418e-05
9.195473976433277130e-04 4.397198208607733250e-04 6.722693069605156779e-05 1.560535929456818849e-05 1.101424550142837688e-05 5.697780579794198275e-05
9.347338927909731865e-04 4.120473749935626984e-04 6.835800741100683808e-05 1.591405816725455225e-05 1.111353958549443632e-05 5.754697485826909542e-05
8.906443254090845585e-04 3.677656350191682577e-04 6.959399615880101919e-05 1.674106351856607944e-05 1.117936153605114669e-05 5.596098344540223479e-05
7.765668560750782490e-04 3.454356337897479534e-04 7.046818791422992945e-05 1.780658749339636415e-05 1.075333966582547873e-05 5.205240449868142605e-05
9.817052632570266724e-04 3.393086371943354607e-04 7.302402082132175565e-05 1.879185765574220568e-05 1.172836437035584822e-05 5.889393651159480214e-05
8.656725985929369926e-04 3.231074369978159666e-04 7.590397581225261092e-05 1.976078601728659123e-05 1.264253023691708222e-05 5.139126005815342069e-05
9.379732073284685612e-04 3.178094630129635334e-04 7.642436685273423791e-05 1.995906859519891441e-05 1.196082030219258741e-05 5.394179970608092844e-05
1.047138124704360962e-03 3.063987242057919502e-04 7.868252578191459179e-05 1.945662370417267084e-05 1.221274487761547789e-05 5.615900226985104382e-05
9.878673590719699860e-04 3.123148053418844938e-04 8.000272646313533187e-05 1.939505091286264360e-05 1.312799759034533054e-05 5.715623046853579581e-05
8.507906459271907806e-04 2.869708114303648472e-04 8.179928408935666084e-05 1.984509071917273104e-05 1.323277774645248428e-05 4.685254316427744925e-05
8.233891567215323448e-04 2.801737864501774311e-04 8.264934876933693886e-05 1.903969859995413572e-05 1.357635846943594515e-05 4.361293758847750723e-05
8.056077058427035809e-04 2.942111750598996878e-04 8.038759551709517837e-05 1.801128200895618647e-05 1.293264904234092683e-05 4.547325806925073266e-05
8.125935564748942852e-04 2.901901316363364458e-04 8.561210415791720152e-05 1.887229336716700345e-05 1.399367010890273377e-05 4.276248364476487041e-05
7.076670299284160137e-04 2.792870800476521254e-04 8.894023631000891328e-05 1.799982601369265467e-05 1.404648901370819658e-05 4.014096703031100333e-05
7.418720633722841740e-04 2.702000492718070745e-04 8.249067468568682671e-05 1.564840204082429409e-05 1.316918132943101227e-05 4.208680911688134074e-05
6.708561559207737446e-04 2.707944368012249470e-04 8.396882185479626060e-05 1.538967626402154565e-05 1.366220749332569540e-05 4.166632425040006638e-05
6.529010715894401073e-04 2.910189796239137650e-04 8.320544293383136392e-05 1.485497978137573227e-05 1.358829013042850420e-05 3.891882806783542037e-05
5.855806521140038967e-04 2.988929045386612415e-04 7.828170055290684104e-05 1.447846898372517899e-05 1.316248562943655998e-05 4.061044819536618888e-05
5.502692656591534615e-04 2.872553013730794191e-04 7.456975436070933938e-05 1.327220797975314781e-05 1.351796163362450898e-05 3.538333112373948097e-05
5.273562273941934109e-04 2.908314636442810297e-04 7.189808093244209886e-05 1.279015395994065329e-05 1.341159622825216502e-05 3.690650919452309608e-05
5.017249495722353458e-04 2.817857894115149975e-04 6.795451918151229620e-05 1.262872501683887094e-05 1.395979961671400815e-05 3.386454773135483265e-05
5.295151495374739170e-04 2.749043633230030537e-04 6.490467058029025793e-05 1.230872385349357501e-05 1.387433985655661672e-05 3.567637759260833263e-05
5.817504716105759144e-04 2.842236426658928394e-04 6.379075057338923216e-05 1.232024715136503801e-05 1.305737259826855734e-05 3.302324330434203148e-05
7.349660736508667469e-04 2.943066356237977743e-04 6.324544665403664112e-05 1.240657638845732436e-05 1.257496023754356429e-05 3.846624167636036873e-05
1.036680652759969234e-03 2.962430298794060946e-04 6.588101678062230349e-05 1.301192878599977121e-05 1.263480135094141588e-05 4.193495988147333264e-05
8.296314044855535030e-04 2.903819549828767776e-04 6.860891153337433934e-05 1.366574451822089031e-05 1.281225468119373545e-05 4.110902227694168687e-05
8.497237577103078365e-04 2.793268649838864803e-04 7.047857070574536920e-05 1.443835753889288753e-05 1.263599733647424728e-05 4.311440352466888726e-05
8.326945826411247253e-04 2.738631446845829487e-04 7.756504055578261614e-05 1.683184927969705313e-05 1.341687584499595687e-05 4.584264388540759683e-05
1.088546589016914368e-03 2.704196667764335871e-04 8.439838711638003588e-05 1.916880864882841706e-05 1.370250083709834144e-05 4.923129381495527923e-05
1.019892981275916100e-03 2.645890635903924704e-04 8.349047857336699963e-05 2.095653326250612736e-05 1.325569974142126739e-05 4.977325443178415298e-05
9.993363637477159500e-04 2.569101634435355663e-04 9.093619155464693904e-05 2.318157567060552537e-05 1.579451418365351856e-05 4.991765672457404435e-05
1.017050468362867832e-03 2.574641548562794924e-04 8.907181472750380635e-05 2.349177702853921801e-05 1.600727773620747030e-05 5.197101927478797734e-05
1.036638976074755192e-03 2.850364544428884983e-04 9.045313345268368721e-05 2.287249844812322408e-05 1.675444036663975567e-05 5.306757520884275436e-05
9.049014770425856113e-04 2.894192293751984835e-04 8.711292321095243096e-05 2.159276482416316867e-05 1.517671262263320386e-05 4.996111601940356195e-05
8.634213590994477272e-04 3.215326869394630194e-04 8.638110011816024780e-05 2.167842831113375723e-05 1.479294678574660793e-05 4.961686863680370152e-05
8.461272809654474258e-04 3.459955914877355099e-04 8.490250911563634872e-05 2.159851283067837358e-05 1.390768829878652468e-05 5.062908894615247846e-05
8.443234837613999844e-04 3.634885651990771294e-04 9.121387847699224949e-05 2.165643127227667719e-05 1.458848510083043948e-05 4.824382995138876140e-05
7.545062690041959286e-04 3.858636482618749142e-04 8.938823157222941518e-05 2.049623981292825192e-05 1.486817473050905392e-05 4.276842446415685117e-05
7.967092678882181644e-04 4.222777788527309895e-04 8.741476631257683039e-05 2.044417851720936596e-05 1.263483045477187261e-05 4.418351454660296440e-05
7.566167623735964298e-04 4.521974478848278522e-04 9.610697452444583178e-05 2.137495357601437718e-05 1.445472753403009847e-05 4.053792508784681559e-05
7.297798874787986279e-04 4.699500277638435364e-04 9.958990267477929592e-05 2.200826929765753448e-05 1.538593824079725891e-05 4.108332359464839101e-05
6.737775402143597603e-04 4.956290940754115582e-04 9.465002221986651421e-05 1.980141860258299857e-05 1.588524901308119297e-05 4.425724182510748506e-05
6.797980749979615211e-04 4.625446163117885590e-04 8.642339525977149606e-05 1.975382838281802833e-05 1.516331121820257977e-05 4.362820618553087115e-05
6.117874290794134140e-04 4.492328735068440437e-04 7.906474638730287552e-05 1.797199729480780661e-05 1.469131257181288674e-05 4.146627179579809308e-05
5.661460454575717449e-04 4.273180093150585890e-04 7.896663737483322620e-05 1.837893978517968208e-05 1.458359838579781353e-05 3.773288335651159286e-05
5.336112808436155319e-04 4.308850620873272419e-04 8.443372644251212478e-05 1.949235593201592565e-05 1.454228458896977827e-05 4.093035022378899157e-05
6.566738593392074108e-04 4.597110673785209656e-04 8.101986895781010389e-05 1.913382220664061606e-05 1.478980175306787714e-05 5.142592999618500471e-05
7.481561042368412018e-04 4.270774370525032282e-04 7.897518662502989173e-05 1.768147558323107660e-05 1.468089249101467431e-05 5.492164200404658914e-05
9.300264646299183369e-04 4.065724497195333242e-04 7.777056453051045537e-05 1.898211667139548808e-05 1.370363224850734696e-05 5.620202864520251751e-05
8.606453775428235531e-04 3.532348200678825378e-04 8.019244705792516470e-05 1.815551513573154807e-05 1.390093893860466778e-05 5.826932465424761176e-05
7.677728426642715931e-04 3.128307580482214689e-04 8.259196329163387418e-05 1.806481304811313748e-05 1.355209224129794165e-05 4.381342296255752444e-05
8.111015195026993752e-04 3.156088932882994413e-04 8.696346048964187503e-05 1.928121128003112972e-05 1.353185416519409046e-05 4.443465877557173371e-05
7.845071959309279919e-04 3.120557521469891071e-04 9.981414041249081492e-05 1.986840834433678538e-05 1.491270813858136535e-05 4.674997035181149840e-05
8.072532946243882179e-04 3.064107440877705812e-04 1.025390884024091065e-04 1.779953890945762396e-05 1.525174684502417222e-05 5.497642996488139033e-05
