1.149579167366027832e+00 -7.176337298005819321e-03 -1.529761240817606449e-03 4.625950241461396217e-04 2.402415993856266141e-04 -2.653971314430236816e-04
1.162186980247497559e+00 -9.170168195851147175e-04 2.124328457284718752e-04 3.862327430397272110e-04 4.139871743973344564e-04 4.365697386674582958e-04
1.166722178459167480e+00 9.396431967616081238e-03 -5.240871571004390717e-03 -5.996366380713880062e-04 -1.636205706745386124e-05 4.787997168023139238e-04
1.180468440055847168e+00 6.122441031038761139e-03 -9.931681677699089050e-03 -7.939271163195371628e-04 -8.383821113966405392e-05 1.091504120267927647e-03
1.197213888168334961e+00 1.371728908270597458e-02 -1.681636832654476166e-02 -2.575095975771546364e-03 2.111211651936173439e-04 4.796110733877867460e-04
1.205172657966613770e+00 1.836732216179370880e-02 -1.239772886037826538e-02 -2.236337866634130478e-03 9.295676136389374733e-05 4.857308231294155121e-04
1.206701397895812988e+00 2.539472840726375580e-02 -3.052942629437893629e-04 -1.018743379972875118e-03 -7.298446726053953171e-04 6.338618695735931396e-04
1.299209713935852051e+00 3.407452628016471863e-02 -4.846663400530815125e-02 -8.979992941021919250e-03 -1.164824643637984991e-04 -7.514571188949048519e-04
1.235256910324096680e+00 -2.596446126699447632e-02 -2.802785485982894897e-03 -2.453880384564399719e-03 -1.442140433937311172e-03 3.767490852624177933e-04
1.251353502273559570e+00 1.540546189062297344e-03 6.826954428106546402e-03 -7.266351603902876377e-04 -1.439917483367025852e-03 1.741758431307971478e-03
1.265180706977844238e+00 7.973920553922653198e-03 8.471926674246788025e-03 -7.053189910948276520e-04 -2.577983075752854347e-03 -7.714344974374398589e-05
1.316176772117614746e+00 -2.819542773067951202e-03 -1.014961302280426025e-02 -3.302906639873981476e-03 -1.636637607589364052e-03 6.887195631861686707e-04
1.319860816001892090e+00 -1.894080266356468201e-02 4.974497715011239052e-04 -2.023145789280533791e-03 -1.535897841677069664e-03 1.446843729354441166e-03
1.272904753684997559e+00 -3.312133997678756714e-02 2.382299117743968964e-02 2.747378544881939888e-03 9.504653280600905418e-04 9.187712334096431732e-03
1.323078513145446777e+00 -3.464436391368508339e-03 5.231833085417747498e-03 5.418486543931066990e-04 4.054338205605745316e-05 4.320427775382995605e-03
1.365172505378723145e+00 6.826278753578662872e-03 2.960366196930408478e-03 1.025343313813209534e-03 -5.801740335300564766e-04 -1.451610587537288666e-03
1.331458568572998047e+00 1.224691513925790787e-02 -4.733597859740257263e-03 4.071628209203481674e-04 3.922824398614466190e-04 1.452184747904539108e-03
1.341770768165588379e+00 1.224991399794816971e-02 1.327946782112121582e-02 1.232055248692631721e-03 1.925693795783445239e-04 1.082947244867682457e-03
1.367911458015441895e+00 1.544163096696138382e-02 1.609958941116929054e-03 2.224069321528077126e-03 -1.708893105387687683e-04 -8.446291903965175152e-04
1.364152550697326660e+00 1.074950769543647766e-02 5.824515596032142639e-03 1.230373280122876167e-03 3.902225580532103777e-04 -8.079916733549907804e-05
1.377288341522216797e+00 4.606261849403381348e-03 -4.177344031631946564e-03 -6.971668917685747147e-04 5.649673039442859590e-05 9.493342367932200432e-04
1.396619319915771484e+00 1.625282317399978638e-02 1.994489692151546478e-02 1.229289220646023750e-03 -1.847836101660504937e-04 9.950540261343121529e-04
1.407659769058227539e+00 1.438429206609725952e-02 8.514538407325744629e-03 -7.663841824978590012e-04 -6.586662493646144867e-04 3.455176774878054857e-04
1.409645676612854004e+00 -4.294859245419502258e-03 4.070128779858350754e-03 -5.045469151809811592e-04 1.354424312012270093e-04 3.129784017801284790e-04
1.428831696510314941e+00 -9.097584988921880722e-04 -6.957030855119228363e-03 6.448011263273656368e-04 4.251537902746349573e-04 5.958379479125142097e-04
1.443194627761840820e+00 1.206960529088973999e-03 7.763891480863094330e-03 -2.231180900707840919e-03 -1.375610008835792542e-04 2.539530396461486816e-04
1.468511462211608887e+00 3.725077724084258080e-03 -5.889547523111104965e-03 -1.383997383527457714e-03 -3.827967739198356867e-04 -7.504594395868480206e-04
1.472975850105285645e+00 -2.928816247731447220e-03 -2.872840501368045807e-03 -6.136670708656311035e-04 8.292162674479186535e-04 -3.515576245263218880e-04
1.490740299224853516e+00 1.598562579602003098e-03 -1.802250929176807404e-02 1.293632667511701584e-03 -8.654519915580749512e-04 6.129754474386572838e-04
1.500723242759704590e+00 -6.783286575227975845e-03 -1.064504869282245636e-02 5.112329963594675064e-04 -9.511895477771759033e-04 8.872416801750659943e-04
1.521517872810363770e+00 5.435786210000514984e-03 3.772181691601872444e-03 3.149576368741691113e-04 -8.532630163244903088e-04 2.446918806526809931e-04
1.455841302871704102e+00 3.031012136489152908e-03 4.448721185326576233e-03 1.101921661756932735e-03 -9.283118415623903275e-04 3.773916250793263316e-05
1.542991518974304199e+00 8.449571207165718079e-03 -6.114116986282169819e-04 -1.425359863787889481e-03 1.257519179489463568e-04 4.918931517750024796e-04
1.559840798377990723e+00 6.793244276195764542e-03 3.023086488246917725e-02 4.257210821378976107e-04 -1.996592909563332796e-04 -2.222874434664845467e-03
1.529860973358154297e+00 2.539724670350551605e-02 1.500605139881372452e-02 -2.824666444212198257e-04 -6.246014963835477829e-04 1.394523307681083679e-03
1.532363295555114746e+00 1.727410033345222473e-02 1.296946778893470764e-02 2.807645796565338969e-05 1.150697862613014877e-04 -6.585195660591125488e-04
1.534483551979064941e+00 2.924870885908603668e-02 1.798752322793006897e-02 3.503905318211764097e-04 -9.578387252986431122e-04 -2.130930442945100367e-05
1.559215307235717773e+00 4.548379220068454742e-03 2.398838475346565247e-02 -8.926558075472712517e-04 2.976631221827119589e-04 -1.012925407849252224e-03
1.571930170059204102e+00 5.603295750916004181e-03 9.978450834751129150e-03 -1.296304399147629738e-03 -3.824008745141327381e-04 -1.555339433252811432e-03
1.558204293251037598e+00 1.454397011548280716e-02 6.805236916989088058e-03 -1.607614802196621895e-03 -4.251544887665659189e-04 -2.294569712830707431e-04
1.572507739067077637e+00 2.064576745033264160e-02 2.590968506410717964e-05 -8.086190791800618172e-04 3.576229792088270187e-04 -1.120199100114405155e-03
1.577017903327941895e+00 1.208979636430740356e-02 5.020630545914173126e-03 4.797837755177170038e-04 2.944708103314042091e-04 4.455579910427331924e-04
1.598896265029907227e+00 -1.960053108632564545e-03 8.778577670454978943e-03 -3.263972466811537743e-04 1.563353871461004019e-04 4.157758667133748531e-05
1.610778570175170898e+00 5.255169700831174850e-03 9.469425422139465809e-04 -2.576989209046587348e-05 -4.402654303703457117e-04 2.473612548783421516e-03
1.610578060150146484e+00 -3.645785618573427200e-03 7.038344629108905792e-03 -5.905826110392808914e-04 -1.484842156060039997e-03 2.039080573013052344e-04
1.636136531829833984e+00 2.398265153169631958e-02 -2.323913853615522385e-03 3.622762742452323437e-04 -7.523330277763307095e-04 -1.083171460777521133e-03
1.636808991432189941e+00 1.996901258826255798e-02 -9.945159545168280602e-04 2.376500051468610764e-04 -8.001060923561453819e-04 2.613398100947961211e-05
1.641232609748840332e+00 5.535766482353210449e-03 9.297741577029228210e-03 4.631423798855394125e-04 -3.904440090991556644e-04 1.175859826616942883e-03
1.647841572761535645e+00 1.356501225382089615e-02 -1.701642991974949837e-03 8.617929997853934765e-04 -2.323480584891512990e-04 -3.862199082504957914e-04
1.640522003173828125e+00 5.061986856162548065e-03 1.039271615445613861e-02 4.913365119136869907e-04 1.126948278397321701e-03 1.087715965695679188e-03
1.650115370750427246e+00 -1.126187015324831009e-02 5.680486094206571579e-03 7.276569376699626446e-04 2.100618090480566025e-03 1.219553174450993538e-03
1.635821461677551270e+00 1.005023904144763947e-02 3.986203111708164215e-03 -5.704148788936436176e-04 -7.462265202775597572e-04 -1.179709215648472309e-03
1.648167610168457031e+00 2.891993895173072815e-02 1.630549505352973938e-02 9.868063498288393021e-04 6.800465635024011135e-04 2.078331541270017624e-03
1.658461451530456543e+00 1.075913012027740479e-02 1.024529431015253067e-02 9.946518111974000931e-04 3.428500378504395485e-03 3.701026784256100655e-03
1.690940737724304199e+00 1.157370023429393768e-02 -5.423470400273799896e-03 1.793640512914862484e-05 3.323507728055119514e-03 2.245341194793581963e-03
1.680268168449401855e+00 1.668951846659183502e-02 -2.412935718894004822e-03 5.046730511821806431e-04 7.233108626678586006e-04 3.050747560337185860e-03
1.730420827865600586e+00 2.539542037993669510e-04 -2.322098053991794586e-02 2.672761911526322365e-04 3.866791492328047752e-03 1.855201902799308300e-03
1.697926044464111328e+00 1.609790697693824768e-02 1.599553273990750313e-03 8.398623322136700153e-04 7.325584883801639080e-04 2.970227273181080818e-03
1.727715134620666504e+00 2.995711192488670349e-02 -1.221411675214767456e-02 5.610494990833103657e-04 -9.654851164668798447e-04 3.148824616800993681e-04
1.687938332557678223e+00 9.209488518536090851e-03 -6.025427021086215973e-03 -1.283995457924902439e-03 -9.134435676969587803e-04 2.875601407140493393e-03
1.754176139831542969e+00 1.104193646460771561e-02 -1.060942374169826508e-02 -4.797296132892370224e-04 -1.178434235043823719e-03 -1.300722127780318260e-03
1.761282324790954590e+00 9.740680456161499023e-03 2.058737352490425110e-02 2.980695106089115143e-03 -7.326920167542994022e-04 -8.712170529179275036e-04
1.737058043479919434e+00 1.151177566498517990e-03 1.773273386061191559e-02 3.341492032632231712e-03 -1.665381132625043392e-04 4.831258556805551052e-04
1.692096233367919922e+00 -3.187135607004165649e-02 2.120091579854488373e-02 1.992321806028485298e-03 -1.102655078284442425e-04 5.480730906128883362e-03
1.696907758712768555e+00 6.093621253967285156e-03 2.467221021652221680e-02 3.502234176266938448e-04 -4.003328504040837288e-04 1.004541874863207340e-03
1.689346551895141602e+00 2.272401470690965652e-03 6.658155005425214767e-03 -2.139753632945939898e-04 -1.219439087435603142e-03 1.502331870142370462e-04
1.748310804367065430e+00 -1.330206822603940964e-02 2.551339194178581238e-02 8.339647902175784111e-04 1.019951887428760529e-03 3.279231954365968704e-03
1.735986113548278809e+00 2.112347166985273361e-03 2.082549221813678741e-02 1.061010523699223995e-03 4.402555641718208790e-04 1.040248200297355652e-03
1.768871426582336426e+00 6.170529872179031372e-03 -1.504071988165378571e-04 7.740227738395333290e-04 -1.242551952600479126e-03 4.559188382700085640e-04
1.756428599357604980e+00 4.582399502396583557e-03 1.767583191394805908e-02 6.224309909157454967e-04 1.100986773963086307e-04 -2.008730079978704453e-04
1.740029931068420410e+00 1.610041595995426178e-02 6.954050157219171524e-03 5.897224182263016701e-04 1.249027089215815067e-03 7.344501791521906853e-04
1.826854348182678223e+00 -5.281388759613037109e-02 -1.719389483332633972e-02 -2.062816638499498367e-03 6.247144192457199097e-04 -2.218135632574558258e-03
1.769804596900939941e+00 -4.794859327375888824e-03 -2.433893736451864243e-03 -8.773824083618819714e-04 1.182534848339855671e-03 1.792022958397865295e-03
1.769351005554199219e+00 -1.044153422117233276e-02 1.936483895406126976e-03 6.516131688840687275e-04 -2.059736143564805388e-04 9.436547406949102879e-04
1.771691441535949707e+00 -1.496227644383907318e-02 -7.724715396761894226e-03 -9.184496011584997177e-04 -4.267278709448873997e-04 2.070279791951179504e-03
1.800884127616882324e+00 -7.455852348357439041e-03 6.558808963745832443e-04 8.024763665162026882e-04 -7.137359352782368660e-04 2.655144548043608665e-03
1.784170866012573242e+00 -1.243106555193662643e-02 9.803161956369876862e-04 5.871132016181945801e-04 -1.300086849369108677e-03 2.183331176638603210e-03
1.798291206359863281e+00 -5.367223173379898071e-03 1.142458058893680573e-02 1.588998595252633095e-03 3.512214170768857002e-04 2.226192969828844070e-03
1.813636064529418945e+00 -3.835518844425678253e-03 6.662804633378982544e-03 7.844118517823517323e-04 7.582517573609948158e-04 2.096649957820773125e-03
1.818587779998779297e+00 4.481071140617132187e-03 1.215213537216186523e-02 -9.858732810243964195e-04 1.628480968065559864e-03 3.277664072811603546e-03
1.844672441482543945e+00 1.346526853740215302e-02 1.784429512917995453e-02 4.165857098996639252e-04 4.619508690666407347e-04 3.367848694324493408e-03
1.834751963615417480e+00 2.360110357403755188e-02 2.333950251340866089e-03 -6.864603492431342602e-04 -3.248053835704922676e-04 3.924945835024118423e-03
1.864795088768005371e+00 1.957162655889987946e-02 1.099146064370870590e-02 4.244073061272501945e-04 -3.703474649228155613e-04 1.260362449102103710e-03
1.859477519989013672e+00 2.649104408919811249e-02 -2.750693820416927338e-03 -5.653903936035931110e-04 -1.113212434574961662e-03 1.591852749697864056e-03
1.868601799011230469e+00 1.901301555335521698e-02 4.993882030248641968e-03 -6.596368621103465557e-04 -1.095544779673218727e-03 3.532729751896113157e-04
1.875295758247375488e+00 1.504760887473821640e-02 5.960613489151000977e-03 -1.290518208406865597e-03 -5.131744546815752983e-04 1.168933929875493050e-03
1.877446413040161133e+00 1.083433046005666256e-03 5.199475213885307312e-03 -1.072000013664364815e-03 -1.263185054995119572e-03 3.154721576720476151e-03
1.865462064743041992e+00 2.430815994739532471e-02 1.026615500450134277e-02 -5.217173020355403423e-04 -1.280273194424808025e-03 4.189193132333457470e-04
1.914049029350280762e+00 1.291249506175518036e-02 1.188568677753210068e-02 -4.938156343996524811e-04 -2.063533291220664978e-03 1.007742015644907951e-03
1.925333023071289062e+00 1.710822992026805878e-02 2.071053721010684967e-03 -8.653343538753688335e-04 -1.305491779930889606e-03 1.358838635496795177e-03
1.923201322555541992e+00 1.893712952733039856e-02 8.695702999830245972e-03 5.839095101691782475e-04 -7.855716976337134838e-04 2.396610099822282791e-03
1.922771096229553223e+00 1.829207316040992737e-02 1.142370514571666718e-02 3.904522600350901484e-06 -8.825942641124129295e-04 1.196501078084111214e-03
1.919092178344726562e+00 9.593574330210685730e-03 2.556081162765622139e-03 -5.791294970549643040e-04 -3.396794490981847048e-04 2.375411801040172577e-03
1.929198026657104492e+00 1.150861755013465881e-02 3.277211217209696770e-03 -6.829893682152032852e-04 -3.769811592064797878e-04 1.822771853767335415e-03
1.939732909202575684e+00 3.075904212892055511e-03 -1.235295203514397144e-03 -9.421698050573468208e-04 3.671416488941758871e-04 1.325803925283253193e-03
1.945908427238464355e+00 2.460682392120361328e-02 -1.662778202444314957e-03 -1.230487599968910217e-03 -3.493838012218475342e-04 1.755162142217159271e-03
1.965471863746643066e+00 2.233253605663776398e-02 5.365759134292602539e-03 -1.061858027242124081e-03 -5.016948125557973981e-05 2.438986906781792641e-03
1.985486388206481934e+00 -8.290475234389305115e-04 1.295158639550209045e-02 -1.509234309196472168e-03 -4.145375569351017475e-04 1.671344391070306301e-03
1.978453516960144043e+00 2.335633523762226105e-02 8.028433658182621002e-03 -9.440036956220865250e-04 1.488613197579979897e-04 3.319895826280117035e-03
1.972651839256286621e+00 2.871411480009555817e-02 -5.166140850633382797e-03 -2.206799690611660480e-04 -1.998701773118227720e-04 2.865112153813242912e-03
2.015251159667968750e+00 3.088730573654174805e-02 8.511999621987342834e-03 1.313403132371604443e-03 -9.707358549349009991e-04 3.503414103761315346e-03
1.968023180961608887e+00 2.018836513161659241e-02 1.043568365275859833e-02 2.110803499817848206e-03 -4.742332675959914923e-04 2.147807274013757706e-03
1.988727569580078125e+00 1.826677471399307251e-02 3.076982684433460236e-04 1.222606515511870384e-04 -1.126746181398630142e-03 1.436203136108815670e-03
2.005778074264526367e+00 1.866967603564262390e-02 1.205198839306831360e-02 -3.094041312579065561e-04 -7.378052687272429466e-04 4.228214267641305923e-03
2.005440950393676758e+00 2.128247730433940887e-02 -1.070253085345029831e-03 -2.627228386700153351e-04 -5.167925264686346054e-04 3.194066463038325310e-03
2.023138523101806641e+00 1.241296716034412384e-02 -1.939220353960990906e-02 -1.723699271678924561e-03 2.462476491928100586e-03 3.775917459279298782e-03
2.067338466644287109e+00 1.432644575834274292e-02 -1.669367589056491852e-02 -3.166275331750512123e-03 9.337516385130584240e-04 7.114173844456672668e-03
2.003408432006835938e+00 -1.043317280709743500e-02 4.515781998634338379e-03 -8.456308860331773758e-04 1.875148154795169830e-04 8.357444312423467636e-04
1.993172407150268555e+00 1.750227622687816620e-02 6.804726086556911469e-03 3.032861859537661076e-04 -5.879827658645808697e-04 1.563886413350701332e-03
2.091037511825561523e+00 1.558844745159149170e-02 5.695390701293945312e-02 5.788225680589675903e-03 5.031038541346788406e-03 3.373917890712618828e-03
2.033487081527709961e+00 4.291338846087455750e-02 -4.539187531918287277e-03 -1.482431543990969658e-03 -1.919011701829731464e-04 4.526013974100351334e-03
2.055717229843139648e+00 4.836844746023416519e-03 -1.268953736871480942e-02 -3.729650750756263733e-03 1.655027037486433983e-03 6.775216665118932724e-03
2.019733428955078125e+00 1.847837679088115692e-02 7.061156909912824631e-03 3.339395625516772270e-04 -9.585974621586501598e-04 5.318725481629371643e-03
2.052268266677856445e+00 1.463858969509601593e-02 7.786351256072521210e-03 -6.288418080657720566e-04 -8.438896038569509983e-04 1.681293128058314323e-03
2.024773836135864258e+00 -1.736746728420257568e-02 2.399658039212226868e-02 -4.865889204666018486e-04 1.841144985519349575e-03 5.403230432420969009e-03
2.037157297134399414e+00 -2.829838171601295471e-02 5.272716656327247620e-02 7.235964294523000717e-03 6.760444957762956619e-03 7.671253755688667297e-03
2.032103538513183594e+00 -3.068676916882395744e-03 -4.472143948078155518e-03 1.089351717382669449e-03 1.034063985571265221e-03 5.803450010716915131e-03
2.056896924972534180e+00 -6.903484463691711426e-04 -7.899282500147819519e-03 6.480130832642316818e-04 -2.405883424216881394e-05 4.787742160260677338e-03
2.022189617156982422e+00 1.443007215857505798e-02 9.356784634292125702e-03 -2.221705159172415733e-03 -1.140674576163291931e-03 4.324764013290405273e-03
2.056936740875244141e+00 1.112093590199947357e-02 2.240092866122722626e-02 8.236664580181241035e-04 8.042137487791478634e-04 2.858002437278628349e-03
2.039013862609863281e+00 7.017222233116626740e-03 1.591464504599571228e-02 -2.616927493363618851e-03 5.264442297630012035e-04 6.759077077731490135e-04
2.033294916152954102e+00 1.019883155822753906e-02 2.722841221839189529e-03 1.057516084983944893e-03 3.763061540666967630e-04 1.733719022013247013e-03
2.084453105926513672e+00 5.731066688895225525e-03 8.701408281922340393e-03 -1.592076616361737251e-03 -3.117082524113357067e-04 1.564211910590529442e-03
2.103310823440551758e+00 1.797172054648399353e-02 1.284803962334990501e-03 -6.337371305562555790e-04 -2.022360218688845634e-03 -2.845506533049046993e-04
2.102236032485961914e+00 1.287351921200752258e-02 5.546125583350658417e-03 7.887306273914873600e-04 -1.320787821896374226e-03 1.061196206137537956e-03
2.116858482360839844e+00 2.771439217031002045e-02 -9.447596967220306396e-04 3.381981514394283295e-04 -1.066399738192558289e-03 1.890621380880475044e-03
2.132827043533325195e+00 2.320124767720699310e-02 7.199790794402360916e-03 1.567329512909054756e-03 -1.204952364787459373e-03 1.370664802379906178e-03
2.118967056274414062e+00 2.667421847581863403e-02 7.735680788755416870e-03 8.062637061811983585e-04 3.421750734560191631e-04 1.915926695801317692e-03
2.145658969879150391e+00 2.074442990124225616e-02 7.465068250894546509e-03 -9.758289670571684837e-04 -8.872739272192120552e-04 4.364782478660345078e-03
2.118629932403564453e+00 -2.107467735186219215e-03 1.862043328583240509e-02 2.824616676662117243e-04 -8.923511486500501633e-04 3.649377962574362755e-03
2.157554388046264648e+00 6.388743408024311066e-03 -1.376037718728184700e-03 -1.195135060697793961e-03 1.803559280233457685e-05 -4.758407594636082649e-04
2.113484859466552734e+00 9.558075107634067535e-03 2.377316122874617577e-04 4.508224665187299252e-04 1.226267486345022917e-04 3.286493010818958282e-03
2.106742858886718750e+00 2.208034135401248932e-02 3.914294298738241196e-03 -3.925040655303746462e-04 -2.285172813571989536e-04 5.171605385839939117e-03
2.117722988128662109e+00 2.660868456587195396e-03 1.606292650103569031e-02 9.711793973110616207e-04 -1.564781065098941326e-03 4.087441135197877884e-03
2.137110471725463867e+00 -8.855864871293306351e-04 1.405982300639152527e-02 5.312584107741713524e-04 -8.464431739412248135e-04 5.146418698132038116e-03
2.150995969772338867e+00 2.123123966157436371e-02 1.469393167644739151e-02 2.384971594437956810e-03 2.396195661276578903e-03 5.911741871386766434e-03
2.160963058471679688e+00 4.016771912574768066e-02 5.617354065179824829e-03 5.428406293503940105e-04 -5.765726091340184212e-04 6.701583508402109146e-03
2.157238721847534180e+00 3.273678198456764221e-02 2.352970466017723083e-02 -9.865411557257175446e-04 6.958763115108013153e-04 5.424335598945617676e-03
2.169146776199340820e+00 3.652119264006614685e-02 2.798630483448505402e-02 -7.770641241222620010e-04 1.260070130228996277e-03 4.005593713372945786e-03
2.125714778900146484e+00 1.135807391256093979e-02 2.215831540524959564e-02 -1.193437492474913597e-03 8.080882835201919079e-04 1.672409125603735447e-03
2.152567863464355469e+00 2.612494118511676788e-02 -4.639124032109975815e-03 4.466945392778143287e-05 -7.494656601920723915e-04 8.585999719798564911e-03
2.178246736526489258e+00 4.437826573848724365e-02 -4.778801929205656052e-03 6.492980755865573883e-04 -1.817489974200725555e-03 9.015757241286337376e-04
2.164103984832763672e+00 9.428984485566616058e-03 1.166321244090795517e-02 -6.556157022714614868e-04 6.470918306149542332e-04 3.142665605992078781e-03
2.161237001419067383e+00 3.782615065574645996e-03 4.993798676878213882e-03 6.178932962939143181e-04 -5.773111479356884956e-04 1.420664018951356411e-03
2.149342060089111328e+00 1.015085726976394653e-02 1.089042425155639648e-02 1.174670876935124397e-03 -7.192601333372294903e-04 -4.780723247677087784e-05
2.136849164962768555e+00 1.413081400096416473e-02 1.489259861409664154e-02 1.162658445537090302e-03 1.273515372304245830e-04 1.234868890605866909e-03
2.157382488250732422e+00 -1.078862603753805161e-02 1.233576610684394836e-02 -1.399230677634477615e-04 2.444883342832326889e-03 -1.412566285580396652e-03
2.180038690567016602e+00 -2.232806757092475891e-02 -1.268858648836612701e-02 -4.445886006578803062e-04 -6.640269421041011810e-04 4.575106722768396139e-04
2.194303512573242188e+00 -1.924793981015682220e-02 7.658240851014852524e-03 -6.749802269041538239e-04 -1.230550580658018589e-03 7.042670622467994690e-04
2.218840360641479492e+00 9.548931382596492767e-03 1.489938981831073761e-02 -4.681865684688091278e-04 -1.008212420856580138e-04 2.763040538411587477e-04
2.215828657150268555e+00 -9.890673682093620300e-03 3.006538841873407364e-03 -3.432924277149140835e-04 -1.248451007995754480e-04 2.573651494458317757e-03
2.220898389816284180e+00 1.727005350403487682e-03 1.675093732774257660e-02 1.038711488945409656e-04 1.581863849423825741e-03 9.338280506199225783e-05
2.155712842941284180e+00 3.785641863942146301e-02 7.873166352510452271e-03 1.407738192938268185e-03 -3.779519465751945972e-04 4.348590970039367676e-03
2.211385250091552734e+00 7.024399936199188232e-03 3.132883459329605103e-02 -1.648755860514938831e-03 -1.901813433505594730e-03 2.857834566384553909e-03
2.182866573333740234e+00 2.845899574458599091e-02 1.202710624784231186e-02 -1.561349024996161461e-03 1.092730206437408924e-03 1.787408371455967426e-03
2.179493427276611328e+00 3.199942782521247864e-02 7.281580474227666855e-03 -6.732952897436916828e-04 -8.553570951335132122e-04 2.616133773699402809e-03
2.233120918273925781e+00 3.107658028602600098e-02 1.466494426131248474e-02 -1.018573995679616928e-03 -1.649263722356408834e-04 8.946569869294762611e-04
2.251830101013183594e+00 2.958559244871139526e-02 3.683891892433166504e-02 3.119091968983411789e-03 -1.517016091383993626e-03 1.125390059314668179e-03
2.231009244918823242e+00 1.899116300046443939e-02 1.847332902252674103e-02 1.431855256669223309e-03 1.372979138977825642e-03 7.604149868711829185e-04
2.236630916595458984e+00 2.184392884373664856e-02 8.701368235051631927e-03 1.285873819142580032e-03 7.517484482377767563e-04 2.334651304408907890e-03
2.250325441360473633e+00 6.348032038658857346e-03 1.648631878197193146e-03 3.042448544874787331e-03 2.532577491365373135e-04 1.706696813926100731e-03
2.220126628875732422e+00 5.984417162835597992e-03 4.274603445082902908e-03 2.321742707863450050e-03 -1.374434068566188216e-04 3.115793690085411072e-03
2.209601879119873047e+00 1.381824817508459091e-02 2.036919444799423218e-02 1.922918454511091113e-04 -1.203278312459588051e-03 2.322458196431398392e-03
2.214122295379638672e+00 3.435178846120834351e-02 -2.004801295697689056e-03 -8.415316115133464336e-04 -3.042222466319799423e-03 3.981818910688161850e-03
2.215993404388427734e+00 3.561186045408248901e-02 2.998255658894777298e-03 -1.761157298460602760e-03 1.004878722596913576e-04 2.339721686439588666e-04
2.236704826354980469e+00 7.974760606884956360e-03 5.749329924583435059e-03 1.896709436550736427e-04 -4.497169866226613522e-04 3.037228714674711227e-03
2.242472171783447266e+00 2.132264152169227600e-02 1.287856511771678925e-02 1.677707536146044731e-03 -8.805661345832049847e-04 4.543810617178678513e-03
2.218029975891113281e+00 2.694256417453289032e-02 1.349872071295976639e-02 -1.932941842824220657e-03 5.072858766652643681e-04 3.813749412074685097e-03
2.235115289688110352e+00 1.817556656897068024e-02 1.593460328876972198e-02 1.562986872158944607e-04 -6.633889861404895782e-04 3.294326364994049072e-03
2.195868730545043945e+00 1.355474535375833511e-02 8.997771888971328735e-03 -3.303783014416694641e-04 -5.085172597318887711e-04 3.002360928803682327e-03
2.263194322586059570e+00 -4.976451396942138672e-03 1.758104376494884491e-02 -2.031530748354271054e-04 1.062944764271378517e-03 7.047752384096384048e-03
2.247787714004516602e+00 2.062394749373197556e-03 2.077208273112773895e-02 -1.522044767625629902e-03 1.799347694031894207e-03 5.267569795250892639e-03
2.259765625000000000e+00 -6.943008396774530411e-03 1.570351421833038330e-02 -2.026350935921072960e-03 -1.060991315171122551e-03 5.321027711033821106e-03
2.227715015411376953e+00 2.431671367958188057e-03 2.442724537104368210e-03 -2.067334717139601707e-04 -9.186682873405516148e-04 3.728800918906927109e-03
2.245419263839721680e+00 -1.115366630256175995e-02 1.679018512368202209e-02 1.186740933917462826e-03 -1.076294807717204094e-03 3.732687793672084808e-03
2.236400842666625977e+00 1.834009215235710144e-02 1.484452560544013977e-02 -4.624946450348943472e-04 1.552633766550570726e-04 4.441665019840002060e-03
2.238017320632934570e+00 1.526304148137569427e-02 1.905978657305240631e-02 4.617274680640548468e-04 3.081182658206671476e-04 3.746672067791223526e-03
2.255442380905151367e+00 1.394041068851947784e-02 5.878304596990346909e-03 -1.971650402992963791e-03 4.971905218553729355e-05 4.215108696371316910e-03
2.249730348587036133e+00 2.419058792293071747e-02 2.186397835612297058e-02 1.249399734660983086e-03 2.281116554513573647e-03 2.722661243751645088e-03
2.229168415069580078e+00 6.347835063934326172e-03 1.235531177371740341e-02 5.855540512129664421e-04 -5.850610905326902866e-04 4.525494005065411329e-04
2.258297204971313477e+00 4.977156408131122589e-03 3.966522868722677231e-03 -1.098540669772773981e-04 6.401744903996586800e-04 1.392034348100423813e-03
2.291474580764770508e+00 2.069191262125968933e-02 1.000222982838749886e-03 -1.146509603131562471e-04 2.443510806187987328e-03 2.678271615877747536e-03
2.249339342117309570e+00 1.250340952537953854e-03 -1.167055871337652206e-02 3.427304327487945557e-04 -5.523451836779713631e-04 1.169935800135135651e-03
2.282345533370971680e+00 4.118717275559902191e-03 4.763449076563119888e-03 -1.044951204676181078e-04 -2.752848085947334766e-04 3.135237377136945724e-03
2.276566505432128906e+00 -3.009441681206226349e-02 2.078455314040184021e-02 5.590410728473216295e-05 -6.865680916234850883e-05 3.073157276958227158e-03
