7.199796382337808609e-04 7.355138077400624752e-04 5.948065881966613233e-05 9.935853086062707007e-06 1.246294141310499981e-05 5.852162212249822915e-05
7.056061294861137867e-04 7.840846083126962185e-04 6.183642108226194978e-05 1.037468155118403956e-05 1.270365100936032832e-05 5.627214341075159609e-05
7.136962958611547947e-04 7.270085625350475311e-04 6.121354090282693505e-05 9.914360816765110940e-06 1.012562461255583912e-05 5.606902050203643739e-05
7.345639751292765141e-04 8.489619940519332886e-04 6.531136023113504052e-05 9.677897651272360235e-06 1.174044973595300689e-05 5.847492502653039992e-05
7.019513868726789951e-04 9.130880353040993214e-04 6.707305146846920252e-05 1.113747930503450334e-05 1.217263888975139707e-05 5.698881432181224227e-05
6.956992438063025475e-04 7.335766567848622799e-04 6.575346924364566803e-05 1.016140231513418257e-05 1.156044345407281071e-05 5.853856782778166234e-05
7.270144997164607048e-04 8.352124714292585850e-04 6.708687578793615103e-05 1.080080255633220077e-05 1.257068561244523153e-05 5.950519334874115884e-05
6.977415177971124649e-04 9.335289942100644112e-04 6.545092037413269281e-05 1.064970820152666420e-05 1.220189733430743217e-05 5.647383659379556775e-05
6.885243346914649010e-04 8.536507957614958286e-04 6.262869283091276884e-05 1.070260077540297061e-05 1.150113712355960160e-05 5.805438922834582627e-05
6.658578640781342983e-04 9.691055165603756905e-04 6.540797039633616805e-05 1.221168804477201775e-05 1.302219516219338402e-05 5.431445242720656097e-05
6.916554993949830532e-04 8.888072916306555271e-04 6.365037552313879132e-05 1.112701556849060580e-05 1.337722915195627138e-05 5.461179534904658794e-05
7.685402524657547474e-04 8.919329266063868999e-04 5.799815335194580257e-05 1.137466551881516352e-05 1.087655255105346441e-05 6.659653445240110159e-05
7.081056828610599041e-04 9.810888441279530525e-04 5.775559111498296261e-05 1.047975729306926951e-05 9.949221748684067279e-06 6.145357474451884627e-05
7.148357690311968327e-04 8.710996480658650398e-04 6.206375110195949674e-05 1.058758971339557320e-05 1.184672782983398065e-05 5.747665272792801261e-05
8.409773581661283970e-04 1.045386772602796555e-03 6.106540968175977468e-05 1.006448565021855757e-05 1.155773770733503625e-05 6.462349119829013944e-05
7.350937812589108944e-04 1.076463609933853149e-03 5.473392593557946384e-05 9.628508450987283140e-06 8.932334822020493448e-06 5.828194116475060582e-05
7.522560772486031055e-04 1.064698561094701290e-03 5.996487743686884642e-05 1.066707500285701826e-05 1.098447137337643653e-05 6.473709072452038527e-05
8.079731487669050694e-04 1.002780976705253124e-03 6.263282557483762503e-05 1.176886416942579672e-05 1.179324317490682006e-05 6.549865065608173609e-05
7.564956904388964176e-04 1.145260524936020374e-03 6.103753548813983798e-05 1.129453175963135436e-05 1.154823257820680737e-05 6.104301428422331810e-05
7.679355912841856480e-04 1.101239118725061417e-03 5.933302963967435062e-05 1.060449358192272484e-05 1.061286457115784287e-05 6.423116428777575493e-05
7.811420946381986141e-04 1.213986543007194996e-03 6.079767263145186007e-05 1.004789373837411404e-05 1.131994213210418820e-05 6.390364433173090219e-05
7.513523451052606106e-04 1.195905613712966442e-03 5.603528916253708303e-05 9.084017619898077101e-06 9.836524441197980195e-06 6.381770072039216757e-05
8.084448054432868958e-04 1.137977000325918198e-03 5.660886745317839086e-05 9.305586900154594332e-06 1.069579775503370911e-05 6.544942152686417103e-05
8.071808842942118645e-04 1.050576101988554001e-03 5.770666030002757907e-05 9.231757758243475109e-06 1.100536155718145892e-05 6.357231904985383153e-05
8.122404688037931919e-04 1.044317497871816158e-03 5.745573071180842817e-05 9.567167580826207995e-06 1.041125597112113610e-05 6.983504135860130191e-05
7.990806479938328266e-04 1.245148829184472561e-03 5.570754001382738352e-05 9.798633072932716459e-06 1.061616876540938392e-05 6.902666791575029492e-05
8.139039273373782635e-04 1.178973121568560600e-03 5.810127186123281717e-05 1.053446612786501646e-05 1.058773250406375155e-05 6.636593752773478627e-05
8.364889072254300117e-04 1.224766019731760025e-03 6.019260763423517346e-05 1.001401960820658132e-05 1.012832126434659585e-05 6.366240268107503653e-05
8.774054585956037045e-04 1.024735858663916588e-03 5.949087790213525295e-05 9.746417163114529103e-06 1.027833695843582973e-05 6.621037027798593044e-05
8.423627587035298347e-04 9.541835170239210129e-04 5.850750312674790621e-05 9.392853826284408569e-06 1.023386357701383531e-05 7.034404552541673183e-05
9.568317327648401260e-04 1.083571230992674828e-03 6.047046554158441722e-05 1.032713771564885974e-05 1.077050546882674098e-05 7.438523607561364770e-05
9.964820928871631622e-04 1.220612437464296818e-03 6.185906386235728860e-05 1.016118130792165175e-05 1.109607546823099256e-05 7.173296035034582019e-05
8.787479600869119167e-04 1.155880629085004330e-03 6.127738015493378043e-05 1.012862594507168978e-05 1.185294058814179152e-05 6.141543417470529675e-05
8.378449711017310619e-04 1.000323100015521049e-03 5.914188295719213784e-05 9.977518857340328395e-06 1.107902426156215370e-05 6.380325066857039928e-05
8.147971821017563343e-04 9.812336647883057594e-04 5.820274964207783341e-05 9.642293662182055414e-06 9.623940968594979495e-06 6.408903573174029589e-05
7.807625224813818932e-04 9.160333429463207722e-04 5.914989742450416088e-05 1.005416015686932951e-05 1.015720590658020228e-05 5.856807547388598323e-05
8.807945414446294308e-04 1.074302359484136105e-03 6.233251042431220412e-05 1.052589504979550838e-05 1.181009156425716355e-05 6.260345980990678072e-05
8.178783464245498180e-04 9.689120925031602383e-04 6.225016113603487611e-05 1.052944844559533522e-05 1.272327244805637747e-05 6.444334576372057199e-05
8.537676767446100712e-04 1.078768051229417324e-03 6.179734918987378478e-05 1.069497102434979752e-05 1.243892711499938741e-05 6.035602928022854030e-05
8.592198719270527363e-04 1.033433130942285061e-03 6.297123036347329617e-05 1.091472768166568130e-05 1.258890188182704151e-05 6.869850039947777987e-05
8.367577684111893177e-04 9.640563512220978737e-04 6.461484008468687534e-05 1.175181205326225609e-05 1.338473612122470513e-05 6.560442852787673473e-05
8.388803107663989067e-04 9.796767262741923332e-04 6.242650852072983980e-05 1.104102284443797544e-05 1.302650071011157706e-05 6.986880907788872719e-05
8.476870134472846985e-04 9.257582714781165123e-04 6.137216405477374792e-05 1.165198136732215062e-05 1.253873688256135210e-05 6.706944986945018172e-05
8.131520007736980915e-04 8.781803771853446960e-04 5.998561755404807627e-05 1.167907248600386083e-05 1.301992324442835525e-05 6.185005622683092952e-05
8.964382577687501907e-04 8.483781130053102970e-04 5.963175135548226535e-05 1.127542600443121046e-05 1.288401836063712835e-05 6.757357914466410875e-05
9.665884426794946194e-04 9.095465647988021374e-04 6.125481013441458344e-05 1.213383711728965864e-05 1.261459874513093382e-05 7.495075988117605448e-05
8.837634231895208359e-04 8.166856132447719574e-04 6.393559306161478162e-05 1.238409731740830466e-05 1.370881909679155797e-05 7.048456609481945634e-05
8.559386478736996651e-04 7.746852934360504150e-04 6.315978680504485965e-05 1.220928606926463544e-05 1.247450927621684968e-05 6.578724423889070749e-05
9.485533810220658779e-04 7.278019329532980919e-04 6.506600766442716122e-05 1.269631138711702079e-05 1.282988341699820012e-05 6.641591608058661222e-05
9.869409259408712387e-04 7.235547527670860291e-04 6.694029434584081173e-05 1.349931608274346218e-05 1.302366308664204553e-05 7.206622831290587783e-05
1.001734752207994461e-03 6.756773218512535095e-04 6.872819358250126243e-05 1.314557903242530301e-05 1.357861947326455265e-05 8.279681060230359435e-05
1.033865613862872124e-03 6.692304741591215134e-04 6.741052493453025818e-05 1.327771678916178644e-05 1.242728376382729039e-05 7.401390757877379656e-05
9.992697741836309433e-04 5.869665765203535557e-04 6.885468610562384129e-05 1.382975187880219892e-05 1.176973091787658632e-05 6.951201794436201453e-05
1.116080442443490028e-03 6.110883550718426704e-04 6.833002407802268863e-05 1.373931900161551312e-05 1.178853108285693452e-05 7.163034024415537715e-05
1.074911677278578281e-03 5.892385379411280155e-04 6.899687286932021379e-05 1.304691795667167753e-05 1.052715288096806034e-05 6.987272354308515787e-05
9.868028573691844940e-04 5.740635097026824951e-04 6.665577529929578304e-05 1.317260012001497671e-05 9.873957424133550376e-06 6.421055149985477328e-05
1.041883835569024086e-03 6.016585393808782101e-04 7.113136234693229198e-05 1.379766945319715887e-05 1.031099327519768849e-05 7.179682870628312230e-05
1.033164444379508495e-03 5.476440419442951679e-04 6.782067794119939208e-05 1.310090101469540969e-05 9.614202099328394979e-06 7.623967394465580583e-05
1.004426740109920502e-03 5.890105967409908772e-04 7.159155211411416531e-05 1.464340402890229598e-05 1.032782529364340007e-05 7.097679190337657928e-05
9.386138990521430969e-04 5.489967297762632370e-04 7.259729318320751190e-05 1.534632065158803016e-05 1.040487131831469014e-05 6.831468635937198997e-05
8.882054826244711876e-04 5.396997439675033092e-04 7.402516348520293832e-05 1.462705586163792759e-05 1.072254963219165802e-05 6.783447315683588386e-05
9.975370485335588455e-04 5.457747611217200756e-04 7.696627289988100529e-05 1.598119160917121917e-05 1.112670088332379237e-05 7.161757821450009942e-05
9.220429346896708012e-04 5.041378317400813103e-04 7.758184074191376567e-05 1.617704583622980863e-05 1.068696565198479220e-05 7.009084947640076280e-05
9.866975015029311180e-04 5.525649175979197025e-04 8.223027543863281608e-05 1.844849793997127563e-05 1.130439613916678354e-05 7.252943032654002309e-05
9.933625115081667900e-04 5.354730528779327869e-04 8.366599649889394641e-05 1.586405051057226956e-05 1.130911641666898504e-05 7.074781024130061269e-05
9.487880161032080650e-04 5.587860359810292721e-04 8.132446237141266465e-05 1.627412893867585808e-05 1.125478593166917562e-05 6.892105739098042250e-05
9.278611396439373493e-04 5.237596342340111732e-04 9.096421854337677360e-05 1.813832750485744327e-05 1.385794712405186146e-05 6.931622920092195272e-05
8.750032866373658180e-04 5.155664402991533279e-04 9.052592213265597820e-05 1.708152376522775739e-05 1.337493540631840006e-05 6.661861698376014829e-05
9.286933345720171928e-04 5.405573756434023380e-04 8.656202408019453287e-05 1.677897671470418572e-05 1.391232854075497016e-05 6.565139483427628875e-05
1.014459296129643917e-03 5.756419850513339043e-04 7.848309905966743827e-05 1.530929694126825780e-05 1.214854910358553752e-05 6.821236456744372845e-05
1.034238608554005623e-03 6.123033235780894756e-04 8.162167068803682923e-05 1.515139229013584554e-05 1.253662139788502827e-05 6.770863546989858150e-05
8.816173067316412926e-04 5.746265524066984653e-04 8.831864397507160902e-05 1.674592203926295042e-05 1.461211832065600902e-05 6.439263961510732770e-05
9.767350275069475174e-04 6.116572767496109009e-04 8.618849824415519834e-05 1.342613541055470705e-05 1.421251363353803754e-05 6.579528417205438018e-05
1.011457061395049095e-03 6.756023503839969635e-04 8.504469587933272123e-05 1.413850986864417791e-05 1.447929844289319590e-05 6.687498535029590130e-05
9.721378446556627750e-04 6.575182778760790825e-04 8.523311407770961523e-05 1.270002121600555256e-05 1.446105761715443805e-05 5.787928967038169503e-05
9.670992731116712093e-04 6.384802982211112976e-04 8.089067705441266298e-05 1.319423427048604935e-05 1.441401673218933865e-05 5.944365693721920252e-05
1.004678546451032162e-03 6.809715996496379375e-04 7.741370791336521506e-05 1.278273066418478265e-05 1.542761856399010867e-05 6.045735062798485160e-05
1.030888524837791920e-03 7.663170690648257732e-04 7.956868648761883378e-05 1.449303908884758130e-05 1.632635758141987026e-05 6.091632531024515629e-05
9.560168255120515823e-04 7.364222547039389610e-04 7.931794971227645874e-05 1.404795693815685809e-05 1.683470327407121658e-05 5.805022010463289917e-05
9.937791619449853897e-04 7.949114660732448101e-04 7.515635661548003554e-05 1.453832828701706603e-05 1.641038761590607464e-05 6.415077950805425644e-05
9.684221004135906696e-04 8.097101235762238503e-04 7.065129466354846954e-05 1.279358275496633723e-05 1.527753192931413651e-05 6.409043271560221910e-05
1.018914044834673405e-03 8.883550181053578854e-04 6.668641435680910945e-05 1.068073015630943701e-05 1.416312079527415335e-05 6.427476910175755620e-05
9.475769475102424622e-04 8.462189580313861370e-04 6.810384365962818265e-05 1.209038146043894812e-05 1.494053049100330099e-05 6.220130308065563440e-05
1.065279589965939522e-03 8.636372513137757778e-04 6.492470856755971909e-05 1.221246111526852474e-05 1.444272584194550291e-05 6.812701030867174268e-05
1.078429049812257290e-03 8.485320140607655048e-04 6.365113949868828058e-05 1.085473195416852832e-05 1.411269113305024803e-05 7.445528171956539154e-05
1.016058144159615040e-03 8.677028818055987358e-04 6.269056029850617051e-05 1.103384602174628526e-05 1.446938767912797630e-05 7.341538730543106794e-05
9.429273195564746857e-04 8.133711526170372963e-04 6.343732093228027225e-05 1.094644085242180154e-05 1.422785408067284152e-05 6.796968227718025446e-05
1.100061461329460144e-03 9.720040252432227135e-04 6.404648593161255121e-05 1.029344639391638339e-05 1.448734838049858809e-05 7.326534250751137733e-05
1.087430980987846851e-03 9.364103316329419613e-04 6.394898809958249331e-05 1.105181581806391478e-05 1.475228964409325272e-05 7.956816989462822676e-05
1.138566643930971622e-03 9.688813006505370140e-04 6.236958870431408286e-05 1.096010782930534333e-05 1.466583307774271816e-05 8.245999197242781520e-05
1.084297546185553074e-03 8.620191947557032108e-04 6.185214442666620016e-05 1.067936500476207584e-05 1.458547740185167640e-05 7.132611790439113975e-05
1.074330066330730915e-03 9.365836158394813538e-04 6.153324648039415479e-05 1.124858772527659312e-05 1.417558996763546020e-05 7.428709068335592747e-05
1.085442374460399151e-03 9.445304749533534050e-04 6.157108873594552279e-05 1.112140489567536861e-05 1.419526233803480864e-05 8.030328899621963501e-05
1.172877266071736813e-03 8.470127941109240055e-04 5.863737533218227327e-05 9.828288966673426330e-06 1.358369718218455091e-05 8.055716898525133729e-05
1.220091362483799458e-03 8.870445890352129936e-04 6.001131623634137213e-05 1.067780522134853527e-05 1.265594801225233823e-05 8.354162127943709493e-05
1.172625925391912460e-03 8.748570689931511879e-04 6.246813427424058318e-05 1.176300156657816842e-05 1.324790810031117871e-05 7.432564598275348544e-05
1.045477576553821564e-03 7.994290208443999290e-04 6.310956814559176564e-05 1.163867455034051090e-05 1.407356830895878375e-05 7.848020322853699327e-05
1.097054686397314072e-03 7.736440747976303101e-04 6.141701305750757456e-05 1.130519649450434372e-05 1.382187838316895068e-05 8.225018973462283611e-05
1.154559664428234100e-03 7.463668589480221272e-04 6.166246021166443825e-05 1.172252268588636070e-05 1.362512375635560602e-05 8.081947453320026398e-05
1.084710122086107731e-03 7.237510872073471546e-04 6.104457861511036754e-05 1.163142951554618776e-05 1.191814772028010339e-05 8.012390026124194264e-05
1.127955503761768341e-03 7.422152557410299778e-04 6.203510565683245659e-05 1.199130201712250710e-05 1.143100689660059288e-05 8.843302930472418666e-05
1.107335789129137993e-03 6.713626789860427380e-04 6.493725231848657131e-05 1.139922460424713790e-05 1.188975420518545434e-05 8.277087908936664462e-05
1.045787823386490345e-03 6.142772617749869823e-04 6.616055907215923071e-05 1.156258349510608241e-05 1.255368806596379727e-05 8.288591925520449877e-05
1.206240151077508926e-03 5.827291752211749554e-04 6.880943692522123456e-05 1.298571532970527187e-05 1.255315783055266365e-05 8.030140452319756150e-05
1.159875420853495598e-03 5.564481252804398537e-04 6.875053804833441973e-05 1.332136525888927281e-05 1.227830671268748119e-05 8.698023884790018201e-05
1.009415020234882832e-03 5.263861967250704765e-04 6.849990313639864326e-05 1.293257992074359208e-05 1.274435362574877217e-05 8.393517055083066225e-05
1.104837516322731972e-03 4.791883402504026890e-04 6.883627793285995722e-05 1.274754686164669693e-05 1.219223395310109481e-05 7.747874042252078652e-05
9.172433638013899326e-04 4.415614821482449770e-04 7.022765203146263957e-05 1.431574037269456312e-05 1.256031373486621305e-05 7.668697071494534612e-05
9.135530563071370125e-04 4.120211233384907246e-04 6.689284055028110743e-05 1.307851744059007615e-05 1.132867782871471718e-05 7.150443707359954715e-05
1.170874806120991707e-03 4.217671521473675966e-04 6.807238969486206770e-05 1.348819932900369167e-05 1.040377355820965022e-05 8.312927820952609181e-05
1.009256229735910892e-03 3.591726708691567183e-04 6.870280049042776227e-05 1.343240910500753671e-05 1.055836582963820547e-05 7.667153113288804889e-05
9.278478682972490788e-04 3.304423589725047350e-04 7.137494685593992472e-05 1.478656577091896906e-05 1.029780560202198103e-05 7.205063593573868275e-05
8.216964779421687126e-04 3.228610730729997158e-04 7.161651592468842864e-05 1.476969555369578302e-05 1.033035459840903059e-05 8.138472912833094597e-05
7.260385900735855103e-04 2.910006733145564795e-04 7.784510671626776457e-05 1.695560240477789193e-05 1.212725783261703327e-05 8.259069727500900626e-05
8.627537172287702560e-04 2.546251926105469465e-04 7.764279871480539441e-05 1.787239489203784615e-05 1.137562503572553396e-05 7.635739893885329366e-05
9.870686335489153862e-04 2.476560475770384073e-04 8.238368900492787361e-05 1.991417411772999913e-05 1.133543446485418826e-05 7.714571984251961112e-05
1.005004509352147579e-03 2.546724572312086821e-04 9.340461838291957974e-05 2.318816950719337910e-05 1.216049531649332494e-05 7.934657332953065634e-05
9.519897866994142532e-04 2.509104378987103701e-04 9.049795335158705711e-05 2.567188676039222628e-05 1.264200363948475569e-05 7.808062218828126788e-05
9.056253475137054920e-04 2.501013805158436298e-04 8.574314415454864502e-05 2.310709169250912964e-05 1.301768406847259030e-05 7.452000136254355311e-05
9.372059721499681473e-04 2.643326879478991032e-04 8.780280768405646086e-05 2.243619746877811849e-05 1.412340770912123844e-05 7.384576747426763177e-05
9.761826950125396252e-04 2.834924671333283186e-04 8.377905032830312848e-05 2.077753924822900444e-05 1.262336081708781421e-05 7.410733815049752593e-05
8.403609390370547771e-04 2.880441898014396429e-04 8.229602826759219170e-05 2.090013003908097744e-05 1.273251655220519751e-05 7.171602919697761536e-05
7.000790210440754890e-04 2.837965730577707291e-04 8.793698361841961741e-05 2.073154246318154037e-05 1.357110704702790827e-05 7.310300861718133092e-05
7.393348496407270432e-04 3.054800326935946941e-04 8.899220119928941131e-05 2.023636443482246250e-05 1.416752911609364673e-05 6.470310472650453448e-05
7.425592048093676567e-04 3.364767762832343578e-04 8.654451085021719337e-05 2.034581302723381668e-05 1.205315584229538217e-05 6.561045302078127861e-05
7.229010225273668766e-04 3.574639849830418825e-04 8.778225310379639268e-05 1.989366137422621250e-05 1.460535986552713439e-05 6.647284317295998335e-05
8.196133421733975410e-04 4.066008259542286396e-04 8.235943096224218607e-05 1.872251414170023054e-05 1.419785803591366857e-05 7.062164513627067208e-05
9.412219515070319176e-04 4.532597959041595459e-04 7.952330633997917175e-05 1.817174234020058066e-05 1.366429478366626427e-05 7.189953612396493554e-05
1.051614410243928432e-03 5.458855303004384041e-04 7.830250251572579145e-05 1.585837526363320649e-05 1.355943823000416160e-05 8.196250564651563764e-05
9.498708532191812992e-04 5.257191951386630535e-04 7.728983473498374224e-05 1.385526138619752601e-05 1.412460096616996452e-05 6.967282388359308243e-05
1.073572784662246704e-03 5.416161147877573967e-04 7.869278488215059042e-05 1.477241312386468053e-05 1.274194528377847746e-05 6.677915371255949140e-05
1.210282673127949238e-03 5.916294758208096027e-04 7.401411858154460788e-05 1.401666213496355340e-05 1.179515220428584144e-05 7.072550943121314049e-05
9.869443019852042198e-04 5.483408458530902863e-04 7.246344466693699360e-05 1.369955862173810601e-05 1.146609247371088713e-05 7.108988211257383227e-05
1.154773868620395660e-03 5.648448714055120945e-04 7.296843250514939427e-05 1.423954017809592187e-05 1.229746703756973147e-05 7.302364974748343229e-05
1.055034692399203777e-03 5.387041019275784492e-04 7.088371785357594490e-05 1.314310338784707710e-05 1.250252353202085942e-05 7.019268377916887403e-05
1.224867301061749458e-03 5.570567445829510689e-04 6.927199865458533168e-05 1.282977609662339091e-05 1.184366465167840943e-05 7.111151353456079960e-05
1.206415472552180290e-03 5.669459933415055275e-04 6.701370875816792250e-05 1.257052190339891240e-05 1.126549159380374476e-05 7.636874215677380562e-05
1.202587736770510674e-03 5.443050758913159370e-04 6.893041427247226238e-05 1.191348474094411358e-05 1.212324968946631998e-05 6.926603964529931545e-05
9.836223907768726349e-04 4.957708879373967648e-04 6.832857616245746613e-05 1.321652325714239851e-05 1.197678284370340407e-05 6.563484930666163564e-05
1.115503022447228432e-03 4.845288931392133236e-04 6.873679376440122724e-05 1.290340424020541832e-05 1.250549394171684980e-05 6.528300582431256771e-05
1.177773694507777691e-03 4.788681690115481615e-04 7.080328214215114713e-05 1.356850134470732883e-05 1.282331777474610135e-05 6.589369149878621101e-05
9.953214321285486221e-04 4.286821349523961544e-04 7.006022497080266476e-05 1.411270113749196753e-05 1.232673548656748608e-05 6.674679752904921770e-05
1.080914051271975040e-03 4.300402360968291759e-04 7.009967521298676729e-05 1.511447499069618061e-05 1.213201539940200746e-05 6.717930955346673727e-05
9.915207047015428543e-04 4.286435723770409822e-04 6.671789014944806695e-05 1.450177114747930318e-05 1.066733148036291823e-05 6.640026549575850368e-05
9.983937488868832588e-04 4.015262238681316376e-04 6.882775051053613424e-05 1.562075340189039707e-05 1.057190911524230614e-05 6.034816397004760802e-05
8.956610690802335739e-04 4.064307140652090311e-04 6.944378401385620236e-05 1.588332452229224145e-05 1.034799788612872362e-05 6.130441761342808604e-05
8.213269757106900215e-04 3.803587169386446476e-04 7.584541890537366271e-05 1.659594272496178746e-05 1.072830673365388066e-05 6.304229464149102569e-05
7.212760392576456070e-04 3.297434886917471886e-04 8.136255200952291489e-05 1.875559246400371194e-05 1.099847395380493253e-05 5.774794772150926292e-05
7.819455349817872047e-04 3.446603077463805676e-04 8.627893839729949832e-05 1.897023685160093009e-05 1.094730851036729291e-05 5.996406252961605787e-05
7.901054923422634602e-04 3.161451022606343031e-04 9.245677210856229067e-05 2.134427086275536567e-05 1.125094331655418500e-05 6.039890286047011614e-05
