1.447948976419866085e-03 1.179014099761843681e-03 1.200373953906819224e-04 3.173809091094881296e-05 2.285407390445470810e-05 1.225453452207148075e-04
1.581993419677019119e-03 1.333954511210322380e-03 1.223868457600474358e-04 3.087070217588916421e-05 2.272730671393219382e-05 1.283484452869743109e-04
1.438145642168819904e-03 1.160711515694856644e-03 1.225112209795042872e-04 2.280501394125167280e-05 1.770349990692920983e-05 1.332144602201879025e-04
1.705795992165803909e-03 1.390623277984559536e-03 1.141297980211675167e-04 1.970912671822588891e-05 1.657074608374387026e-05 1.368527737213298678e-04
1.598567934706807137e-03 1.466649933718144894e-03 1.368311786791309714e-04 2.918326936196535826e-05 2.043015592789743096e-05 1.279491407331079245e-04
1.168809481896460056e-03 1.337410649284720421e-03 1.221148995682597160e-04 2.265986040583811700e-05 1.971046549442689866e-05 1.032862492138519883e-04
9.391194907948374748e-04 1.253250520676374435e-03 1.525819825474172831e-04 3.218414349248632789e-05 2.439734089421108365e-05 7.672666106373071671e-05
8.882291149348020554e-04 1.275015529245138168e-03 1.293049572268500924e-04 2.866767863451968879e-05 2.024356763286050409e-05 7.564231054857373238e-05
9.114710264839231968e-04 1.645056065171957016e-03 1.286719780182465911e-04 2.919994767580647022e-05 1.917840199894271791e-05 7.647960592294111848e-05
8.904603892005980015e-04 1.466749119572341442e-03 1.311012310907244682e-04 2.637481702549848706e-05 2.050258808594662696e-05 7.660749542992562056e-05
1.151244272477924824e-03 1.863349229097366333e-03 1.174907665699720383e-04 2.557354309828951955e-05 2.044692519120872021e-05 1.022810101858340204e-04
1.750210416503250599e-03 1.679585780948400497e-03 1.057455519912764430e-04 2.791432052617892623e-05 1.610432445886544883e-05 1.571683824295178056e-04
1.154680037871003151e-03 1.340118004009127617e-03 1.039199560182169080e-04 2.656645119714085013e-05 1.522600905445870012e-05 1.062489536707289517e-04
1.432600547559559345e-03 1.561492215842008591e-03 1.110871526179835200e-04 2.751847387116868049e-05 1.950422847585286945e-05 1.218633842654526234e-04
2.175634261220693588e-03 2.934454241767525673e-03 1.132120232796296477e-04 2.510617559892125428e-05 2.021272302954457700e-05 1.687585754552856088e-04
1.376872998662292957e-03 1.980583416298031807e-03 1.049647325999103487e-04 2.498940193618182093e-05 1.460106614104006439e-05 1.192315612570382655e-04
9.617502219043672085e-04 1.987568801268935204e-03 1.234612282132729888e-04 2.743434015428647399e-05 1.858704126789234579e-05 8.720489131519570947e-05
1.618133042939007282e-03 1.731020514853298664e-03 1.295959955314174294e-04 3.333753556944429874e-05 2.100004348903894424e-05 1.490601280238479376e-04
1.190704526379704475e-03 1.964431488886475563e-03 1.250676286872476339e-04 2.814298204611986876e-05 2.021256659645587206e-05 1.145681162597611547e-04
1.099521992728114128e-03 2.241699025034904480e-03 1.246754254680126905e-04 3.362692223163321614e-05 2.161598968086764216e-05 1.046316101565025747e-04
1.154348719865083694e-03 1.862762495875358582e-03 1.075049949577078223e-04 2.485602999513503164e-05 1.886539757833816111e-05 9.232191951014101505e-05
1.150819356553256512e-03 2.003880683332681656e-03 1.153379780589602888e-04 2.969850720546673983e-05 1.936165972438175231e-05 9.333289199275895953e-05
1.266671111807227135e-03 1.668937853537499905e-03 1.242869329871609807e-04 3.443146124482154846e-05 2.193296313635073602e-05 1.004999357974156737e-04
1.208934700116515160e-03 2.063449239358305931e-03 1.251213689101859927e-04 2.997293449880089611e-05 1.928199344547465444e-05 1.178161910502240062e-04
1.390139223076403141e-03 2.055615419521927834e-03 1.102448295569047332e-04 2.613640754134394228e-05 1.676049760135356337e-05 1.219825280713848770e-04
1.382714603096246719e-03 1.720674103125929832e-03 1.119535154430195689e-04 2.741419848462101072e-05 1.770572089299093932e-05 1.113109829020686448e-04
1.289391308091580868e-03 1.641229260712862015e-03 1.189766990137286484e-04 3.358964750077575445e-05 1.933203748194500804e-05 1.066737386281602085e-04
1.563154975883662701e-03 1.708021736703813076e-03 1.309699437115341425e-04 3.350778206367976964e-05 1.621472983970306814e-05 1.263372687390074134e-04
1.879381248727440834e-03 1.828571897931396961e-03 1.286477927351370454e-04 2.722433600865770131e-05 1.615013025002554059e-05 1.244690065504983068e-04
1.728443778119981289e-03 1.534406212158501148e-03 1.289235515287145972e-04 3.245394327677786350e-05 1.729620635160245001e-05 1.240776036866009235e-04
1.514822244644165039e-03 1.830346067436039448e-03 1.180626713903620839e-04 2.751334432105068117e-05 1.688677366473712027e-05 1.414903526892885566e-04
1.777626923285424709e-03 1.688030315563082695e-03 1.401158078806474805e-04 3.839149940176866949e-05 1.821229670895263553e-05 1.322541211266070604e-04
1.314089866355061531e-03 1.447654678486287594e-03 1.445453235646709800e-04 3.198534250259399414e-05 2.219255475210957229e-05 9.802956628846004605e-05
1.179511076770722866e-03 1.644507283344864845e-03 1.255844690604135394e-04 3.076720895478501916e-05 1.777442048478405923e-05 1.011616332107223570e-04
1.053762156516313553e-03 1.451457035727798939e-03 1.130186647060327232e-04 3.000760079885367304e-05 1.422182594978949055e-05 9.650745050748810172e-05
9.703214745968580246e-04 1.256333314813673496e-03 1.139508167398162186e-04 2.691529880394227803e-05 1.500709731772076339e-05 7.830865797586739063e-05
1.181097701191902161e-03 1.323860953561961651e-03 1.274458190891891718e-04 2.500362279533874243e-05 1.830939618230331689e-05 1.003368743113242090e-04
1.111042685806751251e-03 1.155997160822153091e-03 1.224642037414014339e-04 2.623729233164340258e-05 1.806629734346643090e-05 1.021994248731061816e-04
1.155694248154759407e-03 1.483319210819900036e-03 1.247188629349693656e-04 2.833463440765626729e-05 1.793316187104210258e-05 1.015620800899341702e-04
1.167330890893936157e-03 1.238677999936044216e-03 1.150417665485292673e-04 1.953481478267349303e-05 2.119408418366219848e-05 1.107847419916652143e-04
1.471862662583589554e-03 1.344924792647361755e-03 1.168765302281826735e-04 2.018622399191372097e-05 1.983184483833611012e-05 1.451249700039625168e-04
1.206992659717798233e-03 1.189986243844032288e-03 1.085594631149433553e-04 2.093744296871591359e-05 1.800897371140308678e-05 1.166624206234700978e-04
1.320388400927186012e-03 1.201097737066447735e-03 1.124809714383445680e-04 2.556443178036715835e-05 1.761050225468352437e-05 1.231889182236045599e-04
1.337992609478533268e-03 1.192154479213058949e-03 1.205971493618562818e-04 2.606093221402261406e-05 2.283556750626303256e-05 1.057688714354299009e-04
1.478320220485329628e-03 1.024082070216536522e-03 1.149973395513370633e-04 2.743332333920989186e-05 1.921425428008660674e-05 1.042430594679899514e-04
1.299503375776112080e-03 1.262085977941751480e-03 1.155915015260688961e-04 2.877897350117564201e-05 1.895384957606438547e-05 1.177850936073809862e-04
1.198839279823005199e-03 1.119951484724879265e-03 1.188160240417346358e-04 2.554225466155912727e-05 2.184828190365806222e-05 1.091347439796663821e-04
1.272154739126563072e-03 9.316481300629675388e-04 1.187241941806860268e-04 2.489674261596519500e-05 1.970378434634767473e-05 1.042935982695780694e-04
1.345158671028912067e-03 9.421930881217122078e-04 1.195687291328795254e-04 2.602914719318505377e-05 1.990937562368344516e-05 1.025041492539457977e-04
1.672385260462760925e-03 8.550110505893826485e-04 1.183922722702845931e-04 2.472092455718666315e-05 2.019393650698475540e-05 1.395350700477138162e-04
1.668579643592238426e-03 1.017768052406609058e-03 1.262464793398976326e-04 2.325685818505007774e-05 2.054844844678882509e-05 1.428254909114912152e-04
1.714345999062061310e-03 9.532117983326315880e-04 1.297910785069689155e-04 2.565991962910629809e-05 1.793183037079870701e-05 1.385898503940552473e-04
1.476285397075116634e-03 8.342987275682389736e-04 1.243372389581054449e-04 2.609377952467184514e-05 1.811245783756021410e-05 1.246439060196280479e-04
1.489422400481998920e-03 7.788908551447093487e-04 1.269728236366063356e-04 2.641326864250004292e-05 1.606288242328446358e-05 9.337142546428367496e-05
1.404133508913218975e-03 7.895518210716545582e-04 1.322215248364955187e-04 2.326476715097669512e-05 1.535020783194340765e-05 1.016757887555286288e-04
1.526672509498894215e-03 9.054280235432088375e-04 1.109910153900273144e-04 2.484632022969890386e-05 1.387504289596108720e-05 9.042641613632440567e-05
1.598648959770798683e-03 8.888000738807022572e-04 1.289410720346495509e-04 2.478955320839304477e-05 1.481863182561937720e-05 1.374565326841548085e-04
1.572985085658729076e-03 8.140090503729879856e-04 1.271065848413854837e-04 2.388221582805272192e-05 1.374834027956239879e-05 1.016718524624593556e-04
1.420215354301035404e-03 9.925602935254573822e-04 1.068196506821550429e-04 2.376883639954030514e-05 1.358342979074222967e-05 1.015259331325069070e-04
1.641547190956771374e-03 7.194195059128105640e-04 1.138523075496777892e-04 2.507473618607036769e-05 1.490626254962990060e-05 1.187393500003963709e-04
1.438692561350762844e-03 7.730338256806135178e-04 1.136497958214022219e-04 2.877554652513936162e-05 1.510519632574869320e-05 1.016403621179051697e-04
1.340053975582122803e-03 7.354415138252079487e-04 1.173593409475870430e-04 2.878027589758858085e-05 1.515018448117189109e-05 9.337796655017882586e-05
1.189536298625171185e-03 8.014459162950515747e-04 1.083658426068723202e-04 3.548498716554604471e-05 1.656559106777422130e-05 8.869842713465914130e-05
1.485174638219177723e-03 7.601422839798033237e-04 1.189533140859566629e-04 4.102053935639560223e-05 1.793277442629914731e-05 1.487830159021541476e-04
1.975630875676870346e-03 6.785378791391849518e-04 1.221561396960169077e-04 3.975003346567973495e-05 1.827798587328288704e-05 1.313091343035921454e-04
1.442628912627696991e-03 7.320511504076421261e-04 1.100041772588156164e-04 3.782266867347061634e-05 1.619897011551074684e-05 8.702534978510811925e-05
1.345827011391520500e-03 7.098687347024679184e-04 1.327352510998025537e-04 4.350010203779675066e-05 2.173728535126429051e-05 1.149182789959013462e-04
1.318600843660533428e-03 6.794459768570959568e-04 1.326430356130003929e-04 4.233678555465303361e-05 1.934976717166136950e-05 1.162636035587638617e-04
1.435754471458494663e-03 6.868010386824607849e-04 1.371882681269198656e-04 4.629878458217717707e-05 2.213667175965383649e-05 9.625634265830740333e-05
1.400764798745512962e-03 8.052455959841609001e-04 1.309613144258037210e-04 3.917020512744784355e-05 2.091222813760396093e-05 1.147811708506196737e-04
1.461794949136674404e-03 1.020552008412778378e-03 1.299223222304135561e-04 3.323139753774739802e-05 1.757726386131253093e-05 1.318553404416888952e-04
1.075988286174833775e-03 7.300093420781195164e-04 1.332266110694035888e-04 3.953462510253302753e-05 2.258210406580474228e-05 9.854698146227747202e-05
1.369516598060727119e-03 1.039353897795081139e-03 1.338509900961071253e-04 2.586612026789225638e-05 2.069760012091137469e-05 9.886236512102186680e-05
1.455290941521525383e-03 1.208680449053645134e-03 1.306863850913941860e-04 2.653086630743928254e-05 2.129007771145552397e-05 9.334690548712387681e-05
1.409785938449203968e-03 9.740937966853380203e-04 1.380043249810114503e-04 2.448704071866814047e-05 2.178450267820153385e-05 8.455872739432379603e-05
1.296638976782560349e-03 1.171015086583793163e-03 1.423560461262241006e-04 3.639851274783723056e-05 2.506941564206499606e-05 1.085366966435685754e-04
1.606135163456201553e-03 1.372806378640234470e-03 1.405541115673258901e-04 3.152131830574944615e-05 2.589600990177132189e-05 1.410870318068191409e-04
1.345461583696305752e-03 1.048876321874558926e-03 1.437562605133280158e-04 3.180941348546184599e-05 2.398245487711392343e-05 1.004559744615107775e-04
1.411542994901537895e-03 1.075398293323814869e-03 1.370003883494064212e-04 2.666227192094083875e-05 2.367653542023617774e-05 1.062654337147250772e-04
1.532724243588745594e-03 1.431766082532703876e-03 1.365011703455820680e-04 3.278776057413779199e-05 2.482699892425443977e-05 1.142511464422568679e-04
1.418973319232463837e-03 1.128649455495178699e-03 1.355870917905122042e-04 2.778942143777385354e-05 2.427267281746026129e-05 9.577829769114032388e-05
1.402693334966897964e-03 1.373235718347132206e-03 1.374071725877001882e-04 2.531177597120404243e-05 2.507277531549334526e-05 1.100376030080951750e-04
1.398284337483346462e-03 1.159382169134914875e-03 1.491816074121743441e-04 3.167992326780222356e-05 2.644425512698944658e-05 1.049626298481598496e-04
1.495815697126090527e-03 1.220095786266028881e-03 1.399003085680305958e-04 2.859184132830705494e-05 2.342304469493683428e-05 1.020039635477587581e-04
1.303454977460205555e-03 1.193415373563766479e-03 1.511472655693069100e-04 2.838686850736849010e-05 2.316676909686066210e-05 1.004068981274031103e-04
1.399193191900849342e-03 1.237021293491125107e-03 1.435257436241954565e-04 3.196460238541476429e-05 2.576634506112895906e-05 1.270869397558271885e-04
1.353466999717056751e-03 1.052844338119029999e-03 1.553170004626736045e-04 3.620216739363968372e-05 2.561595101724378765e-05 1.110759985749609768e-04
1.484182546846568584e-03 1.348333666101098061e-03 1.498518540756776929e-04 2.213614789070561528e-05 2.437220427964348346e-05 1.026171885314397514e-04
1.367406803183257580e-03 1.336594228632748127e-03 1.548620784888044000e-04 2.576933729869779199e-05 2.319373379577882588e-05 1.184446155093610287e-04
1.706359442323446274e-03 1.385425566695630550e-03 1.682158617768436670e-04 2.874477831937838346e-05 2.669802779564633965e-05 1.216635719174519181e-04
1.576706767082214355e-03 1.258449163287878036e-03 1.602580741746351123e-04 3.668813587864860892e-05 2.549624878156464547e-05 1.306357298744842410e-04
1.570171094499528408e-03 1.234076800756156445e-03 1.811326073948293924e-04 4.377317236503586173e-05 2.478829082974698395e-05 1.260419230675324798e-04
1.613561762496829033e-03 1.473309006541967392e-03 1.639432302908971906e-04 4.051325959153473377e-05 2.466236037435010076e-05 1.281237782677635550e-04
1.665697665885090828e-03 1.226958120241761208e-03 1.720425643725320697e-04 2.699823380680754781e-05 2.551522084104362875e-05 1.578360534040257335e-04
1.543628866784274578e-03 1.265442464500665665e-03 1.520291843917220831e-04 2.925980697909835726e-05 1.881775096990168095e-05 1.379157765768468380e-04
1.387044903822243214e-03 1.137048937380313873e-03 1.581823162268847227e-04 3.477148857200518250e-05 1.897058064059820026e-05 1.172616757685318589e-04
1.261432305909693241e-03 1.039862283505499363e-03 1.584045530762523413e-04 3.201894651283510029e-05 2.045929431915283203e-05 1.194865617435425520e-04
1.375271123833954334e-03 9.367969469167292118e-04 1.499497302575036883e-04 2.551662873884197325e-05 1.951981175807304680e-05 1.319648290518671274e-04
1.395056257024407387e-03 9.109276579692959785e-04 1.596932706888765097e-04 2.802796188916545361e-05 2.047317502729129046e-05 1.159324601758271456e-04
2.036109333857893944e-03 1.295328256674110889e-03 1.582663535373285413e-04 2.896148907893802971e-05 2.136366674676537514e-05 1.506700646132230759e-04
1.945970463566482067e-03 1.207911176607012749e-03 1.504864339949563146e-04 2.796133048832416534e-05 1.808818706194870174e-05 1.381208567181602120e-04
1.948189456015825272e-03 1.110751647502183914e-03 1.562186662340536714e-04 3.084208219661377370e-05 1.892004365799948573e-05 1.446968963136896491e-04
1.378421438857913017e-03 9.401272400282323360e-04 1.482823863625526428e-04 2.956122079922351986e-05 2.049953945970628411e-05 1.374901621602475643e-04
1.618544803932309151e-03 8.846804848872125149e-04 1.469433773308992386e-04 3.358364483574405313e-05 2.149638567061629146e-05 1.388298551319167018e-04
1.398222637362778187e-03 7.563512190245091915e-04 1.421600754838436842e-04 3.253033719374798238e-05 2.013837183767464012e-05 1.352192484773695469e-04
1.417314517311751842e-03 7.294826209545135498e-04 1.378177548758685589e-04 2.883198976633138955e-05 1.941551454365253448e-05 1.359378366032615304e-04
1.267868443392217159e-03 6.332255434244871140e-04 1.266438484890386462e-04 2.422060424578376114e-05 1.701010842225514352e-05 1.075592954293824732e-04
1.561169745400547981e-03 6.085818167775869370e-04 1.270575303351506591e-04 2.670081266842316836e-05 1.878256080090068281e-05 1.168058151961304247e-04
1.318763010203838348e-03 6.011747755110263824e-04 1.244349696207791567e-04 2.521941496524959803e-05 1.816331314330454916e-05 1.366644864901900291e-04
1.381671405397355556e-03 6.718673976138234138e-04 1.280388823943212628e-04 2.504236363165546209e-05 1.673735096119344234e-05 1.389390527037903666e-04
1.329151797108352184e-03 5.358191556297242641e-04 1.208463509101420641e-04 2.299079642398282886e-05 1.501936185377417132e-05 1.162524276878684759e-04
1.205444685183465481e-03 4.298283893149346113e-04 1.190366310765966773e-04 2.493667670933064073e-05 1.488327325205318630e-05 9.900115401251241565e-05
1.147297676652669907e-03 4.364015185274183750e-04 1.253894151886925101e-04 2.582796514616347849e-05 1.547341526020318270e-05 1.194649885292164981e-04
8.978357654996216297e-04 3.611620049923658371e-04 1.260608260054141283e-04 2.763132579275406897e-05 1.620595503482036293e-05 1.128814255935139954e-04
1.065870979800820351e-03 3.206605324521660805e-04 1.271213986910879612e-04 2.705078259168658406e-05 1.728802089928649366e-05 1.127728319261223078e-04
1.475837780162692070e-03 3.014273825101554394e-04 1.221574493683874607e-04 2.927754030679352582e-05 1.623675052542239428e-05 1.030351704685017467e-04
1.269090455025434494e-03 3.161758359055966139e-04 1.354932610411196947e-04 3.483823456917889416e-05 1.674651684879790992e-05 1.047377591021358967e-04
1.210995367728173733e-03 2.996092371176928282e-04 1.320961309829726815e-04 4.474108936847187579e-05 1.788792542356532067e-05 1.110457160393707454e-04
1.215685857459902763e-03 3.067488432861864567e-04 1.218469406012445688e-04 4.004780930699780583e-05 1.744135079206898808e-05 1.046635879902169108e-04
1.443236833438277245e-03 3.522085899021476507e-04 1.355319836875423789e-04 4.193615313852205873e-05 1.759444967319723219e-05 1.155612117145210505e-04
1.257259747944772243e-03 3.509666712488979101e-04 1.238029799424111843e-04 4.043706576339900494e-05 1.751458694343455136e-05 9.947149374056607485e-05
9.913971880450844765e-04 3.257532080169767141e-04 1.236217067344114184e-04 3.888529681717045605e-05 1.668505137786269188e-05 8.717851596884429455e-05
8.220437448471784592e-04 3.172539873048663139e-04 1.303956960327923298e-04 4.147454092162661254e-05 1.759136648615822196e-05 9.195608436129987240e-05
1.041127252392470837e-03 3.734121564775705338e-04 1.383907219860702753e-04 4.218260073685087264e-05 1.776837416400667280e-05 8.353657176485285163e-05
8.502501295879483223e-04 3.889705112669616938e-04 1.293772074859589338e-04 3.769678369280882180e-05 1.406362389388959855e-05 8.323113434016704559e-05
9.599840850569307804e-04 4.470575659070163965e-04 1.355322456220164895e-04 3.574539368855766952e-05 1.936849366757087409e-05 8.810994768282398582e-05
9.465904440730810165e-04 4.780747112818062305e-04 1.404447248205542564e-04 3.658869536593556404e-05 1.955979314516298473e-05 9.079295705305412412e-05
1.215632888488471508e-03 5.342610529623925686e-04 1.348687219433486462e-04 4.826214717468246818e-05 1.936792614287696779e-05 8.858662476995959878e-05
1.336138928309082985e-03 6.801731069572269917e-04 1.469566923333331943e-04 4.690410423791036010e-05 1.936115040734875947e-05 1.094414328690618277e-04
1.212299568578600883e-03 7.345324265770614147e-04 1.532755413791164756e-04 3.549104076228104532e-05 1.791275099094491452e-05 1.168455783044919372e-04
1.548241707496345043e-03 7.765716873109340668e-04 1.547947176732122898e-04 3.664081668830476701e-05 1.770058224792592227e-05 1.115811246563680470e-04
1.580531476065516472e-03 7.473038858734071255e-04 1.463199732825160027e-04 2.958500954264309257e-05 1.508792411186732352e-05 8.978178811958059669e-05
1.228939276188611984e-03 7.198810344561934471e-04 1.412956335116177797e-04 3.011046646861359477e-05 1.959655855898745358e-05 1.022508586174808443e-04
1.861602184362709522e-03 8.879860397428274155e-04 1.424619695171713829e-04 3.563313293852843344e-05 1.684926428424660116e-05 9.921741730067878962e-05
1.577059971168637276e-03 7.516675977967679501e-04 1.481322397012263536e-04 2.827818207151722163e-05 1.650235935812816024e-05 9.100975148612633348e-05
1.824876992031931877e-03 8.382262894883751869e-04 1.280950091313570738e-04 2.534467057557776570e-05 1.697079642326571047e-05 1.075517939170822501e-04
1.509130815975368023e-03 7.629544707015156746e-04 1.186683002742938697e-04 2.464972021698486060e-05 1.573138069943524897e-05 9.395129018230363727e-05
1.570038264617323875e-03 7.171828765422105789e-04 1.162094995379447937e-04 2.700104778341483325e-05 1.837407398852519691e-05 8.942964632296934724e-05
1.255991170182824135e-03 7.066396647132933140e-04 1.195636214106343687e-04 2.668205343070439994e-05 2.026952097367029637e-05 9.761028923094272614e-05
1.355284592136740685e-03 6.676591583527624607e-04 1.235014351550489664e-04 2.713230605877470225e-05 2.170380321331322193e-05 8.892911137081682682e-05
1.538573997095227242e-03 6.748188170604407787e-04 1.246557949343696237e-04 2.977428994199726731e-05 2.266165756736882031e-05 9.337063238490372896e-05
1.186258043162524700e-03 5.602209130302071571e-04 1.274996320717036724e-04 3.177365579176694155e-05 2.108560511260293424e-05 9.864944149740040302e-05
1.537825795821845531e-03 5.658397567458450794e-04 1.107274438254535198e-04 3.025479600182734430e-05 1.839604919950943440e-05 8.399070793529972434e-05
1.229125424288213253e-03 5.167061462998390198e-04 1.073174207704141736e-04 2.550230419728904963e-05 1.663506918703205884e-05 8.341490320162847638e-05
1.299076364375650883e-03 4.752842942252755165e-04 1.050792925525456667e-04 2.881331238313578069e-05 1.610744402569252998e-05 7.696937245782464743e-05
1.049361308105289936e-03 5.112263024784624577e-04 1.082286617020145059e-04 3.120908513665199280e-05 1.722390516079030931e-05 7.604956044815480709e-05
9.737964137457311153e-04 5.033338675275444984e-04 1.172659904113970697e-04 3.014130379597190768e-05 1.811286529118660837e-05 9.434971434529870749e-05
8.455786737613379955e-04 3.983373753726482391e-04 1.212723291246220469e-04 3.544455103110522032e-05 1.842846540967002511e-05 7.510418799938634038e-05
9.217890910804271698e-04 4.741485754493623972e-04 1.321151066804304719e-04 3.913442196790128946e-05 1.833233000070322305e-05 7.985106640262529254e-05
9.591414709575474262e-04 4.690267378464341164e-04 1.185779619845561683e-04 3.558697062544524670e-05 1.694449565547984093e-05 9.498564031673595309e-05
