1.149440765380859375e+00 -7.172727026045322418e-03 -1.383326482027769089e-03 4.424204234965145588e-04 2.390495792496949434e-04 -3.117499873042106628e-04
1.162071585655212402e+00 -1.070349710062146187e-03 -7.307626656256616116e-04 1.508112472947686911e-04 4.434794245753437281e-04 4.677078104577958584e-04
1.166726708412170410e+00 9.373160079121589661e-03 -5.240980070084333420e-03 -5.997726111672818661e-04 -1.642815914237871766e-05 4.784136253874748945e-04
1.180406212806701660e+00 6.093634292483329773e-03 -9.997842833399772644e-03 -8.046453585848212242e-04 -8.841649832902476192e-05 1.082792528904974461e-03
1.196952819824218750e+00 1.389218121767044067e-02 -1.649388112127780914e-02 -2.524852519854903221e-03 2.145728940377011895e-04 5.431124009191989899e-04
1.205564379692077637e+00 1.809529960155487061e-02 -1.226400677114725113e-02 -2.213140716776251793e-03 8.609838550910353661e-05 4.101207305211573839e-04
1.207934737205505371e+00 2.478062547743320465e-02 -2.605050685815513134e-04 -1.044887467287480831e-03 -7.582210819236934185e-04 5.691197584383189678e-04
1.298343062400817871e+00 3.441912680864334106e-02 -4.876560717821121216e-02 -8.926060982048511505e-03 -2.938536636065691710e-04 -7.865755469538271427e-04
1.233928084373474121e+00 -2.480812370777130127e-02 1.029810286127030849e-03 -1.765405409969389439e-03 -1.493166666477918625e-03 2.516494423616677523e-04
1.251372814178466797e+00 1.526484731584787369e-03 6.823476403951644897e-03 -7.270547794178128242e-04 -1.440183259546756744e-03 1.741316402330994606e-03
1.263452529907226562e+00 6.594602484256029129e-03 8.619421161711215973e-03 -7.714414969086647034e-04 -2.391913905739784241e-03 -1.369659294141456485e-04
1.315127134323120117e+00 -2.770625054836273193e-03 -9.928284212946891785e-03 -3.138933097943663597e-03 -1.648687757551670074e-03 7.105861441232264042e-04
1.317852497100830078e+00 -1.792265847325325012e-02 8.448431035503745079e-04 -1.850857515819370747e-03 -1.565789454616606236e-03 1.558545744046568871e-03
1.274477481842041016e+00 -3.297761455178260803e-02 2.324024587869644165e-02 2.766229212284088135e-03 9.285368723794817924e-04 9.147822856903076172e-03
1.322957992553710938e+00 -3.105162177234888077e-03 4.952057264745235443e-03 5.383576499298214912e-04 3.445411130087450147e-05 4.346194211393594742e-03
1.375615835189819336e+00 4.352508578449487686e-03 -3.573370049707591534e-04 2.850840974133461714e-04 -1.256844727322459221e-03 -1.739506609737873077e-03
1.306138038635253906e+00 4.816963337361812592e-03 -3.048817161470651627e-03 5.309594562277197838e-04 6.248399731703102589e-04 5.671995226293802261e-03
1.350007176399230957e+00 8.571142330765724182e-03 1.208390947431325912e-02 1.484486623667180538e-03 3.338027454447001219e-04 1.566096325404942036e-03
1.375461935997009277e+00 6.841541267931461334e-03 3.679769113659858704e-03 2.472484251484274864e-03 1.547127321828156710e-04 -5.252513801679015160e-04
1.364335298538208008e+00 1.075266953557729721e-02 5.993334576487541199e-03 1.263027312234044075e-03 3.490415983833372593e-04 -7.478923362214118242e-05
1.377232074737548828e+00 4.670000169426202774e-03 -4.237263463437557220e-03 -7.025513914413750172e-04 5.693340426660142839e-05 9.594215080142021179e-04
1.396908044815063477e+00 1.617577858269214630e-02 2.008336968719959259e-02 1.249332563020288944e-03 -2.101945428876206279e-04 9.621959761716425419e-04
1.410555481910705566e+00 1.670472323894500732e-02 7.137213367968797684e-03 -9.625178645364940166e-04 -6.943974876776337624e-04 1.430636039003729820e-04
1.409635305404663086e+00 -4.347122274339199066e-03 4.213474690914154053e-03 -4.839950706809759140e-04 1.032750878948718309e-04 3.107791417278349400e-04
1.429528236389160156e+00 -4.898858023807406425e-04 -7.122163660824298859e-03 6.211749860085546970e-04 3.793817595578730106e-04 5.274290451779961586e-04
1.443374276161193848e+00 1.524778548628091812e-03 8.669968694448471069e-03 -2.283096779137849808e-03 -1.843236677814275026e-04 3.172243013978004456e-04
1.468464970588684082e+00 3.719254862517118454e-03 -5.943582393229007721e-03 -1.390719553455710411e-03 -3.824376617558300495e-04 -7.461645873263478279e-04
1.473341226577758789e+00 -2.372819464653730392e-03 -7.578012300655245781e-04 -5.485458532348275185e-04 1.216331729665398598e-03 -3.849364875350147486e-04
1.490360975265502930e+00 1.653655432164669037e-03 -1.808983832597732544e-02 1.265499624423682690e-03 -8.405646076425909996e-04 6.539166788570582867e-04
1.500912904739379883e+00 -6.460562814027070999e-03 -1.073615439236164093e-02 3.781129489652812481e-04 -8.850906160660088062e-04 8.648018701933324337e-04
1.521636128425598145e+00 5.525826942175626755e-03 4.076377023011445999e-03 3.449014620855450630e-04 -8.447930449619889259e-04 2.493411011528223753e-04
1.458606839179992676e+00 2.632424933835864067e-03 2.691394649446010590e-03 1.080435118637979031e-03 -9.817064274102449417e-04 1.302419550484046340e-04
1.542790412902832031e+00 7.474281825125217438e-03 3.740685526281595230e-03 -1.177437254227697849e-03 -1.421409106114879251e-04 4.301939043216407299e-04
1.559479117393493652e+00 6.914266385138034821e-03 3.042397834360599518e-02 4.456106689758598804e-04 -2.047087909886613488e-04 -2.170184161514043808e-03
1.530010581016540527e+00 2.531676925718784332e-02 1.537753455340862274e-02 -2.391230955254286528e-04 -6.874571554362773895e-04 1.423793728463351727e-03
1.534842729568481445e+00 1.796271465718746185e-02 8.738821372389793396e-03 1.587571750860661268e-04 -2.548565389588475227e-04 -7.044509402476251125e-04
1.534310936927795410e+00 2.936511300504207611e-02 1.824996806681156158e-02 3.652859595604240894e-04 -9.585451334714889526e-04 -2.067637433356139809e-05
1.559156537055969238e+00 4.671224858611822128e-03 2.373054064810276031e-02 -8.840215159580111504e-04 3.432836092542856932e-04 -9.923109319061040878e-04
1.553812980651855469e+00 1.139046624302864075e-02 9.348788298666477203e-03 -1.348702120594680309e-03 -5.361249786801636219e-04 -9.361030533909797668e-04
1.558307647705078125e+00 1.450973376631736755e-02 6.847316399216651917e-03 -1.598354196175932884e-03 -4.312566597945988178e-04 -2.421418903395533562e-04
1.571796059608459473e+00 2.055689506232738495e-02 8.990988135337829590e-06 -8.091382915154099464e-04 3.582102071959525347e-04 -1.096013933420181274e-03
1.577133297920227051e+00 1.232462935149669647e-02 5.092634819447994232e-03 5.136191030032932758e-04 2.976863761432468891e-04 4.436766030266880989e-04
1.598841786384582520e+00 -2.580537460744380951e-03 8.826564066112041473e-03 -3.084465279243886471e-04 1.616350491531193256e-04 -8.798975613899528980e-06
1.610598325729370117e+00 5.106617230921983719e-03 7.505334215238690376e-04 7.095355613273568451e-06 -4.625822766683995724e-04 2.506103366613388062e-03
1.610576152801513672e+00 -4.572940990328788757e-03 6.882818415760993958e-03 -6.133149145171046257e-04 -1.496491488069295883e-03 2.985001774504780769e-04
1.636782169342041016e+00 2.333716675639152527e-02 -1.939319074153900146e-03 3.297086514066904783e-04 -7.274023955687880516e-04 -9.736288338899612427e-04
1.635692715644836426e+00 1.999457180500030518e-02 -9.565961081534624100e-04 2.347829868085682392e-04 -7.801688043400645256e-04 8.386904664803296328e-05
1.641314148902893066e+00 4.976944066584110260e-03 9.302046149969100952e-03 4.636407538782805204e-04 -3.902081225533038378e-04 1.184889348223805428e-03
1.647229552268981934e+00 1.552823372185230255e-02 1.420779153704643250e-05 6.265049451030790806e-04 -3.882946912199258804e-04 -3.771384363062679768e-04
1.650653243064880371e+00 1.718305516988039017e-03 1.376677583903074265e-02 6.367985624819993973e-04 2.069748705253005028e-03 1.058499678038060665e-03
1.648874044418334961e+00 -1.205821335315704346e-02 5.728311371058225632e-03 7.348428480327129364e-04 2.089555142447352409e-03 1.262688077986240387e-03
1.652379274368286133e+00 1.177975349128246307e-02 1.382807968184351921e-03 -1.232654467457905412e-04 -6.020541186444461346e-04 -6.562452763319015503e-04
1.648082733154296875e+00 2.864210680127143860e-02 1.625585183501243591e-02 9.875419782474637032e-04 6.817636312916874886e-04 2.105056308209896088e-03
1.658471107482910156e+00 1.044576894491910934e-02 1.024064328521490097e-02 9.971580002456903458e-04 3.429330186918377876e-03 3.706154646351933479e-03
1.690954804420471191e+00 1.216451637446880341e-02 -5.616671871393918991e-03 5.334263187251053751e-05 3.317413385957479477e-03 2.209896454587578773e-03
1.678592324256896973e+00 1.722665876150131226e-02 -2.487300662323832512e-03 6.421718280762434006e-04 6.950189126655459404e-04 3.214251715689897537e-03
1.734016895294189453e+00 3.138946369290351868e-03 -2.635762654244899750e-02 1.883716468000784516e-04 4.402336664497852325e-03 1.919111353345215321e-03
1.704033851623535156e+00 9.335555136203765869e-03 2.128831576555967331e-03 9.181984933093190193e-04 7.796760182827711105e-04 1.325567136518657207e-03
1.728786706924438477e+00 3.082549944519996643e-02 -1.324159372597932816e-02 4.893072182312607765e-04 -9.980481117963790894e-04 1.234958472196012735e-04
1.687895774841308594e+00 9.186839684844017029e-03 -5.971951410174369812e-03 -1.284337136894464493e-03 -9.125365759246051311e-04 2.883291803300380707e-03
1.749322652816772461e+00 1.251456607133150101e-02 -1.894032023847103119e-02 -1.632361789233982563e-03 -1.018831040710210800e-03 -7.159247761592268944e-04
1.757596969604492188e+00 1.351449638605117798e-02 1.850670389831066132e-02 2.738829469308257103e-03 -6.537397857755422592e-04 -6.205677054822444916e-04
1.736890435218811035e+00 1.334131578914821148e-03 1.773224584758281708e-02 3.346321173012256622e-03 -1.601404364919289947e-04 5.197867867536842823e-04
1.693457245826721191e+00 -4.459195584058761597e-02 9.412732906639575958e-03 9.389916667714715004e-04 -1.305400044657289982e-03 6.176541559398174286e-03
1.696820974349975586e+00 6.080523598939180374e-03 2.462529763579368591e-02 3.411253564991056919e-04 -3.849061904475092888e-04 1.002892968244850636e-03
1.689944744110107422e+00 2.259041881188750267e-03 6.827391218394041061e-03 -1.866474340204149485e-04 -1.252111629582941532e-03 1.384303614031523466e-04
1.770286917686462402e+00 -2.138902433216571808e-02 3.185438737273216248e-02 1.064205309376120567e-03 1.665156218223273754e-03 3.638737136498093605e-03
1.738147020339965820e+00 4.485924728214740753e-03 3.824785724282264709e-02 1.019453629851341248e-03 1.616646302863955498e-03 8.476137300021946430e-04
1.816146731376647949e+00 -8.855813648551702499e-04 -2.823858987540006638e-03 5.608162027783691883e-04 -1.157133141532540321e-03 -2.397823263891041279e-04
1.766428947448730469e+00 1.798728294670581818e-02 1.663746312260627747e-02 4.835589206777513027e-04 1.805269857868552208e-04 -8.267231751233339310e-04
1.740092635154724121e+00 1.642975397408008575e-02 6.994941737502813339e-03 5.530038615688681602e-04 1.302634482271969318e-03 7.645823643542826176e-04
2.231356143951416016e+00 -1.195457801222801208e-01 -5.817623436450958252e-02 -6.297769956290721893e-03 -1.021112257149070501e-04 -8.700356818735599518e-03
2.311028718948364258e+00 2.563510835170745850e-02 5.292182043194770813e-02 2.450718544423580170e-03 1.457461388781666756e-03 -3.926805406808853149e-02
1.769776463508605957e+00 -1.037585642188787460e-02 2.588649804238229990e-04 4.218135727569460869e-04 -2.102415892295539379e-04 9.194606100209057331e-04
1.771775484085083008e+00 -1.457380969077348709e-02 -7.738745305687189102e-03 -9.360433905385434628e-04 -4.260180867277085781e-04 2.067223191261291504e-03
1.800842761993408203e+00 -7.469912059605121613e-03 7.005757652223110199e-04 8.081491105258464813e-04 -7.218892569653689861e-04 2.659318270161747932e-03
1.784309029579162598e+00 -1.235918235033750534e-02 8.886512950994074345e-04 5.948891048319637775e-04 -1.319826347753405571e-03 2.128274179995059967e-03
1.798791170120239258e+00 -5.291054490953683853e-03 1.243768818676471710e-02 1.717638573609292507e-03 3.634218592196702957e-04 2.190695144236087799e-03
1.812597632408142090e+00 -4.459975287318229675e-03 5.991469603031873703e-03 6.407702458091080189e-04 7.507398258894681931e-04 2.120040124282240868e-03
1.827671408653259277e+00 8.583443704992532730e-04 8.664580062031745911e-03 -9.113035630434751511e-04 1.322844065725803375e-03 3.553038928657770157e-03
1.844671487808227539e+00 1.346647925674915314e-02 1.784446462988853455e-02 4.165669670328497887e-04 4.619619867298752069e-04 3.367790952324867249e-03
1.834350228309631348e+00 2.292289398610591888e-02 2.085676649585366249e-03 -6.511887768283486366e-04 -4.185411962680518627e-04 3.877532435581088066e-03
1.864904880523681641e+00 1.949095726013183594e-02 1.096372120082378387e-02 4.232782230246812105e-04 -3.737161459866911173e-04 1.253175199963152409e-03
1.859677791595458984e+00 2.656545117497444153e-02 -2.790417289361357689e-03 -5.614575347863137722e-04 -1.124869100749492645e-03 1.569322077557444572e-03
1.868595361709594727e+00 1.902187429368495941e-02 4.992843605577945709e-03 -6.597649189643561840e-04 -1.095451763831079006e-03 3.532770206220448017e-04
1.875297784805297852e+00 1.504834741353988647e-02 5.958918482065200806e-03 -1.290530664846301079e-03 -5.131852230988442898e-04 1.168917748145759106e-03
1.876832127571105957e+00 1.708164811134338379e-03 5.132636521011590958e-03 -1.099680433981120586e-03 -1.235151430591940880e-03 3.221358405426144600e-03
1.865337252616882324e+00 2.437051199376583099e-02 9.972563013434410095e-03 -5.653389380313456059e-04 -1.293981680646538734e-03 3.685974515974521637e-04
1.913043022155761719e+00 7.868759334087371826e-03 1.281899120658636093e-02 -3.399844281375408173e-04 -2.065137261524796486e-03 1.081835362128913403e-03
1.925347208976745605e+00 1.712183840572834015e-02 2.072632778435945511e-03 -8.659153827466070652e-04 -1.306342077441513538e-03 1.358456909656524658e-03
1.923086643218994141e+00 1.884273812174797058e-02 8.922933600842952728e-03 6.287739379331469536e-04 -7.744411122985184193e-04 2.394524402916431427e-03
1.922773241996765137e+00 1.846894808113574982e-02 1.137236692011356354e-02 7.119087968021631241e-06 -8.691115654073655605e-04 1.201575738377869129e-03
1.919165730476379395e+00 9.629819542169570923e-03 2.554705599322915077e-03 -5.804413813166320324e-04 -3.410889185033738613e-04 2.371981274336576462e-03
1.929698586463928223e+00 1.119325216859579086e-02 3.149227006360888481e-03 -6.882332381792366505e-04 -3.887614293489605188e-04 1.705705653876066208e-03
1.939455032348632812e+00 2.586345886811614037e-03 -1.320141367614269257e-03 -9.488586219958961010e-04 3.738283994607627392e-04 1.310496707446873188e-03
1.943779230117797852e+00 2.424677275121212006e-02 -3.109178971499204636e-03 -1.417792518623173237e-03 -3.542989725247025490e-04 1.810867688618600368e-03
1.965402007102966309e+00 2.229723148047924042e-02 5.508604459464550018e-03 -1.054158317856490612e-03 -6.965846114326268435e-05 2.424042671918869019e-03
1.985214352607727051e+00 -6.087804213166236877e-04 1.299762912094593048e-02 -1.507104374468326569e-03 -4.110750160180032253e-04 1.684079761616885662e-03
1.979143381118774414e+00 2.116466872394084930e-02 9.164141491055488586e-03 -1.017104252241551876e-03 1.349073863821104169e-04 3.355826484039425850e-03
1.972570300102233887e+00 2.892453037202358246e-02 -5.464633461087942123e-03 -1.923208765219897032e-04 -1.966436102520674467e-04 2.854349091649055481e-03
2.015505790710449219e+00 3.031461685895919800e-02 8.768753148615360260e-03 1.294728834182024002e-03 -9.841530118137598038e-04 3.526831045746803284e-03
1.967448949813842773e+00 2.050749585032463074e-02 1.040001492947340012e-02 2.129284664988517761e-03 -4.503416130319237709e-04 2.212254097685217857e-03
1.990707397460937500e+00 2.005272172391414642e-02 9.650536230765283108e-05 1.174912467831745744e-04 -1.174158300273120403e-03 1.318006892688572407e-03
2.005812406539916992e+00 1.922073960304260254e-02 1.228360086679458618e-02 -2.925196895375847816e-04 -7.633832283318042755e-04 4.276068881154060364e-03
2.005417823791503906e+00 2.109173499047756195e-02 -1.072489074431359768e-03 -2.621978346724063158e-04 -5.200476734898984432e-04 3.200774546712636948e-03
2.014013767242431641e+00 1.254166848957538605e-02 -2.059084922075271606e-02 -1.955208368599414825e-03 2.683886559680104256e-03 3.172865835949778557e-03
2.065738677978515625e+00 1.177361421287059784e-02 -1.633212715387344360e-02 -3.227328648790717125e-03 9.447908378206193447e-04 6.985579151660203934e-03
2.000315904617309570e+00 -1.013525016605854034e-02 4.731409717351198196e-03 -8.796141482889652252e-04 3.003362216986715794e-04 7.406137301586568356e-04
1.993665575981140137e+00 2.030159346759319305e-02 7.178524509072303772e-03 2.796573680825531483e-04 -5.932964268140494823e-04 1.547740073874592781e-03
2.092068195343017578e+00 1.437692716717720032e-02 5.865733698010444641e-02 6.095320917665958405e-03 5.177555140107870102e-03 3.716004313901066780e-03
2.033552408218383789e+00 4.302917420864105225e-02 -4.450683947652578354e-03 -1.477074809372425079e-03 -1.837612362578511238e-04 4.503232426941394806e-03
2.051423788070678711e+00 3.875609021633863449e-03 -1.318675559014081955e-02 -3.778483718633651733e-03 1.642906339839100838e-03 6.697611417621374130e-03
2.020022869110107422e+00 1.867183297872543335e-02 7.077664602547883987e-03 3.343306598253548145e-04 -9.587284293957054615e-04 5.329038016498088837e-03
2.040256500244140625e+00 1.246145460754632950e-02 7.546599023044109344e-03 -6.534615531563758850e-04 -7.995639462023973465e-04 1.465505920350551605e-03
2.022025346755981445e+00 -1.835170947015285492e-02 2.446057274937629700e-02 -4.381835751701146364e-04 1.691809040494263172e-03 4.771355539560317993e-03
2.035604000091552734e+00 -2.969586849212646484e-02 5.276625603437423706e-02 7.232071831822395325e-03 6.708149332553148270e-03 7.396246772259473801e-03
2.030849695205688477e+00 -3.554487833753228188e-03 3.972172737121582031e-03 -1.942929811775684357e-04 2.439912874251604080e-03 6.171775981783866882e-03
2.056833267211914062e+00 6.672285962849855423e-05 -7.736474741250276566e-03 5.917267990298569202e-04 -2.437236980767920613e-05 4.782428499311208725e-03
2.022582769393920898e+00 1.436349842697381973e-02 8.340100757777690887e-03 -2.019453095272183418e-03 -1.116547035053372383e-03 4.347728565335273743e-03
2.056653022766113281e+00 1.111266575753688812e-02 2.198077365756034851e-02 8.153353119269013405e-04 6.352174677886068821e-04 2.798095345497131348e-03
2.039450168609619141e+00 7.973037660121917725e-03 1.587978377938270569e-02 -2.611839910969138145e-03 5.116064567118883133e-04 6.527798832394182682e-04
2.033737659454345703e+00 1.057019736617803574e-02 3.130984492599964142e-03 1.081555732525885105e-03 5.223146290518343449e-04 1.689767348580062389e-03
2.084432363510131836e+00 5.724247545003890991e-03 8.977296762168407440e-03 -1.552081201225519180e-03 -3.111850819550454617e-04 1.540681696496903896e-03
2.103620290756225586e+00 1.838094927370548248e-02 1.056407229043543339e-03 -5.900081596337258816e-04 -2.149105304852128029e-03 -4.727025516331195831e-04
2.104429483413696289e+00 1.347651239484548569e-02 6.609855219721794128e-03 7.082544616423547268e-04 -1.242019818164408207e-03 1.105970353819429874e-03
2.106010198593139648e+00 2.552283182740211487e-02 -2.045020228251814842e-03 5.099955014884471893e-04 -1.092208549380302429e-03 2.798250410705804825e-03
2.132838010787963867e+00 2.321670204401016235e-02 7.238201331347227097e-03 1.567857456393539906e-03 -1.205883105285465717e-03 1.369419158436357975e-03
2.118972539901733398e+00 2.662988938391208649e-02 7.976848632097244263e-03 8.063657442107796669e-04 3.277875657659024000e-04 1.875736285001039505e-03
2.145649909973144531e+00 2.075055241584777832e-02 7.489221170544624329e-03 -9.800931438803672791e-04 -8.960386621765792370e-04 4.367886576801538467e-03
2.119737863540649414e+00 -1.831695903092622757e-03 1.960431225597858429e-02 3.699242370203137398e-04 -8.442614343948662281e-04 3.578436095267534256e-03
2.158147811889648438e+00 6.218837108463048935e-03 -1.939914422109723091e-03 -1.224662642925977707e-03 -1.069584686774760485e-04 -4.101037047803401947e-04
2.113573789596557617e+00 9.344211779534816742e-03 7.038895273581147194e-04 5.307233659550547600e-04 1.009956322377547622e-04 3.313426859676837921e-03
2.106853485107421875e+00 2.198510430753231049e-02 3.823195584118366241e-03 -4.243133589625358582e-04 -1.886885147541761398e-04 5.031806416809558868e-03
2.117649793624877930e+00 2.121237572282552719e-03 1.684641279280185699e-02 9.435357060283422470e-04 -1.664706040173768997e-03 3.937726374715566635e-03
2.136919021606445312e+00 -9.612780995666980743e-04 1.396333333104848862e-02 5.472187185660004616e-04 -8.394551696255803108e-04 5.132154095917940140e-03
2.151169300079345703e+00 2.364875189960002899e-02 1.544074155390262604e-02 1.594146247953176498e-03 1.563359866850078106e-03 5.999939981848001480e-03
2.154959440231323242e+00 3.738244622945785522e-02 8.443841710686683655e-03 1.534838374936953187e-04 -6.971297552809119225e-04 6.330188829451799393e-03
2.155305862426757812e+00 3.025836125016212463e-02 2.356088720262050629e-02 -9.762760601006448269e-04 6.767620798200368881e-04 5.158867221325635910e-03
2.166129589080810547e+00 3.900085389614105225e-02 3.068782575428485870e-02 -1.069888123311102390e-03 1.173322671093046665e-03 4.013584926724433899e-03
2.128020763397216797e+00 1.366493292152881622e-02 1.569836959242820740e-02 -5.105739692226052284e-04 8.014006889425218105e-04 1.890996703878045082e-03
2.132386207580566406e+00 4.368508607149124146e-02 5.053084460087120533e-04 3.709163574967533350e-04 -2.462330667185597122e-05 6.644187960773706436e-03
2.178026437759399414e+00 4.336064308881759644e-02 -5.774513352662324905e-03 7.248803740367293358e-04 -1.847465406171977520e-03 8.692829869687557220e-04
2.160722732543945312e+00 4.487337544560432434e-03 9.555861353874206543e-03 -5.393416504375636578e-04 6.693368195556104183e-04 2.827948192134499550e-03
2.163925886154174805e+00 1.253221835941076279e-02 1.040919125080108643e-02 1.115090854000300169e-04 -1.834781287470832467e-04 1.698485109955072403e-03
2.149662017822265625e+00 1.011472381651401520e-02 1.176222227513790131e-02 1.143369241617619991e-03 -6.199881900101900101e-04 -1.481398794567212462e-05
2.137873172760009766e+00 1.396890170872211456e-02 1.569167338311672211e-02 1.232167007401585579e-03 1.312465901719406247e-04 1.166933448985219002e-03
2.157795667648315430e+00 -1.187936216592788696e-02 1.115284115076065063e-02 -3.773818316403776407e-04 2.403372665867209435e-03 -1.289458363316953182e-03
2.175819635391235352e+00 -2.573813498020172119e-02 -1.306317094713449478e-02 -4.803258925676345825e-04 -7.120152004063129425e-04 4.490482097025960684e-04
2.190755128860473633e+00 -2.096871286630630493e-02 7.349852006882429123e-03 -7.497880724258720875e-04 -1.276826602406799793e-03 9.546446381136775017e-04
2.220498561859130859e+00 1.112026534974575043e-02 1.564774289727210999e-02 -8.669815142638981342e-04 6.152489222586154938e-04 1.640834670979529619e-04
2.216240882873535156e+00 -9.777141734957695007e-03 2.763492986559867859e-03 -3.510266251396387815e-04 -1.012018692563287914e-04 2.505720825865864754e-03
2.221097946166992188e+00 1.761295134201645851e-03 1.684339903295040131e-02 9.505118214292451739e-05 1.610291656106710434e-03 8.442616672255098820e-05
2.155233383178710938e+00 3.857526928186416626e-02 7.848017849028110504e-03 1.409718650393188000e-03 -3.689282748382538557e-04 4.417387302964925766e-03
2.236079216003417969e+00 2.298890054225921631e-02 3.467072546482086182e-02 -2.135207178071141243e-03 -1.897959038615226746e-03 2.703266451135277748e-03
2.184736490249633789e+00 2.797188051044940948e-02 1.700192689895629883e-02 -1.863861572928726673e-03 7.799975574016571045e-04 1.606621779501438141e-03
2.181466341018676758e+00 3.326082974672317505e-02 7.686009164899587631e-03 -6.640008650720119476e-04 -8.987945038825273514e-04 2.426185645163059235e-03
2.233510732650756836e+00 3.220727294683456421e-02 1.412469428032636642e-02 -9.132684790529310703e-04 -1.471923460485413671e-04 9.172869031317532063e-04
2.252391815185546875e+00 2.975194156169891357e-02 3.743902966380119324e-02 3.166802227497100830e-03 -1.526531414128839970e-03 1.017918344587087631e-03
2.230598926544189453e+00 1.849945634603500366e-02 1.851717010140419006e-02 1.427642419002950191e-03 1.382617861963808537e-03 7.905898382887244225e-04
2.236412286758422852e+00 2.470183186233043671e-02 1.147666200995445251e-02 1.194386277347803116e-03 1.000018208287656307e-03 2.340037375688552856e-03
2.235185861587524414e+00 5.828824825584888458e-03 -1.492690481245517731e-02 3.213078249245882034e-03 -1.076972694136202335e-03 2.372562419623136520e-03
2.220100164413452148e+00 5.992686841636896133e-03 4.204433411359786987e-03 2.325607929378747940e-03 -1.377562148263677955e-04 3.116527805104851723e-03
2.210419893264770508e+00 1.267449930310249329e-02 2.403231151401996613e-02 -4.065618486492894590e-05 -1.112978556193411350e-03 2.388493157923221588e-03
2.214492321014404297e+00 3.414671868085861206e-02 -2.118555363267660141e-03 -8.347409893758594990e-04 -3.037436865270137787e-03 3.978528548032045364e-03
2.221843242645263672e+00 3.594519197940826416e-02 -1.726354821585118771e-04 -1.299368101172149181e-03 2.777624831651337445e-05 2.119417767971754074e-04
2.236610412597656250e+00 7.613806053996086121e-03 6.382877938449382782e-03 2.970182686112821102e-04 -4.508117854129523039e-04 3.016219940036535263e-03
2.239536046981811523e+00 2.187664806842803955e-02 1.168521121144294739e-02 1.826232066377997398e-03 -7.259063422679901123e-04 4.558441694825887680e-03
2.217599391937255859e+00 2.741271071135997772e-02 1.343302894383668900e-02 -1.930020516738295555e-03 5.062794662080705166e-04 3.850998356938362122e-03
2.235164642333984375e+00 2.193007245659828186e-02 1.566669903695583344e-02 1.435302983736619353e-04 -6.848220946267247200e-04 2.956654876470565796e-03
2.196083784103393555e+00 1.349565386772155762e-02 9.404642507433891296e-03 -2.207285433541983366e-04 -5.351791623979806900e-04 2.848091535270214081e-03
2.263682365417480469e+00 -4.254032392054796219e-03 1.761971041560173035e-02 -1.779259328031912446e-04 1.019723364152014256e-03 7.023446261882781982e-03
2.248417615890502930e+00 4.306943155825138092e-04 2.296827919781208038e-02 -1.664897310547530651e-03 2.209583530202507973e-03 5.363845266401767731e-03
2.259421825408935547e+00 -7.590692956000566483e-03 1.568759419023990631e-02 -2.028607996180653572e-03 -1.071778591722249985e-03 5.325900856405496597e-03
2.227589607238769531e+00 3.637506393715739250e-03 2.500416245311498642e-03 -1.754820987116545439e-04 -9.355719084851443768e-04 3.627317026257514954e-03
2.245455026626586914e+00 -1.119324378669261932e-02 1.669492386281490326e-02 1.180102233774960041e-03 -1.085948897525668144e-03 3.730016760528087616e-03
2.236866474151611328e+00 1.747813634574413300e-02 1.476956252008676529e-02 -4.523826646618545055e-04 1.317535934504121542e-04 4.302495159208774567e-03
2.235327482223510742e+00 1.705663464963436127e-02 1.909152790904045105e-02 4.860917397309094667e-04 2.961097634397447109e-04 3.634263062849640846e-03
2.253576517105102539e+00 1.337569579482078552e-02 5.804999265819787979e-03 -2.275782171636819839e-03 8.222974429372698069e-05 4.032758530229330063e-03
2.246042728424072266e+00 2.469192631542682648e-02 2.106798440217971802e-02 1.360177644528448582e-03 2.189074177294969559e-03 2.457030350342392921e-03
2.223753690719604492e+00 9.672388434410095215e-03 1.156195718795061111e-02 7.772365934215486050e-04 -7.537928177043795586e-04 1.698398555163294077e-04
2.251782655715942383e+00 1.023066695779561996e-02 -1.775577664375305176e-03 2.983764279633760452e-04 -1.806742147891782224e-06 9.749530581757426262e-04
2.293206214904785156e+00 2.052585966885089874e-02 1.087365904822945595e-03 -9.482162568019703031e-05 2.438144525513052940e-03 2.475498942658305168e-03
2.252617359161376953e+00 2.527894685044884682e-04 -6.496397778391838074e-03 -6.197529728524386883e-06 6.053704419173300266e-05 1.337582129053771496e-03
2.282502651214599609e+00 4.201597534120082855e-03 4.743657540529966354e-03 -9.300449164584279060e-05 -2.676564326975494623e-04 3.121531102806329727e-03
2.276648283004760742e+00 -3.005369938910007477e-02 2.074222825467586517e-02 5.857815267518162727e-05 -7.048770203255116940e-05 3.076746361330151558e-03
