3.152789548039436340e-03 2.967162290588021278e-03 2.955269068479537964e-03 3.799124388024210930e-04 3.292054170742630959e-04 5.007275613024830818e-04
4.359534941613674164e-03 3.081190166994929314e-03 3.058265661820769310e-03 3.889127983711659908e-04 4.161770339123904705e-04 6.518732989206910133e-04
5.276576615869998932e-03 8.313147351145744324e-03 3.105969168245792389e-03 3.973421407863497734e-04 3.995605511590838432e-04 6.228315178304910660e-04
4.721208941191434860e-03 3.271473105996847153e-03 3.699767636135220528e-03 5.030389875173568726e-04 4.416734154801815748e-04 6.893330719321966171e-04
5.102771800011396408e-03 3.996593412011861801e-03 5.920220166444778442e-03 8.411379531025886536e-04 5.852178437635302544e-04 7.421604823321104050e-04
4.730140324681997299e-03 3.832945600152015686e-03 3.884155536070466042e-03 5.802405066788196564e-04 3.182730579283088446e-04 6.036836421117186546e-04
7.303256075829267502e-03 7.609360385686159134e-03 3.572920802980661392e-03 5.634357221424579620e-04 4.632898780982941389e-04 7.025238010101020336e-04
1.457082107663154602e-02 8.083592168986797333e-03 6.723169703036546707e-03 1.060778507962822914e-03 6.031462689861655235e-04 1.329525723122060299e-03
9.810931980609893799e-03 8.286745287477970123e-03 5.038565024733543396e-03 7.099444046616554260e-04 4.891476128250360489e-04 8.580376161262392998e-04
9.367085993289947510e-03 8.310453966259956360e-03 5.549124907702207565e-03 8.625027840025722980e-04 4.339997540228068829e-04 9.468024945817887783e-04
7.596806157380342484e-03 6.844683084636926651e-03 3.218469908460974693e-03 4.995680646970868111e-04 3.528935194481164217e-04 7.858030148781836033e-04
8.892823942005634308e-03 3.444605972617864609e-03 3.043594770133495331e-03 5.344001692719757557e-04 3.677198837976902723e-04 7.431101403199136257e-04
6.835402455180883408e-03 4.152672830969095230e-03 2.609391696751117706e-03 4.239368718117475510e-04 4.633751523215323687e-04 6.040353327989578247e-04
1.617925241589546204e-02 8.345796726644039154e-03 7.578858640044927597e-03 1.249761669896543026e-03 6.246938719414174557e-04 2.299761632457375526e-03
7.328334730118513107e-03 7.031556684523820877e-03 3.105887677520513535e-03 5.206079804338514805e-04 3.702919930219650269e-04 1.084421412087976933e-03
6.734593305736780167e-03 3.887862665578722954e-03 6.679079495370388031e-03 1.233782502822577953e-03 6.324446876533329487e-04 7.322866586036980152e-04
8.387813344597816467e-03 3.480955492705106735e-03 3.400563960894942284e-03 5.493591888807713985e-04 5.650038947351276875e-04 9.351475746370851994e-04
8.763272315263748169e-03 3.792016068473458290e-03 3.541888901963829994e-03 4.915485042147338390e-04 5.396481137722730637e-04 7.805094355717301369e-04
8.889638818800449371e-03 9.475243277847766876e-03 4.761319141834974289e-03 5.984598537907004356e-04 4.672352224588394165e-04 5.536454846151173115e-04
7.497427519410848618e-03 4.966148175299167633e-03 6.720306817442178726e-03 7.843032362870872021e-04 5.853488110005855560e-04 6.740495446138083935e-04
6.087366957217454910e-03 4.688093438744544983e-03 5.626474507153034210e-03 6.279187509790062904e-04 5.572861991822719574e-04 5.945247830823063850e-04
7.624467834830284119e-03 5.989981349557638168e-03 5.713288672268390656e-03 6.332690245471894741e-04 7.553722825832664967e-04 5.046216538175940514e-04
5.999400280416011810e-03 6.087264046072959900e-03 5.168937146663665771e-03 5.213594413362443447e-04 5.257542943581938744e-04 4.982109530828893185e-04
6.642932072281837463e-03 5.943678319454193115e-03 7.543585728853940964e-03 6.918368162587285042e-04 7.364227203652262688e-04 6.954393466003239155e-04
5.897528491914272308e-03 5.451765377074480057e-03 5.258646328002214432e-03 5.609297659248113632e-04 4.731207445729523897e-04 5.255341529846191406e-04
6.531417369842529297e-03 5.263686180114746094e-03 8.106597699224948883e-03 9.114061249420046806e-04 5.788941634818911552e-04 5.948681500740349293e-04
5.074347369372844696e-03 4.532751627266407013e-03 1.020634081214666367e-02 1.099181477911770344e-03 7.986770942807197571e-04 6.897715502418577671e-04
5.018394906073808670e-03 4.421404097229242325e-03 6.409705616533756256e-03 7.403949857689440250e-04 7.534346659667789936e-04 5.776684847660362720e-04
4.889070056378841400e-03 3.983217291533946991e-03 4.492848180234432220e-03 6.586850504390895367e-04 4.818887391593307257e-04 5.579037824645638466e-04
5.416612606495618820e-03 3.389038844034075737e-03 5.062147043645381927e-03 5.343129159882664680e-04 5.476521910168230534e-04 7.352645043283700943e-04
4.997978918254375458e-03 3.189173759892582893e-03 8.888613432645797729e-03 9.458165150135755539e-04 6.963628111407160759e-04 6.890658405609428883e-04
8.052976801991462708e-03 2.886050380766391754e-03 4.308429546654224396e-03 6.817935500293970108e-04 5.903827259317040443e-04 7.030319538898766041e-04
7.280440535396337509e-03 2.418917138129472733e-03 4.231293220072984695e-03 5.844729021191596985e-04 5.211334209889173508e-04 7.004931103438138962e-04
5.744025576859712601e-03 2.323094988241791725e-03 5.633826367557048798e-03 7.489881245419383049e-04 6.362905260175466537e-04 8.056677179411053658e-04
7.844031788408756256e-03 3.495556302368640900e-03 6.492815911769866943e-03 7.269519846886396408e-04 6.986125372350215912e-04 8.106000022962689400e-04
7.792410906404256821e-03 4.150230903178453445e-03 4.489030689001083374e-03 5.476893857121467590e-04 5.911102634854614735e-04 6.984543870203197002e-04
7.939199917018413544e-03 7.735772989690303802e-03 4.172987304627895355e-03 5.223586922511458397e-04 5.666824290528893471e-04 9.162782807834446430e-04
4.800485912710428238e-03 5.018776748329401016e-03 4.209550563246011734e-03 5.103909643366932869e-04 4.923461819998919964e-04 6.344023859128355980e-04
6.502024363726377487e-03 7.226464804261922836e-03 4.476028494536876678e-03 5.297501920722424984e-04 5.858229706063866615e-04 8.085218723863363266e-04
6.138054188340902328e-03 6.079528480768203735e-03 3.533850191161036491e-03 4.700675781350582838e-04 4.177839728072285652e-04 6.587131647393107414e-04
6.456690840423107147e-03 6.242457311600446701e-03 3.530216868966817856e-03 4.131862660869956017e-04 4.534236795734614134e-04 6.020880537107586861e-04
7.404990028589963913e-03 8.141758851706981659e-03 4.614615812897682190e-03 5.388602730818092823e-04 5.249787354841828346e-04 5.513636860996484756e-04
8.654323406517505646e-03 7.511553820222616196e-03 3.642865223810076714e-03 5.117789260111749172e-04 5.256690783426165581e-04 9.065981139428913593e-04
4.655151627957820892e-03 6.572486367076635361e-03 3.818596946075558662e-03 5.625103367492556572e-04 4.678900877479463816e-04 6.653473246842622757e-04
5.049871746450662613e-03 6.018191576004028320e-03 3.500492312014102936e-03 4.903344088234007359e-04 4.361627507023513317e-04 5.992060177959501743e-04
7.241857703775167465e-03 5.942843854427337646e-03 4.508077166974544525e-03 6.511328392662107944e-04 7.282317383214831352e-04 8.048633462749421597e-04
9.312766604125499725e-03 6.641381420195102692e-03 5.190865602344274521e-03 5.284337094053626060e-04 6.026877090334892273e-04 6.869141361676156521e-04
8.861255832016468048e-03 9.148147888481616974e-03 6.880442611873149872e-03 6.541498005390167236e-04 7.192105986177921295e-04 6.627578986808657646e-04
9.155653417110443115e-03 8.407964371144771576e-03 3.350862534716725349e-03 3.679938963614404202e-04 5.091988714411854744e-04 8.037643274292349815e-04
1.219245512038469315e-02 8.880975656211376190e-03 5.120610818266868591e-03 5.896973307244479656e-04 7.182692061178386211e-04 7.802908075973391533e-04
9.317126125097274780e-03 7.867115549743175507e-03 3.287025028839707375e-03 3.674138861242681742e-04 5.197810824029147625e-04 5.899124080315232277e-04
1.736396737396717072e-02 2.157782204449176788e-02 4.148256964981555939e-03 4.810222017113119364e-04 6.906753405928611755e-04 1.846863771788775921e-03
8.434795774519443512e-03 1.039899047464132309e-02 3.450337797403335571e-03 4.686065658461302519e-04 6.169719854369759560e-04 6.998247117735445499e-04
1.004250161349773407e-02 7.409696467220783234e-03 3.336555091664195061e-03 4.419707984197884798e-04 7.418888853862881660e-04 8.079712861217558384e-04
1.149772759526968002e-02 1.072063203901052475e-02 4.688797518610954285e-03 5.864399136044085026e-04 2.440836280584335327e-03 8.321476634591817856e-04
6.806843914091587067e-03 5.510200746357440948e-03 3.385086311027407646e-03 3.950506215915083885e-04 6.009599310345947742e-04 5.899595562368631363e-04
8.886103518307209015e-03 8.248256519436836243e-03 4.165753722190856934e-03 4.496063047554343939e-04 7.584244012832641602e-04 8.103633299469947815e-04
9.403682313859462738e-03 5.198656581342220306e-03 5.595779512077569962e-03 6.281186360865831375e-04 8.616739069111645222e-04 6.882066372781991959e-04
6.569753866642713547e-03 3.076154273003339767e-03 3.600924275815486908e-03 3.434555546846240759e-04 3.909241640940308571e-04 6.076187128201127052e-04
1.237042061984539032e-02 6.717944052070379257e-03 5.423787981271743774e-03 5.203308537602424622e-04 6.041269516572356224e-04 1.021700911223888397e-03
1.365352049469947815e-02 6.754409987479448318e-03 2.042612060904502869e-02 2.469743136316537857e-03 7.143024122342467308e-04 1.473047421313822269e-03
1.012810785323381424e-02 7.184123620390892029e-03 1.857344619929790497e-02 1.968323718756437302e-03 6.071352399885654449e-04 1.133319223299622536e-03
9.165676310658454895e-03 5.942264106124639511e-03 5.593917798250913620e-03 7.139509543776512146e-04 6.669977447018027306e-04 7.903176592662930489e-04
8.918672800064086914e-03 8.309773169457912445e-03 4.372472874820232391e-03 6.282161339186131954e-04 8.462097612209618092e-04 7.217525271698832512e-04
4.366338718682527542e-03 6.087953690439462662e-03 4.023919347673654556e-03 4.513088206294924021e-04 4.114404146093875170e-04 5.185428890399634838e-04
5.033368244767189026e-03 4.327751230448484421e-03 4.159189295023679733e-03 5.178755382075905800e-04 4.734220856335014105e-04 4.274750244803726673e-04
6.858354900032281876e-03 6.305983755737543106e-03 4.329662770032882690e-03 5.454390193335711956e-04 5.751925054937601089e-04 7.188247982412576675e-04
5.410899408161640167e-03 5.261671729385852814e-03 6.201172713190317154e-03 5.347246769815683365e-04 5.320142954587936401e-04 4.193945787847042084e-04
6.473480258136987686e-03 7.673213258385658264e-03 7.834665477275848389e-03 6.029990618117153645e-04 5.174753023311495781e-04 4.299333086237311363e-04
5.790752824395895004e-03 7.783744949847459793e-03 5.755967460572719574e-03 6.360065308399498463e-04 4.962622770108282566e-04 4.296595288906246424e-04
7.756302133202552795e-03 7.860828191041946411e-03 7.564680650830268860e-03 5.506022134795784950e-04 8.188904612325131893e-04 5.122272414155304432e-04
8.565708063542842865e-03 6.893578451126813889e-03 1.309932488948106766e-02 6.514439592137932777e-04 9.267638088203966618e-04 5.883577978238463402e-04
6.212903186678886414e-03 7.541756145656108856e-03 6.755040492862462997e-03 6.138993776403367519e-04 3.722279507201164961e-04 5.814573960378766060e-04
5.253575276583433151e-03 5.614516790956258774e-03 3.667881246656179428e-03 3.760085965041071177e-04 3.770752809941768646e-04 4.626067820936441422e-04
6.661881227046251297e-03 6.599708460271358490e-03 8.159457705914974213e-03 6.115827127359807491e-04 7.264357409439980984e-04 5.959541304036974907e-04
6.643706932663917542e-03 5.277821794152259827e-03 6.038657389581203461e-03 4.930207505822181702e-04 5.648236256092786789e-04 5.541466525755822659e-04
5.944458302110433578e-03 4.101405385881662369e-03 4.372176714241504669e-03 5.772819276899099350e-04 4.910773714073002338e-04 4.130736342631280422e-04
4.417523276060819626e-03 3.090941347181797028e-03 3.898483933880925179e-03 4.944157553836703300e-04 3.403948794584721327e-04 3.490377566777169704e-04
5.710254888981580734e-03 3.706271760165691376e-03 3.434686688706278801e-03 3.898477589245885611e-04 4.072581359650939703e-04 5.076312809251248837e-04
4.069127608090639114e-03 3.167380345985293388e-03 4.323777277022600174e-03 5.435618222691118717e-04 5.537581746466457844e-04 4.626809095498174429e-04
5.160618107765913010e-03 2.923511434346437454e-03 5.796443205326795578e-03 8.529468905180692673e-04 6.838933331891894341e-04 5.654626293107867241e-04
6.011172197759151459e-03 3.858003765344619751e-03 3.493473865091800690e-03 4.776268615387380123e-04 4.309788928367197514e-04 5.920880939811468124e-04
5.890498869121074677e-03 4.637126810848712921e-03 4.073992837220430374e-03 5.716173327527940273e-04 3.955217252951115370e-04 5.606156773865222931e-04
5.247508175671100616e-03 4.171266220510005951e-03 2.173463115468621254e-03 2.697682939469814301e-04 2.984173188451677561e-04 4.719565913546830416e-04
4.822622984647750854e-03 6.460484117269515991e-03 2.310423413291573524e-03 3.247968852519989014e-04 2.911495394073426723e-04 4.785891505889594555e-04
6.970284041017293930e-03 8.101672865450382233e-03 2.138835377991199493e-03 3.303364501334726810e-04 3.059529990423470736e-04 5.606785998679697514e-04
6.648289505392313004e-03 6.696879398077726364e-03 3.305531339719891548e-03 3.492014075163751841e-04 5.509700858965516090e-04 5.380845977924764156e-04
5.909874103963375092e-03 5.494865588843822479e-03 1.931723440065979958e-03 2.913811476901173592e-04 3.241646627429872751e-04 4.200902476441115141e-04
8.740562945604324341e-03 8.191649802029132843e-03 2.297537866979837418e-03 3.223014355171471834e-04 3.438887360971421003e-04 5.367223639041185379e-04
6.904076319187879562e-03 5.952007602900266647e-03 2.076167613267898560e-03 2.802245726343244314e-04 3.715565544553101063e-04 4.863969224970787764e-04
6.172820925712585449e-03 5.198883824050426483e-03 2.515785163268446922e-03 3.495697164908051491e-04 3.664247924461960793e-04 4.567470750771462917e-04
6.312545854598283768e-03 5.600438918918371201e-03 3.043783362954854965e-03 3.825959283858537674e-04 3.450343501754105091e-04 4.890408599749207497e-04
6.821899674832820892e-03 6.152450107038021088e-03 3.645885968580842018e-03 4.390281974337995052e-04 3.586666716728359461e-04 5.331207648850977421e-04
7.113490253686904907e-03 7.322541438043117523e-03 3.701273351907730103e-03 4.053136508446186781e-04 4.084389074705541134e-04 5.472565535455942154e-04
1.112146768718957901e-02 6.926251109689474106e-03 5.565734580159187317e-03 5.538591067306697369e-04 5.270300316624343395e-04 7.469599950127303600e-04
9.206620976328849792e-03 1.173490844666957855e-02 3.306943224743008614e-03 4.034868907183408737e-04 3.811635251622647047e-04 5.945512675680220127e-04
7.132109720259904861e-03 8.794495835900306702e-03 3.755244892090559006e-03 4.005816008429974318e-04 3.012997040059417486e-04 6.762992707081139088e-04
7.237537764012813568e-03 7.968166843056678772e-03 3.746847622096538544e-03 4.630264884326606989e-04 3.455975966062396765e-04 8.676443248987197876e-04
5.145372822880744934e-03 8.428238332271575928e-03 2.977533265948295593e-03 3.789897600654512644e-04 5.150641081854701042e-04 5.913946079090237617e-04
6.884282920509576797e-03 1.082219183444976807e-02 3.756006248295307159e-03 4.931109724566340446e-04 7.495867321267724037e-04 5.610476946458220482e-04
7.153755053877830505e-03 8.042805828154087067e-03 3.394977189600467682e-03 5.225344793871045113e-04 8.200204465538263321e-04 6.736641516909003258e-04
7.362125441431999207e-03 8.323253132402896881e-03 3.543462138622999191e-03 4.226639284752309322e-04 5.202713655307888985e-04 6.943279295228421688e-04
7.742184679955244064e-03 6.360872648656368256e-03 3.414810635149478912e-03 3.650050784926861525e-04 4.791702376678586006e-04 5.905619473196566105e-04
1.022484246641397476e-02 6.354408338665962219e-03 3.958250861614942551e-03 5.898657836951315403e-04 5.913142231293022633e-04 7.299888529814779758e-04
8.753338828682899475e-03 8.106860332190990448e-03 3.985905554145574570e-03 5.131841171532869339e-04 5.237358855083584785e-04 6.800310220569372177e-04
1.194834895431995392e-02 8.180818520486354828e-03 4.390309099107980728e-03 5.524202715605497360e-04 6.424118764698505402e-04 7.834507850930094719e-04
1.562090311199426651e-02 1.448655966669321060e-02 3.716827835887670517e-03 6.134363356977701187e-04 8.724178769625723362e-04 1.109326025471091270e-03
1.297592837363481522e-02 1.236551813781261444e-02 4.342660307884216309e-03 6.209608400240540504e-04 6.886981427669525146e-04 8.836912456899881363e-04
1.563276164233684540e-02 9.562281891703605652e-03 3.636678447946906090e-03 4.415605217218399048e-04 6.092930561862885952e-04 8.460427052341401577e-04
1.620936393737792969e-02 1.491872966289520264e-02 5.730445496737957001e-03 8.429592126049101353e-04 9.132735431194305420e-04 1.147720497101545334e-03
1.476340647786855698e-02 1.667484454810619354e-02 4.971108399331569672e-03 6.888151983730494976e-04 4.802704497706145048e-04 1.408246811479330063e-03
7.948446087539196014e-03 1.306529715657234192e-02 4.771940875798463821e-03 7.350855739787220955e-04 3.599310875870287418e-04 6.868198979645967484e-04
1.027385890483856201e-02 6.553674582391977310e-03 4.972869064658880234e-03 5.961370770819485188e-04 5.622893222607672215e-04 1.104402937926352024e-03
1.037324313074350357e-02 5.647433921694755554e-03 7.451930548995733261e-03 7.018043543212115765e-04 8.411888265982270241e-04 8.265097858384251595e-04
6.667933892458677292e-03 4.508515819907188416e-03 5.496987141668796539e-03 6.907058996148407459e-04 8.793288143351674080e-04 7.582930265925824642e-04
7.125844247639179230e-03 6.244149524718523026e-03 1.151185482740402222e-02 1.360401511192321777e-03 2.008020877838134766e-03 8.047157898545265198e-04
7.377561181783676147e-03 5.925897043198347092e-03 6.124191917479038239e-03 7.700946298427879810e-04 1.094823353923857212e-03 9.343299316242337227e-04
4.169971216470003128e-03 4.513965919613838196e-03 4.022278822958469391e-03 5.093259969726204872e-04 6.455932161770761013e-04 4.521774535533040762e-04
6.566939875483512878e-03 5.516591481864452362e-03 5.087421275675296783e-03 6.143868085928261280e-04 7.437894237227737904e-04 6.367785972543060780e-04
6.672943942248821259e-03 5.306618288159370422e-03 5.068895407021045685e-03 5.725452210754156113e-04 7.485556416213512421e-04 6.947527872398495674e-04
6.594757083803415298e-03 6.300708744674921036e-03 5.729869939386844635e-03 6.810241029597818851e-04 9.157513850368559361e-04 6.110104150138795376e-04
6.434432230889797211e-03 7.400690577924251556e-03 6.660955958068370819e-03 7.097089546732604504e-04 7.065143436193466187e-04 7.866048836149275303e-04
8.656016550958156586e-03 8.137974888086318970e-03 9.119854308664798737e-03 5.202782340347766876e-04 1.119285589084029198e-03 8.640051237307488918e-04
6.128259003162384033e-03 5.330371670424938202e-03 3.927321173250675201e-03 4.168163868598639965e-04 6.668055430054664612e-04 6.126389489509165287e-04
6.105555221438407898e-03 5.187763832509517670e-03 3.668688703328371048e-03 3.923537151422351599e-04 6.008501513861119747e-04 7.396537112072110176e-04
6.845330353826284409e-03 4.274938255548477173e-03 4.842789378017187119e-03 5.924731376580893993e-04 7.151085883378982544e-04 7.852649432606995106e-04
8.001985959708690643e-03 4.688122775405645370e-03 4.364132881164550781e-03 6.625915411859750748e-04 7.115489570423960686e-04 8.037393563427031040e-04
7.023008540272712708e-03 5.750855896621942520e-03 4.256762564182281494e-03 5.287910462357103825e-04 5.254163988865911961e-04 6.738526863045990467e-04
7.789791096001863480e-03 8.036803454160690308e-03 4.721716977655887604e-03 5.541974678635597229e-04 8.534191874787211418e-04 1.125015318393707275e-03
5.080004688352346420e-03 6.362013984471559525e-03 5.166171584278345108e-03 6.126405787654221058e-04 6.161050987429916859e-04 5.641846801154315472e-04
9.960870258510112762e-03 7.528797257691621780e-03 4.393427167087793350e-03 4.539587826002389193e-04 5.346257239580154419e-04 8.617367129772901535e-04
5.567576736211776733e-03 4.309633281081914902e-03 3.575710579752922058e-03 3.818915865849703550e-04 4.741941520478576422e-04 4.936455516144633293e-04
9.906293824315071106e-03 6.291957106441259384e-03 4.622283391654491425e-03 6.145239458419382572e-04 5.891524488106369972e-04 8.250722894445061684e-04
7.101479452103376389e-03 4.835851956158876419e-03 5.379687994718551636e-03 6.101336330175399780e-04 9.746435098350048065e-04 6.739090313203632832e-04
5.508646368980407715e-03 4.329258576035499573e-03 4.172456916421651840e-03 5.213969270698726177e-04 6.067939684726297855e-04 5.383418756537139416e-04
7.714723236858844757e-03 5.535867996513843536e-03 4.367389716207981110e-03 7.489995914511382580e-04 7.060974021442234516e-04 7.524981629103422165e-04
9.475183673202991486e-03 6.304218899458646774e-03 5.825715605169534683e-03 7.046432583592832088e-04 7.156925275921821594e-04 7.776072015985846519e-04
1.104133669286966324e-02 8.712262846529483795e-03 4.429034888744354248e-03 5.937524256296455860e-04 7.580267265439033508e-04 1.379547291435301304e-03
8.261104114353656769e-03 6.683228071779012680e-03 4.335032310336828232e-03 5.951760686002671719e-04 5.477600498124957085e-04 7.177637889981269836e-04
6.886655464768409729e-03 6.464422214776277542e-03 4.022821784019470215e-03 4.729328502435237169e-04 5.543332663364708424e-04 6.572229322046041489e-04
7.321008481085300446e-03 7.673017680644989014e-03 4.676876589655876160e-03 5.254193674772977829e-04 6.895528640598058701e-04 8.044446585699915886e-04
1.042293105274438858e-02 1.117757149040699005e-02 6.973180919885635376e-03 1.124443486332893372e-03 5.415608757175505161e-04 8.187869680114090443e-04
9.321730583906173706e-03 1.028835400938987732e-02 6.239375099539756775e-03 1.055848784744739532e-03 7.639432442374527454e-04 9.390812483616173267e-04
1.111268065869808197e-02 9.652673266828060150e-03 5.124791525304317474e-03 5.119544803164899349e-04 5.376290646381676197e-04 9.248506394214928150e-04
1.411226578056812286e-02 1.382257696241140366e-02 8.233959786593914032e-03 8.968821493908762932e-04 1.186432200483977795e-03 1.091738929972052574e-03
1.569852046668529510e-02 1.990128494799137115e-02 7.221475709229707718e-03 7.474673329852521420e-04 6.756130605936050415e-04 1.471135648898780346e-03
1.094460673630237579e-02 9.121930226683616638e-03 5.306896287947893143e-03 7.325115147978067398e-04 6.680604419670999050e-04 7.944456301629543304e-04
1.640045456588268280e-02 1.590529642999172211e-02 1.314791198819875717e-02 1.291093300096690655e-03 1.091032871045172215e-03 1.498646335676312447e-03
1.255842018872499466e-02 1.056322455406188965e-02 8.242110721766948700e-03 1.057914458215236664e-03 1.193298841826617718e-03 1.223581843078136444e-03
6.594777572900056839e-03 6.325999740511178970e-03 3.751356154680252075e-03 4.253976803738623857e-04 5.551006179302930832e-04 7.549959700554609299e-04
9.423506446182727814e-03 5.871551577001810074e-03 5.685442127287387848e-03 5.611823289655148983e-04 6.357764359563589096e-04 1.254153903573751450e-03
9.334964677691459656e-03 4.129396751523017883e-03 5.282247439026832581e-03 6.215245230123400688e-04 8.330370765179395676e-04 1.089805737137794495e-03
9.212208911776542664e-03 7.469082716852426529e-03 5.244500935077667236e-03 5.877129733562469482e-04 7.897648611105978489e-04 7.792359683662652969e-04
1.484507694840431213e-02 1.019781921058893204e-02 1.296710129827260971e-02 2.029665512964129448e-03 1.159434556029736996e-03 1.573544112034142017e-03
8.518155664205551147e-03 8.120910264551639557e-03 7.121281698346138000e-03 1.192092779092490673e-03 7.731707300990819931e-04 8.006682037375867367e-04
8.598958142101764679e-03 9.504719637334346771e-03 6.278205197304487228e-03 6.834985688328742981e-04 8.525772136636078358e-04 6.943115149624645710e-04
5.850699264556169510e-03 6.585550960153341293e-03 4.350429866462945938e-03 6.215218454599380493e-04 5.569351487793028355e-04 7.146463030949234962e-04
5.988511722534894943e-03 6.832853425294160843e-03 4.799436777830123901e-03 6.879531429149210453e-04 6.758717936463654041e-04 8.440177189186215401e-04
6.181556731462478638e-03 6.201410666108131409e-03 5.545756779611110687e-03 7.803031476214528084e-04 1.022439682856202126e-03 6.423505838029086590e-04
8.200401440262794495e-03 7.214291021227836609e-03 6.086862180382013321e-03 8.527591126039624214e-04 6.698783254250884056e-04 8.125410531647503376e-04
8.295416831970214844e-03 4.671690985560417175e-03 7.657346781343221664e-03 7.362763280980288982e-04 9.050937951542437077e-04 8.565650787204504013e-04
5.809745751321315765e-03 2.906411187723278999e-03 4.679141566157341003e-03 5.540925194509327412e-04 4.673684888985008001e-04 5.417459178715944290e-04
6.354168988764286041e-03 3.265412757173180580e-03 4.247101023793220520e-03 4.791372339241206646e-04 3.827201435342431068e-04 5.707328091375529766e-04
6.550888996571302414e-03 4.961020313203334808e-03 7.552614435553550720e-03 5.648486549034714699e-04 5.832393653690814972e-04 5.704273935407400131e-04
1.004676613956689835e-02 5.593369714915752411e-03 5.603182129561901093e-03 6.506092613562941551e-04 5.088826292194426060e-04 8.417647914029657841e-04
9.451567195355892181e-03 6.135769654065370560e-03 4.447482060641050339e-03 4.803058982361108065e-04 5.495873629115521908e-04 6.986211519688367844e-04
9.904132224619388580e-03 1.042183209210634232e-02 6.766436621546745300e-03 6.258107023313641548e-04 9.852622170001268387e-04 1.021709642373025417e-03
1.108163595199584961e-02 1.193302590399980545e-02 4.562961868941783905e-03 7.156973006203770638e-04 5.084457225166261196e-04 1.179082668386399746e-03
1.007979270070791245e-02 8.060631342232227325e-03 3.587615443393588066e-03 5.663327756337821484e-04 5.060154944658279419e-04 8.578827837482094765e-04
6.897480227053165436e-03 8.072965778410434723e-03 2.694248454645276070e-03 3.889677464030683041e-04 4.745016631204634905e-04 6.552679697051644325e-04
6.556237116456031799e-03 7.325093261897563934e-03 3.084789030253887177e-03 4.797354922629892826e-04 5.034959176555275917e-04 6.488634389825165272e-04
7.038748357445001602e-03 8.008953183889389038e-03 4.022830631583929062e-03 6.159665063023567200e-04 7.127607241272926331e-04 6.598990294151008129e-04
6.807272788137197495e-03 1.044801622629165649e-02 5.653496365994215012e-03 8.397637284360826015e-04 5.149557837285101414e-04 6.593382568098604679e-04
6.200793664902448654e-03 7.530550938099622726e-03 4.220621194690465927e-03 6.358488462865352631e-04 4.018806794192641973e-04 5.981032736599445343e-04
1.134794764220714569e-02 1.134564820677042007e-02 5.479961633682250977e-03 8.493096102029085159e-04 4.427072999533265829e-04 8.982566068880259991e-04
5.993535742163658142e-03 6.398901809006929398e-03 4.067555069923400879e-03 5.752664292231202126e-04 6.555076688528060913e-04 5.267724045552313328e-04
7.335686124861240387e-03 6.943423766642808914e-03 4.357648547738790512e-03 5.504421424120664597e-04 5.978773115202784538e-04 6.714595365338027477e-04
7.842136546969413757e-03 7.018259260803461075e-03 5.373140797019004822e-03 5.562639562413096428e-04 8.939877152442932129e-04 6.946907378733158112e-04
1.008433848619461060e-02 7.943424396216869354e-03 6.015344988554716110e-03 5.490180337801575661e-04 1.120795612223446369e-03 8.400992956012487411e-04
1.227148529142141342e-02 8.269507437944412231e-03 3.781956387683749199e-03 4.980329540558159351e-04 5.657356814481317997e-04 7.821372128091752529e-04
8.791198953986167908e-03 7.494412828236818314e-03 4.100211430341005325e-03 4.267493786755949259e-04 6.677931523881852627e-04 6.585914525203406811e-04
9.033499285578727722e-03 1.205827295780181885e-02 6.868240423500537872e-03 7.808030350133776665e-04 5.056994268670678139e-04 8.104175794869661331e-04
9.702100418508052826e-03 1.192956510931253433e-02 7.293086498975753784e-03 7.793004624545574188e-04 5.902849952690303326e-04 8.273691637441515923e-04
8.010159246623516083e-03 7.547903340309858322e-03 5.240054801106452942e-03 6.265074480324983597e-04 6.424711900763213634e-04 6.867743213661015034e-04
1.222793944180011749e-02 9.746548719704151154e-03 6.661337334662675858e-03 6.626734975725412369e-04 9.763601119630038738e-04 9.201927459798753262e-04
