1.149515032768249512e+00 -5.404374562203884125e-03 -1.420951681211590767e-03 6.080269813537597656e-04 2.225590287707746029e-04 -1.408556418027728796e-04
1.165734648704528809e+00 1.118171843700110912e-03 2.944589592516422272e-03 3.446330665610730648e-04 5.760020576417446136e-04 -2.536865940783172846e-04
1.168388009071350098e+00 1.855436526238918304e-02 -1.419593114405870438e-03 1.503498060628771782e-05 -1.375915308017283678e-04 7.126198033802211285e-04
1.181001067161560059e+00 7.669969927519559860e-03 -6.959407590329647064e-03 -6.731433095410466194e-04 2.140015712939202785e-04 9.771108161658048630e-04
1.193564176559448242e+00 1.825513318181037903e-02 -1.159284729510545731e-02 -1.491081435233354568e-03 -3.607391845434904099e-04 7.145751151256263256e-04
1.205275893211364746e+00 1.878664456307888031e-02 -2.402066253125667572e-03 -6.491267122328281403e-04 -7.090822327882051468e-04 -1.087350538000464439e-04
1.205178976058959961e+00 1.420846581459045410e-02 5.524669773876667023e-03 -1.572647015564143658e-04 -1.270829467102885246e-03 -2.029149909503757954e-04
1.259242773056030273e+00 2.991839312016963959e-02 -9.071912616491317749e-03 -2.183924894779920578e-03 -1.272364170290529728e-03 -8.114777738228440285e-04
1.241058707237243652e+00 -3.213230520486831665e-02 -1.611449988558888435e-03 -2.026975853368639946e-03 -1.769875409081578255e-03 -2.611491945572197437e-04
1.250127315521240234e+00 2.544413786381483078e-03 3.882044460624456406e-03 -1.108402037061750889e-03 -1.626100158318877220e-03 8.698332821950316429e-04
1.263722538948059082e+00 3.341974224895238876e-03 7.223460823297500610e-03 -7.336196722462773323e-04 -2.749949926510453224e-03 -9.299336234107613564e-04
1.328733682632446289e+00 -8.683444932103157043e-03 -1.191076263785362244e-02 -3.689372446388006210e-03 -2.213255502283573151e-03 -5.066856392659246922e-04
1.316359758377075195e+00 -2.513442188501358032e-03 3.887642873451113701e-03 -1.662393333390355110e-03 -1.241128891706466675e-03 9.155740262940526009e-04
1.304999947547912598e+00 -3.055781126022338867e-04 3.909545019268989563e-03 -3.849323838949203491e-04 -8.953725337050855160e-04 3.061171621084213257e-03
1.329832673072814941e+00 3.554434049874544144e-03 3.560975426807999611e-03 3.816919634118676186e-04 -4.355050332378596067e-04 3.862845478579401970e-03
1.355483889579772949e+00 4.924251232296228409e-03 7.946424186229705811e-03 1.657572342082858086e-03 1.206095330417156219e-04 -1.478346996009349823e-03
1.348243474960327148e+00 6.317798979580402374e-03 -7.308063097298145294e-03 3.553216811269521713e-04 1.491130969952791929e-04 -7.588943117298185825e-04
1.338141083717346191e+00 1.279484014958143234e-02 1.412061322480440140e-02 1.542537705972790718e-03 4.773892287630587816e-04 4.681333375629037619e-04
1.365846276283264160e+00 1.480656489729881287e-02 1.794665586203336716e-04 1.670833560638129711e-03 -4.767120408359915018e-04 -7.384655764326453209e-04
1.371770024299621582e+00 9.895510040223598480e-03 2.937239129096269608e-03 1.708071213215589523e-03 8.258717134594917297e-04 -4.027776012662798166e-04
1.384223222732543945e+00 7.540332153439521790e-03 -8.595193736255168915e-03 -5.383013049140572548e-04 -3.489091977826319635e-05 7.207569433376193047e-05
1.393374085426330566e+00 1.092670857906341553e-02 2.002128399908542633e-02 1.000661752186715603e-03 1.818912278395146132e-05 4.456908791325986385e-04
1.405861973762512207e+00 1.407289411872625351e-02 7.355716545134782791e-03 -1.280878786928951740e-03 -8.427665452472865582e-04 5.511771887540817261e-04
1.409836411476135254e+00 -7.010922767221927643e-03 -8.519329130649566650e-03 -1.653840998187661171e-03 9.694767650216817856e-04 1.591044128872454166e-04
1.426080226898193359e+00 -1.774579402990639210e-03 -7.047228515148162842e-03 1.140096923336386681e-03 1.013621920719742775e-03 2.301976783201098442e-04
1.445093631744384766e+00 3.044357057660818100e-03 1.132831163704395294e-02 -2.007575938478112221e-03 -3.110996913164854050e-04 1.772888062987476587e-04
1.465775132179260254e+00 3.048527752980589867e-03 -1.293129846453666687e-02 -2.605946734547615051e-03 -1.983383670449256897e-03 -6.686138221994042397e-04
1.479686260223388672e+00 1.358776586130261421e-03 4.003928508609533310e-03 -1.340611721388995647e-03 1.172954915091395378e-03 -1.369654783047735691e-03
1.499671816825866699e+00 3.115262836217880249e-03 -1.640932261943817139e-02 2.267654752358794212e-03 -8.070383919402956963e-04 -9.663961827754974365e-04
1.513242125511169434e+00 -2.328444272279739380e-03 -5.923385266214609146e-03 1.358082226943224669e-04 -2.409226144663989544e-04 -5.509904585778713226e-04
1.525029063224792480e+00 6.877857260406017303e-03 -1.276929397135972977e-03 2.855141065083444118e-04 -8.444784907624125481e-04 -5.324365338310599327e-05
1.472677588462829590e+00 6.086153443902730942e-04 2.966667292639613152e-03 3.579594776965677738e-04 -7.160368841141462326e-04 6.595369777642190456e-04
1.533245921134948730e+00 7.542586885392665863e-03 -6.785122677683830261e-03 -1.461069448851048946e-03 -1.810979883885011077e-04 -3.023116732947528362e-04
1.564020156860351562e+00 5.649033468216657639e-03 3.205881640315055847e-02 -4.569681477732956409e-04 -5.476443329825997353e-04 -2.915027085691690445e-03
1.519011735916137695e+00 2.516540326178073883e-02 2.459018304944038391e-02 3.456780104897916317e-04 -3.810047346632927656e-04 9.100111783482134342e-04
1.533615112304687500e+00 1.727036386728286743e-02 1.350780948996543884e-02 -5.703626666218042374e-04 7.027349784038960934e-04 -5.821286467835307121e-04
1.528365850448608398e+00 3.487747162580490112e-02 2.081818133592605591e-02 5.173300742171704769e-04 -2.257805550470948219e-03 -7.754148682579398155e-04
1.559312820434570312e+00 5.445630755275487900e-03 2.869850024580955505e-02 -5.055769579485058784e-04 2.613425021991133690e-04 -1.716328668408095837e-03
1.569979310035705566e+00 6.947396323084831238e-03 1.210397109389305115e-02 -1.030205166898667812e-03 1.324899494647979736e-04 -1.318868249654769897e-03
1.559148311614990234e+00 1.568587310612201691e-02 7.180497050285339355e-03 -1.421411754563450813e-03 -2.470651234034448862e-04 -2.415415656287223101e-04
1.575056195259094238e+00 2.668193355202674866e-02 1.412833575159311295e-03 -7.113749161362648010e-04 9.225782705470919609e-04 -7.662978605367243290e-04
1.571663856506347656e+00 1.709038577973842621e-02 8.968574926257133484e-03 8.507803431712090969e-05 4.424052895046770573e-04 7.800871971994638443e-04
1.605690479278564453e+00 -3.701578592881560326e-03 1.254445500671863556e-02 -1.286280894419178367e-04 2.968429180327802896e-05 -9.805955924093723297e-04
1.611142039299011230e+00 9.427994489669799805e-03 2.404288388788700104e-03 2.466421865392476320e-04 -1.400918990839272738e-04 2.644924446940422058e-03
1.607628583908081055e+00 -5.494954530149698257e-03 3.449987154453992844e-03 -1.032294472679495811e-03 -1.441195025108754635e-03 9.275518823415040970e-04
1.643042564392089844e+00 2.235820330679416656e-02 -2.662533195689320564e-03 2.913041389547288418e-04 -7.638946408405900002e-04 -8.827522979117929935e-04
1.630776524543762207e+00 9.107073768973350525e-03 3.093415638431906700e-03 3.887744969688355923e-04 -4.310929216444492340e-04 6.023961468599736691e-04
1.642089724540710449e+00 7.128112018108367920e-03 1.970331557095050812e-02 1.309555489569902420e-03 -1.157225051429122686e-04 8.655913406983017921e-04
1.648691058158874512e+00 5.532593466341495514e-03 -1.943505718372762203e-03 8.012650068849325180e-04 -1.303195676882751286e-05 -3.776248195208609104e-04
1.624419212341308594e+00 1.596172712743282318e-02 1.663682609796524048e-02 1.578542578499764204e-04 7.048542611300945282e-04 1.599638024345040321e-03
1.658636927604675293e+00 -2.464369684457778931e-02 1.381233334541320801e-03 2.894183271564543247e-04 3.763665445148944855e-04 9.825328597798943520e-04
1.637358784675598145e+00 1.488966029137372971e-02 3.581376280635595322e-03 -7.930895662866532803e-05 -1.052840612828731537e-03 -1.613602973520755768e-03
1.642380118370056152e+00 2.055941335856914520e-02 1.645317114889621735e-02 9.910914814099669456e-04 8.336396422237157822e-04 2.754512941464781761e-03
1.656867146492004395e+00 1.033388264477252960e-02 8.078240789473056793e-03 6.328014424070715904e-04 2.201103372499346733e-03 3.383991308510303497e-03
1.689360141754150391e+00 2.390489913523197174e-03 -4.464576020836830139e-03 4.393068957142531872e-05 9.480677545070648193e-04 1.538197044283151627e-03
1.676967382431030273e+00 8.671317249536514282e-03 -2.287518000230193138e-03 3.381258575245738029e-04 7.427631644532084465e-04 2.540584420785307884e-03
1.711376905441284180e+00 -1.165931113064289093e-02 -1.022779103368520737e-02 1.344890042673796415e-04 1.772358780726790428e-03 2.772802021354436874e-03
1.686136245727539062e+00 2.194604836404323578e-02 4.942663945257663727e-03 1.019756542518734932e-03 5.024894489906728268e-04 4.037814214825630188e-03
1.678984880447387695e+00 3.076914697885513306e-02 -8.871607482433319092e-03 4.959314828738570213e-04 -6.462274468503892422e-04 5.164289381355047226e-03
1.706068158149719238e+00 4.257519263774156570e-03 -6.126289721578359604e-03 -5.824958207085728645e-04 -1.833510701544582844e-03 7.595315109938383102e-04
1.752240061759948730e+00 1.002541929483413696e-02 -1.338676549494266510e-02 -7.069262210279703140e-06 -1.616914756596088409e-03 -1.422402681782841682e-03
1.778601884841918945e+00 1.126685179769992828e-02 -2.454746514558792114e-03 -2.088278997689485550e-04 9.711063466966152191e-05 -2.667161636054515839e-03
1.735141396522521973e+00 7.751161232590675354e-03 1.269900146871805191e-02 3.203724278137087822e-03 -4.729058709926903248e-04 1.025334815494716167e-03
1.707913875579833984e+00 -8.777707815170288086e-03 1.153556630015373230e-02 1.474754768423736095e-03 1.486184773966670036e-04 4.375411197543144226e-03
1.688847064971923828e+00 6.199026945978403091e-03 6.906457245349884033e-03 -1.753921678755432367e-04 -7.026385865174233913e-04 2.445680554956197739e-03
1.680941581726074219e+00 2.741639036685228348e-04 3.865588223561644554e-03 -5.223078187555074692e-04 -1.087459037080407143e-03 -9.122565097641199827e-05
1.724614024162292480e+00 1.312267221510410309e-02 1.810082793235778809e-02 6.670939037576317787e-04 5.309331463649868965e-04 2.636808669194579124e-03
1.737988114356994629e+00 4.504246637225151062e-03 2.241402305662631989e-02 1.316813984885811806e-03 8.054799400269985199e-04 9.793839417397975922e-04
1.747757554054260254e+00 2.852058038115501404e-03 -4.331850446760654449e-03 1.226561958901584148e-03 -1.930239959619939327e-03 9.725394193083047867e-04
1.755724430084228516e+00 -2.217300701886415482e-03 1.313007995486259460e-02 -1.592681510373950005e-04 2.155506808776408434e-05 3.929321246687322855e-04
1.726216793060302734e+00 9.596517309546470642e-03 1.227054931223392487e-02 4.128851578570902348e-04 1.816470292396843433e-03 1.068909186869859695e-03
1.741718769073486328e+00 -2.206001430749893188e-03 -1.114526297897100449e-02 -1.135762315243482590e-03 1.357835426460951567e-04 8.948566392064094543e-04
1.768765926361083984e+00 6.162891630083322525e-03 3.955885302275419235e-03 2.066369634121656418e-04 1.728676958009600639e-03 2.205023774877190590e-03
1.770149469375610352e+00 -2.074493840336799622e-02 1.387728843837976456e-03 2.460107789374887943e-04 -7.626264123246073723e-04 9.747907170094549656e-04
1.765279293060302734e+00 -2.100097388029098511e-02 -1.602294668555259705e-02 -1.003665267489850521e-03 -1.203891588374972343e-03 2.880052197724580765e-03
1.795982599258422852e+00 -9.155859239399433136e-03 -4.807845223695039749e-03 -1.968704746104776859e-04 -1.492794603109359741e-03 1.836230978369712830e-03
1.780350923538208008e+00 -2.091276086866855621e-02 1.228511100634932518e-03 -2.992103109136223793e-04 -1.112125697545707226e-03 2.358874306082725525e-03
1.794711351394653320e+00 -9.344361722469329834e-03 4.984750878065824509e-03 1.031129155308008194e-03 2.418251242488622665e-04 2.612747717648744583e-03
1.811849713325500488e+00 -5.423781462013721466e-03 6.413525436073541641e-03 1.038170652464032173e-03 7.090693688951432705e-04 2.792558632791042328e-03
1.814176917076110840e+00 4.952250048518180847e-03 9.974410757422447205e-03 -8.624751353636384010e-04 9.610173874534666538e-04 3.492736257612705231e-03
1.842997789382934570e+00 1.263265032321214676e-02 2.166528813540935516e-02 1.689483528025448322e-03 7.202118285931646824e-04 4.332835320383310318e-03
1.820798158645629883e+00 2.378542907536029816e-02 4.282916896045207977e-03 3.405893221497535706e-04 -4.532367165666073561e-04 4.984878003597259521e-03
1.850998759269714355e+00 2.656849846243858337e-02 8.995646610856056213e-03 1.240561832673847675e-04 -3.907521604560315609e-04 1.839728793129324913e-03
1.858572602272033691e+00 2.921808138489723206e-02 -6.832709535956382751e-03 -7.445478113368153572e-04 -1.559546566568315029e-03 1.789217581972479820e-03
1.868062257766723633e+00 1.968410238623619080e-02 5.228543654084205627e-03 -4.670249181799590588e-04 -9.031678200699388981e-04 9.400697890669107437e-04
1.870987772941589355e+00 1.261733844876289368e-02 5.435658153146505356e-03 -1.357390894554555416e-03 -3.076710272580385208e-04 1.194529118947684765e-03
1.871538996696472168e+00 -1.105863973498344421e-02 -3.991620615124702454e-03 -1.164359855465590954e-03 -2.366377972066402435e-03 3.211473347619175911e-03
1.873228073120117188e+00 1.762501150369644165e-02 1.033998187631368637e-02 -2.111589419655501842e-04 -1.698977779597043991e-03 5.168371135368943214e-04
1.918434500694274902e+00 2.816997654736042023e-02 9.846547618508338928e-03 -6.354931974783539772e-04 -2.075215103104710579e-03 2.400261000730097294e-04
1.918898344039916992e+00 1.082114782184362411e-02 1.984131755307316780e-03 -3.706663264892995358e-04 -1.879179384559392929e-03 1.661354210227727890e-03
1.921615004539489746e+00 1.434038486331701279e-02 1.029057241976261139e-02 7.319913129322230816e-04 -1.576895709149539471e-03 2.427796367555856705e-03
1.910434484481811523e+00 2.328803390264511108e-02 9.279334917664527893e-03 -8.383759995922446251e-05 -9.141132468357682228e-04 1.736374339088797569e-03
1.906464099884033203e+00 7.746153511106967926e-03 9.207627736032009125e-03 2.074810909107327461e-04 -9.113900014199316502e-04 2.584076719358563423e-03
1.937091469764709473e+00 2.029402926564216614e-02 4.631089046597480774e-03 -3.810143389273434877e-04 -4.457420145627111197e-04 1.553321955725550652e-03
1.928240299224853516e+00 -1.468933885917067528e-03 1.658210298046469688e-03 -1.022703014314174652e-03 -5.187149508856236935e-05 3.128159791231155396e-03
1.936495184898376465e+00 2.628842182457447052e-02 -3.760116640478372574e-03 -8.574113599024713039e-04 -5.094587104395031929e-04 2.143669407814741135e-03
1.976422309875488281e+00 8.307313546538352966e-03 5.243045277893543243e-03 -1.203408814035356045e-03 -2.158578136004507542e-04 2.458627801388502121e-03
1.992220759391784668e+00 -1.452837325632572174e-02 1.697849482297897339e-02 -1.851201755926012993e-03 -7.688420591875910759e-04 2.586421789601445198e-03
1.974408268928527832e+00 2.559205144643783569e-02 9.779001586139202118e-03 -1.164620160125195980e-03 2.717846655286848545e-04 4.114471841603517532e-03
1.968796133995056152e+00 1.247819513082504272e-02 -1.107485778629779816e-02 -2.081342390738427639e-04 -4.335792036727070808e-04 3.693190868943929672e-03
2.020369052886962891e+00 4.756737127900123596e-02 8.960791863501071930e-03 1.465576700866222382e-03 -9.146161028183996677e-04 2.970743458718061447e-03
1.960431933403015137e+00 1.612202078104019165e-02 1.146140974014997482e-02 2.147230086848139763e-03 -1.051166793331503868e-03 2.576706232503056526e-03
1.993286848068237305e+00 2.164225094020366669e-02 -9.164264192804694176e-04 -1.528909633634611964e-04 -1.271408284083008766e-03 1.537865609861910343e-03
1.990689516067504883e+00 1.943530142307281494e-02 1.750736311078071594e-02 -5.089772166684269905e-04 -6.463669706135988235e-04 3.658703062683343887e-03
1.994598627090454102e+00 2.354278229176998138e-02 1.968115102499723434e-04 -2.331852010684087873e-04 -5.573165835812687874e-04 3.607868216931819916e-03
1.981586098670959473e+00 1.412019599229097366e-02 -4.195159301161766052e-03 -2.570805372670292854e-04 1.949679804965853691e-03 2.151729539036750793e-03
2.044194936752319336e+00 1.974871382117271423e-02 -5.019829608500003815e-03 -7.762522436678409576e-04 -5.168110947124660015e-04 7.247293833643198013e-03
2.007509946823120117e+00 1.130463182926177979e-02 5.508122965693473816e-03 -9.834073716774582863e-04 5.727061652578413486e-04 1.108474680222570896e-03
1.970791220664978027e+00 3.368259966373443604e-02 4.810390528291463852e-03 4.903288208879530430e-04 -4.603917186614125967e-04 1.251806737855076790e-03
2.057159900665283203e+00 3.569691628217697144e-02 3.222949057817459106e-02 2.503134310245513916e-03 3.264749189838767052e-03 2.655177144333720207e-03
2.037721395492553711e+00 5.294168740510940552e-02 -4.489271901547908783e-03 -1.494346186518669128e-03 -8.327069226652383804e-04 2.501241164281964302e-03
2.054367303848266602e+00 7.164426147937774658e-03 -4.270332865417003632e-03 -2.962751546874642372e-03 7.517014164477586746e-04 6.417534314095973969e-03
2.003019332885742188e+00 4.842735826969146729e-03 7.301126606762409210e-03 3.125196963082998991e-04 -3.882469027303159237e-04 5.034822970628738403e-03
2.065772533416748047e+00 1.615777052938938141e-02 2.601646352559328079e-03 -3.589268890209496021e-04 -1.548405271023511887e-03 2.559902379289269447e-03
2.005368232727050781e+00 1.319775171577930450e-02 2.367082610726356506e-02 -4.012722056359052658e-04 1.766070956364274025e-03 2.720520365983247757e-03
2.040301084518432617e+00 -1.200574636459350586e-02 4.740162566304206848e-02 9.950801730155944824e-03 3.942761570215225220e-03 7.289147470146417618e-03
2.019479274749755859e+00 -4.577329847961664200e-03 -7.567161694169044495e-03 2.051459159702062607e-04 -5.282295169308781624e-04 6.895772647112607956e-03
2.048664093017578125e+00 -4.068654030561447144e-03 -4.748213570564985275e-03 3.165324160363525152e-04 -6.060864543542265892e-04 5.514335352927446365e-03
2.002194404602050781e+00 5.493939854204654694e-03 -1.242177560925483704e-03 -1.968462485820055008e-03 -1.458674203604459763e-03 4.736927803605794907e-03
2.044211864471435547e+00 2.645162306725978851e-02 1.664855331182479858e-02 2.463701181113719940e-03 7.899886113591492176e-04 3.536045085638761520e-03
2.025983333587646484e+00 7.682791911065578461e-03 2.277258038520812988e-02 -3.983965609222650528e-03 1.072900486178696156e-04 1.480986597016453743e-03
2.030441284179687500e+00 3.519483841955661774e-03 6.596675142645835876e-03 -2.301367931067943573e-05 8.421721868216991425e-04 2.209224272519350052e-03
2.070226907730102539e+00 5.480539985001087189e-04 5.686855874955654144e-03 -1.396159175783395767e-03 -3.646700060926377773e-04 1.984187867492437363e-03
2.098130702972412109e+00 1.170388609170913696e-02 2.991865621879696846e-04 -5.576916737481951714e-05 -2.420794451609253883e-03 -5.260405596345663071e-04
2.091599464416503906e+00 9.557992219924926758e-03 3.296026494354009628e-03 5.734481383115053177e-04 -1.928895828314125538e-03 1.772623276337981224e-03
2.120509147644042969e+00 2.430512756109237671e-02 -1.901472802273929119e-03 7.581475074402987957e-06 -8.624197216704487801e-04 1.904591917991638184e-03
2.144040107727050781e+00 2.760586887598037720e-02 7.502359803766012192e-03 2.561568049713969231e-03 -1.201214385218918324e-03 3.960532485507428646e-04
2.133679389953613281e+00 3.131532296538352966e-02 7.480645552277565002e-03 8.246286888606846333e-04 6.247846176847815514e-04 2.007494214922189713e-03
2.173831224441528320e+00 2.184691838920116425e-02 1.133870333433151245e-02 -1.214850810356438160e-03 -7.138428045436739922e-04 3.426092909649014473e-03
2.114184617996215820e+00 -2.556140348315238953e-02 2.215683832764625549e-02 3.870167420245707035e-04 -1.333914115093648434e-04 5.597593262791633606e-03
2.149292469024658203e+00 5.167657509446144104e-03 -8.766329847276210785e-03 -9.551377152092754841e-04 -6.181812495924532413e-04 6.038892315700650215e-04
2.106478452682495117e+00 5.567061714828014374e-03 2.888095099478960037e-03 5.631668027490377426e-04 4.498937050811946392e-05 4.325906746089458466e-03
2.086829423904418945e+00 1.313288882374763489e-02 8.564351126551628113e-03 -8.363489178009331226e-04 -6.083527114242315292e-05 4.923990927636623383e-03
2.104933738708496094e+00 -1.144555164501070976e-03 5.223722197115421295e-03 -4.516064072959125042e-04 -1.843781326897442341e-03 6.949195638298988342e-03
2.133174896240234375e+00 -5.870962049812078476e-04 6.038855761289596558e-03 1.253439928404986858e-03 -1.140209729783236980e-03 6.883938331156969070e-03
2.137556076049804688e+00 2.376882731914520264e-02 1.692087389528751373e-02 1.912775216624140739e-03 3.168878145515918732e-03 7.753998041152954102e-03
2.152998208999633789e+00 4.404156282544136047e-02 4.973464179784059525e-03 -7.425674120895564556e-04 -9.262482635676860809e-04 7.650543935596942902e-03
2.163591384887695312e+00 3.823401778936386108e-02 2.434347197413444519e-02 -9.469490614719688892e-04 1.578862313181161880e-03 4.931766539812088013e-03
2.133167982101440430e+00 3.359382227063179016e-02 3.557004779577255249e-02 -1.017753267660737038e-03 1.597392139956355095e-03 3.490513656288385391e-03
2.139997720718383789e+00 2.219777926802635193e-02 2.145352773368358612e-02 -2.242607064545154572e-03 1.077547785826027393e-04 1.550660002976655960e-03
2.139942646026611328e+00 4.068295285105705261e-02 -6.209857761859893799e-03 -3.673230821732431650e-04 -4.791758838109672070e-04 8.615603670477867126e-03
2.180218219757080078e+00 5.084166675806045532e-02 -4.174783825874328613e-04 1.499136444181203842e-03 -1.828818814828991890e-03 9.253981988877058029e-05
2.172456979751586914e+00 -2.253154665231704712e-02 9.227437898516654968e-03 -1.243476406671106815e-03 1.323911128565669060e-03 3.552111331373453140e-03
2.129494667053222656e+00 4.025763832032680511e-03 4.477372393012046814e-03 4.800035967491567135e-04 -4.247394972480833530e-04 1.440804451704025269e-03
2.146847009658813477e+00 -1.333806570619344711e-02 2.209259197115898132e-02 2.253634622320532799e-03 8.316442836076021194e-04 -4.059508792124688625e-04
2.167527198791503906e+00 5.961154401302337646e-02 1.954612135887145996e-02 1.850525964982807636e-03 7.017172174528241158e-04 2.099909354001283646e-03
2.157382011413574219e+00 -7.603982463479042053e-03 1.336143724620342255e-02 -2.381615922786295414e-05 2.933083334937691689e-03 -1.026193844154477119e-03
2.157414436340332031e+00 -3.868972510099411011e-02 -7.644669152796268463e-03 1.668677898123860359e-03 -1.025258563458919525e-03 2.632054383866488934e-04
2.193159580230712891e+00 -1.315047219395637512e-02 -1.290707103908061981e-02 -9.453676175326108932e-04 -5.151264835149049759e-03 5.494059296324849129e-04
2.216793537139892578e+00 -6.911698728799819946e-04 1.582095772027969360e-02 -5.653762491419911385e-04 3.092869883403182030e-04 5.862993421033024788e-04
2.187708139419555664e+00 -2.304688841104507446e-02 -6.059676874428987503e-03 -4.568658187054097652e-04 -9.266610140912234783e-05 5.866323132067918777e-03
2.238830089569091797e+00 8.478725329041481018e-03 1.526189129799604416e-02 2.380165096838027239e-04 7.841863553039729595e-04 -2.149940701201558113e-03
2.148136854171752930e+00 4.235849902033805847e-02 1.131718046963214874e-03 2.022232394665479660e-03 6.486900383606553078e-04 5.809607915580272675e-03
2.263101816177368164e+00 2.100632898509502411e-02 1.340922340750694275e-02 -5.446797236800193787e-03 -2.464988268911838531e-03 -7.084542885422706604e-04
2.192986249923706055e+00 1.669016480445861816e-02 -1.818502321839332581e-03 -2.639007754623889923e-03 4.885079106315970421e-04 2.990427892655134201e-04
2.176227807998657227e+00 2.154119499027729034e-02 7.474543992429971695e-03 -7.899021729826927185e-04 -1.034151646308600903e-03 3.187440801411867142e-03
2.233804702758789062e+00 3.306281566619873047e-02 1.208887062966823578e-02 -9.491046657785773277e-04 3.329620813019573689e-04 4.751335654873400927e-04
2.255725383758544922e+00 3.375556319952011108e-02 4.553946852684020996e-02 3.810160327702760696e-03 -9.815290104597806931e-04 8.947118185460567474e-04
2.217587947845458984e+00 7.669176906347274780e-03 1.219859533011913300e-02 1.399829518049955368e-03 1.737796817906200886e-03 1.822135644033551216e-03
2.254474639892578125e+00 2.333569526672363281e-02 8.294339291751384735e-03 6.185841048136353493e-04 1.034994143992662430e-03 3.140771295875310898e-04
2.263320446014404297e+00 1.301853917539119720e-02 -8.683584630489349365e-03 2.761987736448645592e-03 -9.581575286574661732e-04 -2.088891342282295227e-04
2.231758356094360352e+00 5.092691630125045776e-03 7.230743300169706345e-03 1.850668340921401978e-03 3.760993131436407566e-04 2.348710084334015846e-03
2.209610700607299805e+00 1.234512403607368469e-02 1.927044428884983063e-02 2.415523049421608448e-04 -1.050868653692305088e-03 2.403710270300507545e-03
2.210945129394531250e+00 3.979472443461418152e-02 1.163687743246555328e-02 -6.339866085909307003e-04 -2.233776496723294258e-03 3.776084631681442261e-03
2.201353073120117188e+00 4.396651312708854675e-02 -3.248058259487152100e-03 -1.341136870905756950e-03 8.313470170833170414e-04 1.179178245365619659e-03
2.223093986511230469e+00 8.017633110284805298e-03 7.560040801763534546e-03 -1.824760693125426769e-05 -2.351446164539083838e-04 2.117656636983156204e-03
2.251292228698730469e+00 3.102261014282703400e-02 2.799130231142044067e-02 2.135789953172206879e-03 -4.070908762514591217e-04 2.735276240855455399e-03
2.210430145263671875e+00 4.044010490179061890e-02 9.584695100784301758e-03 -2.950193826109170914e-03 6.951395189389586449e-04 3.834981238469481468e-03
2.245634317398071289e+00 2.507812716066837311e-02 1.573223620653152466e-02 -4.496661713346838951e-04 4.614499630406498909e-04 2.717778319492936134e-03
2.190996646881103516e+00 3.821833431720733643e-02 6.979963742196559906e-03 -3.063095500692725182e-04 -2.050489420071244240e-04 3.582408884540200233e-03
2.259146690368652344e+00 -1.984562352299690247e-02 1.746707409620285034e-02 3.319256356917321682e-04 9.884210303425788879e-04 8.572740480303764343e-03
2.243478536605834961e+00 -6.808410864323377609e-03 2.062758803367614746e-02 -2.467986661940813065e-03 3.786276560276746750e-03 6.317995488643646240e-03
2.268485069274902344e+00 -3.664489462971687317e-02 1.590732857584953308e-02 -2.849844982847571373e-03 -1.297734444960951805e-03 7.462562061846256256e-03
2.234381198883056641e+00 -1.475389860570430756e-02 9.433128871023654938e-03 2.498958783689886332e-04 -3.033302491530776024e-04 4.962780512869358063e-03
2.252846002578735352e+00 -3.544820472598075867e-02 1.637005247175693512e-02 1.118641695939004421e-03 -5.365227698348462582e-04 5.145458970218896866e-03
2.221859693527221680e+00 1.886263117194175720e-02 1.677258685231208801e-02 -4.584743292070925236e-04 -1.824773789849132299e-05 4.902921151369810104e-03
2.251138210296630859e+00 2.242232114076614380e-02 1.414955314248800278e-02 9.523946209810674191e-05 6.124264327809214592e-04 5.770881660282611847e-03
2.268476247787475586e+00 7.280853111296892166e-03 5.943768657743930817e-03 -1.934898784384131432e-03 1.014746958389878273e-03 5.895161069929599762e-03
2.269235372543334961e+00 3.170593827962875366e-02 1.352886855602264404e-02 3.376666572876274586e-04 3.543510334566235542e-03 3.296460025012493134e-03
2.207870960235595703e+00 1.082059368491172791e-02 1.050069462507963181e-02 3.956810687668621540e-04 -1.052230945788323879e-03 1.368673983961343765e-03
2.254495382308959961e+00 2.446852391585707664e-03 4.614460282027721405e-03 -6.667452398687601089e-04 1.057099550962448120e-03 2.870311727747321129e-03
2.292579650878906250e+00 1.946445181965827942e-02 -4.899860359728336334e-04 -4.118171927984803915e-04 2.278293250128626823e-03 2.656569937244057655e-03
2.253303527832031250e+00 5.490138661116361618e-03 -6.242705509066581726e-03 -9.613318252377212048e-04 8.971121860668063164e-05 1.946156960912048817e-03
2.276161909103393555e+00 1.152087934315204620e-04 1.546702440828084946e-02 2.201155730290338397e-04 -4.646565066650509834e-04 3.430217504501342773e-03
2.286238908767700195e+00 -4.984854161739349365e-02 1.985957846045494080e-02 -1.925988326547667384e-04 1.725304464343935251e-04 5.283219739794731140e-03
