7.328060959794900631e-02 -2.008691213358599834e-03 -5.521301951955900119e-04 1.208133976383100145e-03 -1.029095027382699893e-03 1.829976522421099955e-04
7.534697921416499966e-02 -3.372925589907799834e-04 -8.992590048214200819e-04 1.216220586269600203e-03 -6.747983998034300535e-04 -7.588731611640500653e-04
7.770823529611900482e-02 2.034309824584800168e-04 3.540562304820000215e-04 -4.691517250388800163e-04 -1.325957551643200090e-03 -4.161288937427100321e-04
7.931723959996800355e-02 -1.647537422270400149e-04 1.046441401470900095e-03 -1.420849814923500170e-04 -2.166576528200300257e-03 -1.967348799663500350e-04
7.754182174557000540e-02 1.432036566283500156e-03 -2.692802144119299935e-04 -7.993361774497500898e-04 -1.319262730589800111e-03 -1.377108629185100006e-03
7.280508281072199661e-02 8.328705144043000667e-04 -1.694398040297799991e-03 -1.333231957348400088e-04 -7.202177551665200211e-04 -1.663481685538300246e-03
6.716212656446000906e-02 -1.724797322657700173e-03 -2.005298914497700199e-03 1.064274222252000043e-03 -1.276042536099600061e-03 -1.098500246737700017e-03
6.282994456405099903e-02 -1.007497823270300016e-03 -3.503584814593400237e-03 1.504623970613599981e-03 -5.553494164318899598e-04 -2.427592433842400491e-03
5.810952810514400518e-02 3.642826112231200295e-04 -3.562825184482999990e-03 6.969422308816201200e-04 1.337679516286600099e-04 -3.232778287329200317e-03
5.302576999092300375e-02 5.570611828735900486e-04 -2.366906860581600124e-03 1.203758043245700129e-04 1.997473815453300360e-05 -3.022914492519600000e-03
4.773406401092100682e-02 9.099915616500400296e-04 -5.706633074382800284e-04 2.495603262457200171e-04 -8.116863336323099781e-04 -3.365207010720900130e-03
4.187674621747500270e-02 2.879960634199599831e-04 4.341018551972200025e-04 3.665223756993700368e-04 -1.619164688160299988e-03 -3.064253192169400040e-03
3.653620697928400274e-02 2.948791651830700287e-04 -2.851084486729200062e-04 3.270030232483400203e-04 -1.291750991911800022e-03 -2.692108214547499906e-03
3.351942466544900051e-02 1.780897712383799989e-03 -1.682757151211800029e-03 -9.634654670982400158e-04 2.842536933925700297e-05 -2.695164075620900060e-03
3.686729843854300026e-02 2.271723307166900220e-03 -2.682078578086600357e-03 -1.369237101073800082e-03 8.196176299109700879e-04 -3.195119408950999971e-03
4.303627532484999990e-02 6.537225685188200472e-04 -3.193589965099800573e-03 -1.084049668021599966e-03 1.074426292822000008e-03 -3.121575601129500041e-03
5.047677905900399553e-02 1.154601397516299960e-04 -2.748759132066199914e-03 2.911090086741700052e-04 9.842851543799300087e-05 -3.998598426026600192e-03
5.744459585573400556e-02 7.732899874117900568e-04 -2.598634954003000135e-03 3.332211992327500081e-04 -5.774585022578600712e-04 -5.104751936756400134e-03
6.376931953410801268e-02 4.567928741662500474e-04 -2.820173974184200360e-03 6.625380228492501120e-04 -9.250642987846100819e-04 -5.267808878148400042e-03
7.050769627804200079e-02 -6.710457858866900039e-05 -2.680815843480500310e-03 1.319580253704000184e-03 -1.282061668657800057e-03 -5.534605904792500204e-03
7.694806107149700092e-02 -2.321411394084500063e-04 -2.943135957008100306e-03 1.511685971100800059e-03 -1.212911037494500237e-03 -5.987930873104300479e-03
8.349073695847500365e-02 -9.861818175244700321e-04 -3.597306917506200557e-03 1.581473419538800308e-03 -7.691588398242700606e-04 -5.655304427116300547e-03
9.001626695438801062e-02 -8.360223555782799951e-04 -5.093573261401199842e-03 1.091702794889500092e-03 2.691375398985899957e-04 -5.822454245868000783e-03
9.666774653355700297e-02 -7.618861916100600970e-04 -5.702576380057500227e-03 1.499839153465100210e-03 5.630026649016700189e-04 -5.896684844803799959e-03
1.053035043994799969e-01 -6.225847192745400218e-04 -5.073250898442200479e-03 1.094786398975200036e-03 5.466773017061400761e-04 -5.535604283795399899e-03
1.141596019725300004e-01 1.563201422575499994e-04 -3.731354028099900105e-03 7.607664179781600724e-04 4.897921804515200078e-04 -5.130484623769300360e-03
1.246451020066100118e-01 1.214611310563000029e-04 -2.957797908973800165e-03 1.187880166724099957e-04 3.189378911457900131e-04 -4.499842958430299959e-03
1.379082930792900064e-01 3.498535897092900255e-05 -3.634795198915300157e-03 -2.468912671861700036e-04 4.167315021385199921e-04 -3.854898902715300345e-03
1.508229917730000147e-01 1.201635858400000112e-03 -2.700929429979799946e-03 -5.615275942633900490e-04 -4.552868639569499854e-04 -4.403228914333499888e-03
1.660451451777400222e-01 1.527816789954900088e-03 -2.198633587928200232e-03 -1.516828950505699986e-03 -9.509842826762000345e-04 -4.563436413829900611e-03
1.792575674201900005e-01 -9.640713059958600653e-06 -3.176881113219200397e-03 -9.414271800928299691e-04 -4.531302629307200499e-04 -4.257387311470100209e-03
1.922586964757899974e-01 1.142657516943400108e-04 -6.094188607793100954e-03 -4.007535198777900176e-04 4.698305752670600276e-04 -4.684196117020199800e-03
2.060854752487499830e-01 -2.392184514232600185e-04 -8.202388649467500306e-03 -2.438697510029400040e-04 1.846430709086800161e-03 -4.443460035327800352e-03
2.186932606558800174e-01 -6.516916410149500285e-04 -8.405580892863400572e-03 -9.423071798382400325e-05 6.990982533234400180e-04 -4.582818448966199942e-03
2.310691116394799904e-01 1.920053113005500264e-03 -9.537083742232201067e-03 -1.861438860064399889e-03 7.317592615007401276e-04 -5.372814498065400617e-03
2.413752643983400059e-01 3.845202861663200248e-03 -1.157291054445800001e-02 -2.592992171434300042e-03 1.806854754565200135e-03 -6.284837050722600314e-03
2.515242385327400299e-01 1.532278783214400218e-03 -1.402568326577400062e-02 -1.550731762204399927e-03 2.933977723727200504e-03 -6.262614231249200025e-03
2.619744541040200381e-01 -3.277356489791200152e-03 -1.678322168050699892e-02 1.068264335399500033e-03 4.891161093662300778e-03 -5.716140651906900620e-03
2.717920461186599801e-01 -2.323639566749800042e-03 -1.163554303850400026e-02 2.530580416049100275e-03 2.754853464258900236e-03 -6.501577890723199762e-03
2.841915823407200059e-01 1.159792552487600142e-03 -4.561222789024500443e-03 -1.043945730797300178e-03 -1.086270703542500157e-03 -6.651384460798400074e-03
2.936683557543999790e-01 3.933105703130399498e-03 -3.501509615839800034e-03 -3.713842798407399840e-03 -2.088016870149500027e-03 -6.254003498902299847e-03
3.006884764862600146e-01 3.320136406617500095e-03 -3.411472053723800177e-03 -3.523598282877000651e-03 -1.321773973664499982e-03 -5.668559759014300294e-03
3.075847434414900050e-01 1.567835298149300232e-03 -4.177743663378000356e-03 -2.065879219041900135e-03 -9.999623460296999753e-04 -5.109733535224800227e-03
3.128241383771099837e-01 1.175864529539400165e-03 -6.833501876835900400e-03 -1.936166354327100011e-03 9.233378745736201074e-04 -3.720176163390800407e-03
3.175878015106100016e-01 4.386115744755600507e-04 -7.176204839252100370e-03 -1.073367854069100149e-03 1.332509371165800085e-03 -2.320915278560500405e-03
3.220527130455499987e-01 -1.735844602789500014e-03 -6.024802312678999988e-03 2.551388491537000150e-04 9.545468114957301152e-04 -9.436849809424500708e-04
3.259817965101300397e-01 -2.072816221084800101e-03 -5.256166580935700203e-03 1.628697533124400009e-03 -2.122313099275100151e-04 3.948713673117099998e-04
3.299479978050200435e-01 -2.750781500659700216e-03 -8.455176585088200122e-03 1.445637724167400141e-03 2.754480630006700252e-04 2.980570806760700006e-03
3.327307747364700585e-01 -3.187402361119200285e-03 -1.315803944929599956e-02 4.103142611222300147e-04 2.627245964161100192e-03 5.096967566665200865e-03
3.359136024681200205e-01 -4.926796869469100663e-03 -9.835202693541801600e-03 3.187124969399100435e-03 8.210927991227700640e-04 5.861210123723400826e-03
3.387615388200500011e-01 -4.722153676332400442e-03 -6.607506028681900574e-03 1.781555111543600082e-03 9.326535291910000242e-04 6.212183813324900078e-03
3.409763264312900000e-01 -1.447266603007200166e-03 -3.705360421321800355e-03 -1.298222583790200073e-04 1.816558584264199960e-05 5.995487612935199856e-03
3.429216200977700524e-01 1.648480761563399927e-03 -3.034736796899899919e-03 -4.505192728877700260e-03 -5.603765356274300127e-04 6.468427232355900697e-03
3.437082617265800333e-01 1.890574043986700250e-03 -3.971043006701000487e-03 -3.875962252546000329e-03 -3.898430507848400523e-04 6.279501865632600155e-03
3.442166121062300022e-01 -2.927360324445800466e-03 -5.883128566777799662e-03 -7.328539051529099797e-04 8.087900784295800911e-05 6.878690031143500777e-03
3.445097960466600440e-01 -5.923103818815300160e-03 -5.471020978971000669e-03 2.332416853815499989e-03 -3.610161460501400273e-05 6.575222341584599506e-03
3.451965912241199974e-01 -5.115640831814399769e-03 -6.107527262407000390e-03 3.155165201256900174e-03 1.248900227040599916e-04 5.715167099111000820e-03
3.458177455092200092e-01 -4.076809692792700626e-03 -4.677696597840200372e-03 1.073151040599600124e-03 -2.777800717042200221e-04 5.753381024075900248e-03
3.460226451799099934e-01 -2.675884289114300110e-03 -2.785683239686699911e-03 4.261506051259000457e-06 -9.383721137310400279e-04 5.319144225689900404e-03
3.457615116719600090e-01 -7.973957563578099386e-04 -2.988686245184000220e-03 -1.503239673669000106e-03 -5.472538420476599384e-04 4.671991111740000403e-03
3.451734224238200421e-01 1.914396630039700165e-03 -3.795571332293400449e-03 -2.964001692804999963e-03 -1.274207381137100145e-04 3.566038405758200150e-03
3.452678354865600374e-01 7.624523161748500248e-04 -4.646035384255200323e-03 -3.638295664480799968e-03 -1.102690338978800109e-04 3.568999655121500234e-03
3.447838545603900129e-01 4.352280051780700642e-04 -4.364646622139099590e-03 -2.057550200459500132e-03 -6.434502883591900965e-04 2.802998510775800249e-03
3.405851692410600262e-01 -1.240486273992100121e-03 -4.237140277558499972e-03 5.427193598337799795e-05 1.670938658064000115e-04 2.502411351770799947e-03
3.302598543028400502e-01 -4.093089685958300854e-03 -4.572703157811300496e-03 1.634438395381900173e-03 6.218101185159100692e-04 3.543063393102800253e-03
3.148080318504300479e-01 -4.994111173338099813e-03 -4.163360335974500455e-03 2.924054712933800253e-03 1.073921943515500138e-03 3.498579164171800211e-03
2.995149320744800447e-01 -3.412541909612799851e-03 -4.241546289937599655e-03 1.502725794262400102e-03 7.986411993339000799e-04 3.762511325797700517e-03
2.834568478036700312e-01 -2.780728890181100380e-03 -3.851334448015400046e-03 -7.382759821564100085e-05 6.032086150827100680e-04 5.034125773626400326e-03
2.662181068809499895e-01 -1.597465796670100068e-03 -3.769057744624200110e-03 -1.895527918516800095e-03 1.038453082541900127e-03 5.219844480303800598e-03
2.503748253822500325e-01 -8.575108276147200498e-04 -3.527757474268700122e-03 -1.765743426353400024e-03 6.601967942738300220e-04 4.487249626752500171e-03
2.324365973102899829e-01 -6.375558674741200332e-04 -6.144260992438000182e-03 -2.245488317992000264e-03 1.547233141226900255e-03 4.036990499358900433e-03
2.150468726690999977e-01 -3.375592776044300178e-03 -5.145077158059899874e-03 -7.495373896856500576e-04 1.219656705032600178e-03 4.194064337767900406e-03
1.968869573031400144e-01 -5.507559472384700346e-03 -2.406148018427799965e-03 1.564790733361400184e-03 4.872797874872100113e-04 3.826604245930100012e-03
1.765505138984200251e-01 -4.575374912002000069e-03 -5.808539860216600358e-04 1.727964169565500115e-03 3.240097666829700341e-04 2.743513884066800176e-03
1.568481359836600142e-01 -3.395727761743500168e-03 -1.398087459727199999e-03 -3.164884191370400399e-04 5.646378062569499786e-04 3.027819453509600269e-03
1.362099012025199951e-01 -4.001478161128300091e-03 -1.626072426025099854e-03 -3.082250195738900052e-04 3.754996770248100247e-04 2.845081066726500366e-03
1.128478236924699979e-01 -6.121832864841600039e-03 4.122935926935000235e-05 1.193129107700800122e-03 -5.845171055206399699e-04 2.242292938335800016e-03
9.398919445259100447e-02 -5.965127829971700497e-03 -6.546816438582400005e-04 1.703281130692900144e-03 1.997907203619300016e-04 1.521935067086400105e-03
8.160835869105700913e-02 -5.256002781502000336e-03 -3.376236569907400259e-03 1.013235984771700083e-03 1.939992664106900307e-03 1.337844824332700116e-03
7.800502150557200864e-02 -4.764174352918700700e-03 -4.235734720734699900e-03 -4.053398362993700359e-04 2.607893883611199851e-03 1.385759690505200190e-03
7.824124202566200281e-02 -3.974028790740800204e-03 -3.678529669139599893e-03 -8.107600787544800387e-04 2.261111666310100087e-03 7.297061894495900179e-04
8.008310410012201008e-02 -4.303097793388699875e-03 -2.439176974221000244e-03 -9.225598944414700959e-04 1.130797001271000024e-03 3.704740269582999898e-04
8.192364213491699909e-02 -5.081984116907000033e-03 -1.870680421598500251e-03 -2.312099317378500023e-04 2.568175552107500466e-04 -1.837646786806600087e-04
8.371147007350800140e-02 -5.668180266947600403e-03 -1.640184193355500274e-03 2.736305853509900308e-04 2.227587018020399953e-04 -1.113365709885300123e-03
8.545058614367401217e-02 -5.759042279833000329e-03 -1.481250237330200125e-03 4.296638675329600161e-04 1.348336461191400174e-04 -2.153174419534299982e-03
8.707221861976699451e-02 -5.283894854246799951e-03 -1.527282855641700103e-03 1.563945959969700048e-04 7.823147461920600099e-05 -3.250720354559599908e-03
8.869570046116399820e-02 -4.864165601315600766e-03 -1.633135200600999972e-03 -1.473255123101299907e-04 1.941907842805000093e-04 -4.387305958627399881e-03
9.084622008222199840e-02 -4.883844893937200338e-03 -1.961413003515800023e-03 -4.835444702249200137e-04 4.733258230482900297e-04 -4.789411135887200292e-03
9.383697504214899565e-02 -5.645023882822100027e-03 -1.937218321538000101e-03 -1.376613714807499922e-04 2.519242799910800129e-04 -5.008998802978100427e-03
9.802344872553300781e-02 -6.257020316096199852e-03 -1.925902239018600004e-03 3.566186653051400335e-04 3.221948168523000328e-04 -5.196367938680400249e-03
1.027520840412200070e-01 -6.273763031729000413e-03 -1.933054275204300126e-03 4.812774674808400154e-04 4.848384762848200369e-04 -5.528310133286000114e-03
1.092821439662600008e-01 -5.891296849902701027e-03 -2.183527434076400035e-03 1.980119070289700241e-04 8.161950025421900110e-04 -5.872644618797000400e-03
1.164463707911600060e-01 -5.740821858372300440e-03 -2.170298865024599885e-03 -2.200988969131200198e-05 1.005042363483699998e-03 -6.419812602206899366e-03
1.250073787950500004e-01 -5.914859592044199865e-03 -1.946125454108100020e-03 -2.827163226818300086e-04 6.880353228879000464e-04 -6.721009028320100616e-03
1.349216582349200000e-01 -5.997208201421100685e-03 -1.526326172449000117e-03 2.275837286029600080e-04 4.537015886452100345e-04 -7.259169080578900535e-03
1.438421999093500159e-01 -6.524923607402800113e-03 -6.120704602960900208e-04 8.576117578865099372e-04 4.876113389008700314e-04 -7.831699764470600664e-03
1.546903920880700056e-01 -6.214703937211200381e-03 -6.533986440980001087e-04 3.888161800482000351e-04 6.025955113442100705e-04 -8.173189267379501327e-03
1.651660595845700075e-01 -5.975521175097600612e-03 -6.044221123045100596e-04 -8.825652586634500653e-05 1.811394080496700097e-04 -8.221682064872500723e-03
1.755325492903200280e-01 -6.295557486599500513e-03 9.279783805805401028e-05 4.479464606555599859e-05 -4.153273609443000592e-04 -8.210782366980201238e-03
1.869040985257300058e-01 -6.931543239602999847e-03 6.868871348212800742e-04 1.789115239225400316e-04 -8.859196800003600429e-04 -7.812959232109799659e-03
1.973701498395900034e-01 -6.787557551250099873e-03 3.122021049103100164e-04 4.536808303682400220e-04 -7.653848033121900176e-04 -7.439042087473700902e-03
2.077528294033900158e-01 -6.670771063196999535e-03 8.391376137815401322e-04 -4.796954288548100427e-04 -6.344884727509299835e-04 -6.765252003414400084e-03
2.194988147841800130e-01 -7.220287908944099386e-03 9.894894025019600105e-04 2.999822411610300176e-04 -1.948163139499800264e-04 -6.284474490633300443e-03
2.307797931855399831e-01 -7.749474889824701021e-03 3.833702097052000472e-04 5.150240353055100286e-04 8.120493361126401247e-05 -6.018148393092399850e-03
2.444051361904200081e-01 -8.112960386502899787e-03 -4.254526391303400067e-04 9.812838856560100135e-04 2.494999830595399991e-04 -4.850420856300399763e-03
2.577731243800300276e-01 -8.518994396668000749e-03 3.804338413240299826e-05 1.678514866522800002e-04 3.291259359730800641e-04 -2.971882302114400246e-03
2.718944527183099757e-01 -8.822624057364098979e-03 6.910493211586201008e-04 1.038978134633800066e-03 -8.848886057227700058e-06 -1.440052681978200083e-03
2.873014721684800099e-01 -1.033083272722300043e-02 9.747799672478000286e-04 1.157542905484099929e-03 -2.173122604116500234e-05 8.093056491171200448e-04
3.010625894287199955e-01 -9.508178919723100572e-03 5.496066816952700123e-04 2.991017513594600228e-04 7.979419975505799368e-04 1.526022484288000036e-03
3.166312545908500642e-01 -7.566859163569900244e-03 -1.175927970284200213e-03 -1.236771055940300143e-03 1.208091428267200028e-03 1.379141140413000198e-03
3.304000401520600372e-01 -7.657658133777800816e-03 -2.229446641214900132e-03 -1.187339355589800156e-03 7.811197516650500135e-04 9.795560539440299318e-04
3.433147083540700195e-01 -9.395973659422100430e-03 -7.977174406884699615e-04 1.306559935062800136e-04 -7.428304893942500476e-04 1.043189511350300133e-03
3.566501153442200311e-01 -1.045261310829000145e-02 1.505789375070400084e-03 8.178824718627400979e-04 -2.519165826393900218e-03 9.587694706799399511e-04
3.662632265391900233e-01 -9.306912447774200181e-03 3.181084057492800272e-03 2.322467798054400005e-04 -3.173877179200299860e-03 8.896658650911200370e-04
3.725318827270900357e-01 -8.908037992850699818e-03 3.617532846291800219e-03 -4.145716928885600301e-04 -3.766683605047999820e-03 9.401779208488199877e-04
3.765578260211900341e-01 -1.004554801419500071e-02 4.417290182961800156e-03 2.142353463860600373e-04 -3.776985939178299865e-03 1.183251341433800251e-03
3.788479177271399934e-01 -9.130179906493601089e-03 5.021581592782600571e-03 -7.037627104505999633e-04 -3.211252381198700587e-03 1.013940284198600050e-03
3.809866841102400592e-01 -8.977209628574900346e-03 1.873904212537000173e-03 -4.255854761414000422e-04 -1.438452438117999999e-03 1.005387586632600083e-03
3.830167067505600431e-01 -1.074642023029000193e-02 -1.828653011061499986e-03 2.126124690967900208e-04 4.314045021727400147e-05 1.195807491245899981e-03
3.854007627743900599e-01 -1.062223486942300010e-02 -5.573171807411700027e-03 8.415157253677899582e-04 1.008074609032799966e-03 1.052351407912200092e-03
3.882820848656200474e-01 -9.558830889270401171e-03 -6.274114321076201123e-03 -6.379565097560701073e-04 1.011849205561500108e-03 1.060219311579800204e-03
3.909718530352200294e-01 -9.547602069367201738e-03 -6.135849557190100126e-03 -4.295909703001600283e-04 1.265019657138600085e-03 1.297959234587300111e-03
3.938050329050499787e-01 -1.083760939946599999e-02 -4.001921021687999784e-03 -2.909973825955099939e-05 6.163046091274700621e-04 1.538585032199600057e-03
3.960106289528800283e-01 -1.030515595151799968e-02 -1.968325265421599999e-03 7.885853536894800876e-05 2.287273559822600210e-04 1.511381965289400071e-03
3.981333866614500394e-01 -1.110238608591000015e-02 -7.376125696356100690e-04 2.147802329970600410e-04 -4.038066020747900237e-04 2.448775159763499996e-03
3.997155400088300281e-01 -1.148583557467799943e-02 -3.219332328620200267e-04 -5.232374787792000068e-05 -1.373781711352900113e-03 3.162817092488100570e-03
3.994656531002900302e-01 -1.068413187908599966e-02 -2.062060982356099786e-03 -4.570441936385800344e-04 -4.840382919849900087e-04 2.952387321928700171e-03
3.986772948021199969e-01 -1.112184756593900120e-02 -3.006270989402000122e-03 -4.303302894347500333e-05 3.447644464137700208e-06 3.036701152961300033e-03
3.966008205320299962e-01 -1.237914169247900098e-02 -3.201631281839500444e-03 3.662222693639500138e-04 4.533062694917200635e-04 3.398769823298900244e-03
3.945369223862200125e-01 -1.252799881182700172e-02 -2.424745059749100484e-03 1.138059580529600162e-03 6.728338284460000200e-04 3.167163370610300011e-03
3.919547575645600523e-01 -1.176627553831299973e-02 -8.211699515138000003e-04 3.918186535007800149e-04 2.965235419290399802e-04 3.128945109190500121e-03
3.902091359096599987e-01 -1.176450557293600048e-02 -1.992702400177299993e-03 3.280797107221700279e-04 7.961562960186799852e-05 3.213688112797100354e-03
3.875847640881400213e-01 -1.217309587569100071e-02 -2.897627174377700055e-03 1.122222036235800171e-05 4.712627075859000445e-04 3.555217642281900247e-03
3.843693645384200219e-01 -1.198491158411300189e-02 -3.413748966410799779e-03 -5.439591069223300671e-05 1.770502986073300023e-03 3.810756837918700349e-03
3.820467384959400636e-01 -1.298775972068899956e-02 -2.504201971564000428e-03 5.355782227022099591e-04 1.394602328610600097e-03 4.123733279996300537e-03
3.793740212389600241e-01 -1.280020680217099950e-02 -8.548221004334200261e-04 2.618083197889700014e-05 5.628778723151799807e-04 4.230184024258699764e-03
3.764513500951900404e-01 -1.256699056296500111e-02 1.758757702379200273e-04 1.354222527927899887e-04 4.528706318589199691e-04 4.089127858836200634e-03
3.735883236465200596e-01 -1.340170816621900213e-02 -2.053748832818200025e-04 4.126707471896600430e-04 6.549000677085000830e-04 4.008153215222900675e-03
3.709455098168200071e-01 -1.465426083511600121e-02 -2.651094453759399953e-03 1.447574878126200093e-03 8.585290147724200689e-04 3.841061291758599699e-03
3.688845311126200399e-01 -1.258335439967699955e-02 -1.473579427343800138e-03 4.469967654474799913e-04 1.649323913782400235e-04 2.846319258752300334e-03
3.677282378151500164e-01 -1.140561656085600090e-02 1.432529063411100249e-03 -9.666777331037200785e-04 -1.065986462021200048e-03 2.431448079121200159e-03
3.684010411290500331e-01 -1.291505377213100075e-02 4.673393562357300345e-04 -6.509597040988900855e-04 -5.262894217667699352e-04 2.818789437074300294e-03
3.703441432900200225e-01 -1.235313660670700128e-02 -3.249560312853999947e-04 -6.253517199150200774e-04 1.145326997932500068e-04 2.154113594270699959e-03
3.727182607904500067e-01 -1.249700469109100119e-02 4.147212472174500184e-04 -1.475267697677700167e-04 2.491598700627399988e-04 1.754174493196199863e-03
3.741408582925600523e-01 -1.514698966114599865e-02 1.011646863335000004e-03 2.479449567039800420e-03 6.101339153407001081e-05 1.913311425923200143e-03
3.750696224283100455e-01 -1.676990061922800299e-02 2.219834230921299942e-04 3.299998778109700104e-03 6.553215052625799807e-04 2.030000903924500041e-03
3.762073176128900021e-01 -1.575360753599500119e-02 -2.120328316977700047e-03 3.125483981460200518e-03 1.637662068467800021e-03 1.740992527773900338e-03
3.778974203455600644e-01 -1.437932788949899954e-02 -2.751793817660299919e-03 6.825864938821000387e-04 1.706046655191200030e-03 1.760388976805999902e-03
3.793811422070900163e-01 -1.346629852767100045e-02 -2.791353120877399993e-03 6.164034385587299813e-04 2.207151557830599933e-03 1.090708182168900102e-03
3.816670778158900434e-01 -1.145727982925100197e-02 -7.923600153529599885e-04 -2.467642206199000075e-03 3.955378714058600722e-04 6.591988027380800549e-04
