1.149600028991699219e+00 -7.675364613533020020e-03 -1.686885952949523926e-03 6.149538094177842140e-04 2.128188643837347627e-04 -2.276467275805771351e-04
1.161280870437622070e+00 -1.631645718589425087e-03 -4.578398074954748154e-04 1.843090867623686790e-04 4.501364892348647118e-04 6.185983656905591488e-04
1.166721105575561523e+00 9.358413517475128174e-03 -5.241107661277055740e-03 -5.998243577778339386e-04 -1.649487967370077968e-05 4.782786127179861069e-04
1.179886221885681152e+00 6.227643694728612900e-03 -1.016357447952032089e-02 -8.244810160249471664e-04 -7.796689169481396675e-05 1.177341560833156109e-03
1.197042942047119141e+00 1.379521284252405167e-02 -1.657977700233459473e-02 -2.542356727644801140e-03 2.232844708487391472e-04 5.139717832207679749e-04
1.205381751060485840e+00 1.840487308800220490e-02 -1.236593537032604218e-02 -2.232671249657869339e-03 9.382612188346683979e-05 4.727358755189925432e-04
1.206976175308227539e+00 2.591954544186592102e-02 -2.304449444636702538e-04 -1.039790222421288490e-03 -7.639330578967928886e-04 6.862593581900000572e-04
1.294071674346923828e+00 3.236500173807144165e-02 -4.592473059892654419e-02 -8.840326219797134399e-03 -1.592926419107243419e-04 -5.909056635573506355e-04
1.372892260551452637e+00 2.681964263319969177e-02 -2.773793973028659821e-02 -6.109029054641723633e-03 -4.297462757676839828e-03 -8.339522406458854675e-03
1.416220188140869141e+00 -2.320550754666328430e-02 -5.357684940099716187e-02 -1.125664170831441879e-02 -4.182688426226377487e-03 -7.671195548027753830e-03
1.277529835700988770e+00 -1.113008521497249603e-02 1.681093871593475342e-02 2.684544306248426437e-04 -2.724873833358287811e-03 -1.780770602636039257e-03
1.336223363876342773e+00 -2.175062149763107300e-02 -6.168711464852094650e-03 -3.229331923648715019e-03 -2.127263229340314865e-03 -8.617872372269630432e-04
1.319264888763427734e+00 -1.839722320437431335e-02 6.620040512643754482e-04 -1.982492161914706230e-03 -1.536073046736419201e-03 1.497317920438945293e-03
1.274045109748840332e+00 -3.342834487557411194e-02 2.364060468971729279e-02 2.701018936932086945e-03 9.216851321980357170e-04 9.126586839556694031e-03
1.322862148284912109e+00 -3.548474516719579697e-03 5.215012468397617340e-03 5.466046277433633804e-04 4.153126428718678653e-05 4.327143542468547821e-03
1.365100264549255371e+00 6.699743680655956268e-03 2.964087296277284622e-03 1.032188534736633301e-03 -5.742399371229112148e-04 -1.459235791116952896e-03
1.331242322921752930e+00 1.221028715372085571e-02 -4.694521892815828323e-03 4.043166991323232651e-04 3.925439959857612848e-04 1.456862315535545349e-03
1.341668486595153809e+00 1.231910102069377899e-02 1.307676360011100769e-02 1.241592923179268837e-03 2.022111439146101475e-04 1.123630208894610405e-03
1.369473218917846680e+00 1.680682227015495300e-02 1.952731981873512268e-04 2.048118738457560539e-03 -2.183902543038129807e-04 -9.011271176859736443e-04
1.364153742790222168e+00 1.075070910155773163e-02 5.824629217386245728e-03 1.230379799380898476e-03 3.901916206814348698e-04 -8.090374467428773642e-05
1.377089858055114746e+00 4.637341015040874481e-03 -4.163021221756935120e-03 -6.942098261788487434e-04 5.573212183662690222e-05 9.713487233966588974e-04
1.396772146224975586e+00 1.656236499547958374e-02 1.962813176214694977e-02 1.219630357809364796e-03 -1.688803313300013542e-04 9.149694233201444149e-04
1.407691478729248047e+00 1.458477787673473358e-02 8.599286898970603943e-03 -8.027889416553080082e-04 -6.803119904361665249e-04 3.642587107606232166e-04
1.409909248352050781e+00 -3.778161015361547470e-03 3.793615382164716721e-03 -4.837246960960328579e-04 1.290127111133188009e-04 3.384108422324061394e-04
1.429615497589111328e+00 -6.248847348615527153e-04 -7.343684788793325424e-03 6.078507867641746998e-04 4.169384483247995377e-04 4.472895816434174776e-04
1.444853067398071289e+00 1.228793058544397354e-03 1.203418709337711334e-02 -2.403161022812128067e-03 -3.304000420030206442e-04 3.146700619254261255e-04
1.469966411590576172e+00 3.147999290376901627e-03 -8.759852498769760132e-03 -1.443755580112338066e-03 -7.627276354469358921e-04 -1.091725775040686131e-03
1.472964286804199219e+00 -2.951003378257155418e-03 -2.991898451000452042e-03 -6.284147966653108597e-04 8.231292595155537128e-04 -3.491914540063589811e-04
1.490585446357727051e+00 1.593122608028352261e-03 -1.800436899065971375e-02 1.296292757615447044e-03 -8.642346365377306938e-04 6.292854086495935917e-04
1.501184940338134766e+00 -6.402973085641860962e-03 -1.096228603273630142e-02 3.380251873750239611e-04 -8.513365173712372780e-04 7.811463437974452972e-04
1.521560668945312500e+00 5.469197407364845276e-03 3.609113628044724464e-03 3.136258455924689770e-04 -8.637115242891013622e-04 2.325364330317825079e-04
1.457170486450195312e+00 3.364796750247478485e-03 2.734241774305701256e-03 1.035548280924558640e-03 -9.759685490280389786e-04 9.984054486267268658e-06
1.542469024658203125e+00 8.557022549211978912e-03 -1.193462056107819080e-03 -1.417015329934656620e-03 1.492367737228050828e-04 5.386040429584681988e-04
1.559422492980957031e+00 7.096253801137208939e-03 2.984946779906749725e-02 3.937659203074872494e-04 -2.150910149794071913e-04 -2.215470885857939720e-03
1.530120968818664551e+00 2.525635808706283569e-02 1.457783579826354980e-02 -3.294289926998317242e-04 -6.195601308718323708e-04 1.369316596537828445e-03
1.534473419189453125e+00 1.813273876905441284e-02 8.414059877395629883e-03 2.255079598398879170e-04 -3.682418609969317913e-04 -7.461411878466606140e-04
1.534249544143676758e+00 2.980841509997844696e-02 1.777029596269130707e-02 3.209380956832319498e-04 -9.389814804308116436e-04 3.967201337218284607e-06
1.559320449829101562e+00 4.510439001023769379e-03 2.374129742383956909e-02 -8.638008148409426212e-04 3.566946834325790405e-04 -1.040247385390102863e-03
1.571943640708923340e+00 5.662639159709215164e-03 9.950739331543445587e-03 -1.321611227467656136e-03 -3.855500835925340652e-04 -1.566571183502674103e-03
1.568633556365966797e+00 1.045619510114192963e-02 8.460521697998046875e-03 -1.498587895184755325e-03 -3.084362251684069633e-04 -6.957937148399651051e-04
1.624178171157836914e+00 -3.006461448967456818e-02 6.330518051981925964e-03 -6.144837243482470512e-04 8.252892876043915749e-04 -2.391424961388111115e-03
1.568272709846496582e+00 1.594848744571208954e-02 1.417524414137005806e-03 6.294813356362283230e-04 8.189197978936135769e-04 4.680229758378118277e-04
1.626104712486267090e+00 7.109642960131168365e-03 7.299422286450862885e-04 -5.639168666675686836e-04 6.399735866580158472e-05 7.275504176504909992e-04
1.610670447349548340e+00 5.524487700313329697e-03 4.965540720149874687e-04 -1.733358949422836304e-04 -3.589559637475758791e-04 2.515031024813652039e-03
1.610541105270385742e+00 -4.473397508263587952e-03 6.953093223273754120e-03 -5.997784319333732128e-04 -1.490395283326506615e-03 2.952435752376914024e-04
1.636442303657531738e+00 2.393503487110137939e-02 -2.164161764085292816e-03 3.675013140309602022e-04 -7.462347857654094696e-04 -1.083769369870424271e-03
1.634771943092346191e+00 2.089291252195835114e-02 8.880081586539745331e-04 4.847774398513138294e-04 -6.823390140198171139e-04 7.622702833032235503e-05
1.641313433647155762e+00 5.570727400481700897e-03 9.300461038947105408e-03 4.636644443962723017e-04 -3.898641443811357021e-04 1.173749915324151516e-03
1.648418784141540527e+00 1.414575334638357162e-02 -2.773973392322659492e-03 1.017687958665192127e-03 -4.075725155416876078e-05 -4.197117523290216923e-04
1.640967488288879395e+00 5.678582470864057541e-03 1.084125414490699768e-02 5.020450334995985031e-04 1.191143877804279327e-03 1.072117709554731846e-03
1.641785979270935059e+00 -1.087335590273141861e-02 3.842662321403622627e-03 5.929330945946276188e-04 1.093270489946007729e-03 1.396071398630738258e-03
1.652336597442626953e+00 1.116850785911083221e-02 1.345823518931865692e-03 -1.461677020415663719e-04 -6.232794257812201977e-04 -6.516765570268034935e-04
1.648143410682678223e+00 2.617694064974784851e-02 1.577506400644779205e-02 1.049269340001046658e-03 6.658455822616815567e-04 2.064472995698451996e-03
1.658476710319519043e+00 1.070194784551858902e-02 9.792638942599296570e-03 9.865396423265337944e-04 3.391518257558345795e-03 3.701056353747844696e-03
1.691161870956420898e+00 1.179052330553531647e-02 -5.345548037439584732e-03 9.814208169700577855e-06 3.326671430841088295e-03 2.215879503637552261e-03
1.679525852203369141e+00 1.634209230542182922e-02 -2.368664368987083435e-03 5.050040781497955322e-04 7.290384965017437935e-04 3.097878070548176765e-03
1.730174899101257324e+00 -7.002614438533782959e-06 -2.329165302217006683e-02 2.568645868450403214e-04 3.874729853123426437e-03 1.871818443760275841e-03
1.708134770393371582e+00 1.187060866504907608e-02 1.286138873547315598e-02 1.593592925928533077e-03 -4.122765676584094763e-04 1.148896059021353722e-03
1.780444979667663574e+00 1.344264205545186996e-02 -1.275733858346939087e-02 -4.084965912625193596e-04 -1.468653557822108269e-03 1.668109616730362177e-04
1.844098448753356934e+00 2.651397883892059326e-02 1.703082583844661713e-03 8.289952529594302177e-05 -3.424247261136770248e-04 -7.031030021607875824e-03
1.663186550140380859e+00 2.158440649509429932e-02 8.646821230649948120e-02 9.701206348836421967e-03 -5.139288259670138359e-04 2.136440249159932137e-03
1.774328231811523438e+00 2.114872913807630539e-04 1.669806614518165588e-02 2.808748045936226845e-03 -7.987652788870036602e-04 -7.733175298199057579e-04
1.739591717720031738e+00 -4.542025923728942871e-02 3.895628824830055237e-02 3.954003099352121353e-03 1.334524713456630707e-03 2.151342341676354408e-03
1.693714499473571777e+00 -3.142287582159042358e-02 2.088787034153938293e-02 1.940183341503143311e-03 -3.943505580537021160e-04 5.702213384211063385e-03
1.696908116340637207e+00 6.094545591622591019e-03 2.465772442519664764e-02 3.509895759634673595e-04 -4.001666675321757793e-04 1.004587509669363499e-03
1.690489172935485840e+00 1.692862948402762413e-03 6.980287842452526093e-03 -2.815622719936072826e-04 -1.188672962598502636e-03 1.835159200709313154e-04
1.748269677162170410e+00 -1.324686128646135330e-02 2.554473653435707092e-02 8.379158098250627518e-04 1.016686437651515007e-03 3.289739834144711494e-03
1.735876321792602539e+00 2.118431031703948975e-03 2.085426636040210724e-02 1.058582216501235962e-03 4.414384020492434502e-04 1.036688685417175293e-03
1.768726468086242676e+00 6.320396438241004944e-03 -4.730420187115669250e-04 7.365472847595810890e-04 -1.234991475939750671e-03 5.133729428052902222e-04
1.756356000900268555e+00 4.786874167621135712e-03 1.766631379723548889e-02 6.191845750436186790e-04 1.100671142921783030e-04 -1.862719072960317135e-04
1.739959001541137695e+00 1.604938320815563202e-02 7.236482109874486923e-03 6.156031158752739429e-04 1.259292941540479660e-03 7.423108327202498913e-04
1.827156543731689453e+00 -4.192040860652923584e-02 -1.741254515945911407e-02 -1.800040947273373604e-03 4.102321690879762173e-04 -1.710847485810518265e-03
1.769955039024353027e+00 -4.419494885951280594e-03 -2.404546597972512245e-03 -8.720438927412033081e-04 1.187794958241283894e-03 1.799559220671653748e-03
1.769436597824096680e+00 -1.059763412922620773e-02 1.091964310035109520e-03 5.417987704277038574e-04 -2.273588179377838969e-04 9.372318745590746403e-04
1.771539330482482910e+00 -1.517708599567413330e-02 -7.678490597754716873e-03 -9.509996161796152592e-04 -4.313553217798471451e-04 2.051532501354813576e-03
1.800627827644348145e+00 -7.698826957494020462e-03 5.768164410255849361e-04 7.957497145980596542e-04 -7.106338744051754475e-04 2.651585731655359268e-03
1.784173727035522461e+00 -1.242181099951267242e-02 9.867424378171563148e-04 5.870996392332017422e-04 -1.300106989219784737e-03 2.183047356083989143e-03
1.798865318298339844e+00 -5.373249296098947525e-03 1.279393583536148071e-02 1.726826885715126991e-03 3.528303932398557663e-04 2.187448786571621895e-03
1.814053893089294434e+00 -3.610150422900915146e-03 5.454883910715579987e-03 7.031579152680933475e-04 6.988469394855201244e-04 2.163946628570556641e-03
1.819382905960083008e+00 5.294328555464744568e-03 1.331676356494426727e-02 -7.248551119118928909e-04 1.593065331690013409e-03 3.406354924663901329e-03
1.852929592132568359e+00 1.569371297955513000e-02 6.072824355214834213e-03 1.340344751952216029e-04 -5.691019468940794468e-04 3.166417358443140984e-03
1.836814761161804199e+00 2.534380182623863220e-02 5.762535147368907928e-05 -6.857441039755940437e-04 -5.817268975079059601e-04 3.978919703513383865e-03
1.870381236076354980e+00 2.023535594344139099e-02 1.609183289110660553e-02 7.111440063454210758e-04 5.903223063796758652e-05 1.164264627732336521e-03
1.859123468399047852e+00 2.697162143886089325e-02 -2.646459033712744713e-03 -5.606306367553770542e-04 -1.094197388738393784e-03 1.603273209184408188e-03
1.868602156639099121e+00 1.903047412633895874e-02 4.997881129384040833e-03 -6.595862796530127525e-04 -1.095088082365691662e-03 3.532893897499889135e-04
1.875266075134277344e+00 1.470653619617223740e-02 5.731453187763690948e-03 -1.305732876062393188e-03 -5.189595394767820835e-04 1.162625616416335106e-03
1.877375125885009766e+00 1.042610034346580505e-03 5.208863411098718643e-03 -1.071568345651030540e-03 -1.261640572920441628e-03 3.152514109387993813e-03
1.872828364372253418e+00 2.089667879045009613e-02 8.238901384174823761e-03 -7.530486909672617912e-04 -1.305022276937961578e-03 2.955434320028871298e-04
1.908276200294494629e+00 1.835772395133972168e-02 1.195713039487600327e-02 -5.583742167800664902e-04 -1.885981881059706211e-03 9.719757363200187683e-04
1.919774055480957031e+00 2.429310418665409088e-02 2.689571585506200790e-03 -7.076808251440525055e-04 -1.308839418925344944e-03 1.445799833163619041e-03
1.906129002571105957e+00 3.137813508510589600e-02 5.354997701942920685e-03 4.339859879110008478e-04 -6.635689060203731060e-04 2.474316628649830818e-03
1.929284095764160156e+00 1.549612730741500854e-02 1.295941881835460663e-02 1.088833596440963447e-04 -8.149506757035851479e-04 1.011881045997142792e-03
1.918939948081970215e+00 9.629989042878150940e-03 2.695699920877814293e-03 -5.796010373160243034e-04 -3.513275878503918648e-04 2.392356982454657555e-03
1.928572416305541992e+00 1.079614367336034775e-02 2.766277408227324486e-03 -7.422987837344408035e-04 -3.688993165269494057e-04 1.833233283832669258e-03
1.939985156059265137e+00 2.572380471974611282e-03 -1.253656111657619476e-03 -9.316875948570668697e-04 3.831129870377480984e-04 1.312087406404316425e-03
1.945645570755004883e+00 2.449770085513591766e-02 -1.716189552098512650e-03 -1.248860731720924377e-03 -3.513028495945036411e-04 1.781146158464252949e-03
1.965481400489807129e+00 2.224238775670528412e-02 5.378479603677988052e-03 -1.062100986018776894e-03 -4.937146877637133002e-05 2.436168259009718895e-03
1.985128283500671387e+00 -2.387948334217071533e-03 9.755969047546386719e-03 -1.465665525756776333e-03 -3.168205439578741789e-04 1.844059443101286888e-03
1.977130293846130371e+00 2.457759343087673187e-02 8.264699019491672516e-03 -9.712172904983162880e-04 1.729181094560772181e-04 3.108575707301497459e-03
1.972587585449218750e+00 2.879149466753005981e-02 -5.149499047547578812e-03 -1.966329582501202822e-04 -1.965544506674632430e-04 2.786696888506412506e-03
2.013205766677856445e+00 3.337058052420616150e-02 8.703881874680519104e-03 1.425859052687883377e-03 -9.658958879299461842e-04 3.507180837914347649e-03
1.968276858329772949e+00 2.032414264976978302e-02 1.020201481878757477e-02 2.079767407849431038e-03 -4.568024014588445425e-04 2.086557447910308838e-03
1.990568757057189941e+00 1.846801303327083588e-02 2.378206118009984493e-04 4.438008909346535802e-05 -9.384499862790107727e-04 1.146850991062819958e-03
2.003895282745361328e+00 1.659501343965530396e-02 1.405111700296401978e-02 -4.039991181343793869e-04 -1.044550095684826374e-03 4.093740601092576981e-03
2.005597114562988281e+00 2.106609567999839783e-02 -1.008493127301335335e-03 -2.805513795465230942e-04 -5.303157959133386612e-04 3.124166512861847878e-03
2.013263225555419922e+00 1.509037613868713379e-02 -1.751697808504104614e-02 -1.160236424766480923e-03 2.011853503063321114e-03 3.025882411748170853e-03
2.071868658065795898e+00 8.633137494325637817e-02 -2.078518643975257874e-02 -2.339225262403488159e-03 1.166063011623919010e-03 9.393721818923950195e-03
2.196829795837402344e+00 -2.581282146275043488e-02 -2.221386507153511047e-02 -4.099692218005657196e-03 -4.796870052814483643e-04 -4.240051377564668655e-03
1.961208105087280273e+00 -5.172239989042282104e-02 3.837014315649867058e-03 -7.786245550960302353e-04 -5.467185983434319496e-04 1.292938250117003918e-03
2.090325355529785156e+00 1.407052669674158096e-02 5.761543288826942444e-02 5.900354590266942978e-03 5.050185602158308029e-03 3.362753428518772125e-03
2.033685922622680664e+00 4.268999770283699036e-02 -4.332283977419137955e-03 -1.474608900025486946e-03 -1.700111606623977423e-04 4.514371044933795929e-03
2.055949687957763672e+00 4.690833855420351028e-03 -1.278899051249027252e-02 -3.728524316102266312e-03 1.628109952434897423e-03 6.776803173124790192e-03
2.168962478637695312e+00 -1.136309839785099030e-02 -5.591454356908798218e-02 -9.482121095061302185e-03 -3.531412454321980476e-03 9.110099636018276215e-03
2.105096817016601562e+00 -2.848484180867671967e-02 2.148341201245784760e-02 -1.892997417598962784e-03 5.435702623799443245e-04 -2.359803300350904465e-03
2.022826910018920898e+00 -1.914276741445064545e-02 2.302932925522327423e-02 -4.647477471735328436e-04 1.519482117146253586e-03 5.058026406913995743e-03
2.038891077041625977e+00 -2.893193997442722321e-02 5.264716222882270813e-02 7.107929326593875885e-03 6.785163655877113342e-03 7.731244899332523346e-03
2.029071807861328125e+00 -6.030940916389226913e-03 -2.463246695697307587e-03 1.000822288915514946e-03 1.172827440313994884e-03 5.135012324899435043e-03
2.056678771972656250e+00 1.033022999763488770e-04 -7.543666288256645203e-03 4.761073214467614889e-04 -1.178007150883786380e-04 4.791004583239555359e-03
2.014924287796020508e+00 1.043119467794895172e-02 9.525454603135585785e-03 -2.124852733686566353e-03 -1.154862809926271439e-03 3.424756228923797607e-03
2.057173013687133789e+00 1.138752233237028122e-02 2.236220240592956543e-02 8.422899409197270870e-04 8.366943802684545517e-04 2.891113515943288803e-03
2.024447441101074219e+00 -6.408473476767539978e-03 6.030111107975244522e-04 -1.435710582882165909e-03 2.748613478615880013e-04 -3.290089953225106001e-04
2.043954372406005859e+00 1.290159113705158234e-02 -1.404728973284363747e-03 1.427780371159315109e-03 4.027151444461196661e-04 2.178543945774435997e-03
2.085412025451660156e+00 7.169647142291069031e-03 9.214827790856361389e-03 -1.905186218209564686e-03 -3.859341959469020367e-04 2.555876038968563080e-03
2.101177215576171875e+00 1.697386428713798523e-02 2.115366514772176743e-03 -6.141320918686687946e-04 -1.847556093707680702e-03 -2.143364108633249998e-04
2.101776599884033203e+00 1.306205056607723236e-02 5.146219860762357712e-03 8.052031043916940689e-04 -1.346361241303384304e-03 1.026508281938731670e-03
2.105402469635009766e+00 2.668601647019386292e-02 -9.532086551189422607e-07 1.873994769994169474e-04 -9.249447612091898918e-04 2.941354876384139061e-03
2.132803440093994141e+00 2.294793538749217987e-02 6.005818024277687073e-03 1.662061084061861038e-03 -1.272816210985183716e-03 1.452726079151034355e-03
2.127991676330566406e+00 2.529460564255714417e-02 1.155275199562311172e-02 7.560944068245589733e-04 2.278964675497263670e-04 2.018108032643795013e-03
2.145587205886840820e+00 2.115470916032791138e-02 7.474245503544807434e-03 -9.643721277825534344e-04 -8.504791767336428165e-04 4.317736253142356873e-03
2.119452238082885742e+00 -2.098491881042718887e-03 1.811877079308032990e-02 2.805656986311078072e-04 -8.965191664174199104e-04 3.587478538975119591e-03
2.156969785690307617e+00 6.590503733605146408e-03 -2.264307346194982529e-03 -1.277889357879757881e-03 -2.684697974473237991e-04 -3.044246113859117031e-04
2.113579034805297852e+00 8.621742948889732361e-03 2.178130438551306725e-03 6.417002296075224876e-04 1.301741212955676019e-05 3.347021760419011116e-03
2.112449884414672852e+00 2.363583073019981384e-02 3.563704900443553925e-03 -4.708562628366053104e-04 -1.103697693906724453e-03 5.256785545498132706e-03
2.121418714523315430e+00 1.198781002312898636e-02 4.759361967444419861e-03 2.281023887917399406e-03 -3.425172995775938034e-03 4.273563157767057419e-03
2.136660099029541016e+00 -1.928010722622275352e-03 1.248637400567531586e-02 6.651430740021169186e-04 -7.508258568122982979e-04 5.021195393055677414e-03
2.149941921234130859e+00 1.814983785152435303e-02 1.277591846883296967e-02 2.461956581100821495e-03 2.522153547033667564e-03 5.639389622956514359e-03
2.143013000488281250e+00 2.777848578989505768e-02 1.319668628275394440e-02 -4.298497224226593971e-04 -5.226730718277394772e-04 5.132182035595178604e-03
2.142766952514648438e+00 1.454688888043165207e-02 7.525551132857799530e-03 -1.075566047802567482e-03 5.979229463264346123e-04 4.618549253791570663e-03
2.176027059555053711e+00 2.776961773633956909e-02 3.005288355052471161e-02 -1.219591358676552773e-03 9.623923106119036674e-04 4.112645052373409271e-03
2.147538423538208008e+00 1.347176171839237213e-02 1.592634990811347961e-02 -7.714156527072191238e-04 1.656430540606379509e-04 2.054336480796337128e-03
2.130465984344482422e+00 4.550594091415405273e-02 1.339853042736649513e-03 3.529923560563474894e-04 -1.100649114960106090e-05 6.685418076813220978e-03
2.175462722778320312e+00 4.919816181063652039e-02 -5.491279531270265579e-03 7.777544669806957245e-04 -1.840746728703379631e-03 6.709387525916099548e-04
2.160958051681518555e+00 4.736827686429023743e-03 8.701300248503684998e-03 -5.829847650602459908e-04 8.294350118376314640e-04 2.842696616426110268e-03
2.161361455917358398e+00 3.012633882462978363e-03 3.725613234564661980e-03 7.317124400287866592e-04 -6.989079411141574383e-04 1.562837744131684303e-03
2.149426698684692383e+00 9.991954080760478973e-03 1.092561613768339157e-02 1.172998687252402306e-03 -7.199958199635148048e-04 -5.021176184527575970e-05
2.132889747619628906e+00 1.045488193631172180e-02 1.232474390417337418e-02 1.548418425954878330e-03 -3.896233683917671442e-04 1.479586469940841198e-03
2.160080194473266602e+00 -1.462614815682172775e-02 1.210196875035762787e-02 -7.972107268869876862e-04 2.120435005053877831e-03 -1.486921450123190880e-03
2.181633472442626953e+00 -2.358282543718814850e-02 -1.301928609609603882e-02 -5.929199978709220886e-04 -6.731080356985330582e-04 6.163608049973845482e-04
2.193792104721069336e+00 -2.013033628463745117e-02 8.362202905118465424e-03 -7.033540168777108192e-04 -1.202080631628632545e-03 6.398513214662671089e-04
2.221995353698730469e+00 1.099176146090030670e-02 1.544238440692424774e-02 -9.537498117424547672e-04 7.357305148616433144e-04 1.907777914311736822e-04
2.215904712677001953e+00 -1.063808333128690720e-02 2.862261608242988586e-03 -1.250744389835745096e-06 1.745566696627065539e-04 2.359430305659770966e-03
2.220986604690551758e+00 1.774358563125133514e-03 1.690191589295864105e-02 9.045960905496031046e-05 1.608255435712635517e-03 8.317557512782514095e-05
2.154126167297363281e+00 3.974002599716186523e-02 7.167170289903879166e-03 1.466755056753754616e-03 -4.096498887520283461e-04 4.404514562338590622e-03
2.184744596481323242e+00 2.152223512530326843e-02 2.629730477929115295e-02 -1.164912595413625240e-03 -2.118605887517333031e-03 1.288432045839726925e-03
2.183961153030395508e+00 2.430289238691329956e-02 1.641661114990711212e-02 -1.954440725967288017e-03 8.410390000790357590e-04 1.592796179465949535e-03
2.187910079956054688e+00 3.189870342612266541e-02 3.590408479794859886e-03 -2.574090030975639820e-04 -1.096097403205931187e-03 2.563622314482927322e-03
2.233958721160888672e+00 3.261904418468475342e-02 1.472056563943624496e-02 -7.398937596008181572e-04 -5.172652890905737877e-05 5.895202630199491978e-04
2.250847816467285156e+00 2.952141873538494110e-02 3.338410332798957825e-02 2.643893938511610031e-03 -1.865736441686749458e-03 1.378394430503249168e-03
2.235618829727172852e+00 2.090576104819774628e-02 2.054792270064353943e-02 1.497818040661513805e-03 1.177018857561051846e-03 4.835712024942040443e-04
2.254240989685058594e+00 1.419143564999103546e-02 1.197656849399209023e-03 1.038924558088183403e-03 2.575269318185746670e-04 9.188253316096961498e-04
2.231092214584350586e+00 -1.950299250893294811e-03 -5.155175458639860153e-03 2.147401915863156319e-03 -7.029236294329166412e-04 2.753631444647908211e-03
2.220060348510742188e+00 5.909780971705913544e-03 4.517467226833105087e-03 2.302354434505105019e-03 -1.407640374964103103e-04 3.121513873338699341e-03
2.210504531860351562e+00 1.278051920235157013e-02 2.335848659276962280e-02 1.698032065178267658e-05 -1.157827908173203468e-03 2.371580107137560844e-03
2.213918447494506836e+00 3.340704366564750671e-02 2.246384974569082260e-03 -1.434179139323532581e-03 -2.672760281711816788e-03 3.924768883734941483e-03
2.222560882568359375e+00 3.834987059235572815e-02 7.293912582099437714e-03 -1.870955806225538254e-03 3.081810718867927790e-04 4.177976225037127733e-04
2.236845493316650391e+00 8.060714229941368103e-03 6.302776746451854706e-03 3.250074223615229130e-04 -4.530900041572749615e-04 3.028755076229572296e-03
2.241536140441894531e+00 2.243008650839328766e-02 1.259713061153888702e-02 1.660170732066035271e-03 -8.907928713597357273e-04 4.503650590777397156e-03
2.217756032943725586e+00 2.698221057653427124e-02 1.355532370507717133e-02 -1.923035597428679466e-03 5.076625384390354156e-04 3.781843930482864380e-03
2.229750394821166992e+00 1.725196465849876404e-02 1.541578583419322968e-02 1.152419572463259101e-04 -6.179540650919079781e-04 3.141125431284308434e-03
2.196678638458251953e+00 1.368595473468303680e-02 7.883807644248008728e-03 -5.659837042912840843e-04 -5.018531810492277145e-04 2.936202334240078926e-03
2.264686822891235352e+00 8.707828819751739502e-04 2.241363562643527985e-02 1.960755616892129183e-04 1.104267779737710953e-03 7.131637074053287506e-03
2.246554136276245117e+00 1.688850810751318932e-03 2.088450081646442413e-02 -1.536335097625851631e-03 1.804181025363504887e-03 5.213475320488214493e-03
2.260020017623901367e+00 -7.175290025770664215e-03 1.636269502341747284e-02 -1.913540530949831009e-03 -1.026051468215882778e-03 5.299008917063474655e-03
2.226685047149658203e+00 2.576545113697648048e-03 2.634409815073013306e-03 -2.612763200886547565e-04 -8.740287157706916332e-04 3.768039401620626450e-03
2.246004343032836914e+00 -1.070348545908927917e-02 1.082712970674037933e-02 7.883203215897083282e-05 -1.214358955621719360e-03 3.855468239635229111e-03
2.237135410308837891e+00 1.864191517233848572e-02 1.400982495397329330e-02 -4.474080342333763838e-04 1.593896740814670920e-04 4.493335727602243423e-03
2.214358806610107422e+00 7.624682039022445679e-03 1.344586350023746490e-02 6.072983960621058941e-04 -4.257209948264062405e-04 2.276088809594511986e-03
2.252520322799682617e+00 1.948983408510684967e-02 5.789895541965961456e-03 -1.657853252254426479e-03 -9.739091910887509584e-05 3.959754481911659241e-03
2.249696016311645508e+00 2.478570863604545593e-02 2.130694314837455750e-02 1.220552017912268639e-03 2.373249968513846397e-03 2.628171816468238831e-03
2.229086399078369141e+00 6.305797956883907318e-03 1.238249614834785461e-02 5.864197155460715294e-04 -5.860996316187083721e-04 4.479306808207184076e-04
2.258751869201660156e+00 4.748362116515636444e-03 3.807188477367162704e-03 -8.740508928894996643e-05 6.444001919589936733e-04 1.322412281297147274e-03
2.290167331695556641e+00 1.731487736105918884e-02 1.113607781007885933e-03 -1.332005922449752688e-04 2.457213820889592171e-03 2.631281735375523567e-03
2.253089189529418945e+00 1.210306887514889240e-03 -6.635734811425209045e-03 7.954193279147148132e-06 1.297594280913472176e-05 1.335624256171286106e-03
2.282475471496582031e+00 4.267149604856967926e-03 4.739190451800823212e-03 -9.269043221138417721e-05 -2.678728487808257341e-04 3.121663350611925125e-03
2.282412528991699219e+00 -3.073257952928543091e-02 1.955444738268852234e-02 1.385090290568768978e-04 -8.566639007767662406e-05 3.319851588457822800e-03
