3.426286280155181885e-01 1.721955277025699615e-02 -3.382793627679347992e-03 8.626914350315928459e-04 8.928847964853048325e-04 1.460544299334287643e-02
3.441082835197448730e-01 1.725695282220840454e-02 -1.186737976968288422e-02 2.484099473804235458e-03 5.830882117152214050e-03 1.276913844048976898e-02
3.493461310863494873e-01 1.348412130028009415e-02 1.335429679602384567e-02 -2.513914369046688080e-03 7.571933325380086899e-03 1.313600782305002213e-02
3.294766247272491455e-01 1.394011639058589935e-02 1.569354906678199768e-02 -1.488248468376696110e-03 1.422644127160310745e-03 1.321866456419229507e-02
3.257824778556823730e-01 1.546427328139543533e-02 2.298063226044178009e-02 -2.039348240941762924e-03 -1.593494787812232971e-03 1.281198114156723022e-02
3.248053193092346191e-01 9.740442037582397461e-03 -5.119093693792819977e-04 2.072166884317994118e-03 -1.730869524180889130e-03 1.276136469095945358e-02
3.203737437725067139e-01 1.261923555284738541e-02 1.109538041055202484e-02 -1.839186297729611397e-04 -9.168938850052654743e-04 1.244166307151317596e-02
3.148576915264129639e-01 1.999822817742824554e-02 -5.957290530204772949e-03 -1.779639278538525105e-03 -2.327684778720140457e-03 1.175032090395689011e-02
3.174048066139221191e-01 2.165168896317481995e-02 -1.370400283485651016e-02 -1.612500986084342003e-03 -1.740350155159831047e-03 1.182220783084630966e-02
3.129728436470031738e-01 1.250988431274890900e-02 -2.923763915896415710e-02 9.294938063248991966e-04 -3.796282457187771797e-03 1.167494151741266251e-02
3.146681487560272217e-01 8.221818134188652039e-03 -5.346389487385749817e-02 5.228360183537006378e-03 -4.649990703910589218e-03 1.234771031886339188e-02
3.122314810752868652e-01 1.312767993658781052e-02 -6.133371591567993164e-02 6.094896234571933746e-03 6.215148023329675198e-04 1.163077540695667267e-02
3.108703196048736572e-01 1.451336313039064407e-02 -4.241773858666419983e-02 3.286273218691349030e-03 1.165248104371130466e-03 1.167451683431863785e-02
3.062963187694549561e-01 1.076423469930887222e-02 -3.286520391702651978e-02 2.751004183664917946e-03 -2.493043430149555206e-03 1.216907799243927002e-02
3.010421991348266602e-01 1.927837915718555450e-02 -3.569711744785308838e-02 2.497083041816949844e-03 -3.532773815095424652e-03 1.189464610069990158e-02
3.068389892578125000e-01 1.558879017829895020e-02 -3.491686657071113586e-02 1.073259860277175903e-03 1.746621856000274420e-04 1.127470098435878754e-02
3.034211099147796631e-01 1.712643541395664215e-02 -1.878039538860321045e-02 -1.087030512280762196e-03 -4.084671847522258759e-03 1.112100575119256973e-02
2.971431314945220947e-01 1.176335662603378296e-02 -2.288195863366127014e-02 1.808745320886373520e-03 -8.034725673496723175e-03 1.130900811403989792e-02
3.069750070571899414e-01 4.540025722235441208e-03 -3.434203565120697021e-02 2.763916971161961555e-03 -6.971562281250953674e-03 1.214997284114360809e-02
2.991250753402709961e-01 9.389121085405349731e-03 3.258292749524116516e-02 2.691053319722414017e-03 -3.592196851968765259e-03 1.162960194051265717e-02
3.154982328414916992e-01 1.292224973440170288e-02 2.678580582141876221e-02 -1.001630094833672047e-03 6.883565220050513744e-04 1.203424111008644104e-02
3.267440497875213623e-01 1.922565698623657227e-02 1.642636768519878387e-02 -1.257480820640921593e-03 3.503303509205579758e-03 1.205918192863464355e-02
3.139098286628723145e-01 2.187097072601318359e-02 1.653549447655677795e-02 -1.857770723290741444e-03 5.034166388213634491e-03 1.121110096573829651e-02
3.171246051788330078e-01 1.330710388720035553e-02 -7.510200142860412598e-03 5.168236675672233105e-04 2.385650295764207840e-04 1.161479856818914413e-02
3.228875100612640381e-01 1.691394671797752380e-02 -4.431518260389566422e-03 -1.069255289621651173e-03 -2.746757236309349537e-04 1.151614449918270111e-02
3.319827020168304443e-01 1.305835042148828506e-02 -4.410668276250362396e-03 -1.537513104267418385e-03 5.866201128810644150e-03 1.266442984342575073e-02
3.213706612586975098e-01 1.187938451766967773e-02 -2.219159342348575592e-02 1.562583609484136105e-03 5.093258339911699295e-03 1.217021234333515167e-02
3.262321949005126953e-01 -2.616089768707752228e-03 -7.973997853696346283e-03 5.402938928455114365e-03 4.061763756908476353e-04 1.152036059647798538e-02
3.215962648391723633e-01 -5.955706816166639328e-03 -1.116050593554973602e-02 4.392744507640600204e-03 -3.113528247922658920e-03 1.230715773999691010e-02
3.229134678840637207e-01 4.727352876216173172e-03 -9.748224169015884399e-03 1.261337776668369770e-03 -1.525231404229998589e-03 1.191081292927265167e-02
3.258351683616638184e-01 2.182786539196968079e-02 -1.557285245507955551e-02 -7.585829123854637146e-03 -3.037090413272380829e-03 1.195383816957473755e-02
3.359831571578979492e-01 2.417417615652084351e-02 -2.220949903130531311e-02 -5.102097056806087494e-03 -3.765578847378492355e-03 1.311260089278221130e-02
3.413388431072235107e-01 2.579025458544492722e-03 -2.658936381340026855e-02 1.732774777337908745e-03 -1.775761251337826252e-03 1.328843459486961365e-02
3.506911396980285645e-01 -4.480049479752779007e-03 -2.367260865867137909e-02 5.047816783189773560e-03 -1.577412913320586085e-04 1.252818293869495392e-02
3.653561770915985107e-01 1.610895851626992226e-03 -8.108847774565219879e-03 7.847821689210832119e-04 2.705354476347565651e-03 1.276276819407939911e-02
3.709720969200134277e-01 1.094422116875648499e-02 -7.245150394737720490e-03 -4.485544748604297638e-03 2.175192348659038544e-03 1.442217547446489334e-02
3.786376714706420898e-01 1.102320663630962372e-02 -8.568698540329933167e-03 -1.174321398138999939e-03 -2.465894445776939392e-03 1.454479433596134186e-02
3.829405605792999268e-01 7.559628225862979889e-03 -7.266210857778787613e-03 -4.740005533676594496e-04 -4.214290063828229904e-03 1.465433742851018906e-02
3.991708457469940186e-01 1.389009226113557816e-02 -1.143838744610548019e-02 -1.334505039267241955e-03 -3.078207140788435936e-03 1.522887684404850006e-02
4.097337424755096436e-01 6.549693644046783447e-03 -1.919142715632915497e-02 1.606363221071660519e-03 -3.248443827033042908e-03 1.644561253488063812e-02
4.152879714965820312e-01 1.950953039340674877e-03 -2.224097400903701782e-02 3.231600159779191017e-03 -4.437517840415239334e-03 1.744848862290382385e-02
4.200615882873535156e-01 5.946013145148754120e-03 -3.233709372580051422e-03 4.842868074774742126e-04 -3.019126830622553825e-03 1.706470176577568054e-02
4.328334331512451172e-01 2.139029838144779205e-02 -8.944004774093627930e-03 -5.339457653462886810e-03 -3.741719294339418411e-03 1.804807037115097046e-02
4.453540146350860596e-01 2.380689233541488647e-02 -1.804421842098236084e-02 -5.112829618155956268e-03 -3.217086195945739746e-03 1.939472928643226624e-02
4.385922253131866455e-01 1.064045168459415436e-02 -1.783907413482666016e-02 -7.104318938218057156e-04 -1.928829442476853728e-04 1.914249733090400696e-02
4.487897455692291260e-01 8.056788705289363861e-03 2.431720495223999023e-04 1.104224473237991333e-03 1.259781070984899998e-03 1.935418881475925446e-02
4.481439888477325439e-01 1.148568373173475266e-02 1.855868613347411156e-03 7.762364693917334080e-04 6.277254433371126652e-04 1.914361491799354553e-02
4.488201439380645752e-01 1.655697077512741089e-02 4.719657823443412781e-03 -1.262137200683355331e-03 1.486008288338780403e-03 1.893967762589454651e-02
4.545624554157257080e-01 2.211982756853103638e-02 7.002800703048706055e-03 -9.191028075292706490e-04 1.480635139159858227e-03 1.887294836342334747e-02
4.412544965744018555e-01 1.979598402976989746e-02 2.468748483806848526e-03 -1.982530113309621811e-03 3.429176867939531803e-04 1.794550195336341858e-02
4.429239332675933838e-01 1.858115196228027344e-02 2.107824198901653290e-03 -9.517417638562619686e-04 2.167673665098845959e-04 1.711881905794143677e-02
4.402025341987609863e-01 1.711155287921428680e-02 1.420087181031703949e-03 -1.003265031613409519e-03 -9.007177432067692280e-04 1.664686016738414764e-02
4.371261000633239746e-01 1.810057461261749268e-02 2.674496266990900040e-03 -8.415327174589037895e-04 -8.978488622233271599e-04 1.607060059905052185e-02
4.390178024768829346e-01 1.761482283473014832e-02 -4.754113033413887024e-04 -1.052273437380790710e-03 -6.095834542065858841e-04 1.503256149590015411e-02
4.300477206707000732e-01 1.238153781741857529e-02 1.661903690546751022e-03 -7.723629823885858059e-04 -1.002751523628830910e-03 1.405199710279703140e-02
4.284768998622894287e-01 1.409086864441633224e-02 3.605679143220186234e-03 -4.445840895641595125e-04 -4.202001728117465973e-04 1.333183795213699341e-02
4.231840372085571289e-01 1.319136470556259155e-02 7.256527896970510483e-04 1.604106728336773813e-05 -1.073072780855000019e-03 1.193330436944961548e-02
4.213200807571411133e-01 1.234767306596040726e-02 3.655188949778676033e-03 -6.310832104645669460e-04 1.025211531668901443e-05 1.071778126060962677e-02
4.202345907688140869e-01 1.327567361295223236e-02 1.551490742713212967e-03 -2.866053837351500988e-04 -4.064863314852118492e-04 9.459874592721462250e-03
4.112744033336639404e-01 1.101515162736177444e-02 -1.080341869965195656e-03 -2.572475932538509369e-04 -2.243843628093600273e-03 7.867489941418170929e-03
4.095133841037750244e-01 9.652892127633094788e-03 -1.350119709968566895e-03 -9.006031177705153823e-05 -1.615630346350371838e-03 6.076704710721969604e-03
4.054482579231262207e-01 6.317241583019495010e-03 8.011200698092579842e-04 3.944531636079773307e-05 -1.540715806186199188e-03 4.368077963590621948e-03
4.034102559089660645e-01 3.725111717358231544e-03 -4.727793857455253601e-04 3.653363382909446955e-04 -1.681892434135079384e-03 2.837369218468666077e-03
3.997947275638580322e-01 3.460393520072102547e-03 1.900594681501388550e-03 4.673737566918134689e-04 -2.614550292491912842e-03 8.378111524507403374e-04
3.909758627414703369e-01 1.355208223685622215e-03 1.599637675099074841e-03 -3.043949254788458347e-04 -2.964206272736191750e-03 -9.436365799047052860e-04
3.939023613929748535e-01 2.013868070207536221e-04 5.389138823375105858e-04 5.620226147584617138e-05 -3.242234233766794205e-03 -2.627846552059054375e-03
3.889018595218658447e-01 -2.399952849373221397e-03 2.583008958026766777e-03 8.196679409593343735e-04 -4.194510634988546371e-03 -4.573674406856298447e-03
3.974094986915588379e-01 -4.752391949295997620e-03 4.998745862394571304e-05 1.841783523559570312e-04 -5.863716825842857361e-03 -6.592418998479843140e-03
4.077191650867462158e-01 -6.230724044144153595e-03 8.747547399252653122e-04 2.144931204384192824e-04 -2.059772610664367676e-03 -8.298347704112529755e-03
4.146775901317596436e-01 -4.453787580132484436e-03 -9.818084072321653366e-04 -4.449300467967987061e-04 4.056213365402072668e-04 -9.651997126638889313e-03
4.157326519489288330e-01 -7.076351903378963470e-04 -2.181326504796743393e-03 -9.738687076605856419e-04 9.342476841993629932e-04 -1.170565746724605560e-02
4.112248122692108154e-01 -3.939374815672636032e-03 -4.597906488925218582e-03 -5.113966763019561768e-04 -4.775205743499100208e-04 -1.381443534046411514e-02
4.116966426372528076e-01 -8.194964379072189331e-03 -2.077023964375257492e-04 1.776522840373218060e-04 -8.101529092527925968e-04 -1.531806681305170059e-02
4.069203436374664307e-01 -1.327007077634334564e-02 6.852436345070600510e-04 3.605006204452365637e-04 -1.367956399917602539e-03 -1.673827320337295532e-02
4.005543291568756104e-01 -1.034720148891210556e-02 5.369796417653560638e-03 4.415631410665810108e-04 -2.522728638723492622e-03 -1.861049048602581024e-02
4.040411412715911865e-01 -1.007670350372791290e-02 -5.596918053925037384e-04 -1.811512047424912453e-04 -2.371075330302119255e-03 -2.038355916738510132e-02
4.043712317943572998e-01 -6.912985816597938538e-03 -2.661199308931827545e-03 -1.227081636898219585e-03 -1.861692173406481743e-03 -2.137287706136703491e-02
4.004821777343750000e-01 -1.291280146688222885e-02 -7.542680948972702026e-03 -1.218493795022368431e-03 -1.954396488144993782e-03 -2.124864421784877777e-02
3.953421711921691895e-01 -2.097464725375175476e-02 -4.953945521265268326e-03 1.837932621128857136e-03 -1.971979392692446709e-03 -2.195798046886920929e-02
3.918459117412567139e-01 -1.616795547306537628e-02 3.967110067605972290e-03 1.170143252238631248e-03 -1.250250032171607018e-03 -2.303365804255008698e-02
3.980822563171386719e-01 -1.524163130670785904e-02 2.677813172340393066e-04 1.904541859403252602e-04 -1.318725990131497383e-04 -2.378793805837631226e-02
3.992413282394409180e-01 -1.709045656025409698e-02 -3.092281986027956009e-03 4.063138621859252453e-04 -1.653607469052076340e-03 -2.429693751037120819e-02
4.054456651210784912e-01 -2.145385928452014923e-02 -3.353806678205728531e-04 2.004743786528706551e-03 -3.326399310026317835e-04 -2.507302910089492798e-02
4.115978777408599854e-01 -2.567718364298343658e-02 -1.536137307994067669e-03 3.817667951807379723e-03 -6.543485214933753014e-04 -2.537928335368633270e-02
4.147073924541473389e-01 -2.040312811732292175e-02 -1.229751855134963989e-03 2.347869100049138069e-03 -6.027199560776352882e-06 -2.557798847556114197e-02
4.184901714324951172e-01 -1.561451144516468048e-02 -3.747913055121898651e-03 8.441238896921277046e-04 -1.206189881486352533e-05 -2.581456117331981659e-02
4.228555560111999512e-01 -1.527008879929780960e-02 -2.705055521801114082e-04 -1.024614204652607441e-03 -8.727121166884899139e-04 -2.561905607581138611e-02
4.274092912673950195e-01 -1.375466957688331604e-02 -8.014339953660964966e-03 -8.180291624739766121e-04 -3.984620561823248863e-04 -2.555547095835208893e-02
4.320961534976959229e-01 -2.378206327557563782e-02 -1.726960204541683197e-02 2.654197625815868378e-03 4.305516486056149006e-04 -2.496590279042720795e-02
4.342297613620758057e-01 -2.445599064230918884e-02 -1.335627399384975433e-03 3.174731740728020668e-03 -5.781999207101762295e-04 -2.474050410091876984e-02
4.415374398231506348e-01 -1.789204217493534088e-02 -4.351037554442882538e-03 1.094452454708516598e-03 -6.482171593233942986e-04 -2.512516453862190247e-02
4.458343982696533203e-01 -1.278228405863046646e-02 -1.335995830595493317e-02 6.892284000059589744e-05 -4.916048492304980755e-04 -2.470090612769126892e-02
4.556045830249786377e-01 -1.682386733591556549e-02 -1.279224548488855362e-02 2.083041472360491753e-04 5.699967005057260394e-05 -2.405549399554729462e-02
4.590331912040710449e-01 -1.512734405696392059e-02 -3.528755158185958862e-03 7.594966446049511433e-04 1.254466944374144077e-03 -2.425549738109111786e-02
4.669485390186309814e-01 -9.704310446977615356e-03 -2.695182105526328087e-03 -9.007178014144301414e-04 8.957043173722922802e-04 -2.460753731429576874e-02
4.691314995288848877e-01 -8.839065209031105042e-03 -3.180838655680418015e-03 -1.825772342272102833e-03 -2.324392844457179308e-04 -2.472163550555706024e-02
4.761024415493011475e-01 -1.289225183427333832e-02 -5.061973351985216141e-03 -1.662193913944065571e-03 -7.585756247863173485e-04 -2.532675862312316895e-02
4.792486429214477539e-01 -1.549149677157402039e-02 -9.863550774753093719e-03 -7.150418241508305073e-05 -6.094285636208951473e-04 -2.553990855813026428e-02
4.887440502643585205e-01 -1.530246157199144363e-02 -5.319397896528244019e-03 3.632789885159581900e-04 -2.487238962203264236e-04 -2.566786855459213257e-02
4.963693916797637939e-01 -1.640974171459674835e-02 -6.965748500078916550e-03 -6.879172287881374359e-04 1.122858840972185135e-03 -2.598199434578418732e-02
5.035637617111206055e-01 -1.286593452095985413e-02 -3.774850396439433098e-03 -7.401864859275519848e-04 2.163956640288233757e-03 -2.508035115897655487e-02
5.146624445915222168e-01 -1.318227872252464294e-02 2.107332693412899971e-05 -1.660343841649591923e-03 1.997937913984060287e-03 -2.426323853433132172e-02
5.215168595314025879e-01 -1.447320822626352310e-02 -8.300370536744594574e-04 -7.050391286611557007e-04 1.506915548816323280e-03 -2.391419932246208191e-02
5.239294767379760742e-01 -1.559814438223838806e-02 3.599583869799971581e-04 -6.430794019252061844e-04 3.089046804234385490e-04 -2.377674542367458344e-02
5.304483175277709961e-01 -1.605655252933502197e-02 -1.114291953854262829e-03 -1.032250875141471624e-04 -8.299294277094304562e-04 -2.477009408175945282e-02
5.423485636711120605e-01 -1.500855106860399246e-02 -2.150247339159250259e-03 2.139627467840909958e-04 1.644810545258224010e-04 -2.478270977735519409e-02
5.450062155723571777e-01 -1.404879614710807800e-02 5.805693799629807472e-04 -6.955234566703438759e-04 1.473738520871847868e-04 -2.370753325521945953e-02
5.501189231872558594e-01 -1.225036662071943283e-02 -1.820759032852947712e-03 -3.890030202455818653e-04 5.128780321683734655e-05 -2.258697524666786194e-02
5.578457117080688477e-01 -1.325187087059020996e-02 -2.780145732685923576e-03 3.478251746855676174e-04 4.131936875637620687e-04 -2.225116267800331116e-02
5.733917355537414551e-01 -1.384616550058126450e-02 -6.087864749133586884e-04 1.514194591436535120e-04 1.678208238445222378e-03 -2.230483293533325195e-02
5.793778300285339355e-01 -1.457920297980308533e-02 4.218238464090973139e-04 2.952708164229989052e-04 1.842675497755408287e-03 -2.197491936385631561e-02
5.917651653289794922e-01 -1.652670279145240784e-02 3.270172514021396637e-03 4.118409124203026295e-04 1.778555451892316341e-03 -2.105353400111198425e-02
5.789074301719665527e-01 -1.626900024712085724e-02 4.268111195415258408e-03 1.159756095148622990e-03 1.478759222663938999e-03 -2.030980028212070465e-02
5.818549394607543945e-01 -1.450146175920963287e-02 4.680693149566650391e-03 6.295096827670931816e-04 9.069718653336167336e-04 -1.919962279498577118e-02
5.857359170913696289e-01 -1.623336412012577057e-02 4.687323700636625290e-03 1.202675863169133663e-03 -1.515595358796417713e-04 -1.822781935334205627e-02
5.701620578765869141e-01 -1.475601643323898315e-02 5.238408688455820084e-03 -1.898576738312840462e-05 1.089239958673715591e-05 -1.815064996480941772e-02
5.754830241203308105e-01 -1.354327145963907242e-02 9.860023856163024902e-03 -1.248050946742296219e-03 -1.660629495745524764e-04 -1.846555061638355255e-02
5.755547285079956055e-01 -1.366371568292379379e-02 1.273446623235940933e-02 -8.437436190433800220e-04 -1.005260855890810490e-04 -1.841442100703716278e-02
5.785544514656066895e-01 -1.309282612055540085e-02 1.248838286846876144e-02 3.773654316319152713e-05 4.280721768736839294e-04 -1.821582205593585968e-02
5.787945389747619629e-01 -1.089732442051172256e-02 1.582998409867286682e-02 -8.993453811854124069e-04 9.367019520141184330e-04 -1.861632801592350006e-02
5.842059850692749023e-01 -7.900678552687168121e-03 1.811271347105503082e-02 -2.547268755733966827e-03 1.313417684286832809e-03 -1.825387775897979736e-02
5.890408754348754883e-01 -8.822354488074779510e-03 1.494691707193851471e-02 -1.833292888477444649e-03 1.200298545882105827e-03 -1.835738867521286011e-02
5.903518795967102051e-01 -1.394439116120338440e-02 7.546177599579095840e-03 9.949689265340566635e-04 7.685568998567759991e-04 -1.846556738018989563e-02
5.883294939994812012e-01 -1.664085686206817627e-02 8.579576388001441956e-03 3.692838829010725021e-03 4.237579123582690954e-04 -1.839590258896350861e-02
5.926972031593322754e-01 -1.768811233341693878e-02 5.218068137764930725e-03 4.761120770126581192e-03 1.098964130505919456e-03 -1.792925223708152771e-02
5.941801667213439941e-01 -1.763930544257164001e-02 2.291534561663866043e-03 4.300067666918039322e-03 -3.526820801198482513e-04 -1.691840402781963348e-02
5.997889637947082520e-01 -1.817400194704532623e-02 -5.066993180662393570e-03 3.150459611788392067e-03 -1.426096656359732151e-03 -1.548636797815561295e-02
6.049118041992187500e-01 -1.380846928805112839e-02 -1.505729462951421738e-02 2.154593588784337044e-03 -1.868305378593504429e-03 -1.152528636157512665e-02
6.048489809036254883e-01 -1.184243988245725632e-02 -1.670477539300918579e-02 2.477142028510570526e-03 -1.548355678096413612e-03 -8.296697400510311127e-03
6.045500040054321289e-01 -8.451124653220176697e-03 -1.015701983124017715e-02 3.098114859312772751e-03 -2.081737387925386429e-03 -5.714772734791040421e-03
6.102129817008972168e-01 -6.481544114649295807e-03 -5.299297161400318146e-03 3.644413780421018600e-03 -2.830197568982839584e-03 -2.853118116036057472e-03
6.108874082565307617e-01 -3.723801579326391220e-03 -9.523576125502586365e-03 1.058061257936060429e-03 -3.236304502934217453e-03 -2.116908726748079062e-04
6.158154606819152832e-01 -8.901827386580407619e-04 -5.689230747520923615e-03 4.025113885290920734e-04 -4.841180052608251572e-04 2.400971250608563423e-03
6.283860802650451660e-01 6.724369246512651443e-03 -7.615087088197469711e-05 -8.957957033999264240e-04 8.485219441354274750e-04 5.485472269356250763e-03
6.313163042068481445e-01 9.569236077368259430e-03 3.588090185075998306e-03 -2.078593708574771881e-03 1.666461001150310040e-03 8.422224782407283783e-03
6.429902315139770508e-01 8.177094161510467529e-03 2.019760198891162872e-03 1.039921073243021965e-03 1.956222346052527428e-03 1.031664572656154633e-02
6.450542211532592773e-01 6.841578520834445953e-03 1.047586556524038315e-03 1.054798485711216927e-03 2.544740680605173111e-03 1.257108431309461594e-02
6.410868763923645020e-01 1.885089278221130371e-02 9.848779067397117615e-03 -2.668878296390175819e-03 2.296488033607602119e-03 1.422434952110052109e-02
6.454065442085266113e-01 2.210091426968574524e-02 6.498144939541816711e-03 -2.141995355486869812e-03 -7.065052632242441177e-04 1.457519084215164185e-02
6.497110724449157715e-01 2.046375535428524017e-02 4.706896841526031494e-03 -1.659800298511981964e-03 -2.370560774579644203e-03 1.510193105787038803e-02
6.492890715599060059e-01 1.532696280628442764e-02 -2.008649706840515137e-02 -9.735719067975878716e-04 -2.773960353806614876e-03 1.546889171004295349e-02
6.538233160972595215e-01 2.064292877912521362e-02 -2.175825648009777069e-03 -1.648184959776699543e-03 -3.228047164157032967e-03 1.454015914350748062e-02
6.610202789306640625e-01 2.213296853005886078e-02 -5.471175536513328552e-03 -1.457343576475977898e-03 -1.396317384205758572e-03 1.433970499783754349e-02
6.578233838081359863e-01 2.113696932792663574e-02 -1.764476299285888672e-03 -8.924317080527544022e-04 -4.684539744630455971e-04 1.473904214799404144e-02
6.663764119148254395e-01 1.835744827985763550e-02 -3.578015137463808060e-03 -9.667029371485114098e-04 -5.572331720031797886e-04 1.345524471253156662e-02
6.715552806854248047e-01 1.657395064830780029e-02 -6.794402841478586197e-03 -1.820516306906938553e-03 -1.331828651018440723e-03 1.294832956045866013e-02
6.811861991882324219e-01 1.727345027029514313e-02 8.456488139927387238e-03 -2.592451637610793114e-03 3.718388616107404232e-04 1.285841595381498337e-02
6.814779639244079590e-01 1.663375087082386017e-02 4.198633600026369095e-03 -2.652472583577036858e-03 1.101394882425665855e-04 1.179140061140060425e-02
6.844037175178527832e-01 1.629961095750331879e-02 7.434262894093990326e-03 -1.240166951902210712e-03 -5.200974410399794579e-04 1.130990125238895416e-02
6.816343665122985840e-01 1.672373339533805847e-02 6.636715959757566452e-03 2.220700407633557916e-04 -3.320084884762763977e-03 1.074066292494535446e-02
