9.031606912612915039e-01 3.533925628289580345e-03 1.002891082316637039e-02 -7.522382074967026711e-04 -2.906020963564515114e-03 -1.366230892017483711e-03
9.138367772102355957e-01 4.780050367116928101e-03 2.502951305359601974e-03 -3.224300686269998550e-03 -3.831738722510635853e-04 -8.491466869600117207e-04
9.168098568916320801e-01 4.605909809470176697e-03 4.201881587505340576e-03 -8.491495391353964806e-04 3.683842252939939499e-03 -1.041063340380787849e-03
9.178707599639892578e-01 5.388212390244007111e-03 1.283010467886924744e-02 -8.247554651461541653e-04 3.694722661748528481e-03 1.138664229074493051e-04
9.173756837844848633e-01 4.274804145097732544e-03 1.435812469571828842e-02 -1.670515775913372636e-04 -3.885819169227033854e-04 1.258395612239837646e-03
9.156408309936523438e-01 2.925902837887406349e-03 6.897280924022197723e-03 2.201374387368559837e-03 -1.343394047580659389e-03 1.626214012503623962e-03
9.200236797332763672e-01 1.688865711912512779e-03 3.341716481372714043e-03 3.486433764919638634e-03 -1.998052000999450684e-03 1.833752146922051907e-03
9.219915866851806641e-01 -1.697774277999997139e-03 1.277401205152273178e-02 5.740699823945760727e-03 -1.791493152268230915e-03 2.061331411823630333e-03
9.247165322303771973e-01 -2.135352231562137604e-03 9.825848974287509918e-03 3.349222475662827492e-03 1.013126689940690994e-03 2.580470871180295944e-03
9.325013756752014160e-01 8.556324057281017303e-03 6.782152224332094193e-03 -1.978184562176465988e-03 2.251095604151487350e-03 2.543852198868989944e-03
9.380390644073486328e-01 -1.737448386847972870e-03 4.218144807964563370e-03 6.253384519368410110e-03 7.883072830736637115e-04 9.892286034300923347e-04
9.407817721366882324e-01 -1.175919920206069946e-02 9.712868370115756989e-03 7.178923580795526505e-03 -1.066567143425345421e-03 1.098624430596828461e-03
9.356592297554016113e-01 -2.759031485766172409e-03 1.181924808770418167e-02 1.333622960373759270e-03 7.030052947811782360e-04 2.404160186415538192e-04
9.457157850265502930e-01 7.197363884188234806e-04 8.600559085607528687e-03 2.895230893045663834e-03 2.842462563421577215e-04 -1.012787688523530960e-04
9.415633082389831543e-01 1.605081837624311447e-03 1.348792575299739838e-02 4.043175431434065104e-04 -1.298211864195764065e-03 4.187906451988965273e-04
9.496977329254150391e-01 -6.013978272676467896e-04 6.510978564620018005e-03 2.672192873433232307e-03 -3.626913297921419144e-03 -6.271720048971474171e-04
9.584313631057739258e-01 -1.512983348220586777e-03 5.562512204051017761e-03 1.504143932834267616e-03 1.539224322186782956e-04 -7.238499820232391357e-04
9.696680903434753418e-01 8.254151791334152222e-03 6.353372242301702499e-03 -4.192130174487829208e-03 2.943801460787653923e-03 -7.336533162742853165e-04
9.642178416252136230e-01 9.414771571755409241e-03 1.558591611683368683e-02 -3.876533592119812965e-03 6.963971536606550217e-04 -8.356834296137094498e-04
9.608163833618164062e-01 6.964325439184904099e-03 1.193242054432630539e-02 -2.145010046660900116e-03 -5.626330152153968811e-03 -3.077613364439457655e-04
9.669393897056579590e-01 4.097631666809320450e-03 7.678253576159477234e-03 2.798964851535856724e-04 -6.675056181848049164e-03 -4.090617876499891281e-04
9.706438779830932617e-01 7.350556086748838425e-03 5.534558556973934174e-03 -2.672300906851887703e-03 -5.436637438833713531e-04 -2.969393972307443619e-04
9.900490641593933105e-01 1.410711091011762619e-02 2.567483810707926750e-03 -6.383062340319156647e-03 7.612646557390689850e-03 9.041063458425924182e-05
9.882955551147460938e-01 1.303305570036172867e-02 8.032715879380702972e-03 -4.760052077472209930e-03 1.073234528303146362e-02 1.575343339936807752e-04
9.897474050521850586e-01 7.110894192010164261e-03 1.896688714623451233e-02 -1.556865638121962547e-03 6.008155178278684616e-03 2.255543950013816357e-04
9.750912189483642578e-01 5.747688002884387970e-03 2.406269684433937073e-02 -1.284216763451695442e-03 -3.426308976486325264e-03 -5.313458677846938372e-05
9.720110893249511719e-01 -1.153839752078056335e-03 1.482223905622959137e-02 2.763865515589714050e-03 -9.413037449121475220e-03 7.563865801785141230e-05
9.672304987907409668e-01 1.304941601119935513e-03 4.581918474286794662e-03 2.622114028781652451e-03 -7.521140389144420624e-03 4.777368158102035522e-04
9.765290021896362305e-01 1.732287695631384850e-03 3.995835781097412109e-03 1.901552430354058743e-03 -1.334912085440009832e-04 3.628085542004555464e-04
9.883043766021728516e-01 -5.563014652580022812e-03 5.051168613135814667e-03 3.491196548566222191e-03 6.433677393943071365e-03 7.320482400245964527e-04
9.858185052871704102e-01 2.015082631260156631e-03 1.761897653341293335e-02 9.939791634678840637e-04 7.222800049930810928e-03 4.021100467070937157e-04
9.783660769462585449e-01 1.413045916706323624e-03 1.591113023459911346e-02 1.873772242106497288e-03 1.559958094730973244e-03 -3.782318890444003046e-05
9.695638418197631836e-01 5.757431499660015106e-03 2.221787720918655396e-02 -2.797262277454137802e-05 -3.341121599078178406e-03 3.876104019582271576e-04
9.591284394264221191e-01 6.783086340874433517e-03 8.338198997080326080e-03 -2.188931219279766083e-03 -4.404346924275159836e-03 -1.007066166494041681e-04
9.732235670089721680e-01 9.420246817171573639e-03 8.699394762516021729e-03 -4.275904502719640732e-03 4.030246345791965723e-04 5.040374817326664925e-04
9.656530022621154785e-01 4.636611789464950562e-03 4.529967438429594040e-03 -8.736951276659965515e-04 6.455808412283658981e-03 -4.627099551726132631e-04
9.690315127372741699e-01 4.903666209429502487e-03 2.216510847210884094e-02 5.081999115645885468e-04 3.919433336704969406e-03 7.611401815665885806e-05
9.498929381370544434e-01 7.564823608845472336e-03 1.108557358384132385e-02 -9.174693259410560131e-04 -2.878601429983973503e-03 -1.591846666997298598e-04
9.512932896614074707e-01 6.855154410004615784e-03 1.719318702816963196e-02 -1.838114112615585327e-03 -6.397459190338850021e-03 3.119846805930137634e-04
9.473577141761779785e-01 6.660655606538057327e-03 8.680126629769802094e-03 -2.784977201372385025e-03 -3.936156164854764938e-03 1.622046693228185177e-04
9.531703591346740723e-01 7.008306682109832764e-03 8.226823061704635620e-03 -2.755837980657815933e-03 1.367814955301582813e-03 1.929201680468395352e-04
9.434056282043457031e-01 6.001219153404235840e-03 1.103289518505334854e-02 -2.759115537628531456e-03 4.424229264259338379e-03 5.205561174079775810e-04
9.369478821754455566e-01 6.347264163196086884e-03 1.154073886573314667e-02 -5.504955333890393376e-05 3.953423351049423218e-03 1.043918164214119315e-04
9.297238588333129883e-01 4.467739257961511612e-03 1.450917404145002365e-02 7.142645190469920635e-04 1.316482201218605042e-03 5.882813711650669575e-04
9.389968514442443848e-01 5.320096854120492935e-03 1.776733249425888062e-02 2.043017957475967705e-05 -1.318759284913539886e-03 7.900855853222310543e-04
9.318295121192932129e-01 2.523858798667788506e-03 9.003994986414909363e-03 1.805771607905626297e-03 -1.724359695799648762e-03 5.795115721412003040e-04
9.266719818115234375e-01 3.429157892242074013e-03 1.544465217739343643e-02 5.309315165504813194e-04 -9.846257744356989861e-04 1.033343374729156494e-03
9.338716268539428711e-01 5.530179012566804886e-03 1.060832478106021881e-02 -2.964422572404146194e-03 1.878040711744688451e-05 1.285306498175486922e-04
9.423803687095642090e-01 3.017964074388146400e-03 1.294407248497009277e-02 -5.420628003776073456e-04 1.025986974127590656e-03 -6.114590214565396309e-04
9.519957304000854492e-01 -4.708490334451198578e-03 3.207000438123941422e-03 3.497504862025380135e-03 5.582369863986968994e-03 -1.118565560318529606e-03
9.107653498649597168e-01 -4.319597966969013214e-03 1.630709320306777954e-02 1.848199404776096344e-03 3.485826775431632996e-03 -1.446123002097010612e-03
9.084731340408325195e-01 2.930409973487257957e-03 2.439956367015838623e-02 1.508424291387200356e-03 -3.490310627967119217e-03 -1.090400503017008305e-03
8.959732651710510254e-01 5.083295982331037521e-03 1.475542131811380386e-02 -2.384802326560020447e-03 -1.137119159102439880e-02 -5.101480637677013874e-04
8.949017524719238281e-01 3.920974675565958023e-03 2.985999453812837601e-04 -4.746112681459635496e-04 -8.337879553437232971e-03 -5.578551790677011013e-04
9.020952582359313965e-01 9.155476465821266174e-03 -1.347295474261045456e-04 -1.689755823463201523e-03 2.786582335829734802e-03 -6.599524058401584625e-04
9.119584560394287109e-01 1.406554970890283585e-02 8.218468166887760162e-03 -3.171459306031465530e-03 8.491490036249160767e-03 -2.739531046245247126e-04
9.106612205505371094e-01 1.264875568449497223e-02 2.457818202674388885e-02 -2.421080600470304489e-03 5.481462460011243820e-03 8.912458433769643307e-04
8.973334431648254395e-01 9.853995405137538910e-03 1.698406599462032318e-02 -2.189168473705649376e-03 -6.141664925962686539e-04 1.445363624952733517e-03
9.098287224769592285e-01 1.131258998066186905e-02 7.018271833658218384e-03 -1.785073545761406422e-04 -9.581968188285827637e-04 2.049225848168134689e-03
9.026488065719604492e-01 9.494591504335403442e-03 8.522955700755119324e-03 3.221830702386796474e-04 1.876669819466769695e-03 2.788616809993982315e-03
8.979089260101318359e-01 1.048635691404342651e-02 1.525696925818920135e-02 3.093869599979370832e-04 2.911157906055450439e-03 3.781711217015981674e-03
8.807783126831054688e-01 1.287546195089817047e-02 1.427981909364461899e-02 -1.180947874672710896e-03 -1.177584854303859174e-04 4.353818017989397049e-03
8.704696893692016602e-01 5.441211163997650146e-03 1.505961362272500992e-02 1.348998164758086205e-03 -4.421369172632694244e-03 4.687741398811340332e-03
8.733718395233154297e-01 5.839162040501832962e-03 4.758063703775405884e-03 9.730252786539494991e-04 -1.214542193338274956e-03 5.762186367064714432e-03
8.681750297546386719e-01 5.766725633293390274e-03 1.424010191112756729e-02 1.234764116816222668e-03 2.899000828620046377e-04 4.972251597791910172e-03
8.699255585670471191e-01 6.006608717143535614e-03 1.082486100494861603e-02 2.924947300925850868e-03 1.403404865413904190e-03 5.680044647306203842e-03
8.720292448997497559e-01 1.181456912308931351e-02 9.112841449677944183e-03 -4.412399139255285263e-04 9.902938036248087883e-04 5.705973599106073380e-03
8.775515556335449219e-01 7.479180581867694855e-03 3.690612735226750374e-03 5.255035939626395702e-04 3.855286398902535439e-03 5.019996315240859985e-03
8.717098832130432129e-01 7.616687566041946411e-03 8.534871973097324371e-03 3.475769190117716789e-04 6.877692881971597672e-03 5.482434295117855072e-03
8.656705617904663086e-01 7.295404095202684402e-03 2.476287633180618286e-02 2.146288170479238033e-04 4.866482689976692200e-03 5.374593660235404968e-03
8.621641397476196289e-01 1.491095125675201416e-02 2.174333482980728149e-02 -3.937527071684598923e-03 -1.685651601292192936e-03 6.300003733485937119e-03
8.537708520889282227e-01 1.144776865839958191e-02 1.096535287797451019e-02 -2.210317878052592278e-03 -7.169854361563920975e-03 6.254929583519697189e-03
8.572034239768981934e-01 1.119802892208099365e-02 5.349200684577226639e-03 -1.263159327208995819e-03 -6.538594141602516174e-03 7.297573611140251160e-03
8.556612730026245117e-01 5.935396999120712280e-03 4.132034722715616226e-03 1.164038665592670441e-03 -1.805927371606230736e-03 7.951962761580944061e-03
8.528630137443542480e-01 6.550543941557407379e-03 8.185263723134994507e-03 7.989412406459450722e-04 3.562199883162975311e-03 8.509910665452480316e-03
8.521045446395874023e-01 9.516225196421146393e-03 1.006427500396966934e-02 3.993772435933351517e-03 4.146250430494546890e-03 9.476690553128719330e-03
8.505432605743408203e-01 7.600903045386075974e-03 1.236814353615045547e-02 3.757781349122524261e-03 2.204707590863108635e-03 1.187536586076021194e-02
8.539950847625732422e-01 9.666949510574340820e-03 1.293123792856931686e-02 1.446311944164335728e-03 1.211118884384632111e-03 1.296800468116998672e-02
8.444774746894836426e-01 1.145841088145971298e-02 1.312547922134399414e-02 -8.680619794176891446e-05 4.027739923913031816e-04 1.262272614985704422e-02
8.440989255905151367e-01 1.731000654399394989e-02 1.448583975434303284e-02 -4.062880761921405792e-03 -4.170260508544743061e-04 1.202627085149288177e-02
8.622005581855773926e-01 1.321150641888380051e-02 1.185792591422796249e-02 -3.783865133300423622e-03 -2.629937836900353432e-03 1.059191115200519562e-02
8.491279482841491699e-01 1.376399770379066467e-02 9.709486737847328186e-03 -3.084684954956173897e-03 -2.500973176211118698e-03 7.935201749205589294e-03
8.444875478744506836e-01 1.330230105668306351e-02 3.523835679516196251e-03 -2.810479607433080673e-03 -8.321407949551939964e-04 5.679083522409200668e-03
8.493775725364685059e-01 5.203766282647848129e-03 7.914286106824874878e-03 1.366192707791924477e-03 1.666087075136601925e-03 4.453109111636877060e-03
8.595182895660400391e-01 6.328172050416469574e-03 1.173095032572746277e-02 2.730824286118149757e-03 3.694181505125015974e-04 4.938627127557992935e-03
8.630139827728271484e-01 9.848097106441855431e-04 7.437491789460182190e-03 3.883345983922481537e-03 -3.201953950338065624e-04 4.108828026801347733e-03
8.723609447479248047e-01 5.753800505772233009e-04 9.827164001762866974e-03 2.748033264651894569e-03 6.120125181041657925e-04 3.108792472630739212e-03
8.745932579040527344e-01 4.546327050775289536e-03 7.108962163329124451e-03 -1.595342415384948254e-03 2.228403929620981216e-03 2.522841328755021095e-03
8.802316784858703613e-01 4.323321394622325897e-03 8.348713628947734833e-03 3.055988636333495378e-04 2.571673598140478134e-03 1.759661012329161167e-03
8.772636055946350098e-01 -2.295450773090124130e-03 8.731884881854057312e-03 4.751210566610097885e-03 6.424422608688473701e-04 1.860871561802923679e-03
8.844588994979858398e-01 7.138904766179621220e-04 1.047260593622922897e-02 2.245420822873711586e-03 2.179814619012176991e-04 1.434827921912074089e-03
8.913209438323974609e-01 6.438131444156169891e-03 8.940110914409160614e-03 -1.550326240248978138e-03 -1.703495072433724999e-04 1.313443295657634735e-03
8.967792391777038574e-01 1.125654787756502628e-03 2.391083166003227234e-03 3.317335387691855431e-03 3.052219835808500648e-05 1.351895742118358612e-03
9.069526195526123047e-01 -9.322315454483032227e-04 1.130052842199802399e-02 1.620160066522657871e-03 1.780042075552046299e-04 1.361223519779741764e-03
9.078638553619384766e-01 4.100484307855367661e-03 1.391945406794548035e-02 -2.389489673078060150e-03 -1.169253024272620678e-03 8.823776151984930038e-04
9.233258962631225586e-01 7.286562118679285049e-03 2.350695896893739700e-03 -1.473582233302295208e-03 -1.779419719241559505e-03 5.209926166571676731e-04
9.265201687812805176e-01 4.914828110486268997e-03 7.051696069538593292e-03 1.891987340059131384e-04 4.224633448757231236e-04 1.282303128391504288e-03
9.316390752792358398e-01 1.090406440198421478e-02 9.289632551372051239e-03 -4.487329162657260895e-03 3.414365462958812714e-03 6.986043299548327923e-04
9.353734850883483887e-01 1.083949021995067596e-02 9.969789534807205200e-03 -3.890881314873695374e-03 1.469782320782542229e-03 -8.935410733101889491e-05
9.353257417678833008e-01 6.235893350094556808e-03 6.051999051123857498e-03 -1.651517581194639206e-03 4.825657815672457218e-04 -6.655367324128746986e-04
9.457813501358032227e-01 3.822572994977235794e-03 1.110539399087429047e-02 2.827340213116258383e-04 5.422286340035498142e-04 -6.340696709230542183e-04
9.496622085571289062e-01 1.007071230560541153e-02 1.088049169629812241e-02 -3.287470433861017227e-03 1.063278410583734512e-03 -4.925554967485368252e-04
9.520425796508789062e-01 8.272295817732810974e-03 8.778715506196022034e-03 -1.637637149542570114e-03 4.489506536629050970e-04 -2.880657557398080826e-04
9.529986381530761719e-01 3.169485600665211678e-03 1.015213411301374435e-02 3.093910345342010260e-04 4.415510629769414663e-04 -3.861292207147926092e-04
9.510247111320495605e-01 2.898622071370482445e-03 9.564316831529140472e-03 3.840232966467738152e-04 4.957808996550738811e-04 -1.402650726959109306e-03
9.612076282501220703e-01 3.635076573118567467e-03 1.426128577440977097e-02 7.338088471442461014e-05 -3.067936340812593699e-04 -2.005315152928233147e-03
9.596265554428100586e-01 4.511557053774595261e-04 9.679747745394706726e-03 2.066512824967503548e-03 3.216904588043689728e-05 -1.745675224810838699e-03
9.577113986015319824e-01 6.345609202980995178e-03 1.087471190840005875e-02 -8.494304493069648743e-04 9.394409717060625553e-04 -1.161589985713362694e-03
9.558188319206237793e-01 3.898069960996508598e-03 1.173433102667331696e-02 1.716086408123373985e-03 4.293939855415374041e-04 -8.712457492947578430e-04
9.532306194305419922e-01 4.436418414115905762e-03 1.280186139047145844e-02 7.686212484259158373e-05 -8.125617168843746185e-04 1.452316064387559891e-04
9.594364166259765625e-01 8.898274041712284088e-03 1.221882365643978119e-02 -2.696590963751077652e-03 -1.784962485544383526e-03 6.548362434841692448e-04
9.637489318847656250e-01 9.265796281397342682e-03 9.137329645454883575e-03 -2.723242621868848801e-03 1.940548827406018972e-04 1.012196298688650131e-03
9.698630571365356445e-01 1.101654767990112305e-02 9.747665375471115112e-03 -2.678001299500465393e-03 1.402984955348074436e-03 8.742745267227292061e-04
9.721405506134033203e-01 8.862567134201526642e-03 9.960187599062919617e-03 -3.839753917418420315e-04 3.116942243650555611e-03 1.017861766740679741e-03
9.659402370452880859e-01 8.444580249488353729e-03 1.248880662024021149e-02 4.146723076701164246e-04 1.413813442923128605e-03 1.277194125577807426e-03
9.655004739761352539e-01 2.019119681790471077e-03 1.111508067697286606e-02 2.696229610592126846e-03 7.422725320793688297e-04 1.137000625021755695e-03
9.643398523330688477e-01 6.203361786901950836e-03 1.686864160001277924e-02 -2.733544970396906137e-04 -1.426632632501423359e-03 4.930104478262364864e-04
9.564654231071472168e-01 8.801219053566455841e-03 1.164995506405830383e-02 -2.414073329418897629e-03 -1.698056003078818321e-03 4.214420914649963379e-04
9.500427246093750000e-01 1.193694584071636200e-02 1.057757996022701263e-02 -2.601143438369035721e-03 -1.469954731874167919e-03 6.420046556740999222e-04
9.537707567214965820e-01 7.661503739655017853e-03 8.314025588333606720e-03 -1.933142426423728466e-03 4.120406229048967361e-04 -6.460122531279921532e-04
9.511185884475708008e-01 8.046339266002178192e-03 1.420826651155948639e-02 -2.120471792295575142e-03 1.935453619807958603e-03 -1.325722667388617992e-03
9.445806145668029785e-01 2.905599540099501610e-03 9.471862576901912689e-03 9.883916936814785004e-04 -2.505028387531638145e-04 -1.596970716491341591e-03
9.460337758064270020e-01 -1.164624001830816269e-03 6.682478357106447220e-03 5.098508670926094055e-03 -1.805202686227858067e-03 -1.165222958661615849e-03
9.443480968475341797e-01 -7.103994954377412796e-03 1.076207403093576431e-02 5.875674076378345490e-03 -1.780722814146429300e-04 -1.086889300495386124e-03
9.504291415214538574e-01 -3.159547690302133560e-03 1.305845472961664200e-02 3.487859154120087624e-03 1.905598328448832035e-03 -1.271788496524095535e-03
9.450689554214477539e-01 -2.499285852536559105e-03 1.229058485478162766e-02 4.684529732912778854e-03 2.889365423470735550e-04 -1.020448748022317886e-03
9.365817904472351074e-01 -1.807740889489650726e-03 1.189750526100397110e-02 2.847819821909070015e-03 -2.911830786615610123e-03 -3.770053735934197903e-04
9.502437114715576172e-01 2.352230018004775047e-03 1.427213754504919052e-02 1.827694824896752834e-03 -4.205636680126190186e-03 -9.492161916568875313e-05
9.474785923957824707e-01 8.014610037207603455e-03 1.142983231693506241e-02 -2.381072612479329109e-03 -1.190887764096260071e-03 2.632088144309818745e-04
9.493482708930969238e-01 1.321498770266771317e-02 8.114165626466274261e-03 -4.797372501343488693e-03 2.664060331881046295e-03 8.156247204169631004e-04
9.448453187942504883e-01 1.074020098894834518e-02 4.241872113198041916e-03 -2.796249696984887123e-03 7.398124318569898605e-03 1.679226174019277096e-03
9.517649412155151367e-01 1.004955917596817017e-02 1.504664961248636246e-02 -1.053544925525784492e-03 8.103732019662857056e-03 2.261325949802994728e-03
9.596079587936401367e-01 1.735656335949897766e-02 1.697175763547420502e-02 -3.050321713089942932e-03 4.677462391555309296e-03 2.790555357933044434e-03
9.428144097328186035e-01 1.487054675817489624e-02 1.638514362275600433e-02 -1.011003041639924049e-03 -1.551679102703928947e-03 2.857499988749623299e-03
9.481944441795349121e-01 1.699763908982276917e-02 1.271115336567163467e-02 -3.109265584498643875e-03 -4.000043962150812149e-03 5.075679626315832138e-03
9.475551843643188477e-01 1.299219205975532532e-02 7.769006304442882538e-03 -8.948450558818876743e-04 -3.828316228464245796e-03 5.475897341966629028e-03
9.522661566734313965e-01 1.521891914308071136e-02 8.131058886647224426e-03 -1.298887189477682114e-03 -9.459002467337995768e-05 5.407776683568954468e-03
9.572319388389587402e-01 1.218092627823352814e-02 9.210576303303241730e-03 -5.662296898663043976e-04 1.801823382265865803e-03 5.199005827307701111e-03
9.557253718376159668e-01 1.503989379853010178e-02 1.486959494650363922e-02 -2.998881973326206207e-03 5.931530031375586987e-04 4.470574203878641129e-03
9.526333808898925781e-01 1.089016720652580261e-02 6.787800695747137070e-03 -9.530743700452148914e-04 -2.629543887451291084e-03 3.244408639147877693e-03
9.541036486625671387e-01 6.541693583130836487e-03 9.357835166156291962e-03 7.842584745958447456e-04 -2.102650701999664307e-03 2.157466951757669449e-03
9.650047421455383301e-01 1.061788760125637054e-02 8.971283212304115295e-03 -1.084736548364162445e-03 -6.127135129645466805e-04 1.926323166117072105e-03
9.706073403358459473e-01 8.152957074344158173e-03 1.037744153290987015e-02 1.617574598640203476e-04 3.871368535328656435e-04 1.659764209762215614e-03
9.750529527664184570e-01 7.043122779577970505e-03 9.352178312838077545e-03 7.868377142585813999e-04 1.167353242635726929e-03 2.353547140955924988e-03
9.697379469871520996e-01 5.257663782685995102e-03 1.105028297752141953e-02 -1.632891871850006282e-05 6.123936618678271770e-04 2.198570640757679939e-03
9.783567786216735840e-01 2.949424088001251221e-03 7.545489817857742310e-03 2.692462177947163582e-03 -4.105564730707556009e-04 2.211756538599729538e-03
9.684705138206481934e-01 1.900823554024100304e-05 1.523546781390905380e-02 4.936018027365207672e-03 -2.111854031682014465e-03 1.867289538495242596e-03
9.607647061347961426e-01 9.118780726566910744e-04 1.075578760355710983e-02 1.695403247140347958e-03 -4.664834705181419849e-04 1.858516596257686615e-03
9.671443700790405273e-01 5.019908305257558823e-03 1.459583919495344162e-02 3.329059109091758728e-05 -1.117034349590539932e-03 1.091908430680632591e-03
9.545352458953857422e-01 -7.415510481223464012e-05 3.209757618606090546e-03 2.135719172656536102e-03 -3.690549056045711040e-04 2.687372325453907251e-04
9.499598145484924316e-01 -9.977815207093954086e-04 2.035696990787982941e-02 1.485909102484583855e-03 3.679842920973896980e-04 -6.992789567448198795e-04
9.528880119323730469e-01 8.764026570133864880e-04 3.348057856783270836e-03 1.262699719518423080e-03 4.773087333887815475e-03 -2.637730445712804794e-03
9.512481689453125000e-01 2.820460358634591103e-03 2.032691985368728638e-02 -3.247284912504255772e-04 4.624755121767520905e-03 -3.366696415469050407e-03
9.148425459861755371e-01 3.503293963149189949e-03 8.882617577910423279e-03 -8.387814741581678391e-04 -1.310861320234835148e-03 -3.962318878620862961e-03
9.030534625053405762e-01 -1.266421750187873840e-03 1.323294639587402344e-02 2.243391238152980804e-03 -4.063616506755352020e-03 -5.018336698412895203e-03
9.243503808975219727e-01 -3.688029013574123383e-03 9.701331146061420441e-03 -1.833428832469508052e-04 -2.546865027397871017e-03 -5.706413183361291885e-03
9.311500787734985352e-01 -7.720603025518357754e-04 1.517478190362453461e-02 -1.114294747821986675e-03 2.340021892450749874e-04 -6.720472127199172974e-03
9.135366678237915039e-01 5.422974471002817154e-03 9.120038710534572601e-03 -2.566986484453082085e-03 1.302013522945344448e-03 -6.653262302279472351e-03
9.184949994087219238e-01 -6.731639732606709003e-04 1.229563541710376740e-02 -2.574681711848825216e-04 1.031830674037337303e-03 -7.083673030138015747e-03
8.951852321624755859e-01 -5.842673126608133316e-04 1.306982617825269699e-02 -7.387595251202583313e-04 -2.819727524183690548e-04 -7.210945244878530502e-03
9.236499071121215820e-01 1.573303015902638435e-03 1.128264795988798141e-02 -2.127617597579956055e-03 5.203112959861755371e-04 -8.069152012467384338e-03
9.131425023078918457e-01 1.429995754733681679e-04 1.141855958849191666e-02 -2.064108615741133690e-03 1.780394231900572777e-03 -7.971468381583690643e-03
9.150647521018981934e-01 1.699275919236242771e-03 1.102132070809602737e-02 -2.061515580862760544e-03 2.838141052052378654e-03 -7.770339492708444595e-03
9.162835478782653809e-01 -1.910815713927149773e-03 8.119473233819007874e-03 1.902633346617221832e-03 1.772683113813400269e-03 -8.136373944580554962e-03
9.228346943855285645e-01 -6.530346814543008804e-03 1.424739975482225418e-02 2.693389309570193291e-03 -2.913305361289530993e-04 -7.678873836994171143e-03
9.087089896202087402e-01 -6.167596206068992615e-03 1.653001271188259125e-02 1.295932685025036335e-03 -3.848646767437458038e-03 -7.784611545503139496e-03
8.984660506248474121e-01 -2.444302896037697792e-03 7.568065077066421509e-03 4.541993257589638233e-05 -5.170757882297039032e-03 -7.080388255417346954e-03
9.078281521797180176e-01 -1.573827583342790604e-03 8.833144791424274445e-03 -1.505680847913026810e-03 -3.105610376223921776e-03 -7.131489459425210953e-03
9.053479433059692383e-01 -6.331506301648914814e-04 1.306079141795635223e-02 -1.644630217924714088e-03 8.747000829316675663e-04 -7.594482041895389557e-03
9.156348109245300293e-01 7.195874582976102829e-03 1.020581275224685669e-02 -5.270897876471281052e-03 2.920355414971709251e-03 -6.858758628368377686e-03
9.146934747695922852e-01 6.885059643536806107e-03 1.009159907698631287e-02 -3.790829330682754517e-03 3.308081300929188728e-03 -6.630684249103069305e-03
9.174684286117553711e-01 2.453848719596862793e-03 1.109550613909959793e-02 -1.936748391017317772e-03 2.101815305650234222e-03 -6.134928669780492783e-03
9.063548445701599121e-01 3.006656887009739876e-03 1.496624201536178589e-02 -1.201321254484355450e-03 -2.538362750783562660e-03 -5.903952289372682571e-03
9.086607098579406738e-01 -1.137843937613070011e-03 9.668261744081974030e-03 2.525698160752654076e-03 -4.659323953092098236e-03 -5.994322244077920914e-03
9.117767810821533203e-01 -2.979317214339971542e-03 1.131257507950067520e-02 1.447580172680318356e-03 -3.585390280932188034e-03 -5.552043672651052475e-03
9.132784008979797363e-01 2.464041812345385551e-03 6.921382620930671692e-03 -5.339661729522049427e-04 3.360702830832451582e-04 -5.366389639675617218e-03
9.200704693794250488e-01 -4.708380438387393951e-04 1.072209142148494720e-02 3.791541967075318098e-04 6.158860865980386734e-03 -5.045508500188589096e-03
9.180953502655029297e-01 -9.015569812618196011e-04 1.364347152411937714e-02 -9.377651149407029152e-04 8.657749742269515991e-03 -5.019733682274818420e-03
9.153015017509460449e-01 2.102085389196872711e-03 1.336293201893568039e-02 -1.870934152975678444e-03 6.815677508711814880e-03 -5.421400535851716995e-03
9.124911427497863770e-01 4.009681288152933121e-03 1.180642470717430115e-02 -9.864477906376123428e-04 2.755248686298727989e-03 -5.186887457966804504e-03
9.013429284095764160e-01 1.866318983957171440e-03 1.626335829496383667e-02 3.274581977166235447e-04 -3.552022622898221016e-03 -4.912277217954397202e-03
9.001396894454956055e-01 3.748081391677260399e-03 1.649497635662555695e-02 -4.622121632564812899e-04 -9.169170632958412170e-03 -4.593380726873874664e-03
8.932188153266906738e-01 3.050731960684061050e-03 7.475566584616899490e-03 5.341833457350730896e-05 -1.091779209673404694e-02 -4.163105972111225128e-03
9.002156257629394531e-01 -4.843807779252529144e-03 1.097727101296186447e-02 1.190435606986284256e-03 -4.615366924554109573e-03 -3.942562732845544815e-03
8.989912271499633789e-01 -2.805324271321296692e-03 4.701148718595504761e-03 -2.533678780309855938e-04 3.585967235267162323e-03 -4.128863569349050522e-03
9.104197025299072266e-01 1.970896730199456215e-03 1.079203281551599503e-02 2.600847044959664345e-03 8.148632012307643890e-03 -4.792661871761083603e-03
8.999255895614624023e-01 5.132131278514862061e-03 2.159286662936210632e-02 -2.852251054719090462e-03 4.592471290379762650e-03 -4.477643407881259918e-03
8.918424248695373535e-01 9.112755768001079559e-03 1.704799197614192963e-02 -3.916251007467508316e-03 -2.721118740737438202e-03 -5.451516713947057724e-03
8.783082365989685059e-01 -1.874815789051353931e-04 7.788893766701221466e-03 6.987610831856727600e-04 -7.094591390341520309e-03 -5.475234240293502808e-03
8.771814703941345215e-01 -9.894887916743755341e-03 9.863079525530338287e-03 4.382255487143993378e-03 -3.918204922229051590e-03 -6.199455820024013519e-03
8.853094577789306641e-01 8.820782415568828583e-03 1.026852801442146301e-02 -3.791961120441555977e-03 1.685802475549280643e-03 -6.076671183109283447e-03
8.877871036529541016e-01 8.015107363462448120e-03 5.478085484355688095e-03 -3.091687103733420372e-03 4.532888997346162796e-03 -6.154937669634819031e-03
8.790771365165710449e-01 4.411617992445826530e-04 1.414062269032001495e-02 3.478678700048476458e-04 3.728250274434685707e-03 -5.310994572937488556e-03
8.719635009765625000e-01 3.197577316313982010e-04 1.558824069797992706e-02 -1.070606289431452751e-03 2.403514663456007838e-04 -5.678335670381784439e-03
8.708711862564086914e-01 1.508579007349908352e-04 1.230204757302999496e-02 -5.649437080137431622e-04 -1.756979618221521378e-03 -6.180650554597377777e-03
8.707908987998962402e-01 1.228935783728957176e-03 5.938861053436994553e-03 -1.049091690219938755e-03 -7.766203489154577255e-04 -5.624124780297279358e-03
8.717769384384155273e-01 -7.220053230412304401e-04 9.507033042609691620e-03 5.748021649196743965e-04 2.060209866613149643e-03 -5.638763308525085449e-03
8.682091236114501953e-01 1.685631286818534136e-04 1.273998990654945374e-02 8.469483873341232538e-05 7.567404536530375481e-04 -4.839203320443630219e-03
8.628519177436828613e-01 -3.585532773286104202e-03 8.372877724468708038e-03 2.873949473723769188e-03 -1.214330783113837242e-03 -4.638544283807277679e-03
8.598597645759582520e-01 1.702938345260918140e-03 1.329109165817499161e-02 1.015878166072070599e-03 -1.670414465479552746e-03 -3.680459689348936081e-03
8.604340553283691406e-01 -3.432537196204066277e-03 7.013727445155382156e-03 -1.271486689802259207e-04 -4.966791602782905102e-04 -3.911050036549568176e-03
8.643102049827575684e-01 5.578292766585946083e-04 9.968171827495098114e-03 2.426105347694829106e-04 -2.437312941765412688e-04 -3.778141923248767853e-03
8.653291463851928711e-01 2.453919965773820877e-03 1.442146953195333481e-02 -2.135255199391394854e-04 -2.089993795379996300e-03 -3.375547938048839569e-03
8.646811246871948242e-01 -1.789072179235517979e-03 1.212673727422952652e-03 1.421459601260721684e-03 -2.211280865594744682e-03 -3.919625189155340195e-03
8.698414564132690430e-01 -5.862068850547075272e-03 4.473505541682243347e-03 2.800102811306715012e-03 2.526134718209505081e-03 -2.736727241426706314e-03
8.696106672286987305e-01 -3.882725257426500320e-03 1.471643149852752686e-02 1.764789223670959473e-03 4.810351878404617310e-03 -2.396929077804088593e-03
8.861608505249023438e-01 -9.622744983062148094e-04 7.724644150584936142e-03 2.630029572173953056e-03 2.600569976493716240e-03 -1.595361041836440563e-03
8.808806538581848145e-01 9.095983114093542099e-04 1.163179986178874969e-02 7.927991100586950779e-04 -7.372569525614380836e-04 -9.674803586676716805e-04
8.805686235427856445e-01 2.422028221189975739e-03 6.909490097314119339e-03 7.042914512567222118e-04 -1.856223563663661480e-03 -1.280098455026745796e-03
8.927096724510192871e-01 4.162694327533245087e-03 9.899218566715717316e-03 -1.013095898088067770e-04 -2.134856535121798515e-03 -6.991944974288344383e-04
8.930057287216186523e-01 3.938948735594749451e-03 8.376701734960079193e-03 -1.699564600130543113e-04 -4.949150606989860535e-04 -5.083908326923847198e-04
9.039084911346435547e-01 2.922280691564083099e-03 5.545488093048334122e-03 -3.004992031492292881e-04 3.101393813267350197e-04 -1.210961199831217527e-04
9.068513512611389160e-01 4.279275890439748764e-03 9.562526829540729523e-03 2.990362700074911118e-04 1.308343838900327682e-03 -2.145332255167886615e-04
9.108623266220092773e-01 1.595531066413968801e-04 6.484274286776781082e-03 1.212561037391424179e-03 1.006817561574280262e-03 -3.359044785611331463e-04
9.225689172744750977e-01 4.539919085800647736e-03 1.208846643567085266e-02 -5.092603387311100960e-04 1.174396020360291004e-03 -4.564317059703171253e-04
9.229429960250854492e-01 5.044806748628616333e-03 8.037636987864971161e-03 -1.006489619612693787e-03 1.149791991338133812e-03 -1.230758847668766975e-03
9.282717108726501465e-01 4.405642393976449966e-03 1.170051377266645432e-02 -2.447230974212288857e-03 1.499552396126091480e-03 -2.059227321296930313e-03
9.264624118804931641e-01 1.278988667763769627e-03 3.522645565681159496e-04 1.534393755719065666e-03 5.542379221878945827e-04 -2.855463651940226555e-03
9.405119419097900391e-01 -4.233020823448896408e-03 1.271820906549692154e-02 2.545204013586044312e-03 -1.919444883242249489e-03 -3.301210002973675728e-03
9.459214210510253906e-01 -5.744267255067825317e-03 1.028372161090373993e-02 5.547108012251555920e-04 -2.990802982822060585e-03 -3.973000217229127884e-03
9.610344171524047852e-01 -1.623849384486675262e-03 3.143705194815993309e-03 1.730566727928817272e-04 -1.133090700022876263e-03 -6.010003853589296341e-03
9.740794301033020020e-01 -6.287469295784831047e-04 2.479868941009044647e-03 -1.105783507227897644e-03 1.873757224529981613e-03 -6.062149070203304291e-03
9.848045110702514648e-01 -2.239218214526772499e-03 9.280174970626831055e-03 -2.845232666004449129e-04 2.989935223013162613e-03 -6.325170863419771194e-03
9.905960559844970703e-01 1.380292000249028206e-03 9.492604993283748627e-03 -2.217923058196902275e-03 9.952301625162363052e-04 -5.766386631876230240e-03
9.973322749137878418e-01 -4.958366625942289829e-04 6.033638026565313339e-03 -1.546927029266953468e-03 -1.172794611193239689e-03 -6.158648990094661713e-03
1.004223585128784180e+00 -1.491782022640109062e-03 5.975663661956787109e-03 1.659074041526764631e-04 -2.060902537778019905e-03 -5.819316022098064423e-03
1.014222145080566406e+00 -4.230940248817205429e-03 9.211568161845207214e-03 -8.721639751456677914e-04 -6.339691462926566601e-04 -6.094126030802726746e-03
1.023402333259582520e+00 -3.420977620407938957e-03 6.145368330180644989e-03 -1.867684070020914078e-03 1.296474481932818890e-03 -6.098684854805469513e-03
1.025520086288452148e+00 -1.726342597976326942e-03 5.762754473835229874e-03 8.349434938281774521e-05 4.540288355201482773e-04 -5.958486348390579224e-03
1.022223711013793945e+00 -3.832371439784765244e-03 1.387311331927776337e-02 6.989268586039543152e-04 -2.002539840759709477e-04 -5.947413388639688492e-03
1.020334482192993164e+00 2.328376052901148796e-03 1.095851510763168335e-02 -3.711611730977892876e-03 6.662646046606823802e-05 -6.387253757566213608e-03
1.027262210845947266e+00 1.962326234206557274e-03 2.555612241849303246e-03 -1.987863564863801003e-03 1.503489445894956589e-03 -7.162998896092176437e-03
1.036883234977722168e+00 2.621479507070034742e-04 1.088005211204290390e-02 -4.657786048483103514e-04 4.163369070738554001e-03 -7.418052759021520615e-03
1.050444126129150391e+00 -1.525010447949171066e-04 8.901963010430335999e-03 -5.201655440032482147e-04 7.515871548093855381e-04 -7.348595187067985535e-03
1.049771189689636230e+00 6.904731271788477898e-04 1.328950561583042145e-02 2.215052372775971889e-04 -7.426498457789421082e-03 -7.228822447359561920e-03
1.042648911476135254e+00 -3.303439589217305183e-03 8.096041157841682434e-03 1.390214543789625168e-03 -1.039087492972612381e-02 -6.944505497813224792e-03
1.048738598823547363e+00 -5.432541947811841965e-03 5.631902720779180527e-03 -7.294486858882009983e-04 -3.168750787153840065e-03 -7.290484849363565445e-03
1.065801382064819336e+00 1.475143712013959885e-03 7.196459919214248657e-03 -1.499454840086400509e-03 5.907135084271430969e-03 -7.669623475521802902e-03
1.074600934982299805e+00 5.201139952987432480e-03 9.184215217828750610e-03 -1.793307485058903694e-03 5.893466994166374207e-03 -7.514659781008958817e-03
1.078115820884704590e+00 1.064873533323407173e-03 9.586362168192863464e-03 -4.883087240159511566e-04 -1.957443018909543753e-04 -8.317130617797374725e-03
1.067730903625488281e+00 2.083764411509037018e-05 8.410030044615268707e-03 4.950398579239845276e-04 -4.349309485405683517e-03 -9.139524772763252258e-03
1.075562953948974609e+00 -2.899250946938991547e-03 1.077613420784473419e-02 -9.818236867431551218e-05 -2.637748140841722488e-03 -9.272207506000995636e-03
1.080109119415283203e+00 -5.269697401672601700e-03 1.270847301930189133e-02 1.255205133929848671e-03 2.404940780252218246e-03 -9.310828521847724915e-03
1.089960694313049316e+00 -2.111745066940784454e-03 1.364986412227153778e-02 -1.343451731372624636e-04 1.159249059855937958e-02 -9.141825139522552490e-03
1.101510286331176758e+00 5.686376243829727173e-04 6.962434388697147369e-03 2.534175000619143248e-04 1.364383380860090256e-02 -8.438148535788059235e-03
1.101050853729248047e+00 -3.051572013646364212e-03 1.129975635558366776e-02 4.154754802584648132e-03 7.433960214257240295e-03 -8.409346453845500946e-03
1.086387872695922852e+00 3.846589475870132446e-03 1.945109106600284576e-02 -1.256145769730210304e-03 -5.480006337165832520e-03 -8.512447588145732880e-03
1.068272233009338379e+00 3.252466674894094467e-03 1.395209692418575287e-02 -1.873246161267161369e-03 -1.354099623858928680e-02 -9.046489372849464417e-03
1.065262079238891602e+00 6.733875488862395287e-04 9.412465617060661316e-03 -8.096415549516677856e-04 -9.301598183810710907e-03 -9.494959376752376556e-03
1.077981829643249512e+00 -4.283557645976543427e-04 1.295874547213315964e-02 -2.096480224281549454e-03 -3.769401810131967068e-04 -8.763663470745086670e-03
1.079423666000366211e+00 1.012879889458417892e-03 5.703464150428771973e-03 -1.310575520619750023e-03 3.623557742685079575e-03 -8.763613179326057434e-03
1.079251527786254883e+00 -3.750451840460300446e-03 9.296530857682228088e-03 2.312814118340611458e-03 4.662637133151292801e-03 -8.299713023006916046e-03
1.085185289382934570e+00 -2.604779787361621857e-03 1.147278863936662674e-02 2.430858789011836052e-03 3.294150112196803093e-03 -6.232088897377252579e-03
1.086182355880737305e+00 -4.424743354320526123e-03 1.467415504157543182e-02 3.394889412447810173e-03 1.526205101981759071e-03 -5.256389267742633820e-03
1.085750460624694824e+00 -2.285320661030709743e-04 1.616741158068180084e-02 8.127531036734580994e-04 1.218826393596827984e-03 -4.305868409574031830e-03
1.083574771881103516e+00 -2.856420585885643959e-03 8.611788041889667511e-03 1.960566034540534019e-03 2.032686257734894753e-03 -3.823935054242610931e-03
1.086467385292053223e+00 -8.102294057607650757e-03 1.000236347317695618e-02 2.845605136826634407e-03 4.181957338005304337e-03 -3.820762736722826958e-03
1.096096396446228027e+00 -4.001123830676078796e-03 2.009880542755126953e-02 1.709611969999969006e-03 2.459557494148612022e-03 -3.183433786034584045e-03
1.091096162796020508e+00 6.108566885814070702e-04 2.273172512650489807e-02 3.893408924341201782e-03 -5.513142794370651245e-03 -2.222950803115963936e-03
1.081357479095458984e+00 -1.869892701506614685e-03 1.143432967364788055e-02 2.225726377218961716e-03 -8.651358075439929962e-03 -1.232297508977353573e-03
