8.996548056602478027e-01 3.636832349002361298e-03 3.865013597533106804e-03 -7.177198422141373158e-04 -2.444365527480840683e-03 -1.421655528247356415e-03
9.089167118072509766e-01 3.983337897807359695e-03 1.425996702164411545e-02 -2.332792850211262703e-03 -2.465185243636369705e-04 -8.819284266792237759e-04
9.146629571914672852e-01 5.551358219236135483e-03 1.140977069735527039e-02 -1.732424600049853325e-03 3.449189942330121994e-03 -1.090631005354225636e-03
9.151175618171691895e-01 4.754520952701568604e-03 4.113633651286363602e-03 -8.397157653234899044e-04 2.575126942247152328e-03 1.969993027159944177e-04
9.184669852256774902e-01 4.383173305541276932e-03 9.698939509689807892e-03 2.817425411194562912e-04 -7.188234594650566578e-04 1.171773183159530163e-03
9.163749814033508301e-01 3.000519471243023872e-03 5.046566016972064972e-03 1.941136782988905907e-03 -7.137148058973252773e-04 1.732059172354638577e-03
9.208626747131347656e-01 2.112763933837413788e-03 -1.343614188954234123e-03 2.408183179795742035e-03 -2.878215396776795387e-03 1.846343046054244041e-03
9.214583635330200195e-01 -1.768638845533132553e-03 8.407891727983951569e-04 4.475527442991733551e-03 -1.333351130597293377e-03 2.159121679142117500e-03
9.235523939132690430e-01 -2.857110928744077682e-03 4.513354972004890442e-03 3.457590239122509956e-03 -3.031254454981535673e-04 2.451831009238958359e-03
9.329372048377990723e-01 6.969668436795473099e-03 2.656782511621713638e-03 -1.533348113298416138e-04 1.797833712771534920e-03 2.273149788379669189e-03
9.359229803085327148e-01 -1.723029301501810551e-03 3.510999958962202072e-03 5.019881762564182281e-03 1.456836936995387077e-03 1.210022950544953346e-03
9.417013525962829590e-01 -8.437542244791984558e-03 -1.340200542472302914e-03 4.682158585637807846e-03 -1.397021580487489700e-03 9.242607629857957363e-04
9.412411451339721680e-01 -2.575212856754660606e-03 9.106634184718132019e-03 1.745527028106153011e-03 2.868169685825705528e-03 -9.263378160540014505e-06
9.443060159683227539e-01 1.295870169997215271e-03 8.006060495972633362e-03 1.825153362005949020e-03 -8.639437146484851837e-05 -8.204183541238307953e-05
9.485407471656799316e-01 5.651451647281646729e-04 1.330065913498401642e-02 4.128969158045947552e-04 -2.581730019301176071e-03 5.552043439820408821e-04
9.502158164978027344e-01 -1.594852888956665993e-03 -1.292595639824867249e-03 1.287948689423501492e-03 -1.229880261234939098e-03 -6.483700708486139774e-04
9.573462009429931641e-01 -1.154725323431193829e-03 9.348813444375991821e-03 2.816332562360912561e-04 3.811271395534276962e-03 -8.446861174888908863e-04
9.679319262504577637e-01 8.028914220631122589e-03 1.141280494630336761e-02 -3.209241898730397224e-03 4.343950655311346054e-03 -9.130685939453542233e-04
9.675375819206237793e-01 9.069939143955707550e-03 1.306939870119094849e-02 -3.373820101842284203e-03 -6.417710101231932640e-04 -6.756530492566525936e-04
9.636930227279663086e-01 6.040289998054504395e-03 1.279673539102077484e-02 -3.512627445161342621e-04 -6.073414348065853119e-03 -1.846397644840180874e-04
9.675862193107604980e-01 4.978858400136232376e-03 5.221030674874782562e-03 -6.684344261884689331e-04 -5.840194877237081528e-03 -4.034608718939125538e-04
9.667687416076660156e-01 7.262870203703641891e-03 -4.349444934632629156e-04 -9.371743071824312210e-04 4.678976256400346756e-04 -5.015165661461651325e-04
9.888964295387268066e-01 1.473562885075807571e-02 1.093854289501905441e-02 -4.657987039536237717e-03 1.155780255794525146e-02 -1.283616875298321247e-04
9.910804629325866699e-01 1.334644481539726257e-02 2.022433094680309296e-03 -5.884889978915452957e-03 8.994452655315399170e-03 4.225391894578933716e-04
9.892886281013488770e-01 6.269849836826324463e-03 4.209849052131175995e-03 -2.997831441462039948e-03 4.405157174915075302e-03 2.322454383829608560e-04
9.754158258438110352e-01 3.761827247217297554e-03 5.756800062954425812e-03 1.415654260199517012e-04 -5.332971923053264618e-03 7.678734255023300648e-05
9.730829596519470215e-01 5.525003070943057537e-04 4.720226395875215530e-03 7.952242740429937840e-04 -8.750700391829013824e-03 1.078777713701128960e-04
9.698389172554016113e-01 8.407187415286898613e-04 8.209282532334327698e-03 2.975236857309937477e-03 -4.295874852687120438e-03 5.324315861798822880e-04
9.776349067687988281e-01 1.018777140416204929e-03 6.464877631515264511e-03 3.138963598757982254e-03 2.441633492708206177e-03 2.194718981627374887e-04
9.865161776542663574e-01 -3.110514720901846886e-03 1.793620921671390533e-02 2.302133245393633842e-03 6.005022674798965454e-03 1.602332777110859752e-04
9.837588071823120117e-01 2.294627716764807701e-03 1.870347931981086731e-02 5.507999449037015438e-04 7.541601080447435379e-03 2.790027065202593803e-04
9.782774448394775391e-01 1.390329212881624699e-03 7.421069778501987457e-03 1.910270890220999718e-03 8.148762281052768230e-04 1.223919207404833287e-05
9.694132208824157715e-01 5.754550918936729431e-03 2.171379514038562775e-02 -1.294509274885058403e-05 -3.381903516128659248e-03 3.462110762484371662e-04
9.590384364128112793e-01 6.979275029152631760e-03 9.899240918457508087e-03 -8.027128642424941063e-04 -3.284713486209511757e-03 -2.430073363939300179e-04
9.679339528083801270e-01 9.963516145944595337e-03 1.214041374623775482e-02 -2.933273091912269592e-03 4.615753889083862305e-03 1.422241984982974827e-05
9.625622630119323730e-01 5.705848336219787598e-03 6.339230109006166458e-03 1.612363557796925306e-04 9.678686968982219696e-03 -7.005992811173200607e-04
9.691876173019409180e-01 5.569178145378828049e-03 1.800907403230667114e-02 -2.271953271701931953e-03 2.242364222183823586e-03 2.558041596785187721e-04
9.516035318374633789e-01 8.374189026653766632e-03 6.030229385942220688e-03 -1.263300771825015545e-03 -3.303593723103404045e-03 4.825105861527845263e-05
9.513380527496337891e-01 6.576243788003921509e-03 1.977884024381637573e-02 -1.067564939148724079e-03 -6.101497914642095566e-03 3.321963595226407051e-04
9.441235661506652832e-01 6.252084858715534210e-03 9.249164722859859467e-03 -1.867213286459445953e-03 -2.751511055976152420e-03 3.025223122676834464e-05
9.515891671180725098e-01 7.149572018533945084e-03 6.080789491534233093e-03 -2.411116147413849831e-03 1.188835361972451210e-03 6.351871707011014223e-05
9.430074691772460938e-01 8.132843300700187683e-03 4.350115079432725906e-03 -2.775681205093860626e-03 2.612601500004529953e-03 5.977679393254220486e-04
9.360413551330566406e-01 7.217234000563621521e-03 1.059466041624546051e-02 -2.119923010468482971e-03 1.203601597808301449e-03 1.526996347820386291e-04
9.372604489326477051e-01 5.462089087814092636e-03 1.707499288022518158e-02 3.582920180633664131e-04 4.139940720051527023e-04 5.663541960529983044e-04
9.381295442581176758e-01 4.867417272180318832e-03 1.413504499942064285e-02 6.586503004655241966e-04 -2.518525347113609314e-03 9.431780199520289898e-04
9.320682883262634277e-01 3.496313001960515976e-03 3.956852946430444717e-03 1.811638358049094677e-04 -1.956026768311858177e-03 5.524878506548702717e-04
9.319602251052856445e-01 3.409835975617170334e-03 1.442628633230924606e-02 -4.514801548793911934e-04 -1.279033313039690256e-04 9.480903390794992447e-04
9.365320205688476562e-01 6.464441306889057159e-03 1.134711969643831253e-02 -2.650805981829762459e-03 3.320915857329964638e-04 -1.237499818671494722e-04
9.446250200271606445e-01 1.388388453051447868e-03 -1.193591859191656113e-02 5.321787903085350990e-04 1.799699966795742512e-04 -7.904100930318236351e-04
9.582979083061218262e-01 -4.122258163988590240e-03 -1.508254790678620338e-03 2.765062032267451286e-03 1.062324736267328262e-03 -1.437225379049777985e-03
9.175856709480285645e-01 -4.625400062650442123e-03 1.428090501576662064e-03 1.313407788984477520e-03 2.611435018479824066e-03 -1.340887625701725483e-03
9.067692756652832031e-01 1.173290424048900604e-02 1.248345226049423218e-01 -8.220012299716472626e-03 -7.793018594384193420e-03 -8.713636780157685280e-04
8.968376517295837402e-01 7.127958349883556366e-03 5.581127107143402100e-02 -3.579911543056368828e-03 -8.008488453924655914e-03 -1.004183897748589516e-03
9.067742228507995605e-01 4.241960123181343079e-03 5.692062433809041977e-03 -6.888874340802431107e-04 -1.547835767269134521e-03 -7.855357252992689610e-04
9.100837111473083496e-01 1.070634834468364716e-02 -1.938555738888680935e-03 -1.133191050030291080e-03 4.039092455059289932e-03 -5.933213979005813599e-04
9.158446788787841797e-01 1.591949909925460815e-02 1.868378743529319763e-02 -3.428410273045301437e-03 1.293898839503526688e-02 -3.130277036689221859e-04
9.092170596122741699e-01 1.042382698506116867e-02 3.526030341163277626e-03 -3.004065016284584999e-03 5.360020324587821960e-03 8.277461165562272072e-04
8.951575160026550293e-01 9.945141151547431946e-03 2.008335851132869720e-02 -2.733747940510511398e-03 1.382748159812763333e-04 1.361129572615027428e-03
8.962376713752746582e-01 1.034386269748210907e-02 2.146926522254943848e-02 -1.654247171245515347e-03 6.223058444447815418e-04 1.437900005839765072e-03
8.979987502098083496e-01 8.815377950668334961e-03 1.926415786147117615e-02 -1.366655691526830196e-03 4.548395983874797821e-03 2.298116916790604591e-03
9.012462496757507324e-01 1.076474506407976151e-02 1.404410786926746368e-02 -1.683804672211408615e-03 1.356037450022995472e-03 3.706335788592696190e-03
8.828622102737426758e-01 1.191723253577947617e-02 1.086913421750068665e-02 -1.958080567419528961e-03 -2.763257361948490143e-03 4.457864910364151001e-03
8.749829530715942383e-01 4.522658884525299072e-03 -7.896972820162773132e-04 -1.810631802072748542e-04 -2.996703144162893295e-03 4.594607744365930557e-03
8.737275004386901855e-01 7.079122122377157211e-03 -9.790874086320400238e-03 -1.050175749696791172e-03 1.081306487321853638e-03 5.650079809129238129e-03
8.706178665161132812e-01 7.881183177232742310e-03 -4.081142600625753403e-03 1.034945889841765165e-04 3.119005355983972549e-03 4.935425706207752228e-03
8.724166750907897949e-01 7.739834953099489212e-03 -3.361203707754611969e-03 2.511874772608280182e-03 6.480721640400588512e-04 5.754083860665559769e-03
8.701794743537902832e-01 1.231690868735313416e-02 1.238447264768183231e-03 1.562914811074733734e-03 3.207331057637929916e-03 5.567071028053760529e-03
8.744303584098815918e-01 8.044206537306308746e-03 -5.357108078896999359e-03 1.500498270615935326e-03 4.762057680636644363e-03 4.970361012965440750e-03
8.730400204658508301e-01 7.916638627648353577e-03 -2.128248801454901695e-03 -1.354664331302046776e-03 5.723907612264156342e-03 5.382631905376911163e-03
8.612908720970153809e-01 6.285679060965776443e-03 2.042701095342636108e-02 2.002070890739560127e-03 3.064029617235064507e-03 5.367254372686147690e-03
8.602164983749389648e-01 1.342582236975431442e-02 2.328091114759445190e-02 -2.395708346739411354e-03 -2.923199441283941269e-03 6.235579494386911392e-03
8.533108830451965332e-01 1.128290407359600067e-02 1.670343219302594662e-03 -1.185618457384407520e-03 -6.672569084912538528e-03 6.263964343816041946e-03
8.561779856681823730e-01 1.215977221727371216e-02 1.941197551786899567e-02 -2.075164113193750381e-03 -4.299961961805820465e-03 7.083550561219453812e-03
8.574091792106628418e-01 6.218665745109319687e-03 1.372460927814245224e-02 1.150895725004374981e-03 1.355307642370462418e-03 7.981164380908012390e-03
8.542599678039550781e-01 6.437225267291069031e-03 3.142257407307624817e-02 -3.599350457079708576e-04 3.088665660470724106e-03 8.453788235783576965e-03
8.531069159507751465e-01 9.753364138305187225e-03 9.646618738770484924e-03 2.013147808611392975e-03 4.704300779849290848e-03 9.369721636176109314e-03
8.483411669731140137e-01 8.948395028710365295e-03 1.550830248743295670e-02 2.369469730183482170e-03 1.469031907618045807e-03 1.167297549545764923e-02
8.433957695960998535e-01 9.837381541728973389e-03 3.713567275553941727e-03 1.151972915977239609e-03 -4.332978278398513794e-07 1.282902527600526810e-02
8.468549251556396484e-01 1.194598898291587830e-02 1.006547547876834869e-02 -5.152462399564683437e-04 1.049812766723334789e-03 1.272823940962553024e-02
8.451742529869079590e-01 1.815796829760074615e-02 1.376511622220277786e-02 -5.406965501606464386e-03 6.629871204495429993e-04 1.215098146349191666e-02
8.475325107574462891e-01 1.652350090444087982e-02 7.946347817778587341e-03 -5.379678681492805481e-03 -1.729435753077268600e-03 1.008637715131044388e-02
8.506895899772644043e-01 1.260740216821432114e-02 1.029622741043567657e-02 -2.256433712318539619e-03 -2.921182313002645969e-04 8.010388351976871490e-03
8.473217487335205078e-01 1.230542454868555069e-02 7.867332547903060913e-03 -1.540756085887551308e-03 4.188757739029824734e-04 5.785779096186161041e-03
8.536980152130126953e-01 5.256546661257743835e-03 1.909930724650621414e-03 3.539161290973424911e-03 7.431113044731318951e-04 4.699672572314739227e-03
8.568090796470642090e-01 6.418797653168439865e-03 9.145517833530902863e-03 2.957726595923304558e-03 -1.192245865240693092e-03 4.771099425852298737e-03
8.615809679031372070e-01 1.879749586805701256e-03 8.593634702265262604e-03 3.356473986059427261e-03 6.706024287268519402e-04 4.014334175735712051e-03
8.718843460083007812e-01 -3.554027061909437180e-04 1.051623746752738953e-02 2.463094424456357956e-03 2.526135183870792389e-03 3.328609978780150414e-03
8.745726943016052246e-01 5.260146223008632660e-03 8.513770066201686859e-03 -1.425855327397584915e-03 2.549483440816402435e-03 2.459807088598608971e-03
8.814432621002197266e-01 4.346774425357580185e-03 8.243354037404060364e-03 4.392422852106392384e-04 3.816046519204974174e-03 1.720145926810801029e-03
8.789371848106384277e-01 -1.007024780847132206e-03 1.406732713803648949e-03 2.440560376271605492e-03 1.159962615929543972e-03 1.667391741648316383e-03
8.852676749229431152e-01 7.957470370456576347e-05 7.531966548413038254e-03 1.304117380641400814e-03 5.176120903342962265e-04 1.356628490611910820e-03
8.924812674522399902e-01 8.309543132781982422e-03 1.293864659965038300e-02 -1.244230428710579872e-03 -4.396504664327949286e-06 1.213623443618416786e-03
8.979790210723876953e-01 8.180867880582809448e-04 -1.952182734385132790e-03 2.706663450226187706e-03 7.404858479276299477e-06 1.306872698478400707e-03
9.062668681144714355e-01 2.295465092174708843e-04 9.982312098145484924e-03 1.620836555957794189e-03 -4.583565751090645790e-04 1.323206117376685143e-03
9.080644249916076660e-01 1.914379652589559555e-03 9.174709208309650421e-03 -1.532491762191057205e-03 -1.481202780269086361e-03 9.550980757921934128e-04
9.217516183853149414e-01 8.900127373635768890e-03 -2.977085672318935394e-02 -4.305261652916669846e-03 -2.462558681145310402e-03 6.808920879848301411e-04
9.254058599472045898e-01 6.972738541662693024e-03 -1.481977477669715881e-02 -1.822260092012584209e-03 7.632942870259284973e-04 1.301127020269632339e-03
9.313844442367553711e-01 1.099177822470664978e-02 5.671476013958454132e-03 -3.290897468104958534e-03 2.197144320234656334e-03 8.129753987304866314e-04
9.353538751602172852e-01 1.018344145268201828e-02 5.171859636902809143e-03 -2.440195064991712570e-03 5.194390541873872280e-05 -1.021107891574501991e-04
9.372540712356567383e-01 5.838732235133647919e-03 1.018989551812410355e-02 -1.029123086482286453e-03 5.942198913544416428e-05 -4.792166000697761774e-04
9.456462860107421875e-01 3.130314871668815613e-03 1.162509713321924210e-02 9.461541194468736649e-04 -2.128902851836755872e-04 -6.201085634529590607e-04
9.482178092002868652e-01 9.171875193715095520e-03 1.491266023367643356e-02 -2.958025783300399780e-03 1.054981607012450695e-03 -4.585007554851472378e-04
9.527221322059631348e-01 8.123728446662425995e-03 3.267234889790415764e-03 -1.229606685228645802e-03 1.300336953136138618e-05 -2.526061434764415026e-04
9.543940424919128418e-01 4.078431986272335052e-03 6.185851059854030609e-03 -8.913215715438127518e-04 1.493245363235473633e-03 -4.552051541395485401e-04
9.516788721084594727e-01 2.852831501513719559e-03 1.309797633439302444e-02 2.413677284494042397e-04 1.352228922769427299e-03 -1.349132042378187180e-03
9.613121747970581055e-01 3.435856895521283150e-03 9.790443815290927887e-03 -9.463963797315955162e-04 -4.529641300905495882e-04 -2.052118070423603058e-03
9.607030153274536133e-01 5.777449405286461115e-05 2.361146733164787292e-03 2.298902254551649094e-03 3.592090215533971786e-04 -1.814041170291602612e-03
9.610595703125000000e-01 7.131472695618867874e-03 1.289049349725246429e-02 -6.394411320798099041e-04 1.070865546353161335e-03 -1.207859022542834282e-03
9.575998187065124512e-01 3.121856600046157837e-03 3.464363049715757370e-03 1.028933329507708549e-03 -3.561200865078717470e-04 -8.590865763835608959e-04
9.531666636466979980e-01 4.814895801246166229e-03 9.515486657619476318e-03 -8.437734795734286308e-04 -2.410436747595667839e-03 6.918436702108010650e-05
9.607086777687072754e-01 8.582890965044498444e-03 1.213898137211799622e-02 -2.128336112946271896e-03 -1.454767421819269657e-03 6.381200510077178478e-04
9.600654840469360352e-01 9.161721915006637573e-03 1.604289188981056213e-02 -1.941286260262131691e-03 -1.189234782941639423e-03 8.499423274770379066e-04
9.616795778274536133e-01 1.143186353147029877e-02 1.971087045967578888e-02 -1.846858882345259190e-03 1.159184030257165432e-03 1.146823400631546974e-03
9.748203754425048828e-01 9.000690653920173645e-03 1.237762975506484509e-03 -2.154374727979302406e-03 3.948814701288938522e-03 7.884374936111271381e-04
9.684844017028808594e-01 8.046836592257022858e-03 -1.239993609488010406e-03 -1.061528688296675682e-03 3.591325134038925171e-03 1.202446641400456429e-03
9.659449458122253418e-01 1.632934552617371082e-03 5.166848655790090561e-03 1.967471558600664139e-03 7.001242483966052532e-04 1.105518895201385021e-03
9.648826718330383301e-01 5.708947312086820602e-03 1.441796123981475830e-02 -5.134533857926726341e-04 -9.979108581319451332e-04 4.972263122908771038e-04
9.575731158256530762e-01 1.016298402100801468e-02 1.336604356765747070e-02 -2.639596816152334213e-03 2.536780666559934616e-04 3.211927541997283697e-04
9.535076022148132324e-01 1.228007674217224121e-02 7.920132018625736237e-03 -2.847760682925581932e-03 1.621364848688244820e-03 3.775430086534470320e-04
9.546459913253784180e-01 7.189729716628789902e-03 4.779392853379249573e-03 -1.503078732639551163e-03 1.475237309932708740e-03 -8.565069292671978474e-04
9.544800519943237305e-01 6.306568160653114319e-03 -3.083716612309217453e-03 -1.993404701352119446e-03 7.077977352309972048e-05 -1.430295873433351517e-03
9.486589431762695312e-01 3.313548630103468895e-03 -5.272404290735721588e-03 5.121344001963734627e-04 -7.069768616929650307e-04 -1.603892189450562000e-03
9.495809078216552734e-01 -2.868134062737226486e-03 1.692038029432296753e-03 4.166929516941308975e-03 -3.435924649238586426e-03 -1.320111681707203388e-03
9.454776048660278320e-01 -4.867577459663152695e-03 6.368836387991905212e-03 3.321362659335136414e-03 -7.770285592414438725e-04 -1.089683151803910732e-03
9.524977803230285645e-01 -3.013816429302096367e-03 5.382397212088108063e-03 1.369028002955019474e-03 9.485564078204333782e-04 -1.310947351157665253e-03
9.485696554183959961e-01 -2.217732369899749756e-03 1.413468644022941589e-02 2.346347086131572723e-03 -1.352365361526608467e-03 -1.052497769705951214e-03
9.401294589042663574e-01 -3.411105426494032145e-04 1.421095244586467743e-02 2.849190495908260345e-03 -3.138622967526316643e-03 -1.746222260408103466e-04
9.493691921234130859e-01 1.913042273372411728e-03 1.573732309043407440e-02 2.754452172666788101e-03 -3.884947625920176506e-03 -2.004615962505340576e-04
9.506529569625854492e-01 7.269273512065410614e-03 1.455840282142162323e-02 -9.258948848582804203e-04 -2.038191771134734154e-03 2.600899315439164639e-04
9.467554092407226562e-01 1.224366202950477600e-02 1.950557110831141472e-03 -3.571709385141730309e-03 2.175833098590373993e-03 7.077577756717801094e-04
9.430834054946899414e-01 9.733346290886402130e-03 3.257308155298233032e-03 -1.649015001021325588e-03 5.284617654979228973e-03 1.658706576563417912e-03
9.542217850685119629e-01 9.562618099153041840e-03 6.968078203499317169e-03 -9.599617333151400089e-04 7.059823721647262573e-03 2.452632645145058632e-03
9.600548744201660156e-01 1.488978322595357895e-02 1.275402400642633438e-02 -3.537453943863511086e-03 3.376047126948833466e-03 2.785340417176485062e-03
9.430820941925048828e-01 1.288475282490253448e-02 1.124864071607589722e-02 -1.781665952876210213e-03 -1.791866263374686241e-03 2.870253752917051315e-03
9.472650289535522461e-01 1.544830854982137680e-02 1.242287456989288330e-02 -3.404111834242939949e-03 -4.318036604672670364e-03 5.023886915296316147e-03
9.480207562446594238e-01 1.331149879842996597e-02 -3.953784704208374023e-03 -1.501169288530945778e-03 -3.994779661297798157e-03 5.479160230606794357e-03
9.528447389602661133e-01 1.273424364626407623e-02 1.096158521249890327e-04 -2.099540783092379570e-03 -1.916412729769945145e-04 5.364893469959497452e-03
9.578334689140319824e-01 1.167762000113725662e-02 6.350433453917503357e-03 -4.885628004558384418e-04 2.113380003720521927e-03 5.222323816269636154e-03
9.563723802566528320e-01 1.376423332840204239e-02 9.439857676625251770e-03 -3.267701715230941772e-03 6.995932199060916901e-05 4.483023192733526230e-03
9.527239203453063965e-01 9.973593987524509430e-03 2.787432167679071426e-03 -4.701716825366020203e-04 -3.766166744753718376e-03 3.271854948252439499e-03
9.629358649253845215e-01 6.913445424288511276e-03 5.695396102964878082e-03 6.046756752766668797e-04 -1.903375028632581234e-03 2.024503191933035851e-03
9.666621088981628418e-01 8.803337812423706055e-03 7.650852203369140625e-04 -3.763849381357431412e-04 -1.621591043658554554e-03 2.000364940613508224e-03
9.726793766021728516e-01 6.904555484652519226e-03 -1.349955564364790916e-04 -8.109564078040421009e-06 7.233289943542331457e-05 1.769996364600956440e-03
9.755339622497558594e-01 6.103817373514175415e-03 5.546925123780965805e-03 1.103256130591034889e-03 1.359774614684283733e-03 2.581756794825196266e-03
9.775661230087280273e-01 4.528622608631849289e-03 1.974962418898940086e-03 4.072441079188138247e-04 -1.595231005921959877e-04 2.146233338862657547e-03
9.777659177780151367e-01 2.822662936523556709e-03 -1.200154540129005909e-03 5.118948174640536308e-04 -6.434284150600433350e-04 1.740939798764884472e-03
9.706231951713562012e-01 -8.944129222072660923e-04 5.159313324838876724e-03 3.581738099455833435e-03 -1.028722268529236317e-03 1.900226227007806301e-03
9.679915904998779297e-01 9.577063610777258873e-05 9.009987115859985352e-03 1.139006577432155609e-03 9.843956650001928210e-05 1.880541327409446239e-03
9.731135964393615723e-01 4.643490538001060486e-03 1.069809496402740479e-02 2.458514936733990908e-04 4.977674689143896103e-04 9.180090855807065964e-04
9.681292772293090820e-01 -2.424175152555108070e-03 7.209425326436758041e-03 3.170961746945977211e-03 -4.424456565175205469e-04 1.712136436253786087e-04
9.607452154159545898e-01 1.804029743652790785e-04 8.722345344722270966e-03 2.946173481177538633e-06 1.981791341677308083e-03 -8.072520722635090351e-04
9.595504999160766602e-01 -2.977641415782272816e-04 5.432642064988613129e-03 2.009273041039705276e-03 4.958293866366147995e-03 -2.342906082049012184e-03
9.604365825653076172e-01 2.445855876430869102e-03 1.985028013586997986e-02 -7.864967337809503078e-04 5.361989140510559082e-03 -3.563670907169580460e-03
9.501929879188537598e-01 2.733014058321714401e-03 6.353083066642284393e-03 -6.277579814195632935e-04 -2.910156268626451492e-03 -4.103790968656539917e-03
9.366194009780883789e-01 -7.874461589381098747e-04 3.178627695888280869e-03 5.899757379665970802e-04 -3.878765972331166267e-03 -5.068396218121051788e-03
9.274357557296752930e-01 -2.997189760208129883e-03 4.892545286566019058e-03 -4.446040547918528318e-04 -2.243956085294485092e-03 -5.681485403329133987e-03
9.370451569557189941e-01 -1.331554725766181946e-03 4.484640434384346008e-03 -1.033576554618775845e-03 3.513350384309887886e-04 -6.690327078104019165e-03
9.256059527397155762e-01 4.790023434907197952e-03 -9.335298673249781132e-04 -2.416153904050588608e-03 2.544259477872401476e-04 -6.637490820139646530e-03
9.235020279884338379e-01 -9.974394924938678741e-04 6.537049543112516403e-03 -5.891131586395204067e-04 4.017232276964932680e-04 -7.145422045141458511e-03
9.009754657745361328e-01 -5.404573748819530010e-04 6.216851994395256042e-03 -1.224571489728987217e-03 9.602851787349209189e-05 -7.256154902279376984e-03
9.318777322769165039e-01 1.403670408762991428e-03 1.080207154154777527e-02 -1.220494159497320652e-03 -1.283494639210402966e-04 -8.142312988638877869e-03
9.212657809257507324e-01 -3.203163505531847477e-04 9.188154712319374084e-03 -7.870018016546964645e-04 1.200969796627759933e-03 -7.833032868802547455e-03
9.210848212242126465e-01 6.867647171020507812e-04 1.510475482791662216e-02 -1.682413974776864052e-03 1.751791918650269508e-03 -7.882543839514255524e-03
9.234679937362670898e-01 -1.439083600416779518e-03 2.569463104009628296e-03 1.618733396753668785e-03 1.964557683095335960e-03 -8.075543679296970367e-03
9.211513400077819824e-01 -6.445502396672964096e-03 9.030349552631378174e-03 1.675075851380825043e-03 -6.834407104179263115e-04 -7.758484221994876862e-03
9.099182486534118652e-01 -5.990197416394948959e-03 1.176400482654571533e-02 5.772986914962530136e-04 -2.842229558154940605e-03 -7.804391440004110336e-03
9.052790403366088867e-01 -1.347948331385850906e-03 -8.528259582817554474e-03 2.356109907850623131e-03 4.159294767305254936e-04 -6.967213004827499390e-03
9.161584377288818359e-01 1.841493532992899418e-03 -5.389465950429439545e-04 -1.523712417110800743e-03 -2.101137768477201462e-03 -6.769083440303802490e-03
9.121532440185546875e-01 9.652512380853295326e-04 1.156292669475078583e-02 -1.482769614085555077e-03 1.514683593995869160e-03 -7.221276871860027313e-03
9.161787629127502441e-01 7.280825637280941010e-03 7.966986857354640961e-03 -3.004440572112798691e-03 1.859081326983869076e-03 -6.765511352568864822e-03
9.151488542556762695e-01 6.046347320079803467e-03 1.210416574031114578e-02 -2.973106922581791878e-03 3.509085159748792648e-03 -6.634644232690334320e-03
9.140297174453735352e-01 1.997628249228000641e-03 1.858875155448913574e-02 -1.947748358361423016e-03 8.304456714540719986e-04 -6.342511624097824097e-03
9.094552993774414062e-01 2.766009885817766190e-03 1.441174466162919998e-02 -1.888361439341679215e-04 -1.629055244848132133e-03 -5.844573955982923508e-03
9.121304154396057129e-01 7.260204292833805084e-04 5.610776599496603012e-03 2.279773121699690819e-03 -4.568738397210836411e-03 -5.887875333428382874e-03
9.120835065841674805e-01 -2.303950721397995949e-03 1.195809245109558105e-02 4.384017665870487690e-04 -1.131632714532315731e-03 -5.530157592147588730e-03
9.129997491836547852e-01 1.552141504362225533e-03 5.636267364025115967e-03 -4.770713858306407928e-04 3.084854455664753914e-03 -5.450356286019086838e-03
9.222586154937744141e-01 -1.193557865917682648e-03 7.107251323759555817e-03 5.670990212820470333e-04 6.958099547773599625e-03 -5.254778079688549042e-03
9.172070622444152832e-01 -7.479911437258124352e-04 1.307918131351470947e-02 -1.021345960907638073e-03 8.235929533839225769e-03 -5.052478518337011337e-03
9.147478938102722168e-01 1.472280127927660942e-03 4.871556069701910019e-03 -2.335485303774476051e-03 7.380216382443904877e-03 -5.566576961427927017e-03
9.143684506416320801e-01 4.295674618333578110e-03 5.127655807882547379e-03 -2.032150980085134506e-03 1.528423745185136795e-03 -5.338319577276706696e-03
9.041845798492431641e-01 2.028251066803932190e-03 1.279927976429462433e-02 -6.491300882771611214e-04 -4.195937886834144592e-03 -5.016156472265720367e-03
8.996786475181579590e-01 3.093925537541508675e-03 2.673688903450965881e-02 -4.139390075579285622e-04 -8.120131678879261017e-03 -4.747732542455196381e-03
8.955322504043579102e-01 6.681278464384377003e-04 8.633208461105823517e-03 1.384708564728498459e-03 -1.005398575216531754e-02 -4.366206470876932144e-03
8.972952365875244141e-01 -2.251070458441972733e-03 2.168082632124423981e-03 1.976058585569262505e-03 -6.398902623914182186e-04 -3.713835962116718292e-03
9.022915363311767578e-01 -1.010946696624159813e-03 1.026109140366315842e-02 1.030978397466242313e-03 5.369501654058694839e-03 -3.941685426980257034e-03
9.104022979736328125e-01 3.834250848740339279e-03 1.709383726119995117e-02 1.956854481250047684e-03 7.910787127912044525e-03 -4.642784595489501953e-03
9.002659916877746582e-01 4.303925670683383942e-03 2.086476609110832214e-02 -3.091520164161920547e-03 2.479613292962312698e-03 -4.676859360188245773e-03
8.933113217353820801e-01 6.673891097307205200e-03 1.397468615323305130e-02 -2.013608347624540329e-03 -4.129268229007720947e-03 -5.397401284426450729e-03
8.778042793273925781e-01 6.015544058755040169e-04 6.580462213605642319e-04 1.734598772600293159e-03 -6.892873905599117279e-03 -5.486396141350269318e-03
8.802285194396972656e-01 -1.068845298141241074e-02 1.193488854914903641e-02 1.230750698596239090e-03 -6.112817209213972092e-04 -6.212634034454822540e-03
8.856485486030578613e-01 8.316094987094402313e-03 2.866568416357040405e-02 -3.025589277967810631e-03 3.178384853526949883e-03 -6.124020554125308990e-03
8.888627290725708008e-01 1.106437295675277710e-02 -6.376254837960004807e-03 -2.310439711436629295e-03 3.461700398474931717e-03 -5.865777842700481415e-03
8.791593313217163086e-01 -3.157566534355282784e-04 1.052275579422712326e-02 6.266250857152044773e-04 2.598382299765944481e-03 -5.309582222253084183e-03
8.735943436622619629e-01 -4.152046749368309975e-04 1.718356646597385406e-02 -4.736184782814234495e-04 -8.081089472398161888e-04 -5.707981530576944351e-03
8.728868961334228516e-01 8.067128947004675865e-04 1.932978443801403046e-02 4.893778823316097260e-04 -1.863633398897945881e-03 -6.115386262536048889e-03
8.693319559097290039e-01 4.367686342447996140e-03 2.012483542785048485e-03 -4.723832244053483009e-04 -2.452600456308573484e-04 -5.565266590565443039e-03
8.731379508972167969e-01 -1.563408062793314457e-03 8.260129950940608978e-03 1.763359323376789689e-04 2.576346509158611298e-03 -5.602071527391672134e-03
8.677870035171508789e-01 9.972741827368736267e-04 7.533635944128036499e-03 -2.917342353612184525e-04 6.468080682680010796e-04 -4.960479680448770523e-03
8.634476065635681152e-01 -2.336908830329775810e-03 7.372028660029172897e-03 2.998232841491699219e-03 -1.083764829672873020e-03 -4.685875959694385529e-03
8.632094860076904297e-01 -5.060066469013690948e-04 7.417598273605108261e-03 -2.879301900975406170e-04 -1.331869629211723804e-03 -3.642000257968902588e-03
8.629460334777832031e-01 -1.826149993576109409e-03 5.477374885231256485e-03 1.862063509179279208e-04 -3.091583494096994400e-04 -3.785272361710667610e-03
8.626926541328430176e-01 2.393836621195077896e-03 4.877371247857809067e-03 -1.696286635706201196e-04 -6.473147077485918999e-04 -4.059811122715473175e-03
8.662290573120117188e-01 1.757387537509202957e-03 9.784903377294540405e-03 -1.244930783286690712e-03 -1.800782745704054832e-03 -3.470345633104443550e-03
8.642119765281677246e-01 2.144065801985561848e-04 3.901751770172268152e-04 2.716408111155033112e-03 -1.703337416984140873e-03 -3.715296275913715363e-03
8.708675503730773926e-01 -2.857181709259748459e-03 4.989491775631904602e-03 2.642998937517404556e-03 1.998081337660551071e-03 -2.913335803896188736e-03
8.732447624206542969e-01 -4.508245736360549927e-03 1.304260082542896271e-02 1.243889681063592434e-03 5.011899862438440323e-03 -2.135009504854679108e-03
8.843722343444824219e-01 9.717968059703707695e-04 3.125918563455343246e-03 1.951639540493488312e-03 2.336697420105338097e-03 -1.994174672290682793e-03
8.809522390365600586e-01 2.480768132954835892e-03 1.453642733395099640e-02 6.308195879682898521e-04 -1.167649868875741959e-03 -1.343776588328182697e-03
8.813246488571166992e-01 2.439394127577543259e-03 1.230902969837188721e-02 1.642562914639711380e-03 -1.137966290116310120e-03 -1.249146414920687675e-03
8.943607211112976074e-01 3.198828548192977905e-03 1.213555689901113510e-02 -1.215457450598478317e-05 -2.284775953739881516e-03 -6.868196651339530945e-04
8.951480984687805176e-01 2.832239493727684021e-03 4.851546604186296463e-03 -4.814928397536277771e-04 3.553904243744909763e-04 -3.529303940013051033e-04
9.047718048095703125e-01 2.713158726692199707e-03 4.887881688773632050e-03 -2.585072943475097418e-04 7.943987147882580757e-04 -9.542010957375168800e-05
9.086484313011169434e-01 3.824674291536211967e-03 5.300187971442937851e-03 2.967646287288516760e-04 1.943388837389647961e-03 -2.996826369781047106e-04
9.143946766853332520e-01 2.424926206003874540e-04 4.041923210024833679e-03 1.141078770160675049e-03 8.745853556320071220e-04 -4.271934158168733120e-04
9.265640377998352051e-01 5.027807783335447311e-03 1.159187965095043182e-02 -6.449923384934663773e-04 9.526539361104369164e-04 -5.283328937366604805e-04
9.244417548179626465e-01 5.302126985043287277e-03 2.290009753778576851e-03 -1.222781604155898094e-03 7.907695835456252098e-04 -1.047261641360819340e-03
9.278778433799743652e-01 4.229007754474878311e-03 7.819283753633499146e-03 -2.731757238507270813e-03 1.163374749012291431e-03 -1.956031890586018562e-03
9.270005226135253906e-01 1.455454388633370399e-03 -1.460548397153615952e-02 4.609183815773576498e-04 5.194723489694297314e-04 -2.955220639705657959e-03
9.443163275718688965e-01 -2.817509695887565613e-03 3.740125335752964020e-03 1.518423785455524921e-03 -2.707167761400341988e-03 -3.432744648307561874e-03
9.453681707382202148e-01 -4.753316752612590790e-03 1.015437301248311996e-02 -3.867813211400061846e-04 -2.102932659909129143e-03 -3.947271034121513367e-03
9.594225883483886719e-01 -1.055070431903004646e-03 -1.431060489267110825e-03 1.984667906071990728e-04 -7.485528476536273956e-04 -5.775213241577148438e-03
9.753490090370178223e-01 -5.220823222771286964e-04 1.920105656608939171e-03 -5.625445046462118626e-04 1.867220504209399223e-03 -6.019654218107461929e-03
9.848188161849975586e-01 -1.959098735824227333e-03 1.200009416788816452e-02 1.244571321876719594e-04 2.392018679529428482e-03 -6.305975373834371567e-03
9.913608431816101074e-01 1.386558171361684799e-03 9.791171178221702576e-03 -2.506862161681056023e-03 1.364144962280988693e-03 -5.806769710034132004e-03
9.982256293296813965e-01 -6.039903382770717144e-04 6.261166650801897049e-03 -1.316010951995849609e-03 -1.232845475897192955e-03 -6.258250679820775986e-03
1.005195617675781250e+00 -2.076980890706181526e-03 -9.285680716857314110e-04 -3.969224053435027599e-04 -2.097380347549915314e-03 -5.902077537029981613e-03
1.014389753341674805e+00 -4.431009758263826370e-03 6.552527658641338348e-03 -1.097240019589662552e-03 -3.905138291884213686e-04 -6.088727619498968124e-03
1.021707057952880859e+00 -3.140063025057315826e-03 2.848370233550667763e-03 -2.113892231136560440e-03 1.369569683447480202e-03 -6.106075365096330643e-03
1.025046825408935547e+00 -1.502585597336292267e-03 -8.182118763215839863e-04 -3.638888301793485880e-04 2.531933714635670185e-04 -6.059705745428800583e-03
1.022811889648437500e+00 -3.711699740961194038e-03 4.666465334594249725e-03 -5.896503571420907974e-04 -3.114067658316344023e-05 -5.903790239244699478e-03
1.024828433990478516e+00 2.461556345224380493e-03 2.893351716920733452e-03 -1.969688804820179939e-03 -9.683488169685006142e-04 -6.294073071330785751e-03
1.028301000595092773e+00 1.322945812717080116e-03 9.431646321900188923e-04 3.901108284480869770e-04 3.104202914983034134e-04 -7.118685636669397354e-03
1.041185259819030762e+00 -1.089822850190103054e-03 6.385667948052287102e-04 -5.064666038379073143e-05 2.472695428878068924e-03 -7.302396930754184723e-03
1.046575903892517090e+00 8.411500602960586548e-04 5.176156293600797653e-03 -1.450470765121281147e-03 1.199493766762316227e-03 -7.623150944709777832e-03
1.046368241310119629e+00 4.743973840959370136e-04 2.050784975290298462e-02 -1.811160822398960590e-03 -5.833182483911514282e-03 -7.703971583396196365e-03
1.042386889457702637e+00 -2.367101609706878662e-03 1.282714959233999252e-02 1.577580696903169155e-04 -6.334206089377403259e-03 -6.983582396060228348e-03
1.054317355155944824e+00 -4.774452187120914459e-03 5.286885425448417664e-03 -6.398768746294081211e-04 -1.688551390543580055e-03 -6.660524755716323853e-03
1.072534322738647461e+00 -3.095311694778501987e-04 2.541755093261599541e-03 5.137607222422957420e-04 3.274862654507160187e-03 -7.167621515691280365e-03
1.079451918601989746e+00 3.641643095761537552e-03 -3.588400315493345261e-03 -6.155196460895240307e-04 5.115819629281759262e-03 -7.744531147181987762e-03
1.074908137321472168e+00 7.965896511450409889e-04 -2.328003989532589912e-03 2.061586710624396801e-04 2.459619718138128519e-04 -8.582474663853645325e-03
1.067442178726196289e+00 -3.024060570169240236e-04 2.167026745155453682e-03 3.819664998445659876e-04 -2.824021968990564346e-03 -9.148630313575267792e-03
1.074735879898071289e+00 -1.860389951616525650e-03 2.897638478316366673e-04 1.133741825469769537e-04 -3.155304817482829094e-03 -9.116113185882568359e-03
1.083613514900207520e+00 -3.638885216787457466e-03 2.059287624433636665e-03 1.571524422615766525e-03 -3.293170593678951263e-04 -8.956543169915676117e-03
1.095374464988708496e+00 2.417022478766739368e-04 6.690341979265213013e-03 6.632055155932903290e-04 5.481427069753408432e-03 -8.701642043888568878e-03
1.101590991020202637e+00 -5.233017727732658386e-04 -1.037004031240940094e-02 1.179399783723056316e-03 1.126238517463207245e-02 -8.620539680123329163e-03
1.095227122306823730e+00 -4.814693704247474670e-03 1.514885015785694122e-02 2.045470988377928734e-03 7.901820354163646698e-03 -8.950793184340000153e-03
1.083058357238769531e+00 2.496925415471196175e-03 3.218922391533851624e-02 -4.230447113513946533e-03 -4.216673783957958221e-03 -8.951458148658275604e-03
1.070481538772583008e+00 2.589903073385357857e-03 1.594519801437854767e-02 -2.786746248602867126e-03 -1.279956288635730743e-02 -9.062735363841056824e-03
1.068626403808593750e+00 1.362095586955547333e-03 -2.053067320957779884e-03 1.243690028786659241e-03 -1.062599662691354752e-02 -9.093418717384338379e-03
1.079371213912963867e+00 2.233783947303891182e-03 2.675273455679416656e-03 -3.903775068465620279e-04 -1.168631482869386673e-03 -8.592766709625720978e-03
