1.149474382400512695e+00 -6.964142899960279465e-03 -1.379335531964898109e-03 4.457558097783476114e-04 2.377686178078874946e-04 -3.202064253855496645e-04
1.161513805389404297e+00 -1.095904968678951263e-03 -3.829639172181487083e-04 1.709713833406567574e-04 4.238923429511487484e-04 5.845021805725991726e-04
1.166727900505065918e+00 9.370936080813407898e-03 -5.240839906036853790e-03 -5.997709231451153755e-04 -1.643077121116220951e-05 4.785588826052844524e-04
1.179780721664428711e+00 6.262804381549358368e-03 -1.014542113989591599e-02 -8.442001999355852604e-04 -6.894634861964732409e-05 1.168475951999425888e-03
1.197112441062927246e+00 1.381872687488794327e-02 -1.671214029192924500e-02 -2.554817590862512589e-03 2.025176218012347817e-04 5.113063962198793888e-04
1.205563426017761230e+00 1.809510961174964905e-02 -1.226403843611478806e-02 -2.213175408542156219e-03 8.612115925643593073e-05 4.101097583770751953e-04
1.209951639175415039e+00 2.490448206663131714e-02 -1.235239469679072499e-04 -1.007745042443275452e-03 -7.938635535538196564e-04 6.279363296926021576e-04
1.295362353324890137e+00 3.265268728137016296e-02 -4.595134034752845764e-02 -8.769186213612556458e-03 -3.806640452239662409e-04 -6.102979532442986965e-04
1.432294130325317383e+00 3.016091696918010712e-02 -2.441774308681488037e-02 -5.645493511110544205e-03 -5.140113644301891327e-03 -9.868022054433822632e-03
1.400772929191589355e+00 -2.452872693538665771e-02 -5.526646599173545837e-02 -1.139076240360736847e-02 -3.970571327954530716e-03 -6.219428963959217072e-03
1.283820986747741699e+00 -1.032901648432016373e-02 6.754048168659210205e-03 -1.304259174503386021e-03 -3.049202496185898781e-03 -2.225467935204505920e-03
1.335062384605407715e+00 -2.188697271049022675e-02 -5.885324440896511078e-03 -3.034799126908183098e-03 -2.128952415660023689e-03 -8.602644666098058224e-04
1.317930221557617188e+00 -1.802121847867965698e-02 8.406093111261725426e-04 -1.852178829722106457e-03 -1.567872823216021061e-03 1.550259301438927650e-03
1.273970961570739746e+00 -3.359650447964668274e-02 2.338355220854282379e-02 2.763610798865556717e-03 9.416826069355010986e-04 9.214194491505622864e-03
1.323035717010498047e+00 -3.135244362056255341e-03 4.940371494740247726e-03 5.338407936505973339e-04 3.174601442879065871e-05 4.321327432990074158e-03
1.375577449798583984e+00 4.460310097783803940e-03 -5.410314770415425301e-04 2.375106996623799205e-04 -1.272356021218001842e-03 -1.727994764223694801e-03
1.305935621261596680e+00 4.793239291757345200e-03 -3.039434552192687988e-03 5.273100687190890312e-04 6.246242555789649487e-04 5.675793159753084183e-03
1.347890019416809082e+00 8.404033258557319641e-03 1.150483451783657074e-02 1.430639182217419147e-03 3.805923624895513058e-04 1.760731567628681660e-03
1.376857757568359375e+00 7.958742789924144745e-03 2.583781257271766663e-03 2.331804018467664719e-03 1.271783839911222458e-04 -5.830599693581461906e-04
1.364336848258972168e+00 1.075442042201757431e-02 5.993072409182786942e-03 1.263052108697593212e-03 3.490688686724752188e-04 -7.477922918042168021e-05
1.377087354660034180e+00 4.625211004167795181e-03 -4.164963960647583008e-03 -6.943725747987627983e-04 5.576447802013717592e-05 9.713125182315707207e-04
1.397300004959106445e+00 1.647539064288139343e-02 1.986937969923019409e-02 1.226340420544147491e-03 -1.862195204012095928e-04 8.751974091865122318e-04
1.410514473915100098e+00 1.664425618946552277e-02 7.309757173061370850e-03 -9.279770893044769764e-04 -6.639412604272365570e-04 1.507459091953933239e-04
1.409903764724731445e+00 -4.416232928633689880e-03 4.228963516652584076e-03 -4.876776947639882565e-04 1.053378946380689740e-04 2.798247151076793671e-04
1.429059386253356934e+00 -8.577437838539481163e-04 -6.836591288447380066e-03 6.610309355892241001e-04 3.904367040377110243e-04 5.858531803824007511e-04
1.444754958152770996e+00 1.179707236588001251e-03 1.146955695003271103e-02 -2.400472993031144142e-03 -3.586169332265853882e-04 3.075826680287718773e-04
1.469734072685241699e+00 3.364948090165853500e-03 -1.110241655260324478e-02 -1.052437815815210342e-03 -7.051957072690129280e-04 -1.108273514546453953e-03
1.472880482673645020e+00 -3.012178465723991394e-03 -3.775555640459060669e-03 -6.476860144175589085e-04 7.265069871209561825e-04 -3.335397341288626194e-04
1.490166306495666504e+00 1.601518015377223492e-03 -1.780444383621215820e-02 1.330465544015169144e-03 -8.446322171948850155e-04 6.756815710105001926e-04
1.501346111297607422e+00 -6.400075275450944901e-03 -1.035081036388874054e-02 3.263633698225021362e-04 -8.383565000258386135e-04 7.921395008452236652e-04
1.522153973579406738e+00 5.725717172026634216e-03 2.575038932263851166e-03 2.243898052256554365e-04 -9.457087144255638123e-04 1.508467976236715913e-04
1.458811998367309570e+00 2.577715087682008743e-03 2.264447044581174850e-03 1.024669618345797062e-03 -9.683435782790184021e-04 1.199850958073511720e-04
1.541778802871704102e+00 8.490617386996746063e-03 1.886444748379290104e-03 -1.123519265092909336e-03 -4.131000969209708273e-05 6.258795619942247868e-04
1.559894680976867676e+00 6.838633213192224503e-03 2.985750511288642883e-02 3.891036030836403370e-04 -2.140008582500740886e-04 -2.217832487076520920e-03
1.530229330062866211e+00 2.538994513452053070e-02 1.419918797910213470e-02 -3.618139307945966721e-04 -6.922922329977154732e-04 1.420709071680903435e-03
1.534811735153198242e+00 1.814856007695198059e-02 8.737047202885150909e-03 1.625496661290526390e-04 -2.641002938617020845e-04 -7.394754211418330669e-04
1.534378767013549805e+00 2.945597469806671143e-02 1.799750141799449921e-02 3.502966719679534435e-04 -9.633490117266774178e-04 -2.413092443021014333e-05
1.559180974960327148e+00 4.612898454070091248e-03 2.371622435748577118e-02 -8.822560193948447704e-04 3.459817089606076479e-04 -9.968501981347799301e-04
1.554624438285827637e+00 8.397574536502361298e-03 9.505231864750385284e-03 -1.386326155625283718e-03 -5.194907425902783871e-04 -1.012686989270150661e-03
1.568587660789489746e+00 1.072939671576023102e-02 8.567567914724349976e-03 -1.520247547887265682e-03 -3.573004505597054958e-04 -6.868172786198556423e-04
1.624178290367126465e+00 -3.007362037897109985e-02 6.345227826386690140e-03 -6.144727813079953194e-04 8.252538391388952732e-04 -2.391461050137877464e-03
1.568531394004821777e+00 1.571994461119174957e-02 1.505148364230990410e-03 6.315443897619843483e-04 8.190096705220639706e-04 4.452633729670196772e-04
1.626165390014648438e+00 8.758164942264556885e-03 7.091299630701541901e-04 -5.673521081916987896e-04 5.181577580515295267e-05 7.376790163107216358e-04
1.610730409622192383e+00 5.217996425926685333e-03 1.191541203297674656e-03 -4.183655255474150181e-05 -4.298091516830027103e-04 2.478364622220396996e-03
1.610543608665466309e+00 -4.450627136975526810e-03 6.943148095160722733e-03 -5.997705738991498947e-04 -1.490367110818624496e-03 2.952935465145856142e-04
1.636218190193176270e+00 2.384509518742561340e-02 -2.223116811364889145e-03 3.749080351553857327e-04 -7.481122738681733608e-04 -1.096384250558912754e-03
1.633962631225585938e+00 2.008772641420364380e-02 1.582181546837091446e-03 4.919545026496052742e-04 -5.793301970697939396e-04 1.192505078506655991e-04
1.641736268997192383e+00 4.958664998412132263e-03 9.185533970594406128e-03 4.752735840156674385e-04 -3.986385418102145195e-04 1.177126425318419933e-03
1.647597074508666992e+00 1.701451838016510010e-02 -7.915482274256646633e-04 7.667269674129784107e-04 -1.916524488478899002e-04 -4.139860684517771006e-04
1.652223467826843262e+00 3.051032312214374542e-03 1.296657882630825043e-02 6.698315264657139778e-04 2.000338397920131683e-03 1.074294093996286392e-03
1.648533344268798828e+00 -1.099540479481220245e-02 3.565327962860465050e-03 6.148159154690802097e-04 2.260744106024503708e-03 1.218946883454918861e-03
1.635773420333862305e+00 1.002269238233566284e-02 3.940156195312738419e-03 -5.665418575517833233e-04 -7.472747238352894783e-04 -1.178737031295895576e-03
1.648477792739868164e+00 2.915133535861968994e-02 1.624946482479572296e-02 9.959498420357704163e-04 6.790948100388050079e-04 2.035151468589901924e-03
1.658715128898620605e+00 1.058647967875003815e-02 9.888194501399993896e-03 9.985634824261069298e-04 3.392852377146482468e-03 3.691738937050104141e-03
1.690949559211730957e+00 1.195140462368726730e-02 -5.406093783676624298e-03 1.363307092105969787e-05 3.324221586808562279e-03 2.225674223154783249e-03
1.679047226905822754e+00 1.688812673091888428e-02 -2.087872708216309547e-03 5.659912130795419216e-04 7.517341291531920433e-04 3.114450722932815552e-03
1.734974741935729980e+00 3.305671969428658485e-03 -2.704044617712497711e-02 -9.554489224683493376e-05 4.358237143605947495e-03 1.821811078116297722e-03
1.709249496459960938e+00 1.145493332296609879e-02 1.849940628744661808e-03 8.301608613692224026e-04 7.738261483609676361e-04 1.070765079930424690e-03
1.788244128227233887e+00 1.431639306247234344e-02 -1.237179245799779892e-02 -6.706635467708110809e-04 -1.431165845133364201e-03 -1.349907252006232738e-04
1.805150389671325684e+00 2.767623215913772583e-02 -9.211760014295578003e-03 -1.310542458668351173e-03 -9.593020076863467693e-04 -6.466916762292385101e-03
1.592360734939575195e+00 2.861995249986648560e-02 8.491566777229309082e-02 9.132072329521179199e-03 3.045550838578492403e-04 3.125293180346488953e-03
1.772524476051330566e+00 -3.600772470235824585e-05 1.654159650206565857e-02 2.802554285153746605e-03 -7.983634714037179947e-04 -5.684957141056656837e-04
1.742623567581176758e+00 -4.529831930994987488e-02 4.062338918447494507e-02 4.211009480059146881e-03 1.319321105256676674e-03 1.853681984357535839e-03
1.692812442779541016e+00 -5.358279496431350708e-02 1.192889083176851273e-02 1.008064253255724907e-03 -1.107703079469501972e-03 6.561190821230411530e-03
1.696604490280151367e+00 6.752918940037488937e-03 2.631974965333938599e-02 6.690342561341822147e-04 -1.291876542381942272e-04 1.051910920068621635e-03
1.689945936203002930e+00 2.259556902572512627e-03 6.827434990555047989e-03 -1.866211532615125179e-04 -1.252135145477950573e-03 1.384405622957274318e-04
1.770285606384277344e+00 -2.138696424663066864e-02 3.185468167066574097e-02 1.064144656993448734e-03 1.665167976170778275e-03 3.638786729425191879e-03
1.735461473464965820e+00 1.843044534325599670e-03 2.224453166127204895e-02 8.314898586831986904e-04 3.970742109231650829e-04 9.297623764723539352e-04
1.819077014923095703e+00 -2.005451126024127007e-03 -2.123525924980640411e-02 -3.170521522406488657e-04 -2.059822902083396912e-03 -1.925694668898358941e-04
1.766493320465087891e+00 1.851451583206653595e-02 1.657868176698684692e-02 4.955889889970421791e-04 1.786536886356770992e-04 -8.394109318032860756e-04
1.739815235137939453e+00 1.587247662246227264e-02 6.507324054837226868e-03 5.437250365503132343e-04 1.263936981558799744e-03 7.912425207905471325e-04
2.230731964111328125e+00 -1.197902560234069824e-01 -5.891453102231025696e-02 -6.234485656023025513e-03 -2.106665051542222500e-04 -8.729373104870319366e-03
1.768358707427978516e+00 -7.476031780242919922e-03 -2.052344381809234619e-03 -8.891118923202157021e-04 1.212774077430367470e-03 1.966841751709580421e-03
1.769706130027770996e+00 -1.032911520451307297e-02 8.485341677442193031e-04 5.042016855441033840e-04 -2.348068228457123041e-04 9.262039675377309322e-04
1.771550059318542480e+00 -1.511301100254058838e-02 -7.713251747190952301e-03 -9.531471878290176392e-04 -4.406243679113686085e-04 2.048151800408959389e-03
1.800848245620727539e+00 -7.475411519408226013e-03 6.852011429145932198e-04 8.081570849753916264e-04 -7.219213293865323067e-04 2.659139689058065414e-03
1.784547924995422363e+00 -1.206320337951183319e-02 7.996303611434996128e-04 5.942200077697634697e-04 -1.328282873146235943e-03 2.138929208740592003e-03
1.798685789108276367e+00 -5.266460590064525604e-03 1.148360874503850937e-02 1.573814777657389641e-03 3.563195932656526566e-04 2.236168598756194115e-03
1.814484596252441406e+00 -3.418322419747710228e-03 5.945526994764804840e-03 7.848074310459196568e-04 7.100745569914579391e-04 2.151588443666696548e-03
1.828032374382019043e+00 1.660769456066191196e-03 1.045912224799394608e-02 -5.429594311863183975e-04 1.277969335205852985e-03 3.694517072290182114e-03
1.856400132179260254e+00 1.666205562651157379e-02 6.210072431713342667e-03 2.842152025550603867e-04 -6.326229777187108994e-04 2.956310752779245377e-03
1.832514047622680664e+00 2.800609916448593140e-02 2.892305143177509308e-03 -6.509070517495274544e-04 -2.668045926839113235e-04 4.177167080342769623e-03
1.870386719703674316e+00 2.017639018595218658e-02 1.611578464508056641e-02 7.176584913395345211e-04 6.238276546355336905e-05 1.156247686594724655e-03
1.859348177909851074e+00 2.654806710779666901e-02 -2.707088366150856018e-03 -5.499472608789801598e-04 -1.121912384405732155e-03 1.578729948960244656e-03
1.868603110313415527e+00 1.903063990175724030e-02 4.997964948415756226e-03 -6.595868617296218872e-04 -1.095073530450463295e-03 3.532310947775840759e-04
1.875265717506408691e+00 1.470938324928283691e-02 5.729385185986757278e-03 -1.305739278905093670e-03 -5.189207149669528008e-04 1.162722357548773289e-03
1.876861453056335449e+00 1.289052655920386314e-03 5.340929608792066574e-03 -1.068118843249976635e-03 -1.231421134434640408e-03 3.222392639145255089e-03
1.872960686683654785e+00 2.137327194213867188e-02 8.043907582759857178e-03 -7.922628428786993027e-04 -1.297345152124762535e-03 2.352867159061133862e-04
1.907257318496704102e+00 1.316005643457174301e-02 1.333366241306066513e-02 -3.254042239859700203e-04 -1.952509162947535515e-03 1.046226010657846928e-03
1.907187700271606445e+00 3.147253766655921936e-02 2.529859542846679688e-03 -7.079582428559660912e-04 -1.281153294257819653e-03 1.495588221587240696e-03
1.905609846115112305e+00 3.136613592505455017e-02 3.691239049658179283e-03 1.974304032046347857e-04 -6.884770700708031654e-04 2.477484289556741714e-03
1.928554296493530273e+00 1.597855240106582642e-02 1.303574256598949432e-02 1.141084358096122742e-04 -8.554668747819960117e-04 1.149871852248907089e-03
1.918113946914672852e+00 9.900041855871677399e-03 1.836189301684498787e-03 -6.377301760949194431e-04 -3.236712364014238119e-04 2.391987247392535210e-03
1.929684758186340332e+00 1.129754818975925446e-02 3.115443978458642960e-03 -6.798472022637724876e-04 -4.001903289463371038e-04 1.700672670267522335e-03
1.939925551414489746e+00 2.897900063544511795e-03 -1.274069771170616150e-03 -9.344336576759815216e-04 3.850478387903422117e-04 1.299323863349854946e-03
1.944107055664062500e+00 2.403715811669826508e-02 -2.841040259227156639e-03 -1.373646548017859459e-03 -3.577281313482671976e-04 1.828667824156582355e-03
1.965432763099670410e+00 2.227746509015560150e-02 5.508800037205219269e-03 -1.055560656823217869e-03 -6.994296563789248466e-05 2.427209168672561646e-03
1.985119342803955078e+00 -1.401147339493036270e-03 1.196217350661754608e-02 -1.509833964519202709e-03 -4.446498642209917307e-04 1.714716781862080097e-03
1.978744745254516602e+00 2.353994362056255341e-02 9.007588960230350494e-03 -9.944399353116750717e-04 1.398856402374804020e-04 3.296945942565798759e-03
1.972245454788208008e+00 2.914961427450180054e-02 -5.483697168529033661e-03 -1.865978993009775877e-04 -2.018158120336011052e-04 2.781064482405781746e-03
2.014646530151367188e+00 3.144117444753646851e-02 8.464003913104534149e-03 1.381944515742361546e-03 -1.017976203002035618e-03 3.489647060632705688e-03
1.967966437339782715e+00 2.042588777840137482e-02 8.968966081738471985e-03 1.881615840829908848e-03 -1.036015019053593278e-04 2.101148245856165886e-03
1.991237759590148926e+00 1.845201104879379272e-02 6.705336272716522217e-05 7.007401291048154235e-05 -1.054839929565787315e-03 1.166688743978738785e-03
2.005556583404541016e+00 1.918619312345981598e-02 1.211053505539894104e-02 -2.874479396268725395e-04 -7.480955682694911957e-04 4.263664130121469498e-03
2.005286455154418945e+00 2.089241892099380493e-02 -7.840900216251611710e-04 -2.489433391019701958e-04 -5.126668256707489491e-04 3.180723870173096657e-03
2.021306514739990234e+00 1.061693578958511353e-02 -1.828617416322231293e-02 -1.188694732263684273e-03 1.919754897244274616e-03 3.418707754462957382e-03
2.071402788162231445e+00 8.617658913135528564e-02 -2.069141156971454620e-02 -2.358508761972188950e-03 1.188197638839483261e-03 9.331765584647655487e-03
2.222486972808837891e+00 -2.576501294970512390e-02 -1.350553426891565323e-02 -3.064441960304975510e-03 -9.529201197437942028e-04 -4.633363336324691772e-03
1.964129805564880371e+00 -4.845336824655532837e-02 3.677713219076395035e-03 -8.156634867191314697e-04 -4.870356642641127110e-04 1.631001592613756657e-03
2.090811967849731445e+00 1.485117711126804352e-02 5.803328007459640503e-02 5.988415796309709549e-03 5.053760483860969543e-03 3.527136752381920815e-03
2.033404588699340820e+00 4.294510558247566223e-02 -4.360273480415344238e-03 -1.463175285607576370e-03 -2.018041850533336401e-04 4.528583958745002747e-03
2.051591157913208008e+00 3.899394534528255463e-03 -1.311218179762363434e-02 -3.772412426769733429e-03 1.640421221964061260e-03 6.722534541040658951e-03
2.177712440490722656e+00 -1.204116828739643097e-02 -5.608525499701499939e-02 -9.733802638947963715e-03 -3.525158390402793884e-03 9.294762276113033295e-03
2.089125871658325195e+00 -2.636950649321079254e-02 2.408006042242050171e-02 -1.476879348047077656e-03 3.945329226553440094e-04 -1.776146818883717060e-03
2.025393486022949219e+00 -1.820800080895423889e-02 2.252479642629623413e-02 -5.208671791478991508e-04 1.689404831267893314e-03 5.565524101257324219e-03
2.035848855972290039e+00 -2.956163324415683746e-02 5.258602276444435120e-02 7.233142852783203125e-03 6.713169161230325699e-03 7.424183189868927002e-03
2.030930995941162109e+00 -4.130424000322818756e-03 -1.949413679540157318e-03 8.274599676951766014e-04 1.089241239242255688e-03 5.607252009212970734e-03
2.056694984436035156e+00 2.035642974078655243e-04 -7.857471704483032227e-03 5.378736532293260098e-04 -8.524688018951565027e-05 4.767521284520626068e-03
2.018099069595336914e+00 8.918892592191696167e-03 9.400320239365100861e-03 -1.712669269181787968e-03 -9.947819635272026062e-04 3.239893354475498199e-03
2.056811332702636719e+00 1.119923591613769531e-02 2.191384322941303253e-02 8.221390889957547188e-04 6.425632163882255554e-04 2.809245605021715164e-03
2.041831254959106445e+00 9.663555771112442017e-03 1.377103477716445923e-02 -2.302128821611404419e-03 5.474749486893415451e-04 8.449723827652633190e-04
2.079382658004760742e+00 2.432301826775074005e-02 2.323805727064609528e-02 -1.423742651240900159e-04 1.728707575239241123e-03 3.430478740483522415e-03
2.085727691650390625e+00 9.536649100482463837e-03 1.027315668761730194e-02 -1.910607679747045040e-03 -8.755164162721484900e-05 2.270602853968739510e-03
2.104506015777587891e+00 1.852926239371299744e-02 1.079952577129006386e-03 -5.981489084661006927e-04 -2.162791555747389793e-03 -5.094598745927214622e-04
2.104204177856445312e+00 1.346880663186311722e-02 6.517837755382061005e-03 6.989492103457450867e-04 -1.255817827768623829e-03 1.123474794439971447e-03
2.105586528778076172e+00 2.645229548215866089e-02 -2.120509976521134377e-03 3.321692347526550293e-04 -1.082113594748079777e-03 2.940800506621599197e-03
2.133921146392822266e+00 2.334976010024547577e-02 5.992285441607236862e-03 1.671234145760536194e-03 -1.268776715733110905e-03 1.400502980686724186e-03
2.126350879669189453e+00 2.863941900432109833e-02 1.199354790151119232e-02 7.191551267169415951e-04 2.217370929429307580e-04 1.992532517760992050e-03
2.145581245422363281e+00 2.114970982074737549e-02 7.700414862483739853e-03 -9.766372386366128922e-04 -8.343601366505026817e-04 4.309503827244043350e-03
2.119287729263305664e+00 -2.193363383412361145e-03 1.810083538293838501e-02 2.899928367696702480e-04 -9.187016403302550316e-04 3.602488199248909950e-03
2.156943321228027344e+00 6.055913399904966354e-03 -2.221462083980441093e-03 -1.277901930734515190e-03 -2.661041216924786568e-04 -2.760678180493414402e-04
2.113611459732055664e+00 9.423881769180297852e-03 2.257694024592638016e-03 6.494116969406604767e-04 1.602473639650270343e-05 3.318405942991375923e-03
2.114722013473510742e+00 2.282596938312053680e-02 4.217338748276233673e-03 -5.595305119641125202e-04 -1.274311216548085213e-03 5.149412434548139572e-03
2.121939420700073242e+00 1.305125653743743896e-02 5.108390003442764282e-03 2.358253346756100655e-03 -3.521433798596262932e-03 4.254833329468965530e-03
2.137380599975585938e+00 -7.987171411514282227e-04 1.359023619443178177e-02 5.916871596127748489e-04 -8.508074097335338593e-04 5.180445965379476547e-03
2.152116060256958008e+00 2.339078858494758606e-02 1.314031146466732025e-02 1.669608289375901222e-03 1.670144731178879738e-03 6.030253134667873383e-03
2.142833948135375977e+00 2.906230092048645020e-02 1.467365585267543793e-02 -5.559733253903687000e-04 -4.954450414516031742e-04 5.217522382736206055e-03
2.136375427246093750e+00 1.614818349480628967e-02 7.330037653446197510e-03 -1.307071070186793804e-03 4.502892843447625637e-04 5.314339417964220047e-03
2.175991773605346680e+00 2.862215787172317505e-02 3.068534843623638153e-02 -1.375799649395048618e-03 8.564507588744163513e-04 4.140969831496477127e-03
2.149713993072509766e+00 1.709311828017234802e-02 9.763811714947223663e-03 -2.382075472269207239e-04 6.898921128595247865e-05 2.179136732593178749e-03
2.154214859008789062e+00 2.934187278151512146e-02 -3.108699806034564972e-03 -5.397996210376732051e-05 -6.199454073794186115e-04 8.145284838974475861e-03
2.177925825119018555e+00 3.975209593772888184e-02 -5.679233931005001068e-03 5.507626920007169247e-04 -1.810699352063238621e-03 8.453842019662261009e-04
2.160957336425781250e+00 4.738792777061462402e-03 8.700747974216938019e-03 -5.829662550240755081e-04 8.294284925796091557e-04 2.842778107151389122e-03
2.165001392364501953e+00 1.330482214689254761e-02 6.562559865415096283e-03 5.678595625795423985e-04 -4.500937648117542267e-04 1.720201107673346996e-03
2.149616718292236328e+00 9.415464475750923157e-03 1.120508555322885513e-02 1.164507353678345680e-03 -6.920620216988027096e-04 1.245978637598454952e-06
2.137674093246459961e+00 1.427170913666486740e-02 1.580214127898216248e-02 1.245950115844607353e-03 1.335665001533925533e-04 1.177691272459924221e-03
2.158168554306030273e+00 -1.147420145571231842e-02 1.035674847662448883e-02 -4.605991998687386513e-04 2.318751299753785133e-03 -1.308585051447153091e-03
2.175775289535522461e+00 -2.587619051337242126e-02 -1.301145832985639572e-02 -4.976270720362663269e-04 -7.107197889126837254e-04 4.580335807986557484e-04
2.189891815185546875e+00 -2.320433780550956726e-02 7.891903631389141083e-03 -7.748559000901877880e-04 -1.272277557291090488e-03 8.845333941280841827e-04
2.222072839736938477e+00 1.112477947026491165e-02 1.539797149598598480e-02 -9.515510755591094494e-04 7.549990550614893436e-04 1.902850490296259522e-04
2.216686964035034180e+00 -1.015841960906982422e-02 2.708830870687961578e-03 -3.404404560569673777e-04 -1.079681314877234399e-04 2.395136281847953796e-03
2.221097230911254883e+00 1.757121412083506584e-03 1.684315688908100128e-02 9.502252942183986306e-05 1.610227511264383793e-03 8.441474346909672022e-05
2.155226945877075195e+00 3.854078426957130432e-02 7.846350781619548798e-03 1.409759745001792908e-03 -3.688530996441841125e-04 4.417737480252981186e-03
2.184211969375610352e+00 2.110029570758342743e-02 2.662950754165649414e-02 -1.171175274066627026e-03 -2.140553202480077744e-03 1.298065530136227608e-03
2.184348344802856445e+00 2.863821759819984436e-02 1.710495352745056152e-02 -1.859993906691670418e-03 7.880421471782028675e-04 1.636001165024936199e-03
2.179679870605468750e+00 3.399504721164703369e-02 8.138432167470455170e-03 -4.577569779939949512e-04 -5.475018988363444805e-04 2.619865583255887032e-03
2.233120441436767578e+00 3.107711300253868103e-02 1.466490700840950012e-02 -1.018580864183604717e-03 -1.649441983317956328e-04 8.946515154093503952e-04
2.250577688217163086e+00 2.912661619484424591e-02 3.480801731348037720e-02 2.795597072690725327e-03 -1.671787700615823269e-03 1.327964360825717449e-03
2.234725713729858398e+00 2.020649239420890808e-02 1.975161954760551453e-02 1.414485275745391846e-03 1.178749953396618366e-03 5.963254952803254128e-04
2.255051374435424805e+00 1.418228074908256531e-02 9.331502951681613922e-04 9.802907006815075874e-04 2.451890613883733749e-04 7.829229580238461494e-04
2.232605457305908203e+00 -9.653787128627300262e-04 -4.714946728199720383e-03 2.200830029323697090e-03 -7.181748514994978905e-04 2.493968466296792030e-03
2.219990491867065430e+00 5.920347757637500763e-03 4.654787015169858932e-03 2.290591364726424217e-03 -1.405737421009689569e-04 3.125427057966589928e-03
2.210419654846191406e+00 1.267551071941852570e-02 2.403265051543712616e-02 -4.069117858307436109e-05 -1.112950034439563751e-03 2.388468710705637932e-03
2.211716651916503906e+00 3.576273098587989807e-02 3.315959591418504715e-03 -1.151713775470852852e-03 -2.735518617555499077e-03 3.954649437218904495e-03
2.233054876327514648e+00 3.266029059886932373e-02 4.558992106467485428e-03 -1.456900150515139103e-03 1.939091744134202600e-04 9.046531631611287594e-04
2.236781120300292969e+00 7.934945635497570038e-03 6.412064190953969955e-03 3.464330220595002174e-04 -4.594853380694985390e-04 2.999024232849478722e-03
2.241037845611572266e+00 2.122347429394721985e-02 1.288225315511226654e-02 1.633568550460040569e-03 -8.089782204478979111e-04 4.647001624107360840e-03
2.217934846878051758e+00 2.712633833289146423e-02 1.338743697851896286e-02 -1.941150054335594177e-03 5.110925994813442230e-04 3.824138548225164413e-03
2.264728784561157227e+00 7.178620435297489166e-03 1.767225004732608795e-02 4.801069153472781181e-04 -7.566397543996572495e-04 4.839374218136072159e-03
2.196823120117187500e+00 1.341586001217365265e-02 7.971642538905143738e-03 -5.199359729886054993e-04 -5.719036562368273735e-04 2.788116922602057457e-03
2.292248249053955078e+00 1.322029624134302139e-03 2.260619401931762695e-02 -1.687583135208114982e-04 1.300190808251500130e-03 4.818372428417205811e-03
2.247699975967407227e+00 5.442543420940637589e-03 2.416139282286167145e-02 -1.586491358466446400e-03 2.212835242971777916e-03 5.212619435042142868e-03
2.262769222259521484e+00 -2.100977301597595215e-02 1.399186253547668457e-02 -1.997105544432997704e-03 -1.063062925823032856e-03 5.501539446413516998e-03
2.227166414260864258e+00 2.746168756857514381e-03 2.481965115293860435e-03 -1.979063235921785235e-04 -9.204340167343616486e-04 3.730554599314928055e-03
2.245547533035278320e+00 -1.134289614856243134e-02 1.635235175490379333e-02 1.225298969075083733e-03 -1.103935297578573227e-03 3.743614535778760910e-03
2.237832546234130859e+00 1.704043522477149963e-02 1.392619218677282333e-02 -4.410741385072469711e-04 1.337663852609694004e-04 4.332096315920352936e-03
2.212882757186889648e+00 9.270954877138137817e-03 1.342310942709445953e-02 6.070476956665515900e-04 -4.224149743095040321e-04 2.199266105890274048e-03
2.250922918319702148e+00 2.037635073065757751e-02 5.212862510234117508e-03 -2.059775404632091522e-03 -7.899029878899455070e-05 3.860214026644825935e-03
2.247288942337036133e+00 2.333315834403038025e-02 2.106153964996337891e-02 1.341550843790173531e-03 2.152136061340570450e-03 2.507506171241402626e-03
2.223743677139282227e+00 9.740056470036506653e-03 1.156126707792282104e-02 7.774279802106320858e-04 -7.555734482593834400e-04 1.735250407364219427e-04
2.251794338226318359e+00 1.021085027605295181e-02 -1.709147007204592228e-03 2.968050830531865358e-04 5.741425411542877555e-06 9.825492743402719498e-04
2.293509721755981445e+00 2.011840790510177612e-02 1.131337485276162624e-03 -1.032545842463150620e-04 2.437739400193095207e-03 2.479590242728590965e-03
2.250430345535278320e+00 1.244507380761206150e-03 -1.151034794747829437e-02 2.472514170221984386e-04 -4.162133554928004742e-04 1.005538273602724075e-03
2.282765150070190430e+00 5.101067479699850082e-03 5.986313335597515106e-03 2.105275052599608898e-05 -1.584284182172268629e-04 3.198861377313733101e-03
2.282147884368896484e+00 -3.090679086744785309e-02 1.993166655302047729e-02 1.027072721626609564e-04 -8.365054964087903500e-05 3.289904911071062088e-03
