1.149365186691284180e+00 -5.872236564755439758e-03 -6.799068069085478783e-04 5.603109020739793777e-04 2.173723769374191761e-04 1.290815998800098896e-04
1.165303826332092285e+00 7.705168100073933601e-04 2.037088997894898057e-04 4.315308178775012493e-04 3.825871681328862906e-04 -2.702610509004443884e-04
1.164903163909912109e+00 1.682877540588378906e-02 -4.639643710106611252e-03 -3.379214613232761621e-04 -5.999128188705071807e-05 1.214448711834847927e-03
1.181642174720764160e+00 7.976679131388664246e-03 -8.199029602110385895e-03 -6.684866966679692268e-04 -1.576632785145193338e-04 7.906174287199974060e-04
1.195329070091247559e+00 1.644947566092014313e-02 -5.952302366495132446e-03 -1.088754041120409966e-03 -6.981512706261128187e-05 7.700190762989223003e-04
1.204034447669982910e+00 2.112923935055732727e-02 -4.249327816069126129e-03 -7.886039093136787415e-04 -6.285255658440291882e-04 2.406043058726936579e-04
1.199881553649902344e+00 1.775550469756126404e-02 3.667352953925728798e-03 -3.663070383481681347e-04 -1.115181017667055130e-03 3.254891780670732260e-04
1.294741272926330566e+00 2.634876221418380737e-02 -7.731771469116210938e-02 -1.363513339310884476e-02 -9.998624445870518684e-04 -5.857130745425820351e-04
1.232922434806823730e+00 -1.979058235883712769e-02 -4.129421431571245193e-03 -2.588837407529354095e-03 -1.504595857113599777e-03 5.690240068361163139e-04
1.250208139419555664e+00 5.505275912582874298e-03 1.137496717274188995e-02 2.141469740308821201e-04 -1.819198019802570343e-03 1.114176469855010509e-03
1.257119178771972656e+00 6.914651487022638321e-03 6.988895125687122345e-03 -1.096982858143746853e-03 -2.618097700178623199e-03 -5.708322860300540924e-04
1.306678891181945801e+00 -1.100945193320512772e-02 -1.611945964395999908e-02 -4.571727477014064789e-03 -1.924001146107912064e-03 2.467439975589513779e-03
1.324287891387939453e+00 -2.020562067627906799e-03 3.218255471438169479e-03 -1.422725617885589600e-03 -1.134379766881465912e-03 1.043597003445029259e-04
1.310795545578002930e+00 6.925769150257110596e-03 6.698930636048316956e-03 2.225446514785289764e-04 -6.725856219418346882e-04 2.715224400162696838e-03
1.333187937736511230e+00 5.801759660243988037e-03 2.128593856468796730e-03 1.510191941633820534e-05 -7.140133675420656800e-05 3.011106746271252632e-03
1.353213071823120117e+00 3.594447858631610870e-03 6.904684938490390778e-03 1.414612866938114166e-03 -3.856556140817701817e-04 -1.044151955284178257e-03
1.353243470191955566e+00 5.506689194589853287e-03 -4.601117223501205444e-03 6.948825903236865997e-04 9.680639486759901047e-04 -1.292941509746015072e-03
1.343341112136840820e+00 1.237439550459384918e-02 1.439619157463312149e-02 1.433680532500147820e-03 3.570456756278872490e-04 6.913166726008057594e-05
1.366688251495361328e+00 1.966670341789722443e-02 -2.676291856914758682e-03 1.683552633039653301e-03 -1.160859828814864159e-04 -8.533897344022989273e-04
1.369087576866149902e+00 1.210867334157228470e-02 6.240334827452898026e-03 1.495461212471127510e-03 5.531867500394582748e-04 -5.681018228642642498e-04
1.381294012069702148e+00 9.622763842344284058e-03 -5.325451493263244629e-03 -7.187348091974854469e-04 4.707594052888453007e-04 2.872119075618684292e-04
1.394906520843505859e+00 1.038060151040554047e-02 2.365974709391593933e-02 1.435687532648444176e-03 1.788187946658581495e-04 3.666065167635679245e-04
1.407260894775390625e+00 1.596827991306781769e-02 8.122158236801624298e-03 -7.861632620915770531e-04 1.289960928261280060e-04 5.866129649803042412e-04
1.404621481895446777e+00 -6.643230561167001724e-03 -1.192069891840219498e-02 -1.555438502691686153e-03 5.933948559686541557e-04 9.181636269204318523e-04
1.432195663452148438e+00 -2.526497701182961464e-04 -7.243636995553970337e-03 9.027993073686957359e-04 5.218761507421731949e-04 2.388143329881131649e-04
1.439905047416687012e+00 -1.833989284932613373e-03 9.972859174013137817e-03 -2.302466658875346184e-03 -8.384865941479802132e-04 7.676602108404040337e-04
1.469215035438537598e+00 2.912558382377028465e-03 -6.602864712476730347e-03 -1.379491994157433510e-03 -1.474175951443612576e-05 -1.011310610920190811e-03
1.478047966957092285e+00 1.634706277400255203e-04 -3.597121918573975563e-03 -2.045942819677293301e-04 8.214853005483746529e-04 -1.071156584657728672e-03
1.497797608375549316e+00 2.480182563886046410e-03 -1.780016161501407623e-02 2.020512241870164871e-03 -7.283972227014601231e-04 -5.080303526483476162e-04
1.509279012680053711e+00 -3.959462977945804596e-03 -9.113790467381477356e-03 1.996252540266141295e-04 -6.089920643717050552e-04 -8.618726860731840134e-05
1.524250388145446777e+00 5.911366548389196396e-03 -1.002285629510879517e-03 -1.140683307312428951e-04 -1.202507759444415569e-03 1.350333914160728455e-04
1.469485878944396973e+00 1.765797380357980728e-03 1.922216732054948807e-03 6.808018661104142666e-04 -4.726989718619734049e-04 9.768613381311297417e-04
1.529853105545043945e+00 6.749282591044902802e-03 3.300422104075551033e-03 -6.991751724854111671e-04 -2.285843220306560397e-04 4.759236762765794992e-04
1.559711575508117676e+00 6.595067679882049561e-03 3.594708442687988281e-02 6.371904164552688599e-04 -1.542818790767341852e-05 -2.196467481553554535e-03
1.528359532356262207e+00 2.237648516893386841e-02 2.873473241925239563e-02 7.433188147842884064e-04 -5.848666187375783920e-04 1.226132735610008240e-04
1.530561208724975586e+00 1.809270121157169342e-02 1.102012582123279572e-02 -3.659827634692192078e-04 1.059645001078024507e-05 -6.018996937200427055e-04
1.534381628036499023e+00 2.838497608900070190e-02 1.948655955493450165e-02 3.831603098660707474e-04 -1.688805175945162773e-03 6.226438563317060471e-05
1.561921119689941406e+00 4.225750453770160675e-03 2.686622552573680878e-02 -5.439432570710778236e-04 6.350287003442645073e-05 -1.701786182820796967e-03
1.562766909599304199e+00 1.153699122369289398e-02 8.038690313696861267e-03 -1.314718625508248806e-03 -6.051812670193612576e-05 -7.069029379636049271e-04
1.558000922203063965e+00 1.647903956472873688e-02 7.461868226528167725e-03 -1.713530044071376324e-03 -1.284832833334803581e-04 -1.955011393874883652e-04
1.577676534652709961e+00 2.726900391280651093e-02 -1.222957624122500420e-03 -1.277939882129430771e-03 1.483440137235447764e-04 -9.971017716452479362e-04
1.576720595359802246e+00 9.359161369502544403e-03 7.929767481982707977e-03 -3.611835418269038200e-04 7.846200605854392052e-04 3.426191979087889194e-04
1.599341630935668945e+00 -5.689238663762807846e-03 1.206878013908863068e-02 -9.931378008332103491e-05 -7.893849397078156471e-05 -1.111699384637176991e-05
1.613552451133728027e+00 1.157130766659975052e-02 2.438588766381144524e-03 4.156041541136801243e-04 -6.665042601525783539e-04 2.244458999484777451e-03
1.609158873558044434e+00 -2.602341817691922188e-03 5.215300247073173523e-03 -7.507691625505685806e-04 -1.231274101883172989e-03 6.888083298690617085e-04
1.643794655799865723e+00 2.883441187441349030e-02 -1.499282661825418472e-03 4.885119851678609848e-04 -5.163295427337288857e-04 -1.423294888809323311e-03
1.640284776687622070e+00 2.148046717047691345e-02 2.993367146700620651e-03 4.042232467327266932e-04 -4.580794484354555607e-04 6.398506957339122891e-05
1.647575378417968750e+00 1.664440333843231201e-02 1.351653225719928741e-02 6.264558760449290276e-04 -7.188873714767396450e-04 5.580089055001735687e-05
1.647033214569091797e+00 2.116149291396141052e-03 -2.969919703900814056e-03 7.092980085872113705e-04 2.470533363521099091e-04 1.902214717119932175e-05
1.625323534011840820e+00 1.636350713670253754e-02 1.751213520765304565e-02 1.026320969685912132e-04 1.137404469773173332e-03 1.269749249331653118e-03
1.657033801078796387e+00 -2.096484601497650146e-02 1.022217096760869026e-03 1.905999379232525826e-04 1.129776239395141602e-03 8.102059946395456791e-04
1.647291302680969238e+00 2.925934270024299622e-03 3.072312567383050919e-03 6.385655433405190706e-05 -7.802231702953577042e-04 2.709039254114031792e-04
1.652673244476318359e+00 2.310298755764961243e-02 1.508948672562837601e-02 1.771478448063135147e-03 1.159907551482319832e-03 2.390829380601644516e-03
1.656969070434570312e+00 6.173875182867050171e-03 5.703579168766736984e-03 3.314855275675654411e-04 1.933938590809702873e-03 3.653190331533551216e-03
1.686819791793823242e+00 4.253959283232688904e-03 -3.130374010652303696e-03 1.511995797045528889e-04 2.286977833136916161e-03 2.819853601977229118e-03
1.680902481079101562e+00 1.388317812234163284e-02 -2.000901382416486740e-03 8.522018324583768845e-04 7.174337515607476234e-04 2.479175105690956116e-03
1.702566385269165039e+00 -2.260574605315923691e-03 -1.114681083709001541e-02 5.900631658732891083e-04 2.299346495419740677e-03 3.857840085402131081e-03
1.686982631683349609e+00 1.903853937983512878e-02 4.266514442861080170e-03 1.046645571477711201e-03 5.565647734329104424e-04 4.206245765089988708e-03
1.700230956077575684e+00 3.731231391429901123e-02 -8.416349999606609344e-03 9.486473863944411278e-04 -1.107968855649232864e-03 2.259122673422098160e-03
1.716922402381896973e+00 1.541269291192293167e-02 -4.381476901471614838e-03 -8.134161471389234066e-04 -1.354119507595896721e-03 3.722768742591142654e-04
1.764794349670410156e+00 6.815919186919927597e-03 2.886537928134202957e-03 9.469655342400074005e-04 -1.058943802490830421e-03 -2.640977967530488968e-03
1.753684401512145996e+00 2.532299607992172241e-02 5.691852420568466187e-04 3.741132095456123352e-04 -3.662773524411022663e-04 -6.002841400913894176e-04
1.735858321189880371e+00 7.211093325167894363e-03 1.623382791876792908e-02 2.836772240698337555e-03 -6.542706978507339954e-05 1.018692506477236748e-03
1.686089515686035156e+00 -5.556546151638031006e-03 1.443541981279850006e-02 1.568936393596231937e-03 7.203304558061063290e-04 6.090595852583646774e-03
1.707442402839660645e+00 6.426254287362098694e-03 1.430394500494003296e-02 -5.362789379432797432e-04 -1.468088827095925808e-03 1.573612098582088947e-03
1.686811923980712891e+00 -3.649793565273284912e-03 -3.740023821592330933e-04 -8.135859388858079910e-05 -1.166195492260158062e-03 8.691120892763137817e-04
1.730926871299743652e+00 1.698758453130722046e-02 1.805220730602741241e-02 9.017867268994450569e-04 7.544418913312256336e-04 3.445441601797938347e-03
1.740908265113830566e+00 1.144555583596229553e-02 3.281538188457489014e-02 1.239067525602877140e-03 1.392412814311683178e-03 1.209629466757178307e-03
1.750089049339294434e+00 1.756686531007289886e-02 2.784834243357181549e-03 1.529776141978800297e-03 -1.327672624029219151e-03 1.217946293763816357e-03
1.746980071067810059e+00 -1.167290611192584038e-03 1.772583648562431335e-02 6.473793764598667622e-04 -1.415087172063067555e-05 -1.531524321762844920e-04
1.730800867080688477e+00 1.873718574643135071e-02 4.344762302935123444e-03 2.208817168138921261e-04 1.426321221515536308e-03 9.707879507914185524e-04
1.766943454742431641e+00 -8.144081570208072662e-03 -2.310317568480968475e-02 -3.831674112007021904e-04 -5.301071796566247940e-04 5.094656953588128090e-04
1.764602661132812500e+00 -1.159709226340055466e-02 -8.007757365703582764e-03 -1.581487944349646568e-03 -2.487037563696503639e-04 3.033178159967064857e-03
1.772258281707763672e+00 -1.021517533808946609e-02 -3.860129043459892273e-03 -2.507248136680573225e-04 -1.110000885091722012e-04 1.109392498619854450e-03
1.771677851676940918e+00 -2.695639058947563171e-02 -1.363466493785381317e-02 -1.058163237757980824e-03 -3.092767437919974327e-04 3.216093406081199646e-03
1.791459321975708008e+00 -1.471150666475296021e-02 4.683932289481163025e-03 -5.496158264577388763e-04 -2.230829559266567230e-04 2.836552215740084648e-03
1.781765818595886230e+00 -2.068583294749259949e-02 2.633448923006653786e-03 -3.823503502644598484e-04 -1.328889513388276100e-03 2.534829778596758842e-03
1.792999029159545898e+00 -9.918391704559326172e-03 9.928249754011631012e-03 1.383987721055746078e-03 -6.855858373455703259e-05 2.416234929114580154e-03
1.811349153518676758e+00 -4.250803031027317047e-03 3.320057410746812820e-03 1.056519453413784504e-03 3.896970010828226805e-04 2.966950880363583565e-03
1.812749624252319336e+00 1.636307337321341038e-03 1.089339517056941986e-02 -9.062917088158428669e-04 8.391176233999431133e-04 3.753355704247951508e-03
1.836714744567871094e+00 1.134383678436279297e-02 1.692187041044235229e-02 1.549237291328608990e-03 1.499141217209398746e-05 4.591057542711496353e-03
1.827545881271362305e+00 2.433295175433158875e-02 -5.986997857689857483e-04 -8.155998075380921364e-04 -5.833216710016131401e-04 4.495684523135423660e-03
1.858092665672302246e+00 2.438434027135372162e-02 9.746111929416656494e-03 2.272371057188138366e-04 -2.214984269812703133e-04 1.186294946819543839e-03
1.855055212974548340e+00 3.288372978568077087e-02 -3.855913411825895309e-03 -3.021703741978853941e-04 -1.212881179526448250e-03 2.246720250695943832e-03
1.863319158554077148e+00 2.350457385182380676e-02 4.771381150931119919e-03 -6.559010944329202175e-04 -1.148440409451723099e-03 1.366087934002280235e-03
1.878479242324829102e+00 2.368060126900672913e-02 4.728660918772220612e-03 -1.451861346140503883e-03 -1.326354977209120989e-04 9.970659157261252403e-04
1.883496761322021484e+00 1.213302928954362869e-02 7.849223911762237549e-04 -1.356951310299336910e-03 -1.682081143371760845e-03 3.342314623296260834e-03
1.871156215667724609e+00 1.752043701708316803e-02 1.222083717584609985e-02 -2.778824127744883299e-04 -1.419288571923971176e-03 1.341431634500622749e-03
1.904582381248474121e+00 1.321594789624214172e-02 9.896228089928627014e-03 -7.266680477187037468e-04 -1.824112376198172569e-03 1.333049731329083443e-03
1.930231451988220215e+00 1.655173301696777344e-02 5.368457175791263580e-03 -6.554338033311069012e-04 -1.730276737362146378e-03 1.455432735383510590e-03
1.923702120780944824e+00 1.824735850095748901e-02 9.980778209865093231e-03 5.930145271122455597e-04 -9.265305707231163979e-04 3.048026701435446739e-03
1.911493778228759766e+00 1.866513118147850037e-02 7.650122977793216705e-03 -2.060053084278479218e-04 -3.414474776946008205e-04 1.540426630526781082e-03
1.915120601654052734e+00 8.279696106910705566e-03 2.360660117119550705e-03 -9.683944517746567726e-04 -5.773518350906670094e-04 3.093002131208777428e-03
1.935508728027343750e+00 1.429434213787317276e-02 1.314272265881299973e-02 1.085298135876655579e-04 -1.079795416444540024e-03 1.562034012749791145e-03
1.927056312561035156e+00 -1.349673606455326080e-03 3.176399040967226028e-04 -6.748011219315230846e-04 3.442921733949333429e-04 1.937702298164367676e-03
1.943048954010009766e+00 2.168619260191917419e-02 -3.905871184542775154e-03 -1.353367697447538376e-03 -4.582013352774083614e-04 2.138825599104166031e-03
1.976506114006042480e+00 1.643137633800506592e-02 6.659697741270065308e-03 -1.219295896589756012e-03 1.526807318441569805e-05 2.228051424026489258e-03
1.986200094223022461e+00 -5.400928668677806854e-03 1.658877171576023102e-02 -1.592584769241511822e-03 -5.163736641407012939e-04 2.338931895792484283e-03
1.975022435188293457e+00 3.260030597448348999e-02 9.181629866361618042e-03 -1.121429493650794029e-03 3.079586313106119633e-04 3.125731367617845535e-03
1.969820261001586914e+00 9.553583338856697083e-03 -9.811666794121265411e-03 -3.857330302707850933e-04 -3.434102400206029415e-04 3.031557425856590271e-03
2.015659093856811523e+00 4.212819784879684448e-02 1.016433071345090866e-02 1.405553193762898445e-03 -1.070518279448151588e-03 4.127173684537410736e-03
1.960901141166687012e+00 2.216242440044879913e-02 8.371983654797077179e-03 1.933109015226364136e-03 -1.071861712262034416e-03 2.572982804849743843e-03
1.991221427917480469e+00 2.385578863322734833e-02 -4.742309451103210449e-03 -3.718996886163949966e-04 -1.584106939844787121e-03 1.026997575536370277e-03
2.005991697311401367e+00 1.558136381208896637e-02 1.113023702055215836e-02 -3.414659586269408464e-04 -9.524623164907097816e-04 4.770523868501186371e-03
1.997453927993774414e+00 1.822436600923538208e-02 2.073524985462427139e-03 2.589242067188024521e-04 -6.662762025371193886e-04 3.264950588345527649e-03
2.000653743743896484e+00 2.194681577384471893e-02 -6.969395093619823456e-03 3.107258817180991173e-04 1.356736407615244389e-03 3.929216414690017700e-03
2.027394294738769531e+00 1.941830292344093323e-02 -2.660429105162620544e-03 -6.932681426405906677e-04 -3.670293372124433517e-04 7.028346415609121323e-03
2.008105039596557617e+00 -2.317838929593563080e-02 4.488118458539247513e-03 -1.313296146690845490e-03 3.202845691703259945e-04 2.522092545405030251e-03
1.990859270095825195e+00 1.363960839807987213e-02 7.917255163192749023e-03 4.758533323183655739e-04 -4.874396254308521748e-04 1.978678395971655846e-03
2.073049068450927734e+00 2.831866964697837830e-02 2.319999039173126221e-03 -1.161605585366487503e-03 2.407515188679099083e-03 5.606516264379024506e-03
2.039440393447875977e+00 3.752528876066207886e-02 -5.693330895155668259e-04 -1.065623713657259941e-03 -5.368228303268551826e-04 4.279568791389465332e-03
2.041044473648071289e+00 1.679263450205326080e-02 -5.840854719281196594e-04 -2.306555397808551788e-03 5.181097658351063728e-04 6.936470512300729752e-03
2.029376506805419922e+00 2.140667289495468140e-03 1.112649030983448029e-02 -1.028056140057742596e-04 -5.347686819732189178e-04 8.185212500393390656e-03
2.057500600814819336e+00 1.375676412135362625e-02 1.692758500576019287e-02 -8.125541498884558678e-04 -2.470517065376043320e-04 2.031262032687664032e-03
2.015460014343261719e+00 2.567917108535766602e-04 2.298265323042869568e-02 -1.362329348921775818e-04 2.045568544417619705e-03 4.295176360756158829e-03
2.042562246322631836e+00 -1.681268028914928436e-02 5.750719457864761353e-02 9.475897066295146942e-03 6.367466412484645844e-03 7.483921479433774948e-03
2.030381202697753906e+00 -1.413965318351984024e-02 8.924003690481185913e-03 8.126982720568776131e-05 3.132654353976249695e-03 9.759403765201568604e-03
2.061512947082519531e+00 -9.196249768137931824e-03 -6.073549389839172363e-03 4.734971153084188700e-04 -2.969377674162387848e-04 6.556145381182432175e-03
2.003474950790405273e+00 8.326569572091102600e-03 7.356696296483278275e-03 -2.217178000137209892e-03 -1.609182218089699745e-04 4.785615019500255585e-03
2.044582843780517578e+00 2.906674519181251526e-02 2.953940629959106445e-02 8.426027488894760609e-04 1.718670595437288284e-03 3.521388163790106773e-03
2.024264574050903320e+00 1.451701112091541290e-02 2.324496023356914520e-02 -3.727658651769161224e-03 6.066514179110527039e-04 1.392685575410723686e-03
2.034337282180786133e+00 1.823834888637065887e-02 2.026996109634637833e-03 9.179339394904673100e-04 9.926402708515524864e-04 1.718051498755812645e-03
2.062520027160644531e+00 7.931390777230262756e-03 -1.141624292358756065e-03 -1.743732602335512638e-03 -8.043991401791572571e-04 2.060834784060716629e-03
2.101213455200195312e+00 1.580197177827358246e-02 -1.985664479434490204e-03 -2.440254320390522480e-04 -2.370803151279687881e-03 -4.668864130508154631e-05
2.093392372131347656e+00 2.018164284527301788e-02 6.154624745249748230e-03 6.381002604030072689e-04 -1.499996520578861237e-03 1.016506575979292393e-03
2.119238376617431641e+00 2.544665522873401642e-02 -2.583718625828623772e-03 -5.493313074111938477e-05 -5.095008527860045433e-04 1.803759019821882248e-03
2.143922328948974609e+00 2.875080704689025879e-02 1.723707187920808792e-03 2.062420360743999481e-03 -8.201935561373829842e-04 5.548902554437518120e-04
2.133907079696655273e+00 3.550656139850616455e-02 1.077783573418855667e-02 7.485184469260275364e-04 6.989887915551662445e-04 2.012813929468393326e-03
2.147588014602661133e+00 2.181533165276050568e-02 1.007031463086605072e-02 -1.666807103902101517e-03 -5.342268850654363632e-04 6.352718919515609741e-03
2.115568399429321289e+00 -4.647650290280580521e-03 1.576688326895236969e-02 1.170023606391623616e-04 -1.158286118879914284e-03 3.933811560273170471e-03
2.154446363449096680e+00 1.698217913508415222e-02 -7.588292472064495087e-03 -1.431541168130934238e-03 -1.779757876647636294e-04 -1.492795709054917097e-04
2.107923507690429688e+00 2.267555333673954010e-03 4.621417261660099030e-03 4.413787974044680595e-04 2.215373970102518797e-04 4.322204273194074631e-03
2.086586952209472656e+00 1.160453818738460541e-02 1.043546386063098907e-02 -2.171987143810838461e-04 -4.829507379326969385e-04 5.570259876549243927e-03
2.113139629364013672e+00 -2.162342192605137825e-03 5.860592238605022430e-03 9.091605897992849350e-05 -3.674025647342205048e-03 6.848296616226434708e-03
2.129288911819458008e+00 2.032638993114233017e-03 4.535606130957603455e-03 1.208333065733313560e-03 -5.591739900410175323e-04 6.029565818607807159e-03
2.158064126968383789e+00 2.499464899301528931e-02 1.843369752168655396e-02 2.253774786368012428e-03 3.054585307836532593e-03 8.281587623059749603e-03
2.193747758865356445e+00 5.872500687837600708e-02 -6.344513967633247375e-04 6.168731488287448883e-04 -4.025114467367529869e-04 1.012025773525238037e-02
2.170541048049926758e+00 4.311378300189971924e-02 2.145043388009071350e-02 -1.375766005367040634e-03 4.935789620503783226e-04 4.842001944780349731e-03
2.128881931304931641e+00 3.639417886734008789e-02 3.641444072127342224e-02 -1.536308205686509609e-03 1.302053802646696568e-03 3.627720987424254417e-03
2.125021934509277344e+00 3.337132185697555542e-02 2.233514375984668732e-02 -2.507126424461603165e-03 2.916718949563801289e-04 2.524086972698569298e-03
2.169682979583740234e+00 2.797641046345233917e-02 -1.450803410261869431e-02 1.034011947922408581e-03 -1.392393372952938080e-03 9.679565206170082092e-03
2.187481403350830078e+00 5.214454978704452515e-02 2.245404291898012161e-03 2.001365879550576210e-03 -1.932134386152029037e-03 6.696183700114488602e-04
2.151951551437377930e+00 -2.362595126032829285e-02 8.736666291952133179e-03 -1.355067128315567970e-03 7.317618001252412796e-04 5.085858516395092010e-03
2.138569831848144531e+00 2.128680981695652008e-02 5.904067773371934891e-03 5.437101353891193867e-04 -2.341702638659626245e-04 1.353735569864511490e-03
2.143413066864013672e+00 6.371671333909034729e-03 1.391346380114555359e-02 1.258630305528640747e-03 -1.375331194140017033e-04 2.407680585747584701e-05
2.135426759719848633e+00 1.467525120824575424e-02 1.332033053040504456e-02 9.816308738663792610e-04 5.240848986431956291e-04 2.153951441869139671e-03
2.150325059890747070e+00 -7.249550893902778625e-03 9.827153757214546204e-03 3.171927528455853462e-05 2.938979770988225937e-03 -1.081000897102057934e-03
2.171954631805419922e+00 -2.309036999940872192e-02 8.002251386642456055e-03 2.387697109952569008e-03 -1.636980101466178894e-03 1.349291764199733734e-03
2.187130451202392578e+00 -3.406992554664611816e-02 -2.829002682119607925e-03 -1.822382444515824318e-03 -2.588661620393395424e-03 2.367143053561449051e-03
2.218273639678955078e+00 3.286082297563552856e-03 1.599376834928989410e-02 -6.747729494236409664e-04 1.518525532446801662e-04 2.034771314356476068e-04
2.205921411514282227e+00 -1.310593821108341217e-02 -7.348189130425453186e-03 -1.675856998190283775e-03 -7.148262811824679375e-04 4.206134937703609467e-03
2.224244594573974609e+00 2.791090402752161026e-03 1.443430129438638687e-02 1.313376124016940594e-04 6.811402854509651661e-04 -5.297554307617247105e-04
2.146303653717041016e+00 3.383201360702514648e-02 7.626940961927175522e-03 1.225877436809241772e-03 3.173266013618558645e-04 5.833459086716175079e-03
2.254602193832397461e+00 4.294447600841522217e-02 3.298041597008705139e-02 -2.237160224467515945e-03 -6.608080584555864334e-04 3.537202719599008560e-03
2.180582284927368164e+00 3.715985640883445740e-02 8.209558203816413879e-03 -2.364315092563629150e-03 9.818770922720432281e-04 3.280230332165956497e-03
2.171520948410034180e+00 3.291050344705581665e-02 5.087143275886774063e-03 -7.403746712952852249e-04 -5.380410584621131420e-04 2.656786702573299408e-03
2.243774890899658203e+00 2.794501557946205139e-02 7.471445482224225998e-03 -7.402179180644452572e-04 -1.334363478235900402e-04 1.371100312098860741e-03
2.287381649017333984e+00 3.678970038890838623e-02 5.483742803335189819e-02 5.431299563497304916e-03 -4.970864392817020416e-04 7.755766855552792549e-04
2.226784467697143555e+00 2.126629836857318878e-02 2.039564773440361023e-02 1.969400793313980103e-03 2.030318602919578552e-03 8.344186935573816299e-04
2.235605001449584961e+00 1.022351440042257309e-02 9.051335044205188751e-03 1.401659450493752956e-03 8.861307869665324688e-04 1.755041070282459259e-03
2.219762802124023438e+00 -1.449262257665395737e-03 -1.051162835210561752e-02 3.815563628450036049e-03 5.016091745346784592e-05 2.906210720539093018e-03
2.235185623168945312e+00 5.919476039707660675e-03 1.153354719281196594e-02 2.132200170308351517e-03 -3.773216158151626587e-04 1.990060554817318916e-03
2.213527441024780273e+00 1.315960939973592758e-02 2.250798791646957397e-02 2.242400369141250849e-04 -1.232107984833419323e-03 2.376517513766884804e-03
2.212207078933715820e+00 4.056174308061599731e-02 1.050836872309446335e-02 -1.339295762591063976e-03 -2.524331444874405861e-03 3.291661618277430534e-03
2.207969903945922852e+00 4.011434689164161682e-02 -3.065645461902022362e-03 -1.296363538131117821e-03 1.249737397301942110e-04 1.835275324992835522e-04
2.233070373535156250e+00 6.050372961908578873e-03 1.383824273943901062e-02 2.211027021985501051e-04 1.966804848052561283e-05 1.831153291277587414e-03
2.231633901596069336e+00 2.769558131694793701e-02 1.973583362996578217e-02 2.033709781244397163e-03 -4.237255197949707508e-04 4.761535208672285080e-03
2.221897840499877930e+00 3.439323604106903076e-02 1.377243176102638245e-02 -1.734037883579730988e-03 4.601151740644127131e-04 3.756133373826742172e-03
2.254115819931030273e+00 2.638071589171886444e-02 1.200463343411684036e-02 -2.376093470957130194e-04 -8.448316948488354683e-04 2.463031327351927757e-03
2.196824789047241211e+00 2.227846905589103699e-02 6.329324562102556229e-03 -3.698891960084438324e-04 -5.022320547141134739e-04 3.418592736124992371e-03
2.271857500076293945e+00 -3.432658500969409943e-03 1.725589297711849213e-02 -1.904911041492596269e-04 1.213379320688545704e-03 9.878324344754219055e-03
2.246566057205200195e+00 8.647570386528968811e-03 2.542377263307571411e-02 -2.103270962834358215e-03 3.168317722156643867e-03 6.096992641687393188e-03
2.263610124588012695e+00 -1.302027329802513123e-02 1.896175369620323181e-02 -2.047903602942824364e-03 -1.422019675374031067e-03 6.371506024152040482e-03
2.232231855392456055e+00 -1.308394689112901688e-02 6.264808587729930878e-03 3.409675264265388250e-04 -6.934631965123116970e-04 4.923212341964244843e-03
2.266638994216918945e+00 -1.316935289651155472e-02 1.120451930910348892e-02 5.754702724516391754e-04 -1.020106021314859390e-03 4.382531158626079559e-03
2.234279632568359375e+00 1.926822587847709656e-02 1.812298037111759186e-02 -5.156116676516830921e-04 5.843339022248983383e-04 4.931787960231304169e-03
2.238984823226928711e+00 3.080888092517852783e-02 1.959762908518314362e-02 1.938178320415318012e-05 1.327701960690319538e-03 4.177416209131479263e-03
2.270661354064941406e+00 3.098684363067150116e-03 9.924575686454772949e-03 -2.174735767766833305e-03 4.271734796930104494e-04 5.981788039207458496e-03
2.246861219406127930e+00 1.974412240087985992e-02 2.575849555432796478e-02 1.306586549617350101e-03 3.195877186954021454e-03 3.484502201899886131e-03
2.216404438018798828e+00 1.368586905300617218e-02 1.405711192637681961e-02 1.087027601897716522e-03 -7.467805407941341400e-04 7.634208886884152889e-04
2.255778074264526367e+00 6.532984785735607147e-03 3.329538973048329353e-03 -3.435320686548948288e-04 1.202043844386935234e-03 1.886162790469825268e-03
2.288564205169677734e+00 1.833549328148365021e-02 3.970731049776077271e-03 1.717804116196930408e-04 2.486617071554064751e-03 3.003029851242899895e-03
2.253769874572753906e+00 -3.658828791230916977e-03 -3.419476561248302460e-03 2.860445238184183836e-04 6.416516844183206558e-04 1.477397279813885689e-03
2.286024093627929688e+00 -3.507018554955720901e-03 5.651708692312240601e-03 -1.906642137328162789e-05 -6.082177860662341118e-04 3.006091108545660973e-03
2.278100490570068359e+00 -5.412945151329040527e-02 2.286457642912864685e-02 4.041661741212010384e-04 -3.806903550866991282e-04 5.305273458361625671e-03
