3.258249722421169281e-03 3.187082707881927490e-03 2.841783221811056137e-03 3.400114364922046661e-04 3.605052188504487276e-04 5.067109013907611370e-04
4.788743332028388977e-03 3.277457784861326218e-03 2.741120988503098488e-03 3.463723405729979277e-04 3.271120658610016108e-04 7.439448963850736618e-04
6.333103869110345840e-03 1.128737349063158035e-02 3.241172293201088905e-03 4.479005583561956882e-04 2.923864813055843115e-04 7.341649034060537815e-04
3.737951628863811493e-03 3.180824685841798782e-03 3.243967657908797264e-03 4.336823185440152884e-04 3.702858230099081993e-04 5.131975631229579449e-04
7.787790149450302124e-03 7.929811254143714905e-03 4.048848990350961685e-03 5.731651326641440392e-04 3.277526411693543196e-04 5.562354926951229572e-04
4.964678548276424408e-03 4.372341558337211609e-03 3.277651267126202583e-03 4.789162194356322289e-04 3.520306781865656376e-04 5.102262948639690876e-04
7.513990160077810287e-03 7.552830036729574203e-03 3.583043813705444336e-03 5.404371768236160278e-04 3.663338138721883297e-04 7.543211104348301888e-04
9.827843867242336273e-03 3.926925826817750931e-03 2.653614385053515434e-03 4.323729081079363823e-04 3.430048527661710978e-04 6.022884044796228409e-04
3.906559664756059647e-03 2.230006502941250801e-03 3.281701123341917992e-03 5.098584806546568871e-04 4.499722563195973635e-04 6.072430987842381001e-04
5.331559572368860245e-03 1.873285742476582527e-03 1.928687677718698978e-03 3.407344629522413015e-04 3.900199371855705976e-04 8.186557679437100887e-04
8.063556626439094543e-03 2.192280953750014305e-03 3.522090613842010498e-03 5.569637287408113480e-04 3.132981364615261555e-04 7.618367671966552734e-04
8.197329938411712646e-03 2.979098819196224213e-03 2.331090625375509262e-03 3.973005514126271009e-04 2.978196716867387295e-04 6.822110153734683990e-04
7.206272799521684647e-03 3.859256859868764877e-03 2.646103268489241600e-03 4.479743074625730515e-04 3.254305338487029076e-04 5.152197554707527161e-04
7.532577030360698700e-03 4.844278562813997269e-03 3.238809527829289436e-03 5.178354913368821144e-04 3.937831497751176357e-04 9.036021074280142784e-04
4.558369517326354980e-03 4.527382086962461472e-03 2.934668445959687233e-03 4.953327588737010956e-04 2.855145721696317196e-04 5.226266221143305302e-04
5.620610434561967850e-03 3.627303289249539375e-03 3.128019627183675766e-03 5.209876107983291149e-04 3.574451839085668325e-04 6.053207907825708389e-04
8.455816656351089478e-03 3.491131123155355453e-03 3.293457906693220139e-03 5.191430100239813328e-04 3.678788198158144951e-04 9.403643780387938023e-04
9.656604379415512085e-03 3.778420854359865189e-03 3.427631687372922897e-03 4.414379072841256857e-04 3.865605103783309460e-04 7.663154392503201962e-04
8.736110292375087738e-03 1.031730324029922485e-02 4.361193161457777023e-03 4.715296090580523014e-04 3.996739396825432777e-04 6.348732858896255493e-04
6.925675552338361740e-03 4.998325835913419724e-03 4.049411509186029434e-03 4.543782270047813654e-04 3.652475425042212009e-04 5.594603135250508785e-04
6.336344406008720398e-03 4.721897188574075699e-03 5.440104287117719650e-03 6.258962093852460384e-04 4.296015831641852856e-04 5.981404101476073265e-04
7.748219650238752365e-03 6.393774412572383881e-03 6.117967423051595688e-03 5.770777934230864048e-04 4.426479863468557596e-04 5.231595714576542377e-04
6.539783440530300140e-03 6.074659060686826706e-03 5.354153923690319061e-03 5.298802861943840981e-04 4.576644569169729948e-04 5.285154911689460278e-04
6.387665867805480957e-03 5.843992810696363449e-03 5.560501944273710251e-03 5.379291251301765442e-04 5.239273305051028728e-04 6.552057457156479359e-04
5.922079086303710938e-03 5.519601982086896896e-03 5.172706209123134613e-03 5.445692222565412521e-04 4.395256692077964544e-04 5.171390366740524769e-04
6.007590796798467636e-03 5.029807798564434052e-03 6.461930461227893829e-03 6.634694873355329037e-04 5.170453223399817944e-04 4.841620975639671087e-04
4.687454551458358765e-03 4.569262266159057617e-03 6.541200447827577591e-03 6.915742997080087662e-04 5.424161208793520927e-04 5.788819980807602406e-04
4.770384170114994049e-03 4.301342647522687912e-03 5.434395745396614075e-03 5.707831005565822124e-04 4.925279063172638416e-04 5.376031622290611267e-04
4.721604753285646439e-03 3.920843824744224548e-03 4.681973718106746674e-03 5.675973952747881413e-04 4.641360428649932146e-04 5.005409475415945053e-04
4.340217914432287216e-03 2.955871867015957832e-03 4.373681731522083282e-03 4.918701597489416599e-04 4.474667948670685291e-04 5.617230781354010105e-04
5.839190445840358734e-03 3.373119747266173363e-03 5.397856701165437698e-03 4.824365314561873674e-04 4.635506484191864729e-04 8.317716419696807861e-04
8.747470565140247345e-03 3.569526597857475281e-03 4.458476789295673370e-03 5.110855563543736935e-04 4.507829726208001375e-04 7.230578339658677578e-04
6.476311944425106049e-03 2.603833097964525223e-03 3.580781398341059685e-03 4.302548477426171303e-04 4.046571848448365927e-04 5.962899303995072842e-04
5.465287715196609497e-03 2.625782741233706474e-03 5.164300091564655304e-03 5.132345249876379967e-04 4.157627990934997797e-04 7.183739799074828625e-04
7.961838506162166595e-03 4.234828986227512360e-03 4.214553628116846085e-03 5.474854842759668827e-04 4.234293301124125719e-04 7.800202583894133568e-04
8.638623170554637909e-03 4.330270923674106598e-03 4.568831995129585266e-03 4.600104875862598419e-04 4.952364251948893070e-04 6.346904556266963482e-04
8.088650181889533997e-03 7.962822914123535156e-03 5.316614639014005661e-03 5.050562904216349125e-04 5.526066524907946587e-04 6.243013194762170315e-04
4.810283891856670380e-03 4.704237449914216995e-03 3.652291372418403625e-03 4.234928928781300783e-04 4.308620991650968790e-04 5.730501725338399410e-04
7.189364172518253326e-03 8.317569270730018616e-03 3.761686151847243309e-03 4.205942968837916851e-04 4.631280316971242428e-04 7.473423611372709274e-04
3.913000226020812988e-03 8.380045183002948761e-03 3.134845290333032608e-03 3.845775499939918518e-04 3.678113571368157864e-04 7.594058406539261341e-04
3.282627789303660393e-03 4.154035355895757675e-03 3.229229478165507317e-03 3.847024054266512394e-04 3.412161313463002443e-04 5.593028618022799492e-04
7.188580464571714401e-03 6.695154588669538498e-03 3.214662428945302963e-03 3.646002442110329866e-04 3.488498332444578409e-04 5.129725905135273933e-04
4.408773966133594513e-03 6.689158733934164047e-03 2.794390078634023666e-03 3.533773124217987061e-04 3.361263661645352840e-04 5.781996296718716621e-04
4.792861640453338623e-03 7.519206032156944275e-03 3.332883818075060844e-03 4.470421408768743277e-04 3.956010332331061363e-04 6.282649701461195946e-04
4.509204998612403870e-03 6.414173170924186707e-03 3.327741753309965134e-03 4.168950254097580910e-04 4.044495290145277977e-04 5.214347038418054581e-04
7.188408635556697845e-03 5.178003571927547455e-03 3.780794329941272736e-03 4.501068615354597569e-04 3.997841558884829283e-04 5.766130634583532810e-04
9.791887365281581879e-03 7.586576510220766068e-03 4.290022887289524078e-03 4.216135421302169561e-04 4.574043559841811657e-04 6.438425625674426556e-04
7.540635764598846436e-03 8.388325572013854980e-03 4.513273015618324280e-03 4.178305389359593391e-04 4.878956242464482784e-04 6.599944899789988995e-04
9.035514667630195618e-03 8.863120339810848236e-03 3.801270155236124992e-03 3.818511322606354952e-04 4.760024894494563341e-04 8.137837285175919533e-04
1.056211721152067184e-02 9.591424837708473206e-03 4.076658282428979874e-03 4.025445086881518364e-04 5.304101505316793919e-04 6.497892318293452263e-04
1.021411363035440445e-02 8.544014766812324524e-03 3.371636848896741867e-03 3.717702347785234451e-04 5.074955988675355911e-04 6.669029826298356056e-04
9.015462361276149750e-03 1.182606350630521774e-02 3.229453228414058685e-03 3.708249714691191912e-04 4.903488443233072758e-04 8.563701412640511990e-04
8.423573337495326996e-03 1.025922317057847977e-02 3.354573855176568031e-03 3.911379608325660229e-04 5.371822626329958439e-04 6.335069774650037289e-04
7.250602357089519501e-03 6.320259068161249161e-03 2.754849381744861603e-03 3.260767261963337660e-04 4.684302548412233591e-04 5.904062418267130852e-04
7.904085330665111542e-03 7.090001367032527924e-03 2.733758650720119476e-03 2.891583717428147793e-04 5.283958162181079388e-04 4.908979171887040138e-04
6.693365518003702164e-03 5.943933501839637756e-03 3.277051728218793869e-03 3.580645716283470392e-04 5.642638425342738628e-04 6.082083564251661301e-04
8.424072526395320892e-03 7.017064839601516724e-03 2.958623692393302917e-03 3.264021943323314190e-04 4.346765636000782251e-04 5.749750416725873947e-04
8.719469420611858368e-03 4.811414983123540878e-03 3.510236041620373726e-03 3.832779475487768650e-04 5.086897290311753750e-04 5.060621770098805428e-04
5.601083859801292419e-03 2.622687723487615585e-03 2.893530065193772316e-03 3.483980544842779636e-04 3.500772872939705849e-04 4.783289914485067129e-04
4.777487367391586304e-03 1.961809117347002029e-03 2.306683454662561417e-03 3.598631301429122686e-04 3.783631545957177877e-04 5.213576368987560272e-04
3.903812030330300331e-03 1.193550997413694859e-03 1.838891068473458290e-03 4.125922569073736668e-04 3.686467243824154139e-04 4.183897108305245638e-04
6.025727838277816772e-03 1.541535952128469944e-03 2.254420658573508263e-03 4.134066111873835325e-04 3.915389534085988998e-04 6.538120214827358723e-04
6.015272345393896103e-03 5.281739402562379837e-03 4.343224223703145981e-03 4.147603176534175873e-04 4.198690003249794245e-04 4.053312877658754587e-04
3.565616672858595848e-03 4.863598849624395370e-03 3.361908020451664925e-03 4.133472975809127092e-04 4.405285289976745844e-04 4.039912892039865255e-04
4.055300261825323105e-03 3.293759888038039207e-03 2.594044432044029236e-03 2.936382370535284281e-04 3.535810392349958420e-04 4.141784738749265671e-04
4.421480931341648102e-03 3.797090379521250725e-03 3.459530649706721306e-03 4.071740549989044666e-04 3.695838095154613256e-04 3.537041484378278255e-04
5.803840700536966324e-03 5.259046331048011780e-03 3.415741492062807083e-03 3.623705415520817041e-04 4.200490657240152359e-04 4.757111601065844297e-04
5.482092965394258499e-03 7.912423461675643921e-03 4.944117274135351181e-03 4.336011770647019148e-04 3.191627911292016506e-04 4.348297952674329281e-04
5.188203416764736176e-03 5.779936444014310837e-03 6.428394932299852371e-03 5.054541397839784622e-04 3.927492070943117142e-04 3.759457322303205729e-04
5.743675399571657181e-03 7.640932686626911163e-03 3.947425633668899536e-03 3.547842788975685835e-04 3.912350512109696865e-04 4.224413132760673761e-04
8.285476826131343842e-03 8.439521305263042450e-03 5.319844465702772141e-03 3.866043989546597004e-04 5.026764702051877975e-04 5.049000028520822525e-04
7.401333656162023544e-03 6.962926127016544342e-03 6.002906709909439087e-03 4.347134090494364500e-04 5.122307338751852512e-04 5.006815190427005291e-04
4.658396821469068527e-03 5.093702580779790878e-03 5.688273347914218903e-03 4.414946888573467731e-04 3.454516117926687002e-04 3.936632419936358929e-04
5.371409934014081955e-03 5.669320933520793915e-03 3.264256054535508156e-03 2.959192497655749321e-04 2.591638476587831974e-04 4.016298335045576096e-04
6.438209209591150284e-03 6.560634355992078781e-03 5.515417084097862244e-03 4.229650658089667559e-04 4.691845388151705265e-04 5.136798135936260223e-04
5.894513800740242004e-03 5.177392624318599701e-03 3.784353146329522133e-03 2.129103231709450483e-04 2.930249902419745922e-04 5.060297553427517414e-04
5.158978514373302460e-03 3.777623176574707031e-03 3.844008781015872955e-03 2.743799414020031691e-04 2.936635282821953297e-04 3.640222130343317986e-04
4.510338883846998215e-03 3.264423226937651634e-03 3.219539998099207878e-03 3.422711160965263844e-04 3.068402875214815140e-04 3.455207624938338995e-04
5.216006189584732056e-03 3.388374112546443939e-03 2.652342896908521652e-03 3.109487297479063272e-04 3.021856537088751793e-04 4.023882793262600899e-04
3.915210720151662827e-03 2.795155160129070282e-03 2.542352769523859024e-03 2.781541261356323957e-04 3.402240981813520193e-04 3.755542857106775045e-04
3.597132163122296333e-03 2.779833273962140083e-03 2.652270952239632607e-03 3.014573885593563318e-04 2.895460638683289289e-04 3.539918980095535517e-04
6.647220347076654434e-03 4.822908900678157806e-03 2.796624554321169853e-03 4.078703350387513638e-04 2.810232399497181177e-04 5.998316919431090355e-04
6.276925560086965561e-03 4.923587664961814880e-03 2.779691712930798531e-03 3.069728845730423927e-04 2.743771765381097794e-04 5.401470698416233063e-04
5.531313363462686539e-03 4.091480281203985214e-03 1.855938346125185490e-03 2.330235874978825450e-04 2.333182928850874305e-04 4.924664972350001335e-04
5.501289851963520050e-03 6.406265310943126678e-03 1.803214894607663155e-03 2.413439651718363166e-04 2.313980949111282825e-04 4.747317871078848839e-04
5.084126256406307220e-03 6.709027104079723358e-03 1.880982075817883015e-03 2.742266806308180094e-04 2.314625889994204044e-04 4.258797562215477228e-04
5.493595730513334274e-03 5.821542348712682724e-03 2.020549494773149490e-03 2.810707082971930504e-04 2.476986846886575222e-04 4.510957223828881979e-04
5.259653087705373764e-03 5.087107885628938675e-03 1.518299453891813755e-03 2.217826549895107746e-04 2.184567129006609321e-04 4.254328669048845768e-04
6.704285275191068649e-03 5.793902091681957245e-03 1.643796800635755062e-03 2.530443307477980852e-04 2.456513466313481331e-04 4.834447463508695364e-04
5.997519008815288544e-03 5.646952893584966660e-03 1.657363027334213257e-03 2.412594330962747335e-04 2.549545315559953451e-04 4.117381467949599028e-04
6.060237530618906021e-03 5.975934676826000214e-03 2.081681042909622192e-03 2.912687486968934536e-04 2.195361303165555000e-04 4.315823607612401247e-04
5.648975260555744171e-03 4.781594965606927872e-03 2.103618578985333443e-03 2.660554309841245413e-04 2.602055319584906101e-04 4.275393439456820488e-04
6.770403124392032623e-03 6.525047589093446732e-03 2.861311659216880798e-03 3.428769123274832964e-04 2.487207239028066397e-04 4.918631748296320438e-04
5.943006370216608047e-03 6.560903973877429962e-03 3.227356821298599243e-03 3.731966717168688774e-04 2.863256377167999744e-04 4.531408776529133320e-04
7.038200739771127701e-03 7.173408754169940948e-03 2.985191997140645981e-03 3.287395229563117027e-04 2.903408021666109562e-04 4.474035813473165035e-04
9.376201778650283813e-03 1.044885348528623581e-02 3.095265710726380348e-03 3.663993265945464373e-04 2.820419904310256243e-04 5.532581126317381859e-04
5.408823490142822266e-03 8.575879968702793121e-03 3.163017332553863525e-03 3.870527434628456831e-04 2.793976746033877134e-04 5.049192695878446102e-04
6.048602983355522156e-03 8.369494229555130005e-03 2.910125767812132835e-03 3.322514530736953020e-04 2.566904877312481403e-04 6.311982870101928711e-04
4.729720763862133026e-03 8.733611553907394409e-03 2.624605316668748856e-03 3.319043316878378391e-04 3.029562067240476608e-04 4.980206722393631935e-04
5.388416815549135208e-03 8.417793549597263336e-03 3.243919461965560913e-03 3.872343513648957014e-04 4.267485637683421373e-04 5.145748145878314972e-04
6.399113219231367111e-03 7.230178453028202057e-03 2.906880807131528854e-03 4.535763873718678951e-04 7.907273829914629459e-04 6.936114514246582985e-04
7.001819554716348648e-03 7.269749417901039124e-03 3.372607752680778503e-03 3.810913185589015484e-04 4.833730345126241446e-04 5.596518167294561863e-04
9.061125107109546661e-03 7.528880611062049866e-03 3.718268359079957008e-03 3.576831950340420008e-04 4.842412017751485109e-04 7.057623006403446198e-04
1.215998083353042603e-02 7.471797056496143341e-03 4.273090977221727371e-03 6.036116974428296089e-04 5.816502962261438370e-04 7.972812163643538952e-04
8.210591971874237061e-03 7.514283526688814163e-03 3.239425364881753922e-03 4.018368781544268131e-04 4.412186681292951107e-04 6.248801946640014648e-04
1.039662677794694901e-02 8.606423623859882355e-03 2.979615936055779457e-03 4.597823717631399632e-04 5.639091250486671925e-04 7.276227697730064392e-04
8.959352038800716400e-03 6.682214327156543732e-03 2.959659555926918983e-03 4.497292975429445505e-04 5.184526671655476093e-04 5.926816957071423531e-04
6.024556700140237808e-03 2.666036831215023994e-03 2.191368956118822098e-03 3.631929575931280851e-04 3.964791540056467056e-04 7.352448301389813423e-04
9.617391042411327362e-03 6.341652479022741318e-03 3.097653621807694435e-03 3.941571048926562071e-04 3.718802181538194418e-04 5.708123790100216866e-04
9.422463364899158478e-03 1.032700762152671814e-02 3.855738556012511253e-03 5.803684471175074577e-04 5.068437894806265831e-04 6.974581046961247921e-04
7.831376045942306519e-03 9.072730317711830139e-03 3.468245500698685646e-03 4.419520264491438866e-04 4.559144435916095972e-04 6.270228186622262001e-04
6.493779830634593964e-03 3.973378799855709076e-03 3.095085034146904945e-03 3.864554164465516806e-04 3.500100574456155300e-04 4.850302357226610184e-04
4.655240103602409363e-03 2.726701786741614342e-03 2.520220354199409485e-03 4.133839393034577370e-04 3.749725001398473978e-04 6.660583312623202801e-04
6.733611226081848145e-03 1.979843480512499809e-03 3.974308259785175323e-03 5.378591013140976429e-04 6.095933495089411736e-04 8.277741726487874985e-04
5.174780730158090591e-03 4.743628203868865967e-03 4.066376481205224991e-03 5.892116460017859936e-04 6.275203195400536060e-04 5.666945362463593483e-04
5.047656130045652390e-03 4.061636980623006821e-03 3.945176023989915848e-03 5.378508940339088440e-04 5.798412021249532700e-04 4.359949089121073484e-04
6.404907442629337311e-03 4.708685912191867828e-03 4.060643259435892105e-03 5.163731984794139862e-04 4.731501103378832340e-04 5.271185655146837234e-04
4.051575437188148499e-03 6.047773640602827072e-03 3.659219015389680862e-03 4.441218625288456678e-04 5.375565378926694393e-04 4.228636680636554956e-04
5.957352463155984879e-03 5.509094800800085068e-03 4.088267218321561813e-03 5.349916173145174980e-04 5.444270791485905647e-04 5.684659699909389019e-04
5.910413339734077454e-03 4.648253321647644043e-03 5.234189797192811966e-03 5.992716178297996521e-04 6.160072516649961472e-04 4.842395719606429338e-04
5.738882813602685928e-03 6.621923763304948807e-03 4.357502330094575882e-03 5.134357488714158535e-04 5.159383290447294712e-04 4.948713467456400394e-04
4.735115915536880493e-03 5.732532590627670288e-03 4.874590784311294556e-03 5.110049387440085411e-04 5.047483136877417564e-04 5.262646591290831566e-04
6.907565519213676453e-03 6.888722069561481476e-03 4.716300405561923981e-03 4.274167877156287432e-04 5.485052242875099182e-04 7.736646221019327641e-04
5.515148863196372986e-03 4.568237811326980591e-03 4.094420000910758972e-03 3.829709021374583244e-04 5.172609235160052776e-04 4.905647947452962399e-04
5.274302326142787933e-03 4.529893863946199417e-03 3.025116398930549622e-03 3.437302948441356421e-04 4.599860403686761856e-04 6.081531755626201630e-04
7.253776304423809052e-03 6.159973330795764923e-03 3.553886665031313896e-03 4.564698901958763599e-04 5.411945749074220657e-04 6.810695631429553032e-04
5.692122969776391983e-03 4.162849858403205872e-03 2.849269891157746315e-03 3.639184869825839996e-04 4.803935298696160316e-04 5.270258407108485699e-04
5.402863956987857819e-03 5.068057682365179062e-03 3.496849210932850838e-03 4.002558998763561249e-04 4.986737039871513844e-04 5.325341480784118176e-04
6.351653020828962326e-03 7.552826311439275742e-03 4.236097447574138641e-03 4.811066028196364641e-04 7.257767720147967339e-04 6.649362039752304554e-04
4.859524313360452652e-03 6.301797460764646530e-03 4.247919656336307526e-03 4.169327439740300179e-04 4.536066262517124414e-04 5.015940987505018711e-04
7.565822917968034744e-03 5.478383041918277740e-03 3.821008838713169098e-03 3.765112778637558222e-04 4.592720651999115944e-04 5.614238907583057880e-04
5.779726430773735046e-03 4.717606119811534882e-03 3.575086593627929688e-03 3.806905588135123253e-04 4.528458812274038792e-04 5.122743896208703518e-04
5.305751692503690720e-03 3.927551209926605225e-03 3.436718834564089775e-03 4.203787248115986586e-04 4.436512535903602839e-04 4.634351062122732401e-04
5.859707482159137726e-03 4.138036631047725677e-03 3.608291270211338997e-03 4.370343813207000494e-04 6.235397304408252239e-04 5.288083921186625957e-04
5.509175360202789307e-03 4.199175629764795303e-03 3.894683672115206718e-03 5.415207706391811371e-04 5.317163886502385139e-04 4.950013244524598122e-04
6.351281888782978058e-03 4.917166661471128464e-03 3.160167718306183815e-03 4.596125509124249220e-04 5.071288906037807465e-04 5.668588564731180668e-04
7.545278873294591904e-03 5.703330039978027344e-03 3.399268491193652153e-03 4.609386087395250797e-04 5.352502921596169472e-04 6.309740128926932812e-04
6.736650131642818451e-03 7.111851591616868973e-03 3.422249807044863701e-03 4.485552781261503696e-04 5.525763845071196556e-04 7.354847039096057415e-04
5.069071892648935318e-03 5.348097998648881912e-03 2.194013446569442749e-03 3.752190677914768457e-04 4.059904895257204771e-04 5.662566400133073330e-04
9.386253543198108673e-03 8.070514537394046783e-03 3.814920317381620407e-03 4.900363273918628693e-04 4.029609845019876957e-04 9.750632452778518200e-04
7.443657144904136658e-03 8.615453727543354034e-03 4.430188797414302826e-03 4.741517477668821812e-04 5.026705330237746239e-04 7.611123146489262581e-04
9.891772642731666565e-03 9.539670310914516449e-03 4.267715383321046829e-03 5.626360070891678333e-04 5.185912596061825752e-04 8.451380417682230473e-04
8.431504480540752411e-03 1.215117704123258591e-02 4.860683809965848923e-03 6.331586046144366264e-04 4.804738855455070734e-04 7.258954574353992939e-04
9.532077237963676453e-03 9.051104076206684113e-03 4.450387787073850632e-03 4.307524068281054497e-04 4.843360802624374628e-04 8.187148487195372581e-04
1.346718333661556244e-02 1.169549766927957535e-02 4.802074749022722244e-03 4.894963931292295456e-04 5.716711748391389847e-04 8.291904232464730740e-04
1.004183012992143631e-02 1.361372508108615875e-02 4.394153133034706116e-03 4.889751435257494450e-04 5.429018056020140648e-04 7.962294621393084526e-04
1.099343784153461456e-02 1.031545735895633698e-02 5.362275522202253342e-03 6.317627266980707645e-04 5.164007889106869698e-04 7.658660761080682278e-04
1.143451966345310211e-02 9.560753591358661652e-03 6.441315170377492905e-03 7.126073469407856464e-04 6.284211413003504276e-04 9.117521694861352444e-04
1.211979705840349197e-02 1.017971895635128021e-02 4.469747655093669891e-03 5.558499833568930626e-04 6.053508841432631016e-04 1.014899113215506077e-03
7.084897719323635101e-03 6.858367938548326492e-03 3.819633275270462036e-03 4.147862491663545370e-04 5.220894818194210529e-04 6.275826017372310162e-04
8.301755413413047791e-03 5.134191364049911499e-03 4.359144251793622971e-03 4.593918274622410536e-04 5.455569480545818806e-04 9.324683924205601215e-04
7.244423497468233109e-03 3.428602358326315880e-03 4.571626428514719009e-03 5.720561021007597446e-04 6.542837363667786121e-04 7.560240337625145912e-04
8.484707213938236237e-03 6.680182646960020065e-03 4.877165891230106354e-03 6.592630525119602680e-04 6.276312051340937614e-04 6.395989912562072277e-04
6.067315582185983658e-03 7.882480509579181671e-03 3.979646135121583939e-03 5.513490759767591953e-04 7.254887023009359837e-04 6.524282507598400116e-04
7.338200230151414871e-03 6.540366914123296738e-03 3.935828339308500290e-03 5.815373151563107967e-04 5.363293457776308060e-04 7.261038408614695072e-04
8.825155906379222870e-03 1.144772116094827652e-02 5.467152688652276993e-03 5.509392358362674713e-04 5.400943919084966183e-04 6.839428097009658813e-04
5.681996233761310577e-03 6.145123392343521118e-03 3.801583079621195793e-03 5.610237712971866131e-04 4.699151904787868261e-04 6.786636076867580414e-04
5.817277822643518448e-03 6.683873478323221207e-03 4.197087604552507401e-03 5.844458937644958496e-04 5.052929627709090710e-04 7.664974546059966087e-04
5.142013076692819595e-03 4.965881817042827606e-03 3.922822419553995132e-03 5.188179784454405308e-04 4.798745794687420130e-04 5.482564447447657585e-04
5.940293893218040466e-03 5.517712328583002090e-03 3.875265596434473991e-03 4.213173233438283205e-04 3.953664854634553194e-04 6.489043007604777813e-04
6.515896413475275040e-03 4.104638937860727310e-03 4.128461237996816635e-03 4.639713442884385586e-04 4.335761477705091238e-04 6.276937783695757389e-04
5.471537355333566666e-03 2.840962493792176247e-03 3.841503057628870010e-03 4.168407176621258259e-04 3.848382330033928156e-04 4.855837323702871799e-04
6.119474768638610840e-03 3.299700096249580383e-03 4.601075779646635056e-03 4.512512241490185261e-04 4.073860472999513149e-04 5.273943534120917320e-04
6.200774107128381729e-03 4.757820628583431244e-03 4.720140714198350906e-03 4.740174335893243551e-04 4.537008935585618019e-04 5.710023688152432442e-04
7.980036549270153046e-03 4.487114958465099335e-03 4.162632394582033157e-03 5.409771692939102650e-04 4.131832101847976446e-04 6.074478151276707649e-04
7.424287497997283936e-03 5.033627152442932129e-03 3.631185973063111305e-03 4.181696567684412003e-04 3.673678147606551647e-04 6.259393412619829178e-04
7.180310320109128952e-03 6.699361372739076614e-03 3.277532290667295456e-03 3.849557833746075630e-04 4.163288976997137070e-04 6.568597164005041122e-04
6.745606660842895508e-03 7.930677384138107300e-03 2.754126675426959991e-03 3.858997370116412640e-04 3.891866945195943117e-04 6.387360044755041599e-04
8.625956252217292786e-03 7.103933487087488174e-03 2.914266893640160561e-03 4.287212505005300045e-04 3.725866263266652822e-04 7.551113376393914223e-04
6.041340529918670654e-03 7.727873977273702621e-03 2.757953712716698647e-03 3.713294863700866699e-04 3.940975584555417299e-04 5.292278365232050419e-04
5.816337186843156815e-03 6.417533848434686661e-03 3.177095204591751099e-03 4.634412180166691542e-04 5.204853950999677181e-04 5.218764417804777622e-04
5.575657356530427933e-03 6.824268028140068054e-03 3.069260390475392342e-03 4.733958048745989799e-04 3.772619238588958979e-04 5.144406459294259548e-04
5.360723007470369339e-03 7.574093993753194809e-03 4.730685614049434662e-03 7.505379617214202881e-04 3.936943539883941412e-04 4.794741689693182707e-04
6.490638479590415955e-03 6.261121481657028198e-03 3.522905055433511734e-03 5.397528875619173050e-04 3.288045409135520458e-04 5.788064445368945599e-04
6.572620011866092682e-03 8.525845594704151154e-03 5.921193864196538925e-03 9.773032506927847862e-04 3.431251680012792349e-04 6.070855306461453438e-04
6.029087118804454803e-03 7.017912808805704117e-03 3.276735311374068260e-03 4.727622726932168007e-04 3.690958837978541851e-04 5.250295507721602917e-04
7.198363076895475388e-03 6.127850152552127838e-03 3.284190548583865166e-03 4.667069297283887863e-04 4.338412545621395111e-04 5.930850165896117687e-04
6.859528832137584686e-03 6.521434523165225983e-03 3.507752902805805206e-03 5.048869643360376358e-04 5.737409228459000587e-04 5.291260895319283009e-04
9.384149685502052307e-03 7.870604284107685089e-03 3.001136472448706627e-03 4.303371242713183165e-04 6.316753569990396500e-04 6.689203437417745590e-04
8.321100845932960510e-03 5.923178046941757202e-03 3.458904335275292397e-03 4.298556596040725708e-04 5.673046107403934002e-04 5.970354541204869747e-04
7.163142785429954529e-03 6.643361411988735199e-03 3.865849226713180542e-03 3.733167250175029039e-04 6.484027835540473461e-04 5.594040267169475555e-04
7.545600645244121552e-03 9.954188019037246704e-03 5.670103244483470917e-03 6.280710804276168346e-04 4.176526272203773260e-04 6.232643499970436096e-04
7.431045174598693848e-03 7.506796624511480331e-03 5.967331118881702423e-03 6.401382852345705032e-04 5.673501291312277317e-04 6.454169051721692085e-04
6.962287705391645432e-03 7.980688475072383881e-03 4.488537553697824478e-03 4.706830368377268314e-04 5.296651506796479225e-04 5.896194488741457462e-04
8.534053340554237366e-03 9.022144600749015808e-03 1.088624540716409683e-02 1.023497199639678001e-03 6.486023194156587124e-04 6.683258106932044029e-04
