1.106774150838249593e+00 -5.433556126907688327e-03 3.245177394344630345e-02 -7.268008964785087171e-04 3.284668221288645747e-04 9.772341641789640456e-04
1.117753308699474868e+00 -7.949339330998195577e-03 3.417299143921958410e-02 -1.126049409926065592e-03 -1.192169748943077562e-03 9.397102726964129361e-04
1.125561571113634196e+00 -8.282768650913352113e-03 3.794846462386907565e-02 -1.096043841753669909e-03 -1.455058202328093041e-03 6.740269610785065875e-04
1.136555822498525936e+00 -8.014146382882834582e-03 3.180869412520383188e-02 -1.074262239954920173e-03 -7.370784066018952257e-04 4.098919375800736471e-04
1.145722753061211518e+00 -7.756105189848931832e-03 3.633351272502917395e-02 -4.789090072886120070e-04 6.888691148681737233e-04 3.809276237514519449e-04
1.155630550433647485e+00 -6.863148417493968555e-03 3.225703587260980026e-02 8.305919557986933283e-04 5.497900801512162639e-04 5.061703713128993870e-04
1.167160094731920061e+00 -1.580954479091601847e-02 3.927837224476297268e-02 1.469028319823873809e-03 1.842289602721904063e-03 8.255779045330266866e-04
1.179473336595751487e+00 -1.900511045268225147e-02 2.978541078831003011e-02 1.790017900179001519e-03 1.741017410174102017e-03 5.160051600517835029e-04
1.189555569767216880e+00 -1.897729650790416778e-02 2.429918335538232624e-02 7.820078200782023224e-04 3.130031300313002463e-04 -4.250042500423981216e-04
1.200388768351262847e+00 -2.001530915029512553e-02 2.244710986305278183e-02 9.753924750243175715e-04 6.072340851036754162e-04 -4.863326879200181147e-04
1.208288140142498968e+00 -1.563309872138589005e-02 2.027926441304426369e-02 1.042749740062383921e-03 1.184715668239622738e-03 -3.039270575060585146e-04
1.218930017949069411e+00 -1.706678274187692010e-02 2.039475047801439511e-02 1.972530019725286300e-04 2.808810028088099030e-04 -5.544900055448995398e-04
1.231892618320914679e+00 -1.491505173148133939e-02 1.528742002999501984e-02 5.131231495558965161e-04 -4.551092262142915844e-04 -3.710890613750733287e-04
1.249456029306626803e+00 -1.473370975678105037e-02 6.555107478298839024e-03 -7.316780616528728402e-04 -3.708368317940104446e-04 -3.308544240530538480e-04
1.261104752147217845e+00 -1.293076478405617846e-02 5.553348383519517845e-03 -7.219034976860929428e-04 1.172865884149942888e-04 -5.364270322859178821e-04
1.280963578184364016e+00 -2.522072021427852057e-02 2.178015973076921630e-02 -1.573134775873268748e-03 -2.298735695367506190e-05 -8.795162660523308553e-05
1.287564991248366653e+00 -1.263319320669253898e-02 1.778372674799861067e-02 -1.855521527652673240e-03 -2.902379951560282679e-04 -4.033307311995147572e-04
1.298361657813862147e+00 -1.328319990100720362e-02 1.928701214198175889e-02 -1.712820699310871678e-03 -7.600414568067349452e-04 -5.482117206392251056e-04
1.307772996537315269e+00 -1.235202674006316559e-02 1.553689900546054159e-02 -1.573536610951814909e-03 -3.806459992207250273e-04 -2.997212592291059806e-04
1.318593291699083903e+00 -1.160304808474185885e-02 1.123122369644626549e-02 -7.668956702348597677e-04 -3.415082281514613435e-04 -5.492091388414511327e-05
1.332572554902644368e+00 -1.065083944743622744e-02 1.668045121012122142e-02 -6.910743064218036929e-04 -1.238288612297304967e-04 1.648016461954372302e-04
1.333637827685469013e+00 3.971763357991244837e-03 1.985881317008144145e-02 -5.040705698797806437e-04 6.310883523693321985e-04 -2.360330446259285169e-04
1.343599276761737293e+00 5.840418356723746027e-03 1.941343552825554319e-02 9.898020395920310095e-05 4.089182163567283541e-04 -1.699660067988657700e-04
1.359015723269594966e+00 -3.056204244207183962e-05 1.634037393049141140e-02 -1.127047317809157408e-04 1.999600079984032328e-05 -6.635036629036896708e-05
1.362792856407720521e+00 1.933489999902484636e-03 1.989453288775082027e-02 -2.799412123454030022e-04 -1.919596884654225935e-04 2.499475110221027237e-05
1.376811978382627810e+00 -3.063542643377371172e-03 1.806103791354730231e-02 4.000436411244825963e-04 -1.145579517765568813e-04 2.018402007491221651e-04
1.374416087632267081e+00 1.875132425485918214e-02 4.711496797038195773e-03 -6.411154007721348155e-04 -3.040547298513737273e-04 1.470264647637767514e-04
1.395576759639870046e+00 9.305255809023213129e-03 9.463614086278823029e-03 -3.140785196299092754e-04 -5.231307826956739125e-04 4.341085271320505728e-04
1.406296391697329895e+00 9.389305233331722567e-03 1.030462027126893658e-02 -9.971820743568773123e-04 -5.572220707208434733e-04 2.208890100897838182e-04
1.419520876264845910e+00 3.765941642360829539e-03 1.436675662622824250e-02 -1.028518932736862106e-03 -7.988496564946671625e-06 4.443601214251765349e-04
1.434410141092798074e+00 2.136640304503267199e-03 1.524253941316690980e-02 -1.047403520717760063e-03 4.826467466404981126e-04 2.403220315220354775e-04
1.445500718948682817e+00 2.339976140113093992e-03 1.083719051675216538e-02 -1.052966583314388993e-03 1.745851329847695685e-04 1.636735621759086655e-05
1.454044168779641266e+00 -8.660867576507632693e-04 1.125021004761217122e-02 2.350305539720154544e-04 -3.340434256453339882e-04 -3.390440757297120402e-04
1.457915792867504612e+00 1.387017553631501691e-03 1.013175986518842497e-02 1.179481028347527740e-04 -6.567110471392584607e-04 -1.449362280599374403e-04
1.465710361409358731e+00 -7.585462073798062560e-03 1.822062146257548421e-02 8.093819265288350676e-04 -1.374404999818321094e-03 -5.359543621217361872e-05
1.470831911632842548e+00 -1.280119966720539085e-02 3.283294595299689894e-02 1.247696867740123857e-03 -8.030922053993438427e-04 -9.312665224717693916e-05
1.472318317066459326e+00 -7.896786326968654665e-03 3.190179564168602044e-02 4.323813676331636773e-04 -2.407165176949346136e-04 -2.216408691228026430e-04
1.476216371023250318e+00 1.509553606727421842e-03 3.282700703779416890e-02 1.410746065708175061e-03 8.248515267251906253e-04 -2.149613069650445872e-04
1.486357284879990193e+00 6.583170530999037443e-03 2.317975513140410962e-02 1.492388020885430629e-03 2.406625722687898150e-03 -2.440634564986006233e-04
1.482922568614190695e+00 1.844748136031344396e-02 1.246593400789919662e-02 1.197800699777343443e-03 1.088744490389421992e-03 -2.408324623980894234e-04
1.498968990631595277e+00 8.514707889514026937e-04 3.663979618322899760e-03 1.440740666679999000e-03 -8.438481073406788957e-04 -3.599352116633708874e-05
1.510591193439716484e+00 -6.051067447993295489e-03 3.386653627168619007e-03 1.670852134588645202e-04 -6.273199331659146463e-04 2.181112367305620189e-04
1.517050544270757584e+00 -6.081821624279743627e-03 3.329482421887353973e-03 5.335587550901693763e-04 6.435427574171033059e-04 3.717641070392722620e-04
1.527272468265255645e+00 -5.489491514732395584e-03 5.660346027878394165e-03 7.418664640364731888e-04 4.649163150632879102e-04 6.808774420601387996e-04
1.533883926070298553e+00 -6.230850030433779212e-03 9.301437737367730316e-03 7.852689364332070092e-04 -1.363314125752094629e-04 6.771126824570717620e-04
1.542954248680003415e+00 -6.140806970555657933e-03 9.291939841291506005e-03 7.752170607770155018e-04 7.202016564638100268e-05 6.451806505821697062e-04
1.547638639024284668e+00 -6.113157693425401440e-03 7.545190987757047392e-03 4.681732240929140434e-04 5.472024649120181680e-04 5.842161599791102864e-04
1.555653929798555435e+00 -6.118031682126842327e-03 7.073124100791777780e-03 2.738986574967261305e-04 5.018143286983815050e-04 5.467976848566782205e-04
1.561123060814940677e+00 -6.515954527422850202e-03 6.483501951437780145e-03 -3.740727625999865557e-04 -3.922316345708605316e-04 6.101380982211422437e-04
1.572771656708862986e+00 -6.694579882700120443e-03 7.536841287405978210e-03 8.108026946677332014e-05 -2.412388264381736837e-04 3.413379245454467538e-04
1.578916553814271762e+00 -7.069350861098076810e-03 8.688068298364961389e-03 -5.251155254155925878e-04 -8.401848406649451047e-05 -5.401188261417360975e-05
1.584784829482387414e+00 -8.288838650432287652e-03 8.270249607726407742e-03 -1.261035194428533146e-03 2.172944567183987877e-04 -6.091518242732895392e-04
1.592055011047108115e+00 -9.655851871626609448e-03 7.832293721194302782e-03 -8.428398604265190542e-04 4.319179355922376129e-04 -9.758145952269948412e-04
1.596672249353627393e+00 -9.914517786843810021e-03 8.424477024023978647e-03 -8.069640360909907315e-04 -5.046929179601693021e-04 -1.113773759599231365e-03
1.608444347689621301e+00 -9.453651539700996115e-03 9.615446313598572173e-03 -1.216922737925920511e-03 -5.318403076861443618e-04 -1.019610985356604908e-03
1.616050542591603634e+00 -3.617342902356155895e-03 7.586948626597318779e-03 -1.450065912086912455e-03 -1.133687894904313823e-03 -1.340970044093018005e-03
1.624139886359737162e+00 -6.489560028392682423e-03 6.181310563490431155e-03 -1.900551159836358448e-03 1.520440927869084156e-04 -1.341389002810851718e-03
1.630292441880251353e+00 -1.840198580118820523e-02 2.465410747558542757e-03 -1.828054841645245648e-03 -1.630048901467043526e-04 -1.496044881346382353e-03
1.629672668111799005e+00 -1.535800128545997470e-02 7.938216975965963970e-03 -1.661397927740160740e-03 -4.427735173569212306e-04 -1.433030505499898084e-03
1.645326543581602907e+00 -2.779455759723589367e-02 9.225150761558106177e-03 -9.543322861175617278e-04 -1.384146063834633053e-04 -1.279424486636707853e-03
1.650329293960017374e+00 -2.357552543077419058e-02 1.219163523369219682e-02 -1.035776832624469559e-03 3.702777082812166553e-05 -1.400050037527852042e-03
1.653730665697206836e+00 -1.809758256774231244e-02 1.017299816515449505e-02 -9.107996240826969842e-04 3.459238967427157160e-04 -1.236727919857786044e-03
1.660399040080093647e+00 -1.828860502756864473e-02 5.039605339724084754e-03 -1.035068747103353457e-03 2.190092783598839336e-04 -9.505547932135316892e-04
1.666279028941542339e+00 -1.837952583723571551e-02 1.328933715719255587e-02 -2.962639839326771480e-04 5.061933713205560596e-04 -4.071357816007379455e-04
1.671152833071206434e+00 -1.661900822223671970e-02 1.715647024751467548e-02 5.168332018094721992e-04 1.282635515888453552e-03 2.789787820519959004e-04
1.672455947262151632e+00 -7.115304155449371504e-03 8.270118444859470355e-03 7.755955628296050961e-04 6.792144026186575220e-04 6.519367157667765649e-04
1.678165127243790522e+00 -1.641312838201912025e-02 1.564779627490458375e-02 3.717657875538384169e-04 -5.946253860068158054e-04 8.354736515995512137e-04
1.691912263697730623e+00 -2.075896655705559979e-02 2.054309760271211954e-02 1.209365764946589448e-04 2.345987724482840805e-04 1.039327119799858231e-03
1.695708394459593649e+00 -2.537436434061293364e-02 2.221437763007210603e-02 -8.397732612194712225e-04 1.791516290601537350e-03 1.367630739700094683e-03
1.700626392289319000e+00 -2.784936808520486334e-02 1.148074187619406786e-02 2.950531095597174001e-04 2.380428477125886243e-04 1.330239443100033649e-03
1.705905632968508945e+00 -1.743523813365309080e-02 1.233398453260369822e-02 -5.656448077989847337e-04 2.728190391313440981e-04 1.234960850467655726e-03
1.715633573437209014e+00 -2.414763441308516445e-02 2.481615085290577241e-02 -1.331573896353166996e-03 -1.237603966730646370e-03 1.023672424824192311e-03
1.721750938169752887e+00 -2.264432777080250050e-02 2.503079064165427900e-02 -7.909209079092091544e-04 -2.518748125187481816e-03 9.439056094391120059e-04
1.724099025167504795e+00 -2.432456667199103806e-02 3.215925831697945964e-02 -1.360989215659552448e-03 -1.780733553199414934e-04 1.059354756648223875e-03
1.743909398968559232e+00 -1.742815760442903428e-02 2.399101320292141085e-02 -1.791447861965492737e-03 3.020755188797201798e-04 5.561390347586906997e-04
1.750568130967690594e+00 -1.931564124727151721e-02 2.347477594469147069e-02 -2.043915079328999847e-03 -6.546347229167615218e-05 2.227576487703329970e-04
1.749279930959057427e+00 -1.118438543486197610e-02 2.041857641931579814e-02 -1.684983150168497135e-03 8.869911300886988790e-04 -1.079989200107968800e-04
1.755068665756896795e+00 -1.211501775011067893e-02 2.185669676971264269e-02 -1.380516819113310851e-03 -5.548058179637126164e-04 -2.878992352679442756e-04
1.762623673961421389e+00 -1.379874116933640926e-02 2.414212360282395539e-02 -6.751958067839693460e-04 -1.541447019635694155e-03 -3.250942773401152845e-04
1.767733751527123420e+00 -1.612487210358539563e-02 3.194252109932257944e-02 3.636958775072767554e-05 -1.521158007673983079e-03 -1.163826808024295118e-04
1.771272847719368659e+00 -2.052841989989930005e-02 3.821399944249773140e-02 2.739178246526007498e-04 -3.698890332900135768e-04 -2.099370188970389351e-05
1.777385535159198060e+00 -2.068325192573318774e-02 3.958605920894850416e-02 7.704818237159407777e-04 1.817174112537597473e-04 4.261273293903151483e-04
1.783310872236691713e+00 -1.645666469446398217e-02 3.763532193129981440e-02 4.936199126672475949e-04 -4.896229902974701077e-04 8.083775492868866888e-04
1.791953430370147871e+00 -1.659238853686693244e-02 3.802204719866418559e-02 2.424363854938881751e-04 -1.472650771388512355e-04 1.109997996393395029e-03
1.793834608290702626e+00 -1.615785627673639244e-02 3.918635119813979745e-02 6.942803656785598342e-04 -9.723560095236316245e-05 1.114120063248935297e-03
1.802775173900636574e+00 -7.603533139052193364e-03 3.691295955577119509e-02 1.406506342283219638e-03 1.200432155576010681e-04 9.023248369412573220e-04
1.811939329723961878e+00 -8.886172666137323595e-03 4.386005831471289501e-02 9.529523523823833298e-04 4.999750012499345054e-05 9.859507024645862601e-04
1.823188614726366730e+00 -1.035705864163451867e-02 4.500226762707083827e-02 9.718614325419123057e-04 4.704899271558061103e-04 7.584152300676844354e-04
1.835565716521013080e+00 -8.911787211350436291e-03 5.905307564174847729e-02 2.979523276275792914e-04 2.629579267317240445e-04 5.479123340267707696e-04
1.841391138647029635e+00 -9.603252283551730328e-03 4.604428751025536198e-02 4.634541851014044984e-04 3.293227362815553667e-04 3.333266601268409937e-04
1.842946599647441674e+00 -2.318172872964952350e-04 3.632631240062127870e-02 -2.718008853982025559e-04 2.490750588598907261e-04 5.817811593813486328e-05
1.846162021069263304e+00 3.959529022161701120e-03 2.331739103492339385e-02 4.439556044395560246e-04 5.589441055894416163e-04 -1.389861013897502337e-04
1.852123875980868251e+00 1.564245679990706453e-03 2.510979828978751258e-02 -2.977201430655180528e-04 6.963454352908264025e-04 -1.498591324142927971e-05
1.859845827661092521e+00 -9.683030271331865418e-03 3.696487070663558028e-02 1.636601687517928554e-05 1.172897876054696887e-04 9.092231596979036899e-06
1.866557380704275459e+00 -1.190564935099058634e-02 3.273646760800953681e-02 1.313288923563185693e-03 1.030226649862967989e-04 -4.300946208145112681e-05
1.872772298522052736e+00 -1.099484502348135537e-02 3.330514462559891475e-02 1.020231870879743669e-03 4.537394862468746202e-04 1.636735621718705884e-05
1.876815378662805234e+00 -6.131332752399355247e-03 2.743974373014300763e-02 1.957492730597442700e-03 -2.098384244132036973e-05 3.896999310543108755e-05
1.887114155086989431e+00 -7.787290756765577818e-03 3.371568717630773343e-02 1.947857057105123468e-03 -1.700748329264876676e-04 3.901716755371268091e-04
1.892005324262781230e+00 -1.156121749255327458e-02 3.217481556864659753e-02 4.717752931551665529e-04 -7.253886010362695699e-04 1.308971911645705189e-04
1.891467470594112132e+00 -1.025672461031328607e-02 2.798158654983317131e-02 5.103010776358085946e-04 -2.701593940424862214e-05 -1.861098047850647105e-04
1.897339849268389278e+00 -2.280932216388649805e-02 3.713881968672684553e-02 -8.784114643189041291e-04 -2.718178820190468733e-04 -5.246484855143699819e-04
1.901688174538965548e+00 -2.521746690087288412e-02 4.245855839868399595e-02 -6.545322500113471154e-04 -6.872134719259217301e-04 -9.822522808771725136e-04
1.927914878315062142e+00 -2.069329679132668465e-02 4.587489035411566191e-02 -1.702195832624119921e-04 3.274223748635731899e-04 -1.166504791180483390e-03
1.928365471261484165e+00 -1.023427715517824001e-02 3.929745139035536322e-02 5.748562859285169741e-04 1.503624093976506110e-03 -9.337665583604002782e-04
1.931678058042091806e+00 -7.296072744471021956e-03 3.524274897052229183e-02 5.130911009625024888e-04 1.426466039555320973e-03 -7.914703153144288196e-04
1.928309215123717113e+00 -1.065448092628313095e-03 3.002646910483302081e-02 5.068986202759453909e-04 -7.618476304739049210e-04 -9.678064387125594279e-04
1.933860625358125862e+00 -4.040781380379636009e-03 3.189136962038423978e-02 -7.191585844561847445e-04 -5.044098404866309646e-04 -9.418979793640602522e-04
1.949328858845941870e+00 -9.235905678544676159e-03 2.731559396228325914e-02 -7.406598606030847382e-04 1.000891703517654461e-05 -1.096431366126296740e-03
1.955498487453312340e+00 -1.086983555552259451e-02 3.766692960177413230e-02 9.998200323944752440e-06 -3.669339518886601849e-04 -9.458297506447753151e-04
1.963683563753767736e+00 -1.288688180379742726e-02 3.707219863295645873e-02 1.799928002879881076e-04 -4.329826806927716755e-04 -1.077956881724421263e-03
1.959019810569035513e+00 -3.645965118326970761e-03 2.881676583282448759e-02 7.339782895035620045e-04 2.107462415406272799e-04 -9.701594222646763022e-04
1.969128079879496340e+00 -1.139963719857624465e-02 3.531267983214231299e-02 1.415768281595014208e-03 3.127279267037676538e-04 -8.562550580997830077e-04
1.988142689461252388e+00 -1.889131789732459432e-02 2.976558518211937232e-02 7.759704184047054804e-04 9.107634018835795995e-07 -9.025665312664748682e-04
1.987820619959898671e+00 -1.486555180671702593e-02 2.208395332546721213e-02 9.985506522065070757e-04 -6.087260732670300017e-04 -8.556149732617782284e-04
1.992660836505513844e+00 -1.336764063427041231e-02 2.102958555677046648e-02 -5.839240898683182874e-04 -3.829502164718592209e-04 -7.359043324370751621e-04
2.003358447603103443e+00 -1.933396570696038763e-02 2.527952780996110815e-02 -3.318936121845849144e-04 -8.574676062741527294e-04 -7.583541714023909076e-04
2.001956368427519894e+00 -1.780841648445245437e-02 3.097771743662997013e-02 -9.235684688732487572e-04 -3.115171484199488901e-04 -4.363236982679275454e-04
2.016959631477326376e+00 -3.008738088502783264e-02 3.752523491952169943e-02 4.706966310138849507e-05 8.582702399551338408e-04 -2.834194608015754772e-04
2.011657612630650682e+00 -2.339713213454700305e-02 2.735242917693361808e-02 3.200814752846225316e-04 1.734987087622303845e-03 8.183901356681830979e-05
2.016036723907009609e+00 -2.677642587365146321e-02 2.310204104880894324e-02 4.568675084225565664e-04 8.347579202031408900e-04 5.418428655692493663e-04
2.017110314749728683e+00 -1.825702358460211047e-02 1.987374550115800567e-02 9.450567034022056218e-04 -8.020481228873731043e-04 7.620457227432940722e-04
2.017935689234988228e+00 -1.842109875957849072e-02 2.281329497559722239e-02 9.382124011153184862e-04 -1.456817707056119824e-03 9.672760960192671766e-04
2.021457145374435438e+00 -1.367361095805657949e-02 2.379394286623206720e-02 2.931231117069185146e-04 -2.471037835891080783e-04 1.297544968886591918e-03
2.022004226878618471e+00 -1.296130581319704725e-02 2.244133354072115616e-02 -4.039757614543143635e-04 1.209927404355738961e-03 1.118932864028250422e-03
2.026122793968768487e+00 -1.465691465849358957e-02 1.700612067305701247e-02 -7.057240037105067497e-04 1.996216737299696432e-03 1.022208479601213922e-03
2.027327319750788170e+00 -1.254058829372464018e-02 1.099745141541072849e-02 -5.598488408129854771e-04 6.878142901416620233e-04 9.687384406210299177e-04
2.030946729483012803e+00 -1.528953444292741742e-02 1.099194266247177643e-02 -5.027838029647216508e-04 -1.053546974800836011e-03 9.715822196455252066e-04
2.034142728423446567e+00 -1.134838481014968647e-02 1.466077440546802862e-02 -4.518921278027353706e-04 -1.198377916386317559e-03 9.301522067247333138e-04
2.036764136722533980e+00 -1.309729320178302549e-02 1.477107712538502232e-02 -6.491817708958475680e-04 9.592685952066577152e-04 8.072260232865223137e-04
2.035231183467012706e+00 -1.056532936064550655e-02 1.097862540810766625e-02 5.808413123383542541e-05 1.225212143213685748e-03 6.616145573355735644e-04
2.024999528042284336e+00 -3.464917840758516970e-02 -2.678524565670062016e-02 -3.062327368800295746e-04 -2.101597213882552210e-04 4.973780072857289123e-04
2.011066735837528707e+00 -3.451718741900131754e-02 -3.852630734829284170e-02 -5.584304009909931820e-04 -1.205770114483226824e-03 3.396535533755639410e-04
2.018762796979743257e+00 -3.427151461142738387e-02 -5.680520273945101339e-02 -5.479302435650038527e-04 -7.408890668802559998e-04 1.574616812900541459e-04
2.030350039898058068e+00 -2.535144344171822578e-02 -4.899114595551160717e-02 -1.253177987308065882e-03 -2.632474526054493576e-04 3.162973194805167461e-04
2.028740918303824525e+00 -2.745230078626749448e-02 -4.927706041518688934e-02 -1.277879773871634520e-03 -2.926580989947832933e-04 1.436024212457787086e-04
2.033410934338996778e+00 -2.308436551735962641e-02 -2.823450675991381886e-02 -9.885369652913665161e-04 -2.656069017853574248e-04 7.089507528872695846e-05
2.034839169120350899e+00 -1.365994966395822456e-02 -2.434646705960148705e-02 3.103506962867670892e-05 2.663009200396445350e-04 1.761991049883687862e-04
2.032537480639001970e+00 -1.109887097587822224e-02 -3.277038446928928067e-02 6.113790550141091559e-04 -4.993095719345998044e-04 1.390862334646373146e-04
2.040515739509324966e+00 -9.138823074023109602e-03 -1.306191309362478639e-02 8.231200428821958343e-04 -7.368105461119843708e-04 3.152567934660052262e-04
2.035878946554163349e+00 -7.447156101439767091e-03 -2.242526950687070281e-02 7.415624781378983869e-04 -2.668425628878960611e-04 4.387411427258700015e-04
2.039999633529908429e+00 -8.538308000511394408e-03 -4.564880851568502672e-03 9.056830109461658576e-04 7.317438896386265238e-04 3.978607487380621537e-04
2.043126402844292144e+00 -9.084035384792129436e-03 -1.010902500855203169e-03 3.438739492740469205e-04 7.505185400822388456e-04 6.067828681634340922e-04
2.047415654340183355e+00 -8.562650322221537422e-03 3.962583072285535621e-03 3.779697624190029030e-04 -1.379889608831294599e-04 6.289496840252686762e-04
2.052087072534295675e+00 -6.118160374065144402e-03 2.290148195731516161e-03 2.611436289959520336e-04 1.570863975186352710e-04 6.183400870476616056e-04
2.052713379941445648e+00 -3.850017037060080981e-03 9.217807800091632441e-04 -3.817626527050644301e-05 -1.799738219895282484e-04 6.953534031416782517e-04
2.059024748774266111e+00 -6.821268585349578827e-03 1.179320507695000991e-02 -7.325677850068504793e-04 -1.114342537902637082e-03 6.716037537850507626e-04
2.065282994896712854e+00 -1.012277589023900803e-02 2.661750282704623133e-02 -1.593419079216468236e-03 -1.326182793255465406e-03 5.762850520381778601e-04
2.069813979890088085e+00 -1.144622599493296498e-02 2.849328536348767760e-02 -1.598287691784523431e-03 6.741213418415307416e-04 5.350963173372948840e-04
2.074547859816812334e+00 -1.148234920628885339e-02 3.124035773762433646e-02 -6.319810405687836764e-04 2.687919362419128114e-03 5.069847904560995924e-04
2.075951284766808680e+00 -1.115169485320478826e-02 2.188293842839760667e-02 -1.119358912622767923e-03 2.080626550248494797e-04 3.198168321782543684e-04
2.080723611161368503e+00 -1.319653159008762726e-02 3.327208814389833597e-02 -6.999440044796478052e-06 -2.026837852971762315e-03 -1.589872810175388569e-04
2.088808286906708833e+00 -1.636658416397812621e-02 4.009010346685566717e-02 6.273136568284167457e-04 -1.767883941970984979e-03 -1.240620310155207510e-04
2.092472211269977844e+00 -1.781489244276162828e-02 4.150724024266391754e-02 6.006851991530383524e-04 2.049236193782316869e-03 -4.362010523350714911e-04
2.094202493135158161e+00 -1.477457075868569836e-02 3.212861395515190233e-02 1.977217493924331420e-03 1.382152036724040248e-03 -3.180349838482637880e-04
2.098512612537149824e+00 -1.312225587643865536e-02 2.690739348915705681e-02 2.527735123888102606e-03 1.262050354809692715e-03 -3.098338164076965733e-04
2.102515257879012722e+00 -1.391559376670431503e-02 2.791805930625507887e-02 2.740561510158368540e-03 7.478803391457371306e-04 -4.909214525673864099e-04
2.103529698934637704e+00 -1.142476281502319280e-02 2.296210575859426728e-02 1.975106059393263655e-03 -6.583686864644198089e-04 -4.862723124949836612e-04
2.107072615676015559e+00 -6.016192212498681913e-03 3.331836152299218895e-02 1.771637789604259315e-03 -2.104757712776599964e-03 -4.491616982114999060e-04
2.114700390055941348e+00 -1.050543750991269655e-02 4.405575432832551513e-02 6.091019836724087809e-05 -2.167312132947871693e-03 -5.745559010163511868e-04
2.115976504408940251e+00 -9.204291445536834718e-03 5.709202763832321031e-02 -1.374996252735505341e-03 -1.958570243722083069e-03 -5.655871214014434678e-04
2.114824710202785507e+00 -5.611293205004787288e-03 6.464655896770089838e-02 -2.159561485986350934e-03 -8.262148158521219997e-04 -4.411146898192667498e-04
2.115973326038650626e+00 -5.581089523632192309e-03 6.759436604119012371e-02 -2.279150498450580476e-03 -4.452885742586893710e-05 -5.970501903835004256e-04
2.121339704675564430e+00 -7.495493898597530361e-03 5.240258536438044401e-02 -1.951795651999840278e-03 3.279016695359730782e-03 -6.716178884574691655e-04
2.121926651419328902e+00 -6.388523992544269114e-03 4.011572855507961055e-02 -1.173036527811877235e-03 3.106273472097190007e-03 -5.419610624617571043e-04
2.119325728662210917e+00 -7.315770589290233016e-03 2.737696936947819557e-02 6.483661173842174643e-05 -5.974943143278935295e-04 -6.962454614374870288e-04
2.129631309755393165e+00 -7.055824553247747564e-03 2.754084264984090966e-02 1.044326294393875532e-03 -1.295645469746578224e-03 -5.817388082864664509e-04
2.128129296762908407e+00 -4.665490349157077818e-03 3.423640462137386015e-02 5.727376861397531164e-04 -1.710940198912708340e-03 -2.618229422351714929e-04
2.129739763757041882e+00 -3.779840510923246442e-03 3.485130227720755619e-02 8.050885597415649748e-04 -5.210573163047924799e-04 -1.610177119486141646e-04
2.131022114083592989e+00 1.189015808430871936e-02 2.333571535252815243e-02 1.862826419355810646e-03 1.516044891718216873e-03 -9.993703966477813735e-05
2.133181207596491991e+00 8.707301659252984424e-03 2.445679536680145719e-02 1.010669693530075663e-03 1.144154370034062348e-04 -8.535754824046897611e-05
2.143687308667651337e+00 1.654878142260395729e-02 3.231006493529878926e-02 1.908006814310054134e-03 -1.160436917526807285e-03 -5.912416073780267793e-05
2.139237463326906230e+00 1.754550922989879178e-02 3.195897146803738931e-02 1.389680373514094128e-03 -1.279705667696429735e-03 2.699379142819281142e-05
2.140559731410076605e+00 1.993273806718067268e-02 3.229538393729924906e-02 7.615758622256541682e-04 1.457717998818557461e-03 1.544962966326909101e-04
2.147051574375791638e+00 1.214432200809834744e-02 3.338627847804121612e-02 -7.621371846932436340e-04 1.071192814706647956e-03 1.770318657357041468e-04
2.143781578783549246e+00 1.480786881037345765e-02 3.219420746215844592e-02 -3.703888583836702198e-04 1.416662506863675119e-03 3.494234513054185378e-05
2.154405328763317140e+00 2.062722501481889514e-02 2.948970429429317516e-02 1.038393223117939601e-04 1.931047046499973006e-04 1.912829621533392629e-04
2.153124704892336094e+00 1.837576591190650394e-02 2.433417914891106149e-02 4.347521912509849391e-04 -5.516855392426313429e-04 2.338666959835789287e-04
2.156402787574843050e+00 2.563222367366108784e-02 2.016137166539576711e-02 -1.227708005565575605e-04 -1.300461072562089410e-04 3.110193614098111475e-04
2.164584523143978867e+00 1.640613479298607888e-02 2.663862503440426327e-02 -4.197062056560444364e-04 1.558908763865293192e-04 2.987908464075639411e-04
2.170693165618609033e+00 1.807545168245897754e-02 3.504240028253243627e-02 -4.300043000430002634e-04 7.990079900799011096e-04 1.140011400113475899e-04
2.176307347495534117e+00 1.117599883957903772e-02 3.045013825427862059e-02 1.272819841443025132e-04 -1.372827114699251745e-04 1.818314059204105668e-04
2.183608741619962768e+00 1.445970125330026980e-02 3.521574834480054039e-02 -2.900725181295309759e-04 -3.120780195048769102e-04 2.890722680670004818e-04
2.182774450270540179e+00 1.364677956740808010e-02 2.327842862709855742e-02 -3.479443289073759320e-04 9.498480243161141622e-05 2.629579267316251652e-04
2.184215957523759855e+00 1.766620405492809118e-02 1.933923498574852129e-02 1.008467492822618766e-04 1.069338954101101266e-03 4.878802195006810838e-04
2.184926309468372629e+00 1.737946956254978956e-02 2.010449928020729971e-02 2.049139361468151586e-04 -1.899202335019292698e-04 4.528098198759108496e-04
