5.530150532722473145e-01 1.634790375828742981e-02 6.413171533495187759e-03 -1.866578706540167332e-03 -5.425017792731523514e-03 1.441188994795084000e-02
5.787031054496765137e-01 8.865470066666603088e-03 3.681777277961373329e-03 -1.817179261706769466e-03 -5.220171064138412476e-03 1.154067460447549820e-02
5.907233953475952148e-01 3.766300389543175697e-03 2.450447762385010719e-03 3.434687387198209763e-04 -2.592325909063220024e-03 9.426873177289962769e-03
5.991000533103942871e-01 6.880498956888914108e-03 5.337516777217388153e-04 -6.269561708904802799e-04 -2.355741598876193166e-04 7.562037091702222824e-03
6.123385429382324219e-01 1.158624142408370972e-02 4.191130865365266800e-03 1.315488945692777634e-03 -9.733020560815930367e-04 4.981767386198043823e-03
6.242094635963439941e-01 5.049121566116809845e-03 5.030316300690174103e-03 7.374908891506493092e-04 -1.202287850901484489e-03 4.322122782468795776e-03
6.298249959945678711e-01 6.929646478965878487e-04 -1.497162040323019028e-03 2.030807547271251678e-03 -3.011019667610526085e-03 5.600539967417716980e-03
6.432355642318725586e-01 6.028305739164352417e-03 2.110549015924334526e-03 1.285750418901443481e-03 -2.156347967684268951e-03 4.905047826468944550e-03
6.452612280845642090e-01 2.805267460644245148e-03 -3.273441456258296967e-03 1.728930044919252396e-03 -1.120059052482247353e-03 5.099523812532424927e-03
6.605956554412841797e-01 -9.929474908858537674e-04 4.445593338459730148e-03 2.044920809566974640e-03 2.103290753439068794e-03 6.151839159429073334e-03
6.585134267807006836e-01 -1.669439370743930340e-03 1.122927479445934296e-02 3.013455308973789215e-03 2.903171814978122711e-03 4.900247324258089066e-03
6.658896803855895996e-01 6.925270427018404007e-04 3.250789130106568336e-03 2.746098442003130913e-03 1.540801138617098331e-03 4.744100850075483322e-03
6.750171184539794922e-01 -3.077130531892180443e-03 1.153306383639574051e-02 3.444374073296785355e-03 1.929954014485701919e-04 4.118644166737794876e-03
6.859568357467651367e-01 7.685818709433078766e-03 7.839624769985675812e-03 4.596983199007809162e-04 -2.797334687784314156e-03 3.063580719754099846e-03
6.760981678962707520e-01 1.992723671719431877e-03 8.907206356525421143e-03 1.066097873263061047e-03 -2.773145446553826332e-03 3.367752069607377052e-03
6.903699040412902832e-01 2.162686549127101898e-03 -4.424519371241331100e-03 3.134414087980985641e-03 1.547839492559432983e-03 3.372384700924158096e-03
7.032331824302673340e-01 5.308656021952629089e-03 2.834471524693071842e-05 -5.669606616720557213e-04 4.152598790824413300e-03 3.805564017966389656e-03
7.007956504821777344e-01 1.564163714647293091e-02 4.897861741483211517e-03 -2.047993242740631104e-03 3.730117343366146088e-03 2.710267668589949608e-03
7.065723538398742676e-01 1.195504143834114075e-02 6.348596420139074326e-03 1.722737913951277733e-03 -1.002715143840759993e-04 3.680454799905419350e-03
7.113468050956726074e-01 5.004786886274814606e-03 5.665522068738937378e-03 1.189259113743901253e-03 -4.180503077805042267e-03 4.167064558714628220e-03
7.132322192192077637e-01 6.633294746279716492e-03 2.470820210874080658e-03 9.693125612102448940e-04 -3.025617450475692749e-03 2.881188411265611649e-03
7.270864248275756836e-01 8.146362379193305969e-03 2.684772945940494537e-03 -3.020802047103643417e-03 -6.430401699617505074e-04 2.893350785598158836e-03
7.313355803489685059e-01 1.014364790171384811e-02 1.446448033675551414e-03 -2.232458908110857010e-03 2.899857063312083483e-04 2.810855861753225327e-03
7.427875995635986328e-01 -3.114815801382064819e-03 6.518489215523004532e-03 2.405357314273715019e-03 1.277369912713766098e-03 3.641537623479962349e-03
7.370642423629760742e-01 -1.752590062096714973e-03 1.070391200482845306e-02 2.908136695623397827e-03 3.889649175107479095e-03 3.567160107195377350e-03
7.321931719779968262e-01 8.100628037936985493e-04 1.229158230125904083e-02 9.839715203270316124e-04 2.059385878965258598e-03 4.116834606975317001e-03
7.286306619644165039e-01 2.884575398638844490e-03 8.359202183783054352e-03 8.000154048204421997e-04 -7.128327852115035057e-04 3.867227351292967796e-03
7.332863807678222656e-01 -1.055399188771843910e-03 6.226475350558757782e-03 2.408495929557830095e-04 -8.180391159839928150e-04 3.272360656410455704e-03
7.242184281349182129e-01 5.306771025061607361e-03 4.598639439791440964e-03 -1.229238929226994514e-03 -2.338994294404983521e-03 1.714220969006419182e-03
7.252318859100341797e-01 3.115699160844087601e-03 4.677158780395984650e-03 -1.918196503538638353e-04 -1.759344944730401039e-03 1.391975209116935730e-03
7.304690480232238770e-01 -3.804428968578577042e-03 3.773482050746679306e-03 1.326704979874193668e-03 -1.798272249288856983e-03 8.597250562161207199e-04
7.343434691429138184e-01 4.016992170363664627e-05 8.840232156217098236e-03 4.463875084184110165e-04 -1.227744389325380325e-03 1.842322817537933588e-04
7.374848127365112305e-01 2.301428699865937233e-03 8.727151900529861450e-03 -4.048391710966825485e-04 9.000143472803756595e-05 -9.729621524456888437e-06
7.486165761947631836e-01 6.992813665419816971e-03 5.702170543372631073e-03 -1.339928479865193367e-03 4.981622332707047462e-04 4.637981764972209930e-04
7.530391216278076172e-01 3.445330774411559105e-03 2.542508533224463463e-03 2.908404858317226171e-04 4.860081826336681843e-04 5.513069918379187584e-04
7.575027346611022949e-01 1.541715115308761597e-03 -2.504782285541296005e-03 1.709232688881456852e-03 -7.146890275180339813e-04 4.399537283461540937e-04
7.658006548881530762e-01 1.461222185753285885e-03 7.938049733638763428e-03 -1.440980122424662113e-03 -9.098848677240312099e-04 4.119931836612522602e-04
7.781835794448852539e-01 3.908576909452676773e-03 7.531290408223867416e-03 -2.503267023712396622e-03 -3.226478002034127712e-04 6.456366390921175480e-04
7.876607179641723633e-01 -2.383061801083385944e-04 -1.754199154675006866e-02 -1.073008024832233787e-04 1.289558713324368000e-03 1.007192069664597511e-03
7.944277524948120117e-01 -7.478422485291957855e-04 7.885819068178534508e-04 1.181376574095338583e-04 1.971750287339091301e-03 1.517319353297352791e-03
8.023080825805664062e-01 -5.603748722933232784e-04 1.160678546875715256e-02 5.007805884815752506e-04 3.043112810701131821e-03 1.374034094624221325e-03
7.969995141029357910e-01 1.044185180217027664e-02 1.668433658778667450e-03 -2.521479735150933266e-03 2.183277625590562820e-03 1.335152192041277885e-03
8.038111329078674316e-01 7.848954759538173676e-03 -5.437815561890602112e-03 -3.979883622378110886e-04 -3.078426234424114227e-04 2.396862721070647240e-03
8.010457754135131836e-01 9.831389179453253746e-04 -3.388225100934505463e-03 1.056248671375215054e-03 1.743451575748622417e-04 2.729355357587337494e-03
8.024414777755737305e-01 1.024603145197033882e-03 8.425606065429747105e-04 1.641857088543474674e-03 9.785845177248120308e-04 2.062883926555514336e-03
8.212029933929443359e-01 5.829456727951765060e-03 4.901783540844917297e-03 1.312082313233986497e-04 -1.276453491300344467e-03 1.451386255212128162e-03
8.073813915252685547e-01 8.258755318820476532e-03 -6.517008878290653229e-04 2.078663674183189869e-04 -3.032209817320108414e-03 2.582092769443988800e-03
8.402567505836486816e-01 1.296705799177289009e-03 7.959894835948944092e-03 1.253734575584530830e-03 -3.391984850168228149e-03 2.176570007577538490e-03
7.998838424682617188e-01 2.657962031662464142e-03 1.431771554052829742e-03 1.943626557476818562e-03 -2.496026689186692238e-03 2.693732269108295441e-03
8.150140643119812012e-01 -5.165952723473310471e-03 1.729892380535602570e-02 1.293526962399482727e-03 -6.490387022495269775e-04 3.437203355133533478e-03
7.859327197074890137e-01 5.477002356201410294e-03 1.455491315573453903e-02 1.123008783906698227e-03 -5.682745249941945076e-04 2.713230438530445099e-03
7.797586321830749512e-01 5.523319356143474579e-03 1.588544063270092010e-02 -4.220582777634263039e-04 -3.887960338033735752e-04 2.317002974450588226e-03
7.705529928207397461e-01 3.328172024339437485e-03 5.733013153076171875e-03 -7.810069946572184563e-04 -3.540905308909714222e-04 2.171819563955068588e-03
7.661507129669189453e-01 1.904182601720094681e-03 2.987398300319910049e-03 4.707352491095662117e-04 4.966259584762156010e-04 7.781375898048281670e-04
7.608319520950317383e-01 2.375208539888262749e-03 8.688136935234069824e-03 9.385278826812282205e-05 9.432776132598519325e-04 1.446348869649227709e-05
7.753428220748901367e-01 -4.693164955824613571e-04 2.648736536502838135e-02 1.238499069586396217e-03 4.480907227843999863e-03 6.468325154855847359e-04
7.711057662963867188e-01 3.054444212466478348e-03 2.373132109642028809e-02 -1.051732571795582771e-03 4.821722395718097687e-03 -1.132791658164933324e-04
7.702796459197998047e-01 5.872025154531002045e-03 3.752794116735458374e-02 1.284006866626441479e-03 9.379175491631031036e-03 -8.960391278378665447e-04
7.691256999969482422e-01 4.401829093694686890e-03 3.440141677856445312e-03 6.993676070123910904e-04 1.726548187434673309e-03 2.158386778319254518e-04
7.713598012924194336e-01 1.455687917768955231e-03 1.147789228707551956e-02 1.370801328448578715e-04 1.706368871964514256e-03 1.938477798830717802e-04
7.667007446289062500e-01 3.822299186140298843e-03 6.064367014914751053e-03 1.763706677593290806e-04 -1.012155204080045223e-03 -7.600416429340839386e-04
7.703642845153808594e-01 6.587421521544456482e-03 3.079053014516830444e-03 -1.706936513073742390e-03 -2.894005272537469864e-03 -8.934210054576396942e-04
7.766619920730590820e-01 2.674111165106296539e-03 -1.827029278501868248e-03 6.286078132688999176e-04 -1.712828059680759907e-03 -1.537726056994870305e-04
7.807763814926147461e-01 1.114432467147707939e-03 -2.386763226240873337e-03 5.701503250747919083e-04 -1.054064836353063583e-03 -1.308746868744492531e-04
7.841837406158447266e-01 4.732030502054840326e-04 -3.513602772727608681e-03 1.084466115571558475e-03 -6.654065800830721855e-04 -2.681950354599393904e-05
7.835846543312072754e-01 -3.608033002819865942e-04 1.359073678031563759e-03 1.750539639033377171e-03 -1.653941930271685123e-03 3.939944144804030657e-04
7.812555432319641113e-01 2.122766105458140373e-03 1.067096018232405186e-03 9.388130856677889824e-04 -4.046619869768619537e-03 5.562989972531795502e-04
7.822858691215515137e-01 1.810357935028150678e-04 -9.735658532008528709e-04 1.193231437355279922e-03 -1.770024653524160385e-03 5.873366608284413815e-04
7.845692634582519531e-01 1.669936813414096832e-03 9.524565190076828003e-03 2.045165165327489376e-04 -1.971043180674314499e-03 9.739349479787051678e-04
7.809551954269409180e-01 2.628643764182925224e-03 6.552863866090774536e-03 6.589810363948345184e-04 -7.863198989070951939e-04 7.342208991758525372e-04
7.794404625892639160e-01 2.933637704700231552e-03 1.396869029849767685e-02 -1.592198823345825076e-04 -1.254281145520508289e-03 7.072390872053802013e-04
7.815704345703125000e-01 4.913304001092910767e-03 1.099366694688796997e-02 -1.239961246028542519e-03 -1.837351010181009769e-03 1.159374718554317951e-03
7.881989479064941406e-01 6.890685297548770905e-03 1.399317290633916855e-02 -2.087381435558199883e-03 -1.654481166042387486e-03 1.119890366680920124e-03
7.940538525581359863e-01 8.549230173230171204e-03 1.133147999644279480e-02 -2.493060892447829247e-03 2.378693607170134783e-04 7.639108225703239441e-04
7.919737696647644043e-01 9.122475981712341309e-03 9.562099585309624672e-04 -4.106035921722650528e-04 -4.877080209553241730e-04 1.037931535392999649e-03
7.875952124595642090e-01 6.753649096935987473e-03 1.575895934365689754e-03 -8.221084135584533215e-04 2.569299249444156885e-05 6.863417802378535271e-04
7.797858715057373047e-01 1.338688377290964127e-02 1.717617549002170563e-02 -4.493810236454010010e-03 -2.669988898560404778e-03 9.906423510983586311e-04
7.813913822174072266e-01 4.153648857027292252e-03 1.394487358629703522e-02 -1.596928632352501154e-04 -3.824115265160799026e-04 1.180310733616352081e-03
7.832847237586975098e-01 -1.111370627768337727e-03 1.484755240380764008e-02 2.649313537403941154e-04 3.867820138111710548e-03 1.699137850664556026e-03
7.919470667839050293e-01 2.538937609642744064e-03 1.125490292906761169e-02 6.475521950051188469e-04 6.382194813340902328e-03 7.391187245957553387e-04
8.049712777137756348e-01 5.350054707378149033e-03 9.039777331054210663e-03 2.157786220777779818e-04 6.617696024477481842e-03 7.846158696338534355e-04
7.963621616363525391e-01 2.760579809546470642e-05 2.164578763768076897e-03 3.101720707491040230e-03 7.082040421664714813e-03 1.972033496713265777e-04
7.914116978645324707e-01 9.989795507863163948e-04 6.641115993261337280e-03 1.217591343447566032e-03 3.829495981335639954e-03 -1.200836850330233574e-04
7.867225408554077148e-01 6.888638017699122429e-04 8.209262974560260773e-03 8.543474832549691200e-04 -6.920347368577495217e-05 -1.210574642755091190e-03
7.864659428596496582e-01 5.508111789822578430e-03 1.117360312491655350e-02 -1.031586085446178913e-03 -3.670263802632689476e-03 -1.229151617735624313e-03
7.924977540969848633e-01 6.980399135500192642e-03 1.251138746738433838e-02 -1.442502602003514767e-03 -3.760161809623241425e-03 -1.187086571007966995e-03
7.915779352188110352e-01 9.214782156050205231e-03 9.259860962629318237e-03 -1.971731660887598991e-03 -1.993899932131171227e-03 -8.623915491625666618e-04
8.031260967254638672e-01 4.880347289144992828e-03 -1.005678903311491013e-03 1.666502445004880428e-03 2.527799457311630249e-03 -1.093381200917065144e-03
8.034754991531372070e-01 5.128407850861549377e-03 6.779729388654232025e-03 -4.672107170335948467e-04 2.524816663935780525e-03 -6.292597390711307526e-04
7.877706885337829590e-01 4.400559235364198685e-03 6.532396655529737473e-03 -1.956599531695246696e-03 -1.027344726026058197e-03 -1.050382386893033981e-03
7.885767817497253418e-01 8.496161550283432007e-03 1.635912247002124786e-02 -3.206135472282767296e-03 -6.399527192115783691e-03 -4.529551370069384575e-04
7.887871861457824707e-01 1.013480592519044876e-02 1.276378240436315536e-02 -9.852722287178039551e-04 -4.927790723741054535e-03 -3.804687294177711010e-04
8.006713986396789551e-01 7.137836888432502747e-03 8.080774918198585510e-03 -1.267457497306168079e-03 -1.124855712987482548e-03 -6.654130411334335804e-04
7.920177578926086426e-01 1.911094295792281628e-03 -2.436758019030094147e-03 -1.060723327100276947e-03 1.707258517853915691e-03 -7.426940137520432472e-04
7.859802246093750000e-01 4.355109296739101410e-03 -9.233393706381320953e-03 -1.621235511265695095e-03 3.656008746474981308e-03 -6.793460925109684467e-04
7.897962927818298340e-01 7.630217820405960083e-03 4.462178796529769897e-03 -1.921287621371448040e-03 3.057746216654777527e-03 -5.117669934406876564e-04
7.747113704681396484e-01 3.350264392793178558e-03 8.411129005253314972e-03 2.002053806791082025e-04 -2.844483242370188236e-04 -2.439420204609632492e-04
7.716242074966430664e-01 3.324681194499135017e-03 6.726193241775035858e-03 1.993357902392745018e-03 -2.334694145247340202e-03 2.384244580753147602e-04
7.678454518318176270e-01 -6.030555348843336105e-03 2.198128495365381241e-03 3.628859994933009148e-03 -1.508043962530791759e-03 -7.777200517011806369e-05
7.680785059928894043e-01 -7.394194253720343113e-04 9.688060730695724487e-03 -1.706991926766932011e-03 1.858479692600667477e-03 -1.612216728972271085e-04
