7.314304262399673462e-02 -2.870623255148530006e-03 -1.063646748661994934e-03 1.976742933038622141e-04 4.157377989031374454e-04 -7.937633432447910309e-03
8.074632287025451660e-02 -5.560056306421756744e-03 2.300991443917155266e-03 2.807622367981821299e-04 2.013363118749111891e-04 -8.541240356862545013e-03
8.488003909587860107e-02 -6.319957785308361053e-03 -7.984370313351973891e-05 -3.095931970165111125e-05 3.509072703309357166e-04 -9.814308024942874908e-03
8.645094186067581177e-02 -8.491746149957180023e-03 1.240077894181013107e-03 1.246284577064216137e-03 -1.526520100014749914e-05 -1.198055781424045563e-02
9.849381446838378906e-02 -9.372792206704616547e-03 2.356824697926640511e-03 1.214357325807213783e-03 -7.053434383124113083e-04 -1.335631590336561203e-02
1.027819737792015076e-01 -1.011179480701684952e-02 5.493948701769113541e-03 4.971075104549527168e-04 -9.462369489483535290e-04 -1.498355343937873840e-02
1.115897446870803833e-01 -7.938552647829055786e-03 2.136760856956243515e-03 -1.495445379987359047e-03 -1.262506586499512196e-03 -1.723727583885192871e-02
1.178008988499641418e-01 -7.570073474198579788e-03 1.501694059697911143e-04 -1.980716595426201820e-03 -1.840298762544989586e-03 -2.029139176011085510e-02
1.329584270715713501e-01 -1.791711710393428802e-02 -1.885225647129118443e-03 -7.326936465688049793e-04 -1.665295916609466076e-03 -2.333515696227550507e-02
1.439278721809387207e-01 -2.288732118904590607e-02 3.045624762307852507e-04 -1.594316854607313871e-04 -9.392371284775435925e-04 -2.675536461174488068e-02
1.566943973302841187e-01 -1.328842155635356903e-02 2.266868716105818748e-03 -8.395729819312691689e-04 -7.396051078103482723e-04 -3.007463365793228149e-02
1.692156493663787842e-01 -2.327576652169227600e-02 -3.020005242433398962e-04 -1.605291152372956276e-03 -1.130677526816725731e-03 -3.391107916831970215e-02
1.866869330406188965e-01 -2.282479777932167053e-02 1.441021217033267021e-03 -2.258270978927612305e-03 -7.042317301966249943e-04 -3.712343424558639526e-02
2.037982791662216187e-01 -3.023668378591537476e-02 -5.804318469017744064e-03 -1.032652100548148155e-03 6.719088996760547161e-04 -3.952885046601295471e-02
2.154996991157531738e-01 -3.276386484503746033e-02 -3.759826649911701679e-04 6.217160844244062901e-04 2.165824407711625099e-03 -4.238694161176681519e-02
2.294321805238723755e-01 -3.809908404946327209e-02 1.648023375310003757e-03 9.435029933229088783e-04 1.545399427413940430e-03 -4.492807388305664062e-02
2.427150011062622070e-01 -3.896163776516914368e-02 3.381334943696856499e-03 -5.965957534499466419e-04 1.076541957445442677e-03 -4.757963865995407104e-02
2.547446489334106445e-01 -3.924420475959777832e-02 -3.162476350553333759e-04 -6.949829403311014175e-04 6.209561834111809731e-04 -5.034470930695533752e-02
2.656348049640655518e-01 -3.894443437457084656e-02 -1.135196303948760033e-03 -4.977157223038375378e-04 -1.596665708348155022e-03 -5.182046815752983093e-02
2.737746238708496094e-01 -4.546508565545082092e-02 4.603042732924222946e-03 9.515762794762849808e-04 -1.608787220902740955e-03 -5.386151745915412903e-02
2.881967425346374512e-01 -3.985111787915229797e-02 5.371615290641784668e-03 -3.382477443665266037e-04 3.032307176908943802e-05 -5.630254745483398438e-02
3.108884394168853760e-01 -4.284046217799186707e-02 -1.406702096574008465e-03 -6.859064451418817043e-04 4.205220902804285288e-04 -5.818750709295272827e-02
3.216847479343414307e-01 -4.142699018120765686e-02 1.770252245478332043e-03 -1.108858035877346992e-03 5.108267068862915039e-04 -5.851169675588607788e-02
3.285155296325683594e-01 -4.333165660500526428e-02 6.208144477568566799e-04 -1.276224735192954540e-03 2.047431371465791017e-05 -5.971045419573783875e-02
3.487572968006134033e-01 -4.037678986787796021e-02 9.832167997956275940e-04 -1.804408035241067410e-03 6.068659713491797447e-04 -6.153407692909240723e-02
3.536506593227386475e-01 -4.767827317118644714e-02 -7.693835068494081497e-03 -1.595492358319461346e-03 1.081497874110937119e-03 -6.324540078639984131e-02
3.752433061599731445e-01 -5.320369824767112732e-02 -6.695923395454883575e-03 1.593007473275065422e-03 2.128856955096125603e-03 -6.402651220560073853e-02
3.784867227077484131e-01 -6.068736687302589417e-02 5.683109164237976074e-03 3.543917089700698853e-03 4.179642070084810257e-03 -6.634836643934249878e-02
3.932141363620758057e-01 -5.509754270315170288e-02 1.900156610645353794e-03 1.795184449292719364e-03 3.116372507065534592e-03 -6.770144402980804443e-02
4.064130783081054688e-01 -5.882876366376876831e-02 3.418584819883108139e-03 1.603121403604745865e-03 1.203253050334751606e-03 -6.752314418554306030e-02
4.241634309291839600e-01 -5.421392247080802917e-02 1.861446304246783257e-03 -4.193841887172311544e-04 1.601052121259272099e-03 -6.695102900266647339e-02
4.523988962173461914e-01 -4.827464371919631958e-02 5.598379299044609070e-03 -9.457154083065688610e-04 3.559630829840898514e-03 -6.522966921329498291e-02
4.714044630527496338e-01 -5.077406018972396851e-02 3.908358979970216751e-03 -2.864108537323772907e-04 1.969825942069292068e-03 -6.263808906078338623e-02
4.815537631511688232e-01 -4.975271597504615784e-02 1.511013688286766410e-04 1.540257246233522892e-03 8.828391437418758869e-04 -6.058400124311447144e-02
4.997805058956146240e-01 -4.801763594150543213e-02 -6.928141810931265354e-04 1.776670571416616440e-03 3.967506927438080311e-04 -5.906094238162040710e-02
5.274125337600708008e-01 -4.171535000205039978e-02 -1.834733644500374794e-03 1.777286524884402752e-03 -1.822889462346211076e-04 -5.737851560115814209e-02
5.490943789482116699e-01 -4.032903537154197693e-02 -9.204570669680833817e-04 1.950299832969903946e-03 -7.826327782822772861e-05 -5.354619398713111877e-02
5.673038363456726074e-01 -3.675815463066101074e-02 -6.376616074703633785e-04 2.085679443553090096e-03 4.906308022327721119e-04 -4.945196211338043213e-02
5.903375148773193359e-01 -3.427848592400550842e-02 -1.930465688928961754e-03 2.841238863766193390e-03 7.229112088680267334e-04 -4.395876824855804443e-02
6.271660327911376953e-01 -2.789448201656341553e-02 1.200506230816245079e-03 2.762785647064447403e-03 3.167100076097995043e-04 -4.022825136780738831e-02
6.395631432533264160e-01 -2.542915940284729004e-02 -3.395390696823596954e-03 2.602255437523126602e-03 -6.314214260783046484e-05 -3.257760033011436462e-02
6.749240756034851074e-01 -1.998719200491905212e-02 -2.029960043728351593e-03 3.750175004824995995e-03 5.881393008166924119e-05 -2.819056250154972076e-02
6.997478008270263672e-01 -1.837392151355743408e-02 -1.916950452141463757e-03 3.656676271930336952e-03 3.631025901995599270e-05 -2.190455421805381775e-02
7.224799990653991699e-01 -1.086328644305467606e-02 -2.066315850242972374e-03 2.974883886054158211e-03 5.402798415161669254e-04 -1.612468995153903961e-02
7.536767721176147461e-01 -7.981458678841590881e-03 -3.346786368638277054e-03 3.336481517180800438e-03 5.282333586364984512e-04 -1.178239006549119949e-02
7.725834846496582031e-01 -4.073642659932374954e-03 -6.858674460090696812e-04 2.989218104630708694e-03 4.404521314427256584e-04 -5.988985300064086914e-03
7.904832959175109863e-01 9.036016417667269707e-04 -2.107235835865139961e-03 2.944226376712322235e-03 8.097091340459883213e-04 -1.743289991281926632e-03
8.138080239295959473e-01 4.622601438313722610e-03 3.184108063578605652e-03 2.025953494012355804e-03 8.932636701501905918e-04 1.054265303537249565e-03
8.343313336372375488e-01 7.758531719446182251e-03 9.873325470834970474e-04 6.266030250117182732e-04 9.966235375031828880e-04 2.597158309072256088e-03
8.532137870788574219e-01 9.311044588685035706e-03 2.695149043574929237e-03 3.935794811695814133e-04 1.385146402753889561e-03 2.290196716785430908e-03
8.847486376762390137e-01 8.676644414663314819e-03 1.263081212528049946e-03 4.323286120779812336e-04 5.528494948521256447e-04 2.076755743473768234e-03
9.040973782539367676e-01 7.180251646786928177e-03 9.226569673046469688e-04 1.235120929777622223e-03 2.360496437177062035e-04 2.371070208027958870e-03
9.201499223709106445e-01 8.666981011629104614e-03 2.649692352861166000e-03 1.252204820048063993e-04 4.213293141219764948e-04 2.252722624689340591e-03
9.380426406860351562e-01 8.097311481833457947e-03 -2.419108059257268906e-03 3.763720087590627372e-05 -1.309267099713906646e-04 1.925487420521676540e-03
9.594114422798156738e-01 1.144168339669704437e-02 -9.391758940182626247e-04 -1.891365100163966417e-04 -2.186938218073919415e-04 2.106280298903584480e-03
9.762912988662719727e-01 9.983358904719352722e-03 2.136319875717163086e-03 -4.640587139874696732e-04 9.183806250803172588e-04 1.086311182007193565e-03
9.968856573104858398e-01 1.123714912682771683e-02 3.839288838207721710e-04 -2.082029823213815689e-03 7.825579959899187088e-04 1.003193203359842300e-03
1.017347455024719238e+00 8.785457350313663483e-03 -1.533971400931477547e-03 -1.753820833982899785e-04 2.788763085845857859e-04 4.620416148100048304e-04
1.045873284339904785e+00 8.737044408917427063e-03 5.366372410207986832e-03 -9.189714910462498665e-04 -2.620689920149743557e-04 -1.852207788033410907e-05
1.063383221626281738e+00 6.094780284911394119e-03 -6.296786013990640640e-03 -5.852362373843789101e-04 -1.154420897364616394e-03 -2.304258377989754081e-04
1.083024740219116211e+00 3.251462709158658981e-03 8.311087731271982193e-04 8.828191785141825676e-04 -1.141185406595468521e-03 -3.117957967333495617e-04
1.101165652275085449e+00 6.870722863823175430e-03 -1.002666540443897247e-03 1.011170330457389355e-03 -6.059444276615977287e-04 -5.957882385700941086e-04
1.122614264488220215e+00 8.193186484277248383e-03 -2.334209624677896500e-03 8.229897939600050449e-04 -2.012048935284838080e-05 -1.346715434920042753e-04
1.150081276893615723e+00 5.080553237348794937e-03 1.347283483482897282e-03 1.425798865966498852e-03 2.698306634556502104e-04 -7.646108133485540748e-05
1.180270791053771973e+00 7.385164499282836914e-03 -2.735269488766789436e-03 5.011077155359089375e-04 7.559896912425756454e-04 4.733371606562286615e-04
1.204916954040527344e+00 7.295995019376277924e-03 4.195244400762021542e-04 1.315191155299544334e-03 1.559431664645671844e-03 7.760422304272651672e-04
1.218443512916564941e+00 5.853470880538225174e-03 2.248725621029734612e-03 1.531961024738848209e-03 1.826780033297836781e-03 9.804659057408571243e-04
1.243224024772644043e+00 9.581307880580425262e-03 2.621632069349288940e-03 2.959226549137383699e-04 1.643634517677128315e-03 1.061875140294432640e-03
1.250691652297973633e+00 4.572523757815361023e-03 4.030162002891302109e-03 7.336721755564212799e-04 2.224393421784043312e-03 1.222412101924419403e-03
1.265960931777954102e+00 1.005001645535230637e-02 4.348759539425373077e-03 -1.832695124903693795e-04 2.271894365549087524e-03 1.155741862021386623e-03
1.275595903396606445e+00 8.429900743067264557e-03 2.519855042919516563e-03 -8.120120619423687458e-04 1.301791751757264137e-03 1.440506195649504662e-03
1.283520221710205078e+00 1.097054127603769302e-02 4.032608587294816971e-03 -9.145623189397156239e-04 1.019409741275012493e-03 1.115450868383049965e-03
1.285606026649475098e+00 6.198960822075605392e-03 3.195464145392179489e-03 -7.847714005038142204e-04 5.446657887659966946e-04 1.626612967811524868e-03
1.317653775215148926e+00 1.219613756984472275e-02 3.592199180275201797e-03 -1.243888400495052338e-03 1.072911472874693573e-04 7.897625910118222237e-04
1.324971437454223633e+00 1.036476437002420425e-02 -2.493479289114475250e-03 -1.659762929193675518e-03 4.739942087326198816e-04 1.033251639455556870e-03
1.360893368721008301e+00 6.069765426218509674e-03 -7.038944866508245468e-03 -3.643303178250789642e-03 1.282120938412845135e-03 1.116090104915201664e-03
1.335211873054504395e+00 9.513210505247116089e-03 8.413470350205898285e-03 -1.222085673362016678e-03 6.407119217328727245e-04 1.296803355216979980e-03
1.331081390380859375e+00 9.711500257253646851e-03 5.960271693766117096e-03 -1.824491424486041069e-03 7.143191178329288960e-04 1.829420914873480797e-03
1.348001718521118164e+00 1.378786005079746246e-02 4.391275346279144287e-03 -2.018857281655073166e-03 1.243090024217963219e-03 7.937508635222911835e-04
1.363687753677368164e+00 1.151624880731105804e-02 6.611963734030723572e-03 -2.117696451023221016e-03 1.967077841982245445e-03 3.194242599420249462e-04
1.367600083351135254e+00 1.155444979667663574e-02 7.490828633308410645e-03 -1.783052459359169006e-03 2.260045614093542099e-03 -4.944822867400944233e-04
1.359822988510131836e+00 1.075254287570714951e-02 2.794113475829362869e-03 -1.192769967019557953e-03 2.704829094000160694e-04 -9.647820843383669853e-04
1.385853886604309082e+00 7.970594801008701324e-03 7.568304892629384995e-03 -1.034830231219530106e-03 -7.870314293541014194e-04 -1.316111767664551735e-03
1.384574055671691895e+00 1.027340348809957504e-02 6.688776891678571701e-03 -7.230314076878130436e-04 -1.365287462249398232e-04 -8.567374898120760918e-04
1.412491679191589355e+00 6.089022383093833923e-03 7.606277242302894592e-03 -8.137284021358937025e-05 8.289305260404944420e-04 -8.050884352996945381e-04
1.400382399559020996e+00 1.081395242363214493e-02 1.680694171227514744e-03 -1.769724913174286485e-04 1.684558345004916191e-03 -2.655450662132352591e-04
1.399771571159362793e+00 4.787209909409284592e-03 7.468260824680328369e-03 4.438915639184415340e-04 6.212348234839737415e-04 -2.402881073066964746e-04
1.418322801589965820e+00 7.857349701225757599e-03 9.418838657438755035e-03 3.425967006478458643e-04 3.939863818231970072e-04 -2.687139203771948814e-04
1.418732047080993652e+00 7.486887276172637939e-03 1.114721037447452545e-02 1.853259745985269547e-04 3.065813798457384109e-04 -4.601824548444710672e-05
1.422661900520324707e+00 7.244527805596590042e-03 1.148177683353424072e-02 5.569723434746265411e-04 6.298472726484760642e-05 1.335591514362022281e-04
1.436529040336608887e+00 5.897960159927606583e-03 1.317542605102062225e-02 -2.224205818492919207e-04 2.794888569042086601e-04 1.886856189230456948e-04
1.443629264831542969e+00 9.111372753977775574e-03 1.135610695928335190e-02 4.565961353364400566e-05 1.037437934428453445e-03 2.519319823477417231e-04
1.458012342453002930e+00 7.197831291705369949e-03 9.393845684826374054e-03 -3.483976470306515694e-04 1.587003469467163086e-03 2.632008981890976429e-04
1.447600245475769043e+00 7.718476001173257828e-03 9.324026294052600861e-03 -2.855340135283768177e-04 1.522057224065065384e-03 3.050066879950463772e-04
1.454692244529724121e+00 7.672959938645362854e-03 1.099167764186859131e-02 -3.659896901808679104e-04 3.700895176734775305e-04 2.236718428321182728e-04
1.481839537620544434e+00 7.309184875339269638e-03 8.888808079063892365e-03 4.557257052510976791e-04 -2.502390998415648937e-04 6.074002885725349188e-05
1.483838558197021484e+00 7.094953209161758423e-03 1.131008472293615341e-02 4.930259892717003822e-04 -3.553095739334821701e-04 2.840527740772813559e-04
1.492211580276489258e+00 5.503090564161539078e-03 9.525514207780361176e-03 8.762692450545728207e-04 2.152773595298640430e-05 3.114594728685915470e-04
1.493749141693115234e+00 5.732992198318243027e-03 1.474684942513704300e-02 8.433781913481652737e-04 7.865476072765886784e-04 1.112298050429672003e-04
1.481866478919982910e+00 3.993570804595947266e-03 1.399054843932390213e-02 9.724420960992574692e-04 1.726807560771703720e-03 4.706648469436913729e-04
1.511201739311218262e+00 4.685146734118461609e-03 1.677106134593486786e-02 5.550355999730527401e-04 1.720292842946946621e-03 2.748614060692489147e-04
1.501741528511047363e+00 6.911806296557188034e-03 1.238814648240804672e-02 2.189850783906877041e-04 6.129583343863487244e-04 3.100465692114084959e-04
1.487704753875732422e+00 6.347938906401395798e-03 1.482853759080171585e-02 3.753068449441343546e-04 9.520567982690408826e-05 2.355230099055916071e-04
1.494693756103515625e+00 6.251731887459754944e-03 1.104898191988468170e-02 1.352391991531476378e-04 -4.594225320033729076e-04 2.297443425050005317e-04
1.492197871208190918e+00 2.852495526894927025e-03 1.459394395351409912e-02 5.778485210612416267e-04 2.730564156081527472e-04 1.740936277201399207e-04
1.488894939422607422e+00 4.871740005910396576e-03 1.400982495397329330e-02 -7.440913759637624025e-05 9.940019808709621429e-04 1.026316604111343622e-04
1.491085529327392578e+00 5.486062262207269669e-03 1.292546093463897705e-02 -1.810998655855655670e-04 9.987069061025977135e-04 -5.119923152960836887e-04
1.477997183799743652e+00 7.165583781898021698e-03 1.328465994447469711e-02 6.002889131195843220e-05 5.700233741663396358e-04 -8.864111150614917278e-04
1.472933769226074219e+00 1.668502809479832649e-03 1.558844093233346939e-02 4.801177419722080231e-04 3.998748143203556538e-04 -1.179201295599341393e-03
1.486168742179870605e+00 6.865547038614749908e-03 1.153726503252983093e-02 4.236567183397710323e-04 3.022801538463681936e-04 -1.119681168347597122e-03
1.484542131423950195e+00 4.571068100631237030e-03 1.131050474941730499e-02 6.022287416271865368e-04 -1.603056734893471003e-04 -9.576440788805484772e-04
1.488606929779052734e+00 4.636245779693126678e-03 1.323335431516170502e-02 6.678279023617506027e-04 -6.303083500824868679e-04 -7.844813517294824123e-04
1.491015791893005371e+00 4.106843844056129456e-03 1.293073128908872604e-02 9.441369911655783653e-04 -2.405050618108361959e-04 -5.004908889532089233e-04
1.481811165809631348e+00 4.162389319390058517e-03 1.370804104954004288e-02 8.032089099287986755e-04 -2.551832003518939018e-04 -5.270495894365012646e-04
1.489642262458801270e+00 1.188680762425065041e-03 1.263320539146661758e-02 7.743350579403340816e-04 -1.664865994825959206e-04 -5.477466620504856110e-04
1.489377856254577637e+00 4.177615977823734283e-03 1.381944026798009872e-02 8.642213651910424232e-04 1.906811812659725547e-04 -2.018665982177481055e-04
1.476327776908874512e+00 -2.422218385618180037e-04 1.462511159479618073e-02 5.883151898160576820e-04 -5.856202915310859680e-05 -3.586442035157233477e-04
1.464012742042541504e+00 1.142759458161890507e-03 1.246472261846065521e-02 4.034629673697054386e-04 6.664013926638290286e-05 -2.208182995673269033e-04
1.455786108970642090e+00 2.756306435912847519e-03 1.649373769760131836e-02 4.430696426425129175e-04 4.889999399892985821e-05 2.901426705648191273e-05
1.458362698554992676e+00 2.564886235632002354e-04 1.652120053768157959e-02 1.657712273299694061e-04 5.325458550942130387e-05 -8.711533155292272568e-06
1.454750776290893555e+00 4.550863057374954224e-03 1.504338439553976059e-02 7.087091216817498207e-05 2.901106199715286493e-06 -1.529291039332747459e-04
1.464187264442443848e+00 2.520222333259880543e-04 1.657753624022006989e-02 -1.154400815721601248e-04 -6.161737837828695774e-04 -9.136147855315357447e-05
1.464199900627136230e+00 2.441881923004984856e-03 1.433597411960363388e-02 -4.070505674462765455e-04 -1.381467911414802074e-03 -3.573150606825947762e-04
1.471277236938476562e+00 1.830391352996230125e-03 1.527176238596439362e-02 2.539762353990226984e-04 -8.298782631754875183e-04 -2.493949723429977894e-04
1.471886754035949707e+00 4.712070804089307785e-04 1.456628926098346710e-02 4.029001283925026655e-04 -3.991773701272904873e-04 -2.843735564965754747e-04
1.473643064498901367e+00 -2.028092509135603905e-03 1.583899930119514465e-02 -1.924294774653390050e-04 1.821409678086638451e-04 -2.808724821079522371e-04
1.457535862922668457e+00 -1.131827943027019501e-03 1.588289439678192139e-02 6.850791396573185921e-05 2.193980035372078419e-04 -1.161223481176421046e-04
1.475965261459350586e+00 1.661754795350134373e-03 1.480995491147041321e-02 -1.398719177814200521e-04 3.314109053462743759e-04 -1.311732194153591990e-04
1.501408815383911133e+00 -1.382222282700240612e-03 1.414716523140668869e-02 2.020933752646669745e-04 -3.089714737143367529e-04 -4.365321074146777391e-04
1.467186927795410156e+00 7.578989607281982899e-04 1.392877567559480667e-02 3.461646847426891327e-04 6.766810838598757982e-05 -1.349074300378561020e-04
1.461476206779479980e+00 -1.471099909394979477e-03 1.482810359448194504e-02 9.211539290845394135e-04 3.319530878798104823e-05 -6.537451990880072117e-04
1.487003564834594727e+00 1.311602187342941761e-03 1.326797995716333389e-02 5.015534698031842709e-04 5.413751932792365551e-05 -1.287877676077187061e-03
1.459764838218688965e+00 -4.506967961788177490e-03 1.418056990951299667e-02 7.265864987857639790e-04 -2.435577480355277658e-04 -1.498526660725474358e-03
1.457821965217590332e+00 -4.549547098577022552e-03 1.236913166940212250e-02 4.811361432075500488e-04 -6.386488093994557858e-04 -1.534198410809040070e-03
1.450099110603332520e+00 -5.319975316524505615e-03 1.170117501169443130e-02 5.396038177423179150e-04 -2.386786945862695575e-04 -2.165147103369235992e-03
1.454980611801147461e+00 -5.062378942966461182e-03 1.230625063180923462e-02 8.822767995297908783e-05 1.722922461340203881e-04 -1.954120118170976639e-03
1.448961138725280762e+00 -4.528790712356567383e-03 1.358710695058107376e-02 3.022050368599593639e-04 1.906926772790029645e-04 -2.554233651608228683e-03
1.454391002655029297e+00 -2.227036748081445694e-03 1.170845329761505127e-02 -1.888970837171655148e-05 8.483590208925306797e-04 -2.418573247268795967e-03
1.442655563354492188e+00 -2.157203853130340576e-03 1.119092572480440140e-02 -1.459501218050718307e-04 4.965275293216109276e-04 -1.744402106851339340e-03
1.456762790679931641e+00 -3.261230885982513428e-03 1.211387850344181061e-02 7.619379903189837933e-05 -3.367947938386350870e-04 -2.368672052398324013e-03
1.477212548255920410e+00 -3.554249415174126625e-03 1.333169545978307724e-02 -1.937936758622527122e-06 -6.630521966144442558e-04 -2.360622165724635124e-03
1.476912379264831543e+00 -2.641293220221996307e-03 1.120751071721315384e-02 2.495431981515139341e-04 -1.093925442546606064e-03 -2.428439911454916000e-03
1.461046695709228516e+00 -3.342830343171954155e-03 1.084837689995765686e-02 1.509659487055614591e-04 -6.304226117208600044e-04 -2.264974871650338173e-03
1.478948235511779785e+00 -6.959450896829366684e-03 9.458241052925586700e-03 2.494202926754951477e-04 -1.462341169826686382e-04 -1.678792294114828110e-03
1.465952634811401367e+00 -3.748803865164518356e-03 1.184657681733369827e-02 4.650539485737681389e-04 -4.595894279191270471e-05 -1.798347802832722664e-03
1.474048852920532227e+00 -4.414816852658987045e-03 1.157494541257619858e-02 8.679198799654841423e-04 1.602207194082438946e-04 -1.402818947099149227e-03
1.477132558822631836e+00 -1.133970799855887890e-03 1.219425350427627563e-02 5.703587667085230350e-04 -1.680415880400687456e-05 -1.417255145497620106e-03
1.480206847190856934e+00 -3.269152948632836342e-03 1.180514786392450333e-02 1.815496216295287013e-04 -4.015586455352604389e-04 -1.644655247218906879e-03
1.480920553207397461e+00 -2.286946168169379234e-03 1.080011576414108276e-02 2.981952566187828779e-04 6.898948340676724911e-04 -1.605585915967822075e-03
1.490107655525207520e+00 5.838981596753001213e-04 9.984272532165050507e-03 4.953637253493070602e-04 3.357216482982039452e-04 -1.884026220068335533e-03
1.476909995079040527e+00 4.879062995314598083e-03 1.452547218650579453e-02 5.208262009546160698e-04 2.124171005561947823e-04 -1.723745954222977161e-03
1.469262838363647461e+00 8.588075637817382812e-03 1.320509519428014755e-02 1.082403352484107018e-03 -4.756821435876190662e-04 -2.064434811472892761e-03
1.469601154327392578e+00 5.420688539743423462e-03 1.386218518018722534e-02 7.893481524661183357e-04 -1.010147505439817905e-03 -2.365346997976303101e-03
1.478488326072692871e+00 5.692346021533012390e-03 1.191083807498216629e-02 6.359675317071378231e-04 -9.331017499789595604e-04 -2.591161523014307022e-03
1.479821920394897461e+00 7.140879984945058823e-03 1.276195142418146133e-02 5.270226392894983292e-04 -4.876475722994655371e-04 -2.696028444916009903e-03
1.478539943695068359e+00 9.182946756482124329e-03 1.356351189315319061e-02 7.672476349398493767e-04 -2.634545089676976204e-04 -2.370845759287476540e-03
1.465129256248474121e+00 1.153497397899627686e-02 1.610838063061237335e-02 6.333983037620782852e-04 -5.656559951603412628e-04 -2.609694143757224083e-03
1.455042362213134766e+00 1.452633552253246307e-02 1.737401075661182404e-02 1.622055133339017630e-04 -1.870513660833239555e-04 -2.490541199222207069e-03
1.479716181755065918e+00 2.163632214069366455e-02 1.645967550575733185e-02 3.067031211685389280e-04 -1.575038768351078033e-04 -2.574028447270393372e-03
1.480416655540466309e+00 2.212102338671684265e-02 1.431712787598371506e-02 1.242290600202977657e-04 4.693754890467971563e-04 -3.076746128499507904e-03
1.462375283241271973e+00 1.791887916624546051e-02 1.351838372647762299e-02 -4.932608571834862232e-04 8.027830626815557480e-04 -3.656379412859678268e-03
1.472708344459533691e+00 1.592998579144477844e-02 1.568323560059070587e-02 2.705453880480490625e-06 7.726493058726191521e-04 -3.269566455855965614e-03
1.455689430236816406e+00 1.371630840003490448e-02 1.325098425149917603e-02 -1.200232436531223357e-04 -3.008401254191994667e-04 -4.241771530359983444e-03
1.460560083389282227e+00 1.547450944781303406e-02 1.255721878260374069e-02 5.570243229158222675e-05 5.845468695042654872e-05 -4.240112844854593277e-03
1.463869452476501465e+00 6.712772417813539505e-03 1.149921864271163940e-02 3.222391824238002300e-04 -3.717722720466554165e-04 -4.250095691531896591e-03
1.443585872650146484e+00 1.390340924263000488e-02 1.113116834312677383e-02 6.570054683834314346e-04 -7.811724208295345306e-05 -4.064326640218496323e-03
1.456696629524230957e+00 -2.264185342937707901e-03 1.306309271603822708e-02 -4.950612783432006836e-04 -3.532984701450914145e-04 -5.123149137943983078e-03
1.430762290954589844e+00 7.843945175409317017e-03 1.178835891187191010e-02 2.070341142825782299e-04 1.038675254676491022e-04 -5.765927955508232117e-03
1.432330846786499023e+00 6.675038486719131470e-03 1.301909424364566803e-02 7.311714580282568932e-04 -3.785749431699514389e-04 -5.635280162096023560e-03
1.439412951469421387e+00 5.893017165362834930e-03 1.262054778635501862e-02 5.932598141953349113e-04 -1.159062609076499939e-03 -5.500510334968566895e-03
1.433003664016723633e+00 9.133056737482547760e-03 9.881854057312011719e-03 7.837772718630731106e-04 -5.187030183151364326e-04 -5.381337832659482956e-03
1.447480797767639160e+00 3.967184573411941528e-03 1.548536866903305054e-02 1.018729410134255886e-03 -7.066111429594457150e-04 -5.615373607724905014e-03
1.446780562400817871e+00 -2.504514297470450401e-03 1.551213860511779785e-02 -1.047441037371754646e-05 -7.093069143593311310e-05 -5.343859549611806870e-03
1.443532824516296387e+00 -4.174351692199707031e-03 1.567526347935199738e-02 1.266814419068396091e-03 3.485598717816174030e-04 -5.602518096566200256e-03
1.458850026130676270e+00 -5.662624258548021317e-03 1.198533456772565842e-02 1.642436021938920021e-03 -9.240105282515287399e-05 -4.653149284422397614e-03
1.465926885604858398e+00 -5.158552899956703186e-03 1.880224607884883881e-02 4.054673947393894196e-03 -7.881022756919264793e-04 -4.401579033583402634e-03
1.457813262939453125e+00 -3.181064501404762268e-03 1.490118168294429779e-02 2.311842050403356552e-03 -1.051875180564820766e-03 -4.237856715917587280e-03
1.479779243469238281e+00 5.164851900190114975e-04 1.411165390163660049e-02 2.696322044357657433e-03 -7.939354982227087021e-04 -3.294118680059909821e-03
1.498926758766174316e+00 8.465181104838848114e-03 1.391184143722057343e-02 1.345730735920369625e-03 -6.246739649213850498e-04 -3.788647241890430450e-03
1.507171869277954102e+00 6.832490209490060806e-03 1.569551974534988403e-02 8.052069460973143578e-04 -1.865040394477546215e-04 -3.583851270377635956e-03
1.523327589035034180e+00 9.906275197863578796e-03 1.375845074653625488e-02 7.089459686540067196e-04 1.058564288541674614e-03 -4.120559897273778915e-03
1.536943078041076660e+00 1.949745463207364082e-03 1.779448799788951874e-02 -8.162170415744185448e-04 3.843859303742647171e-04 -3.789206501096487045e-03
1.530203104019165039e+00 5.142249632626771927e-03 1.434470526874065399e-02 -1.642457209527492523e-05 -1.043669064529240131e-03 -3.862751880660653114e-03
1.537550568580627441e+00 4.674242809414863586e-03 1.318769529461860657e-02 5.487444577738642693e-04 -1.508340472355484962e-03 -4.027584567666053772e-03
1.529314756393432617e+00 -9.155876468867063522e-04 9.371239691972732544e-03 2.082577702822163701e-04 -8.442686521448194981e-04 -4.480408504605293274e-03
1.549822330474853516e+00 1.829413580708205700e-03 1.336697768419981003e-02 6.619974737986922264e-04 2.087347820634022355e-04 -3.844477003440260887e-03
1.551685094833374023e+00 4.993587732315063477e-03 1.115666050463914871e-02 9.872751543298363686e-04 1.011962187476456165e-03 -4.142705816775560379e-03
1.570474386215209961e+00 1.885900739580392838e-03 1.075882185250520706e-02 2.279193722642958164e-05 8.878111839294433594e-04 -4.043905064463615417e-03
1.574299216270446777e+00 6.640687352046370506e-04 1.415098551660776138e-02 5.395732587203383446e-04 -3.178792831022292376e-04 -4.002000670880079269e-03
1.568931460380554199e+00 6.732791662216186523e-03 8.145590312778949738e-03 8.218281436711549759e-04 -1.234827679581940174e-03 -3.868532832711935043e-03
1.581471920013427734e+00 1.699926215223968029e-04 1.015630364418029785e-02 1.341367140412330627e-03 -2.056717639788985252e-03 -3.864347003400325775e-03
1.617140293121337891e+00 -1.461592037230730057e-04 8.085295557975769043e-03 6.906893104314804077e-04 -1.713017933070659637e-03 -4.459310322999954224e-03
1.649796605110168457e+00 2.139853779226541519e-03 8.281451649963855743e-03 4.724029568023979664e-04 2.479909744579344988e-04 -4.687706939876079559e-03
1.637302279472351074e+00 9.600129909813404083e-03 9.028754197061061859e-03 -4.100350488442927599e-04 9.969531674869358540e-05 -3.993788734078407288e-03
1.668944954872131348e+00 4.789265338331460953e-03 6.500352174043655396e-03 -1.068921526893973351e-03 -5.134806269779801369e-04 -3.874633694067597389e-03
1.664053201675415039e+00 6.179943680763244629e-03 7.315609604120254517e-03 -5.497460369952023029e-05 -1.386458985507488251e-03 -4.306660499423742294e-03
1.662044882774353027e+00 6.008474156260490417e-03 7.213079370558261871e-03 3.942414768971502781e-04 -1.261511584743857384e-03 -3.846320323646068573e-03
1.678559899330139160e+00 3.629808779805898666e-04 1.241087168455123901e-02 4.686237662099301815e-04 -5.714618600904941559e-04 -3.586934180930256844e-03
1.685112714767456055e+00 2.446603495627641678e-03 1.204039715230464935e-02 -1.443730434402823448e-05 -2.302383072674274445e-04 -2.944426843896508217e-03
1.701411247253417969e+00 -1.423021894879639149e-03 1.247446518391370773e-02 -7.499600178562104702e-05 -3.881624434143304825e-04 -2.899312414228916168e-03
1.701843142509460449e+00 2.883408218622207642e-03 1.038947422057390213e-02 2.838968066498637199e-04 -9.177896426990628242e-04 -2.482573036104440689e-03
1.701662063598632812e+00 5.314533598721027374e-03 1.135343126952648163e-02 1.485560205765068531e-04 -8.520797127857804298e-04 -2.821496222168207169e-03
1.724538207054138184e+00 1.123849954456090927e-02 1.206931564956903458e-02 6.562527269124984741e-04 -2.503398900444153696e-05 -2.889853669330477715e-03
1.753906130790710449e+00 1.532740518450737000e-02 1.461987942457199097e-02 2.931697526946663857e-04 -1.220678212121129036e-03 -1.903363037854433060e-03
1.756279706954956055e+00 8.927412331104278564e-03 1.160083711147308350e-02 3.529496025294065475e-04 -1.520097022876143456e-03 -3.145850496366620064e-03
1.726691126823425293e+00 1.248423475772142410e-02 9.561546146869659424e-03 -3.862193552777171135e-04 -4.196954832877963781e-04 -3.304583253338932991e-03
1.740676164627075195e+00 1.270905951969325542e-03 9.413829073309898376e-03 -4.967757922713644803e-05 -2.138461059075780213e-05 -2.740412717685103416e-03
1.740061044692993164e+00 7.641928736120462418e-03 1.441968698054552078e-02 1.510805217549204826e-03 3.122509224340319633e-04 -2.119284821674227715e-03
1.759565114974975586e+00 -5.227182526141405106e-03 1.480132900178432465e-02 7.065034005790948868e-04 2.771829313132911921e-04 -3.107433207333087921e-03
1.765649676322937012e+00 3.467435948550701141e-03 1.876102387905120850e-02 1.022774609737098217e-03 2.059500257018953562e-04 -3.222726751118898392e-03
1.742763638496398926e+00 -6.384191568940877914e-03 1.430661417543888092e-02 2.754174638539552689e-04 2.491186605766415596e-04 -3.791833762079477310e-03
1.723010897636413574e+00 -2.391927177086472511e-03 1.961676403880119324e-02 8.446993306279182434e-04 -9.184684313368052244e-05 -3.770010545849800110e-03
1.766148090362548828e+00 4.142812453210353851e-03 1.609842479228973389e-02 1.621881034225225449e-03 -9.685953264124691486e-04 -3.511279355734586716e-03
1.740852594375610352e+00 -8.807394187897443771e-04 1.779142953455448151e-02 1.055349479429423809e-03 -1.226375577971339226e-03 -3.646679921075701714e-03
1.726735591888427734e+00 7.257313467562198639e-03 1.442993246018886566e-02 1.361239352263510227e-03 -7.103651878423988819e-04 -3.566650208085775375e-03
1.726689100265502930e+00 6.561752408742904663e-03 1.724146679043769836e-02 1.797860837541520596e-03 3.010159416589885950e-04 -4.076676908880472183e-03
1.753158211708068848e+00 3.463613335043191910e-03 1.685697212815284729e-02 1.366686541587114334e-03 -3.072238177992403507e-04 -3.392655402421951294e-03
1.725378394126892090e+00 2.928776899352669716e-03 1.836142130196094513e-02 7.039236370474100113e-04 -3.850847715511918068e-04 -3.601082833483815193e-03
1.722796201705932617e+00 5.990439094603061676e-03 1.579943858087062836e-02 2.044579305220395327e-04 -7.022319477982819080e-04 -2.386579755693674088e-03
1.728194355964660645e+00 1.292929425835609436e-02 1.889084838330745697e-02 2.385146217420697212e-04 -1.295337220653891563e-03 -2.090220339596271515e-03
1.746284365653991699e+00 2.022454701364040375e-02 1.842063851654529572e-02 -1.803245686460286379e-04 -2.236503409221768379e-03 -1.936069689691066742e-03
1.754463791847229004e+00 1.114917453378438950e-02 1.607996039092540741e-02 -6.645341636613011360e-04 -1.089837634935975075e-03 -2.804817864671349525e-03
1.730686783790588379e+00 1.201041508466005325e-02 1.368308812379837036e-02 -1.968410215340554714e-04 1.439287880202755332e-04 -2.352101728320121765e-03
1.740388989448547363e+00 9.300879202783107758e-03 1.374517194926738739e-02 7.398890447802841663e-04 3.456504055066034198e-05 -2.547814045101404190e-03
1.768808245658874512e+00 -2.480729715898633003e-03 1.768879592418670654e-02 -5.433895275928080082e-04 -1.458457671105861664e-03 -2.167985308915376663e-03
1.784746408462524414e+00 2.987638581544160843e-03 1.640511490404605865e-02 -9.294758783653378487e-04 -1.003876910544931889e-03 -2.057741163298487663e-03
1.741361737251281738e+00 3.211506409570574760e-03 1.531539671123027802e-02 -1.218435238115489483e-03 8.806257392279803753e-05 -2.164759440347552299e-03
1.723410606384277344e+00 2.236734377220273018e-03 1.649032533168792725e-02 -7.582238758914172649e-04 -1.415702627127757296e-05 -1.964242896065115929e-03
1.740645289421081543e+00 1.707425154745578766e-02 1.590611413121223450e-02 6.962943589314818382e-04 5.905170837650075555e-06 -9.808591566979885101e-04
2.612775802612304688e+00 1.708573102951049805e-02 1.634102314710617065e-02 -4.445515805855393410e-04 -5.205575143918395042e-04 -2.692966256290674210e-03
1.828527331352233887e+00 -1.289460924454033375e-03 1.873707585036754608e-02 -6.127967499196529388e-04 1.579370873514562845e-04 -3.288790816441178322e-03
1.743751525878906250e+00 3.508757799863815308e-05 1.577645540237426758e-02 -1.233054324984550476e-03 -4.340001032687723637e-04 -1.675256527960300446e-03
1.728804230690002441e+00 5.807939916849136353e-03 1.675537228584289551e-02 -1.291062682867050171e-03 -7.037617251626215875e-06 -1.663001719862222672e-03
1.749642610549926758e+00 4.623319022357463837e-03 1.740642264485359192e-02 -1.878107781521975994e-03 1.801238249754533172e-04 -2.094477647915482521e-03
1.732422709465026855e+00 8.375097997486591339e-03 1.276808232069015503e-02 -1.668609678745269775e-03 3.106177609879523516e-04 -3.506023203954100609e-03
1.752678036689758301e+00 7.549973204731941223e-03 1.386596821248531342e-02 -1.302968128584325314e-03 4.786966601386666298e-04 -4.131693392992019653e-03
1.779595017433166504e+00 1.278193015605211258e-02 1.291797962039709091e-02 -8.942669373936951160e-04 -1.639866386540234089e-04 -3.953477833420038223e-03
1.761617064476013184e+00 6.090799812227487564e-03 9.878764860332012177e-03 -5.256264703348278999e-04 -8.638660074211657047e-04 -4.324152134358882904e-03
1.774342894554138184e+00 3.353963606059551239e-03 1.310808584094047546e-02 -1.148531882790848613e-04 -9.577507153153419495e-04 -4.724483937025070190e-03
1.785214781761169434e+00 1.129706110805273056e-02 2.246584277600049973e-03 -3.125863149762153625e-04 -4.436052404344081879e-04 -5.037194583564996719e-03
1.767099738121032715e+00 4.447899293154478073e-03 7.786526810377836227e-03 -6.586614763364195824e-04 -1.818076852941885591e-04 -5.076678004115819931e-03
1.793117880821228027e+00 1.066898368299007416e-02 9.874733164906501770e-03 -3.898093709722161293e-04 1.698084524832665920e-04 -5.543983541429042816e-03
1.795489311218261719e+00 1.703048869967460632e-02 1.284728851169347763e-02 5.133314407430589199e-04 2.387393760727718472e-05 -5.964126903563737869e-03
1.831796526908874512e+00 1.144025567919015884e-02 7.319145835936069489e-03 -1.293744542635977268e-03 1.196454279124736786e-03 -5.760658532381057739e-03
1.824615120887756348e+00 1.128205005079507828e-02 9.065795689821243286e-03 1.514718896942213178e-04 5.507911555469036102e-04 -5.891062319278717041e-03
1.842824459075927734e+00 1.568243466317653656e-02 1.264153048396110535e-02 -1.098549342714250088e-03 -8.682425250299274921e-04 -4.943004343658685684e-03
1.831811428070068359e+00 1.433075405657291412e-02 7.858953438699245453e-03 -2.788678742945194244e-03 -1.768567017279565334e-03 -4.203157033771276474e-03
1.824046850204467773e+00 2.361717261373996735e-02 3.054823027923703194e-03 -3.178559476509690285e-03 1.939194335136562586e-04 -4.229192622005939484e-03
1.835221290588378906e+00 2.300226688385009766e-02 9.155361913144588470e-03 -2.911816816776990891e-03 5.336630856618285179e-04 -6.823797244578599930e-03
1.880930662155151367e+00 2.147628925740718842e-02 -1.910971943289041519e-03 -2.871639095246791840e-03 2.216312335804104805e-03 -6.420285440981388092e-03
