9.012156724929809570e-01 5.084236152470111847e-03 3.824416548013687134e-03 -7.116724736988544464e-04 -2.501243492588400841e-03 -1.650189515203237534e-03
9.122955799102783203e-01 6.242515984922647476e-03 1.408255100250244141e-02 -2.212543040513992310e-03 -3.882007731590420008e-04 -1.168935559689998627e-03
9.145256280899047852e-01 6.104256492108106613e-03 1.426079683005809784e-02 -1.564609585329890251e-03 3.029327373951673508e-03 -1.247534994035959244e-03
9.178864955902099609e-01 5.272336769849061966e-03 3.431528806686401367e-03 -4.607049631886184216e-04 2.293654251843690872e-03 1.372593396808952093e-04
9.193335771560668945e-01 4.904265515506267548e-03 6.768997758626937866e-03 4.145121783949434757e-04 -8.146272739395499229e-04 1.081631751731038094e-03
9.166455268859863281e-01 3.984751645475625992e-03 6.319572683423757553e-03 1.591733423992991447e-03 -3.888811334036290646e-04 1.564756734296679497e-03
9.184274673461914062e-01 2.438007155433297157e-03 1.124553498812019825e-03 2.059863181784749031e-03 -2.782434690743684769e-03 1.714759855531156063e-03
9.221023321151733398e-01 -1.894903718493878841e-03 1.020920183509588242e-02 5.988169927150011063e-03 -2.590028801932930946e-03 1.951241632923483849e-03
9.235686659812927246e-01 -2.068119589239358902e-03 3.404368180781602859e-03 3.175718942657113075e-03 -8.268274832516908646e-04 2.296613529324531555e-03
9.340595602989196777e-01 7.976694032549858093e-03 6.459588184952735901e-03 -7.447666139341890812e-04 8.902944973669946194e-04 2.106831874698400497e-03
9.370580911636352539e-01 -1.438900711946189404e-03 5.157857201993465424e-03 4.736201371997594833e-03 8.094477234408259392e-04 1.061939401552081108e-03
9.415605068206787109e-01 -9.138708934187889099e-03 3.164642257615923882e-03 5.705016199499368668e-03 -8.435371564701199532e-04 6.337290978990495205e-04
9.437296390533447266e-01 -1.905747922137379646e-03 1.228964235633611679e-02 2.496162895113229752e-03 2.659725956618785858e-03 -2.468516759108752012e-04
9.454759359359741211e-01 1.255949959158897400e-03 6.448583677411079407e-03 1.439117011614143848e-03 -4.314139368943870068e-04 -1.488262932980433106e-04
9.521782398223876953e-01 7.300506695173680782e-04 1.159229688346385956e-02 2.624463813845068216e-04 -2.532435581088066101e-03 3.827409818768501282e-04
9.507635831832885742e-01 6.413685623556375504e-04 -5.224850028753280640e-04 1.394694438204169273e-03 -1.374248415231704712e-03 -9.191292338073253632e-04
9.587683081626892090e-01 5.055103683844208717e-04 8.328303694725036621e-03 2.765436656773090363e-04 3.456680104136466980e-03 -1.041490933857858181e-03
9.644737839698791504e-01 8.446253836154937744e-03 1.274357922375202179e-02 -2.949214307591319084e-03 4.249142482876777649e-03 -1.228715642355382442e-03
9.671466350555419922e-01 9.255588985979557037e-03 1.549624837934970856e-02 -2.843873575329780579e-03 -6.562175694853067398e-04 -7.938048802316188812e-04
9.614394307136535645e-01 7.306610234081745148e-03 1.411825977265834808e-02 -3.724521957337856293e-04 -6.067596841603517532e-03 -3.362353891134262085e-04
9.661386013031005859e-01 4.610551521182060242e-03 5.583872087299823761e-03 -4.117965581826865673e-04 -5.661283619701862335e-03 -5.665810895152390003e-04
9.668496847152709961e-01 7.971769198775291443e-03 2.369611524045467377e-03 -1.140426960773766041e-03 3.097105945926159620e-04 -6.138606113381683826e-04
9.879989624023437500e-01 1.604596897959709167e-02 1.316082291305065155e-02 -4.414581228047609329e-03 1.110570505261421204e-02 -3.280708333477377892e-04
9.899051189422607422e-01 1.246501412242650986e-02 2.293160185217857361e-03 -5.643753334879875183e-03 8.515113033354282379e-03 2.440392854623496532e-04
9.883698225021362305e-01 7.342457771301269531e-03 9.511755779385566711e-03 -2.144493395462632179e-03 4.536809399724006653e-03 3.455818659858778119e-05
9.750558137893676758e-01 4.736818838864564896e-03 1.015335228294134140e-02 3.296593495178967714e-04 -4.642601590603590012e-03 -3.773540083784610033e-05
9.714330434799194336e-01 -1.135381171479821205e-05 1.962364278733730316e-02 3.653551917523145676e-03 -9.837611578404903412e-03 1.978470936592202634e-05
9.700801968574523926e-01 8.705118088982999325e-04 7.093175780028104782e-03 2.718607895076274872e-03 -4.151477478444576263e-03 4.651395138353109360e-04
9.786990284919738770e-01 3.743573324754834175e-04 8.709779009222984314e-03 2.793360967189073563e-03 1.209523179568350315e-03 1.911666040541604161e-04
9.846457242965698242e-01 -2.005663933232426643e-03 1.560556795448064804e-02 2.489430131390690804e-03 5.844766739755868912e-03 -7.375581481028348207e-05
9.851465821266174316e-01 4.210163373500108719e-03 1.783155836164951324e-02 7.583755068480968475e-04 6.899375468492507935e-03 3.974688297603279352e-05
9.771296977996826172e-01 2.508073113858699799e-03 7.139472290873527527e-03 1.507687149569392204e-03 1.043225871399044991e-03 -2.337776677450165153e-04
9.698185920715332031e-01 6.031403318047523499e-03 2.075245603919029236e-02 -1.446907554054632783e-04 -3.471425268799066544e-03 2.320658531971275806e-04
9.576037526130676270e-01 6.776204332709312439e-03 9.615139104425907135e-03 -8.820202783681452274e-04 -3.082005539909005165e-03 -4.324688634369522333e-04
9.681156277656555176e-01 9.747347794473171234e-03 1.337752863764762878e-02 -2.495007123798131943e-03 3.454120829701423645e-03 -1.566780701978132129e-05
9.634917974472045898e-01 5.317633505910634995e-03 1.008708868175745010e-02 4.852119891438633204e-04 7.770588621497154236e-03 -8.315383456647396088e-04
9.686769247055053711e-01 5.860254634171724319e-03 1.581867039203643799e-02 -1.851516193710267544e-03 2.586745889857411385e-03 6.288538861554116011e-05
9.519150853157043457e-01 8.207269012928009033e-03 7.824593223631381989e-03 -7.149618468247354031e-04 -2.958928234875202179e-03 -2.523586736060678959e-04
9.503591656684875488e-01 6.708899978548288345e-03 1.569946110248565674e-02 -6.640827050432562828e-04 -5.718958098441362381e-03 2.370614529354497790e-04
9.440301656723022461e-01 6.825283169746398926e-03 5.640040151774883270e-03 -1.133687910623848438e-03 -2.662361133843660355e-03 -2.350988361285999417e-04
9.513961076736450195e-01 7.773256860673427582e-03 8.343373425304889679e-03 -1.699863816611468792e-03 -2.364098327234387398e-05 -6.817766552558168769e-05
9.433873891830444336e-01 8.151508867740631104e-03 6.419356912374496460e-03 -2.387034008279442787e-03 1.694874255917966366e-03 3.776279627345502377e-04
9.353887438774108887e-01 7.040310185402631760e-03 1.227511093020439148e-02 -3.431261575315147638e-04 4.532530729193240404e-04 5.530464477487839758e-05
9.381921887397766113e-01 4.745003767311573029e-03 1.391749270260334015e-02 8.745997911319136620e-04 3.750667965505272150e-04 5.148429190739989281e-04
9.387900829315185547e-01 5.350790917873382568e-03 1.431995723396539688e-02 4.589954914990812540e-04 -3.112892154604196548e-03 7.736000698059797287e-04
9.315366744995117188e-01 3.760352032259106636e-03 4.515858832746744156e-03 6.871432415209710598e-04 -1.630556420423090458e-03 3.676759952213615179e-04
9.284881353378295898e-01 3.525092266499996185e-03 1.159585639834403992e-02 2.895049110520631075e-04 -6.652072188444435596e-04 8.428038563579320908e-04
9.370764493942260742e-01 8.423548191785812378e-03 1.224345527589321136e-02 -1.644310890696942806e-03 9.569863323122262955e-06 -6.079105660319328308e-04
9.432399272918701172e-01 3.054724540561437607e-03 -1.988371834158897400e-03 5.942602874711155891e-04 1.039121998474001884e-03 -1.044938806444406509e-03
9.528602361679077148e-01 -2.351890783756971359e-03 5.729231517761945724e-03 2.356515266001224518e-03 1.773917931132018566e-03 -1.500154379755258560e-03
9.092853069305419922e-01 -3.184725530445575714e-03 7.653444190509617329e-04 1.464113243855535984e-03 2.542088739573955536e-03 -1.693677972070872784e-03
9.153133034706115723e-01 5.408291704952716827e-03 4.251391068100929260e-02 -1.607221085578203201e-03 -6.607710849493741989e-03 -1.422286382876336575e-03
8.941444158554077148e-01 6.978253833949565887e-03 5.079502612352371216e-02 -4.489163402467966080e-03 -8.756262250244617462e-03 -9.296289645135402679e-04
9.083328247070312500e-01 6.285216659307479858e-03 2.020988427102565765e-02 -1.733910175971686840e-03 -2.467838581651449203e-03 -7.973787141963839531e-04
9.096658229827880859e-01 8.709859102964401245e-03 -6.870443932712078094e-03 -1.301520038396120071e-03 2.783370204269886017e-03 -7.125701522454619408e-04
9.086912274360656738e-01 1.412014849483966827e-02 2.038289606571197510e-02 -2.797898137941956520e-03 1.138678565621376038e-02 -4.911363357678055763e-04
9.137685298919677734e-01 1.118197012692689896e-02 1.266154088079929352e-02 -2.993765287101268768e-03 4.152950830757617950e-03 9.185530361719429493e-04
8.981650471687316895e-01 9.223169647157192230e-03 1.990789175033569336e-02 -2.128494670614600182e-03 2.474604698363691568e-04 1.372485421597957611e-03
9.004638791084289551e-01 9.485464543104171753e-03 1.978891156613826752e-02 -1.460721017792820930e-03 7.384395576082170010e-05 1.512634684331715107e-03
8.943326473236083984e-01 7.338677532970905304e-03 2.212172932922840118e-02 -9.126598015427589417e-04 3.710779594257473946e-03 2.101548947393894196e-03
8.994112014770507812e-01 9.345802478492259979e-03 1.485502347350120544e-02 -1.151827978901565075e-03 1.591413398273289204e-03 3.603624878451228142e-03
8.833042383193969727e-01 1.192061416804790497e-02 1.559879910200834274e-02 -1.783697749488055706e-03 -3.078100504353642464e-03 4.380166996270418167e-03
8.746150135993957520e-01 5.331667140126228333e-03 1.388857141137123108e-03 -3.250268637202680111e-04 -3.307822626084089279e-03 4.508275073021650314e-03
8.726089000701904297e-01 8.103789761662483215e-03 -5.841396749019622803e-03 -7.818810408934950829e-04 6.842797156423330307e-04 5.622790195047855377e-03
8.727662563323974609e-01 7.773668505251407623e-03 6.114393472671508789e-04 1.850815751822665334e-04 3.801055951043963432e-03 4.911530762910842896e-03
8.728635311126708984e-01 7.231581024825572968e-03 -8.646459318697452545e-04 2.362979110330343246e-03 2.005083661060780287e-04 5.785165354609489441e-03
8.750156164169311523e-01 1.300397329032421112e-02 4.700409714132547379e-03 1.565400743857026100e-03 2.224185969680547714e-03 5.623126868158578873e-03
8.767121434211730957e-01 8.620456792414188385e-03 -3.708930918946862221e-03 7.273553637787699699e-04 3.933598753064870834e-03 4.934785887598991394e-03
8.728772401809692383e-01 7.339724805206060410e-03 -8.036906365305185318e-05 -4.103682585991919041e-04 4.113384988158941269e-03 5.401798523962497711e-03
8.614982962608337402e-01 7.660231553018093109e-03 1.692572049796581268e-02 1.809908309951424599e-03 2.389225177466869354e-03 5.176662933081388474e-03
8.599896430969238281e-01 1.423196122050285339e-02 2.141409926116466522e-02 -1.631384482607245445e-03 -4.168407060205936432e-03 6.095971446484327316e-03
8.538529276847839355e-01 1.145966071635484695e-02 1.795378397218883038e-03 -1.061426126398146152e-03 -6.420357618480920792e-03 6.226513534784317017e-03
8.611444234848022461e-01 1.148636266589164734e-02 1.209476729854941368e-03 -1.134124933741986752e-03 -1.560415024869143963e-03 7.175180129706859589e-03
8.641774654388427734e-01 7.134798448532819748e-03 1.499889651313424110e-03 -3.220465732738375664e-04 1.389261335134506226e-03 7.876629941165447235e-03
8.637668490409851074e-01 6.533866748213768005e-03 8.264544419944286346e-03 1.531100424472242594e-04 4.040957894176244736e-03 8.602941408753395081e-03
8.712624907493591309e-01 9.105963632464408875e-03 1.197509467601776123e-02 2.861767308786511421e-03 2.957785734906792641e-03 9.763896465301513672e-03
8.574109673500061035e-01 8.518984541296958923e-03 6.924686022102832794e-05 8.617161074653267860e-04 -4.696816613432019949e-04 1.191389746963977814e-02
8.557524681091308594e-01 1.191902440041303635e-02 1.130122225731611252e-03 5.431986064650118351e-04 -4.224724834784865379e-04 1.280698645859956741e-02
8.491904139518737793e-01 1.353241596370935440e-02 8.412447758018970490e-03 -3.434622194617986679e-04 5.183633766137063503e-04 1.255525276064872742e-02
8.395220041275024414e-01 2.214035019278526306e-02 9.772702120244503021e-03 -3.510555485263466835e-03 -3.989437245763838291e-04 1.131191104650497437e-02
8.509380817413330078e-01 1.794250309467315674e-02 1.320162042975425720e-02 -2.605433110147714615e-03 -1.250609289854764938e-03 9.317991323769092560e-03
8.516519665718078613e-01 1.583748310804367065e-02 1.578968949615955353e-02 -1.419960753992199898e-03 1.572060049511492252e-03 7.160203997045755386e-03
8.521044850349426270e-01 1.339602284133434296e-02 6.488292478024959564e-03 4.554400220513343811e-05 1.966241281479597092e-03 5.251845344901084900e-03
8.596299886703491211e-01 6.819706875830888748e-03 8.560779504477977753e-03 2.616183133795857430e-03 1.188881695270538330e-03 4.472427535802125931e-03
8.660581111907958984e-01 6.315704900771379471e-03 1.113694347441196442e-02 2.825734205543994904e-03 -8.112634532153606415e-04 4.588083829730749130e-03
8.664568066596984863e-01 2.527666976675391197e-03 1.026613451540470123e-02 3.581579076126217842e-03 1.640812028199434280e-03 3.605935722589492798e-03
8.726720213890075684e-01 2.956731244921684265e-03 1.162191666662693024e-02 2.372006885707378387e-03 2.672258531674742699e-03 2.594833029434084892e-03
8.806298971176147461e-01 8.531864732503890991e-03 9.691976010799407959e-03 -5.726906238123774529e-04 3.075740300118923187e-03 1.438825624063611031e-03
8.828014135360717773e-01 5.210592877119779587e-03 7.821796461939811707e-03 5.012748879380524158e-04 3.906248137354850769e-03 1.600537798367440701e-03
8.795849680900573730e-01 4.898792831227183342e-04 1.178961247205734253e-03 2.224710537120699883e-03 1.013771980069577694e-03 1.511316862888634205e-03
8.866075277328491211e-01 2.564107067883014679e-03 6.438878364861011505e-03 8.568698540329933167e-04 9.732272010296583176e-04 1.113457838073372841e-03
8.931137919425964355e-01 9.159371256828308105e-03 1.052794326096773148e-02 -1.034042681567370892e-03 1.689328055363148451e-04 1.090913778170943260e-03
8.974967598915100098e-01 1.452614553272724152e-03 -5.999150685966014862e-03 3.011241788044571877e-03 3.565512597560882568e-04 1.283636782318353653e-03
9.065121412277221680e-01 1.514483592472970486e-03 5.547514185309410095e-03 4.754751571454107761e-04 4.559430235531181097e-04 1.183312735520303249e-03
9.084027409553527832e-01 5.134864244610071182e-03 1.324847992509603500e-02 -2.795331645756959915e-03 -1.339216600172221661e-03 6.210766150616109371e-04
9.226385951042175293e-01 9.277672506868839264e-03 -2.104045823216438293e-02 -3.447336843237280846e-03 -2.190716797485947609e-03 6.275607156567275524e-04
9.273633956909179688e-01 7.032613735646009445e-03 -1.115301437675952911e-02 -1.450157957151532173e-03 6.990492693148553371e-04 1.213092240504920483e-03
9.344884157180786133e-01 1.337347924709320068e-02 1.402569469064474106e-02 -3.633869113400578499e-03 3.062520409002900124e-03 5.776794278062880039e-04
9.361050128936767578e-01 1.104082819074392319e-02 7.125116419047117233e-03 -3.177289385348558426e-03 6.930285017006099224e-04 -1.773218682501465082e-04
9.376289844512939453e-01 6.760770455002784729e-03 1.262780092656612396e-02 -1.529619767097756267e-04 2.580859581939876080e-04 -6.297589279711246490e-04
9.468048214912414551e-01 4.173216875642538071e-03 1.309049129486083984e-02 4.298930871300399303e-04 5.532529321499168873e-04 -7.357330759987235069e-04
9.506312012672424316e-01 9.925051592290401459e-03 1.655607111752033234e-02 -2.239438472315669060e-03 5.901739350520074368e-04 -5.073018837720155716e-04
9.532196521759033203e-01 7.925113663077354431e-03 4.170560743659734726e-03 -9.341880213469266891e-04 -1.427810493623837829e-04 -2.971705107484012842e-04
9.545970559120178223e-01 3.540310775861144066e-03 8.086319081485271454e-03 -3.781682462431490421e-04 1.218202523887157440e-03 -4.421452467795461416e-04
9.527378082275390625e-01 2.966455649584531784e-03 1.375163812190294266e-02 5.760299973189830780e-04 1.090469420887529850e-03 -1.438603969290852547e-03
9.618163108825683594e-01 3.511952236294746399e-03 1.216718368232250214e-02 -2.210657694377005100e-04 -1.036919886246323586e-03 -2.037737285718321800e-03
9.604362845420837402e-01 3.369274199940264225e-04 2.175855450332164764e-03 1.831514178775250912e-03 1.252059300895780325e-04 -1.834034919738769531e-03
9.606600999832153320e-01 6.924938410520553589e-03 1.722029410302639008e-02 -9.376712841913104057e-04 1.343171345070004463e-03 -1.262050587683916092e-03
9.582653641700744629e-01 3.466861089691519737e-03 7.972102612257003784e-03 4.816819855477660894e-04 -1.094649633159860969e-04 -8.743385551497340202e-04
9.534269571304321289e-01 4.496091976761817932e-03 1.031030714511871338e-02 -7.283953600563108921e-04 -2.412354806438088417e-03 6.577114982064813375e-05
9.618677496910095215e-01 8.901084773242473602e-03 1.361837610602378845e-02 -1.716270227916538715e-03 -1.774988719262182713e-03 6.522624753415584564e-04
9.618631005287170410e-01 9.671645238995552063e-03 1.673088036477565765e-02 -2.206939272582530975e-03 -9.285473497584462166e-04 8.780680946074426174e-04
9.632831811904907227e-01 1.134238857775926590e-02 1.863984577357769012e-02 -2.041315194219350815e-03 1.103596994653344154e-03 1.030083978548645973e-03
9.739491343498229980e-01 9.078973904252052307e-03 3.600667696446180344e-03 -1.523677026852965355e-03 3.398623783141374588e-03 8.260483737103641033e-04
9.682807326316833496e-01 7.166284602135419846e-03 1.019111950881779194e-03 1.937655324582010508e-04 2.117415890097618103e-03 1.250913832336664200e-03
9.671619534492492676e-01 1.504266168922185898e-03 4.033054225146770477e-03 1.820175908505916595e-03 5.601121811196208000e-04 1.063782139681279659e-03
9.649423956871032715e-01 5.847362801432609558e-03 1.304415985941886902e-02 -7.049168343655765057e-04 -1.657806918956339359e-03 4.926638794131577015e-04
9.572283625602722168e-01 9.883983060717582703e-03 1.592826470732688904e-02 -2.418170450255274773e-03 -3.051015082746744156e-04 3.358839021530002356e-04
9.533752202987670898e-01 1.203438732773065567e-02 1.066556759178638458e-02 -2.522440161556005478e-03 9.793866192921996117e-04 3.613146545831114054e-04
9.543520808219909668e-01 6.870188284665346146e-03 6.319754291325807571e-03 -1.055710250511765480e-03 1.102685113437473774e-03 -8.395891636610031128e-04
9.546388387680053711e-01 6.829111836850643158e-03 -1.635164022445678711e-03 -1.485506072640419006e-03 1.201527920784428716e-04 -1.354051288217306137e-03
9.478231668472290039e-01 2.912237076088786125e-03 -4.192193504422903061e-03 7.211221382021903992e-04 -1.042637042701244354e-03 -1.601570285856723785e-03
9.492498040199279785e-01 -2.313548699021339417e-03 -3.321834083180874586e-05 3.882250282913446426e-03 -3.815208328887820244e-03 -1.306879799813032150e-03
9.470386505126953125e-01 -5.341535899788141251e-03 6.250018253922462463e-03 2.906851004809141159e-03 -1.332383952103555202e-03 -1.187501940876245499e-03
9.528549313545227051e-01 -2.541497815400362015e-03 5.495534278452396393e-03 1.239021774381399155e-03 1.976662315428256989e-03 -1.381895737722516060e-03
9.498656392097473145e-01 -2.773291897028684616e-03 8.677421137690544128e-03 1.914258929900825024e-03 4.809109086636453867e-04 -1.134082791395485401e-03
9.419770836830139160e-01 -1.501930528320372105e-04 1.198114547878503799e-02 2.501011360436677933e-03 -3.507234621793031693e-03 -1.548458094475790858e-04
9.518310427665710449e-01 1.560611650347709656e-03 1.717339269816875458e-02 2.589763142168521881e-03 -3.733643796294927597e-03 -2.177161222789436579e-04
9.547740221023559570e-01 6.645559798926115036e-03 1.563539914786815643e-02 -1.066448749043047428e-03 -1.639965455979108810e-03 1.352800900349393487e-04
9.514163136482238770e-01 1.257613115012645721e-02 3.244475461542606354e-03 -3.209796734154224396e-03 2.158768940716981888e-03 8.594278478994965553e-04
9.559785127639770508e-01 1.205724105238914490e-02 2.361936960369348526e-03 -8.504933211952447891e-04 6.732585374265909195e-03 2.163374098017811775e-03
9.628556966781616211e-01 1.167839486151933670e-02 5.772918462753295898e-03 -1.125129172578454018e-03 7.182857953011989594e-03 2.792763290926814079e-03
9.647818803787231445e-01 1.562386471778154373e-02 1.288264431059360504e-02 -3.530913498252630234e-03 3.524623811244964600e-03 2.853924408555030823e-03
9.511791467666625977e-01 1.412067841738462448e-02 7.411963306367397308e-03 -1.979439286515116692e-03 -2.197290770709514618e-03 3.073334926739335060e-03
9.488493204116821289e-01 1.654182374477386475e-02 1.131970901042222977e-02 -3.749100957065820694e-03 -4.132456611841917038e-03 5.050111562013626099e-03
9.493428468704223633e-01 1.380657311528921127e-02 -1.022739568725228310e-03 -1.272316905669867992e-03 -3.756395541131496429e-03 5.530910100787878036e-03
9.548911452293395996e-01 1.325711514800786972e-02 -1.893655280582606792e-03 -2.469251630827784538e-03 -1.094044419005513191e-04 5.423272494226694107e-03
9.600339531898498535e-01 1.110171433538198471e-02 5.326169542968273163e-03 -9.619452757760882378e-04 2.197107998654246330e-03 5.256844218820333481e-03
9.575734734535217285e-01 1.460374332964420319e-02 1.155719440430402756e-02 -3.562535159289836884e-03 1.445218658773228526e-04 4.492976237088441849e-03
9.547073245048522949e-01 1.122241653501987457e-02 1.053402572870254517e-02 7.454944716300815344e-05 -3.009312320500612259e-03 3.238131757825613022e-03
9.617559909820556641e-01 7.764323148876428604e-03 4.942135885357856750e-03 4.165224381722509861e-04 -1.723165856674313545e-03 2.231284976005554199e-03
9.699221253395080566e-01 9.179047308862209320e-03 2.057994017377495766e-03 -7.953505846671760082e-04 -9.554164134897291660e-04 2.022662200033664703e-03
9.728401899337768555e-01 8.418647572398185730e-03 1.891589257866144180e-03 5.495666409842669964e-04 -2.299259067513048649e-04 1.526123378425836563e-03
9.752202033996582031e-01 6.933053024113178253e-03 2.338071353733539581e-03 9.868086781352758408e-04 2.491639752406626940e-04 2.424315549433231354e-03
9.768372178077697754e-01 4.773573484271764755e-03 3.305029822513461113e-03 5.538539262488484383e-04 1.451052667107433081e-04 2.191930776461958885e-03
9.778186678886413574e-01 3.096326021477580070e-03 -4.261964932084083557e-04 6.977227167226374149e-04 -6.638811319135129452e-04 1.779340673238039017e-03
9.633085131645202637e-01 -3.328403399791568518e-04 -3.678486682474613190e-04 3.200622973963618279e-03 -2.948945853859186172e-03 1.962866168469190598e-03
9.698216319084167480e-01 -3.145866794511675835e-04 9.940005838871002197e-03 1.123465946875512600e-03 -3.139036998618394136e-04 1.859526033513247967e-03
9.743739366531372070e-01 3.988716285675764084e-03 1.149514410644769669e-02 3.919614828191697598e-04 4.703368176706135273e-04 9.544835193082690239e-04
9.598942399024963379e-01 -1.893501263111829758e-03 6.002246867865324020e-03 2.999486867338418961e-03 -4.926901892758905888e-04 1.614609791431576014e-04
9.602406024932861328e-01 -8.124471060000360012e-05 9.917940013110637665e-03 -1.627195160835981369e-06 9.729058947414159775e-04 -7.223840802907943726e-04
9.566164016723632812e-01 -2.768024860415607691e-04 6.651478819549083710e-03 2.260492416098713875e-03 5.458577070385217667e-03 -2.487391931936144829e-03
9.531031250953674316e-01 3.583436831831932068e-03 1.861171983182430267e-02 -1.093753497116267681e-03 4.776598885655403137e-03 -3.559151897206902504e-03
9.369294643402099609e-01 2.877867547795176506e-03 6.502802018076181412e-03 -6.357674137689173222e-04 -2.716076560318470001e-03 -4.143516533076763153e-03
9.203801751136779785e-01 -8.069062605500221252e-04 3.866433398798108101e-03 4.959865473210811615e-04 -3.706537652760744095e-03 -5.083317868411540985e-03
9.295803308486938477e-01 -3.286231076344847679e-03 5.571271758526563644e-03 -3.442129236645996571e-04 -2.255255123600363731e-03 -5.665255244821310043e-03
9.356277585029602051e-01 -1.452995813451707363e-03 6.322241388261318207e-03 -1.035445253364741802e-03 1.200331753352656960e-04 -6.726292427629232407e-03
9.243140220642089844e-01 4.965296015143394470e-03 3.582165809348225594e-03 -1.976373372599482536e-03 5.328973056748509407e-04 -6.687385495752096176e-03
9.254155158996582031e-01 -6.990964757278561592e-04 4.536397755146026611e-03 -6.618752959184348583e-04 3.046781057491898537e-04 -7.109335623681545258e-03
9.128670692443847656e-01 -1.017579576000571251e-03 6.587956100702285767e-03 -1.057748449966311455e-03 -2.765366516541689634e-04 -7.268386427313089371e-03
9.346971511840820312e-01 1.380391884595155716e-03 1.165698096156120300e-02 -1.197284436784684658e-03 -4.673280054703354836e-04 -8.151588030159473419e-03
9.184285402297973633e-01 -3.183301596436649561e-04 1.129106804728507996e-02 -1.137427287176251411e-03 1.479374011978507042e-03 -7.868972606956958771e-03
9.231875538825988770e-01 9.388406178914010525e-04 1.540749985724687576e-02 -1.687983982264995575e-03 1.275314716622233391e-03 -7.865123450756072998e-03
9.168943166732788086e-01 -2.433308167383074760e-03 4.859838634729385376e-03 1.703071757219731808e-03 9.973009582608938217e-04 -8.194197900593280792e-03
9.202786087989807129e-01 -6.066183093935251236e-03 8.400623686611652374e-03 1.653165440075099468e-03 -8.469548192806541920e-04 -7.722715381532907486e-03
9.111583828926086426e-01 -5.399538204073905945e-03 1.232364214956760406e-02 4.032696015201508999e-04 -3.364847507327795029e-03 -7.744158152490854263e-03
9.015914797782897949e-01 3.839207056444138288e-04 2.342164283618330956e-03 5.568980122916400433e-04 -2.663534367457032204e-03 -6.936063524335622787e-03
9.131104350090026855e-01 1.557903131470084190e-03 2.506799530237913132e-03 -1.527919783256947994e-03 -2.034681150689721107e-03 -6.837649270892143250e-03
9.104980230331420898e-01 7.297628326341509819e-04 1.563088782131671906e-02 -1.792825642041862011e-03 1.384201576001942158e-03 -7.261435501277446747e-03
9.169142842292785645e-01 7.000595796853303909e-03 1.326726935803890228e-02 -3.897567279636859894e-03 3.121074056252837181e-03 -6.781518459320068359e-03
9.159982204437255859e-01 5.993935279548168182e-03 1.242329273372888565e-02 -2.652768976986408234e-03 3.788824658840894699e-03 -6.590888369828462601e-03
9.145108461380004883e-01 1.674865023232996464e-03 2.014474943280220032e-02 -8.969104383140802383e-04 9.752371115610003471e-04 -6.300053559243679047e-03
9.095655083656311035e-01 2.586375689134001732e-03 1.509661879390478134e-02 1.420809567207470536e-04 -3.398645436391234398e-03 -5.835776217281818390e-03
9.121944308280944824e-01 4.458472249098122120e-04 5.089657381176948547e-03 2.234645420685410500e-03 -4.399165976792573929e-03 -5.943705793470144272e-03
9.125499129295349121e-01 -2.422514138743281364e-03 1.434250455349683762e-02 1.456798519939184189e-03 -1.323600765317678452e-03 -5.505187436938285828e-03
9.135404825210571289e-01 1.472227624617516994e-03 6.256139837205410004e-03 -2.239807799924165010e-04 2.895182929933071136e-03 -5.433708894997835159e-03
9.223933815956115723e-01 -1.364627620205283165e-03 1.016043219715356827e-02 1.034598099067807198e-03 6.564341951161623001e-03 -5.260216072201728821e-03
9.181028008460998535e-01 -3.818073018919676542e-04 1.792792044579982758e-02 -7.140184752643108368e-04 8.624164387583732605e-03 -4.982084501534700394e-03
9.164427518844604492e-01 1.992281060665845871e-03 9.653914719820022583e-03 -1.201985287480056286e-03 7.097268477082252502e-03 -5.396472755819559097e-03
9.153872132301330566e-01 4.161250777542591095e-03 7.215688005089759827e-03 -1.952887629158794880e-03 1.712110592052340508e-03 -5.329658742994070053e-03
9.026930928230285645e-01 1.774354837834835052e-03 1.154035329818725586e-02 -5.811518058180809021e-04 -4.280425608158111572e-03 -5.114629399031400681e-03
9.002993702888488770e-01 3.211188828572630882e-03 2.712410315871238708e-02 -2.776127948891371489e-04 -8.653448894619941711e-03 -4.761401098221540451e-03
8.949824571609497070e-01 8.288379758596420288e-04 9.991573169827461243e-03 1.216352568008005619e-03 -9.639444760978221893e-03 -4.341170191764831543e-03
8.970820307731628418e-01 -2.624669345095753670e-03 2.585581038147211075e-03 1.990379299968481064e-03 -7.226344314403831959e-04 -3.789626760408282280e-03
9.014869928359985352e-01 -1.948050688952207565e-03 1.063733920454978943e-02 1.066079828888177872e-03 5.487757269293069839e-03 -4.084606189280748367e-03
9.108384847640991211e-01 3.793468233197927475e-03 1.860949397087097168e-02 2.011902164667844772e-03 6.906640250235795975e-03 -4.617019556462764740e-03
9.006437063217163086e-01 4.016089253127574921e-03 1.956080086529254913e-02 -3.264123108237981796e-03 2.725136931985616684e-03 -4.719974938780069351e-03
8.926222324371337891e-01 6.252432242035865784e-03 1.326162647455930710e-02 -2.094658324494957924e-03 -4.122052341699600220e-03 -5.438627675175666809e-03
8.772729039192199707e-01 -1.263771555386483669e-04 1.141343964263796806e-03 1.166362897492945194e-03 -7.096062880009412766e-03 -5.518026184290647507e-03
8.814906477928161621e-01 -1.027905754745006561e-02 1.478489767760038376e-02 1.424183370545506477e-03 -7.711993530392646790e-04 -6.175895687192678452e-03
8.858553767204284668e-01 7.895065471529960632e-03 2.650743164122104645e-02 -3.254520474001765251e-03 3.063910175114870071e-03 -6.141225341707468033e-03
8.887719511985778809e-01 1.043280586600303650e-02 -2.848720643669366837e-03 -2.584354719147086143e-03 4.207080695778131485e-03 -5.952706560492515564e-03
8.792126178741455078e-01 -2.086319145746529102e-04 8.730012923479080200e-03 4.376436700113117695e-04 2.522473921999335289e-03 -5.311701912432909012e-03
8.734501004219055176e-01 -1.963168033398687840e-04 1.621041260659694672e-02 -5.677585140801966190e-04 -7.126092095859348774e-04 -5.701326299458742142e-03
8.725731372833251953e-01 9.953633416444063187e-04 1.702707633376121521e-02 2.307468676008284092e-04 -1.850798842497169971e-03 -6.110450718551874161e-03
8.698916435241699219e-01 4.801816307008266449e-03 2.904698485508561134e-03 -5.032750777900218964e-04 -3.358120156917721033e-04 -5.534239113330841064e-03
8.735703825950622559e-01 -2.515603089705109596e-03 9.661409072577953339e-03 2.264747599838301539e-04 3.245277563109993935e-03 -5.637553520500659943e-03
8.684929013252258301e-01 1.089446479454636574e-03 1.192079205065965652e-02 1.022167707560583949e-04 1.039859780576080084e-04 -4.925312474370002747e-03
8.645938634872436523e-01 -2.124059945344924927e-03 6.182307843118906021e-03 2.865649759769439697e-03 -8.929360192269086838e-04 -4.632618743926286697e-03
8.635466694831848145e-01 -8.962176507338881493e-04 7.391795516014099121e-03 -2.906943263951689005e-04 -1.388164469972252846e-03 -3.645465709269046783e-03
8.632628321647644043e-01 -1.834637136198580265e-03 5.227380897849798203e-03 1.767080539138987660e-04 -1.623512362129986286e-04 -3.779323305934667587e-03
8.629726171493530273e-01 2.435356145724654198e-03 6.180294323712587357e-03 -4.177927621640264988e-05 -4.556828644126653671e-04 -4.052600357681512833e-03
8.658781051635742188e-01 1.751065254211425781e-03 1.121024414896965027e-02 -1.025602337904274464e-03 -1.657227287068963051e-03 -3.546505002304911613e-03
8.642514944076538086e-01 1.179764512926340103e-05 -3.298787341918796301e-04 2.647882560268044472e-03 -1.702249632216989994e-03 -3.719002008438110352e-03
8.707361221313476562e-01 -3.345774253830313683e-03 4.460890777409076691e-03 2.714818576350808144e-03 2.119420794770121574e-03 -2.936398843303322792e-03
8.734764456748962402e-01 -4.331238567829132080e-03 1.180349569767713547e-02 1.219045720063149929e-03 5.174024496227502823e-03 -2.207287354394793510e-03
8.846831321716308594e-01 9.473428362980484962e-04 3.532130736857652664e-03 1.868952298536896706e-03 2.096523065119981766e-03 -1.983642578125000000e-03
8.808979392051696777e-01 2.332993783056735992e-03 1.339971739798784256e-02 5.252512637525796890e-04 -1.131472294218838215e-03 -1.341740600764751434e-03
8.813837170600891113e-01 2.098163124173879623e-03 1.096462458372116089e-02 1.361789065413177013e-03 -1.343855750747025013e-03 -1.191558898426592350e-03
8.935706615447998047e-01 3.088230965659022331e-03 1.260975096374750137e-02 1.068342971848323941e-04 -2.302078530192375183e-03 -6.585015216842293739e-04
8.957878351211547852e-01 2.692291047424077988e-03 4.785733297467231750e-03 -4.434498259797692299e-04 4.245644668117165565e-04 -3.695307241287082434e-04
9.052730798721313477e-01 2.831253921613097191e-03 3.992944955825805664e-03 -2.118483243975788355e-04 6.880492437630891800e-04 -1.063199451891705394e-04
9.101462960243225098e-01 3.773482050746679306e-03 6.786778569221496582e-03 2.384501713095232844e-04 1.322187948971986771e-03 -2.798864734359085560e-04
9.156555533409118652e-01 2.503814175724983215e-05 4.335996694862842560e-03 1.155167352408170700e-03 8.250568062067031860e-04 -4.486306570470333099e-04
9.255343079566955566e-01 4.718188196420669556e-03 9.712192229926586151e-03 -6.444284808821976185e-04 7.986814016476273537e-04 -4.803340998478233814e-04
9.248126149177551270e-01 4.745255690068006516e-03 3.007876686751842499e-03 -1.200595870614051819e-03 7.702459697611629963e-04 -1.261491095647215843e-03
9.276576638221740723e-01 4.513820633292198181e-03 7.743448019027709961e-03 -2.279738197103142738e-03 6.030724616721272469e-04 -2.009698189795017242e-03
9.275889396667480469e-01 1.530065434053540230e-03 -5.027423612773418427e-03 1.301390235312283039e-03 5.598114221356809139e-04 -2.930462360382080078e-03
9.427266120910644531e-01 -2.955760341137647629e-03 5.767367780208587646e-03 1.537519157864153385e-03 -2.523369388654828072e-03 -3.346340497955679893e-03
9.461442828178405762e-01 -3.838691627606749535e-03 9.429725818336009979e-03 -3.364573349244892597e-04 -2.191840438172221184e-03 -3.947863820940256119e-03
9.577553272247314453e-01 -1.072100363671779633e-03 5.422392860054969788e-05 4.349712107796221972e-04 -9.308077860623598099e-04 -5.718179978430271149e-03
9.749622344970703125e-01 -3.196662291884422302e-04 4.106608219444751740e-03 -5.857513751834630966e-04 2.358318306505680084e-03 -6.031701806932687759e-03
9.851523637771606445e-01 -1.954810228198766708e-03 8.545945398509502411e-03 -2.489827747922390699e-04 2.631041686981916428e-03 -6.413828115910291672e-03
9.917864203453063965e-01 1.143412897363305092e-03 1.084067672491073608e-02 -2.413260750472545624e-03 1.336534623987972736e-03 -5.918022710829973221e-03
9.981268048286437988e-01 -3.114133141934871674e-04 5.641765426844358444e-03 -1.423311536200344563e-03 -1.328428043052554131e-03 -6.297198589891195297e-03
1.005258798599243164e+00 -2.308878581970930099e-03 4.247697652317583561e-04 -3.048387588933110237e-04 -2.275748876854777336e-03 -5.959542933851480484e-03
1.014492154121398926e+00 -4.152565728873014450e-03 5.969261284917593002e-03 -1.096415333449840546e-03 -1.392318808939307928e-04 -6.130527704954147339e-03
1.022310018539428711e+00 -3.143657697364687920e-03 4.089285619556903839e-03 -1.937761553563177586e-03 1.538403215818107128e-03 -6.163513287901878357e-03
1.024971485137939453e+00 -1.128066331148147583e-03 1.795675721950829029e-03 -7.715837273281067610e-05 2.098454424412921071e-04 -6.099166348576545715e-03
1.021531701087951660e+00 -3.951762337237596512e-03 6.101363338530063629e-03 -5.129544297233223915e-04 -1.790358801372349262e-04 -5.953805521130561829e-03
1.021263718605041504e+00 2.855584956705570221e-03 1.298976130783557892e-02 -3.367641009390354156e-03 6.013387464918196201e-04 -6.395474541932344437e-03
1.027335047721862793e+00 2.170963911339640617e-03 6.448045372962951660e-03 -4.138219228480011225e-04 1.473938347771763802e-03 -7.115278393030166626e-03
1.039373636245727539e+00 -4.315992700867354870e-04 2.314942888915538788e-03 5.068868631497025490e-04 2.211607294157147408e-03 -7.271656766533851624e-03
1.041795134544372559e+00 1.072655897587537766e-03 7.849430665373802185e-03 -1.578954746946692467e-03 1.305070589296519756e-03 -7.749387528747320175e-03
1.042993783950805664e+00 1.323357573710381985e-03 1.777738146483898163e-02 -1.071976381354033947e-03 -5.861335899680852890e-03 -7.735956460237503052e-03
1.039994716644287109e+00 -1.531365094706416130e-03 1.397306751459836960e-02 -4.421337507665157318e-05 -6.890729535371065140e-03 -6.957303266972303391e-03
1.045550107955932617e+00 -2.960555953904986382e-03 1.010781247168779373e-02 -8.419890655204653740e-04 -3.304144134745001793e-03 -6.937525700777769089e-03
1.066580057144165039e+00 1.566609134897589684e-03 1.544715836644172668e-02 -8.012797916308045387e-04 1.859549432992935181e-03 -7.355985697358846664e-03
1.062454700469970703e+00 5.662973970174789429e-03 1.609148457646369934e-02 -2.322730142623186111e-03 1.268871361389756203e-03 -7.889454253017902374e-03
1.070733785629272461e+00 2.107194159179925919e-03 -2.791548380628228188e-03 1.031648862408474088e-04 4.865964292548596859e-04 -8.748188614845275879e-03
1.066141247749328613e+00 5.233755218796432018e-04 3.764761146157979965e-03 1.759691367624327540e-04 -2.972805872559547424e-03 -9.204730391502380371e-03
1.073746919631958008e+00 -2.595704514533281326e-03 2.324987901374697685e-03 6.247788405744358897e-05 -2.579084830358624458e-03 -9.233876131474971771e-03
1.073898792266845703e+00 -2.323135733604431152e-03 5.499120336025953293e-03 1.156994607299566269e-03 -4.715220420621335506e-04 -9.046403691172599792e-03
1.096519947052001953e+00 -3.728258889168500900e-04 1.082495413720607758e-02 1.198040117742493749e-04 5.778750404715538025e-03 -8.710154332220554352e-03
1.096018791198730469e+00 -5.545596941374242306e-04 -1.030845753848552704e-02 1.228580251336097717e-03 1.111537776887416840e-02 -8.687312714755535126e-03
1.095158457756042480e+00 -4.902352113276720047e-03 1.370124053210020065e-02 2.056479686871170998e-03 7.708147168159484863e-03 -8.963135071098804474e-03
1.082474708557128906e+00 2.021132968366146088e-03 3.029363416135311127e-02 -4.281845409423112869e-03 -4.436082672327756882e-03 -8.967570029199123383e-03
1.070603728294372559e+00 3.325413446873426437e-03 1.637196540832519531e-02 -3.089732257649302483e-03 -1.283931639045476913e-02 -9.081048890948295593e-03
1.069282889366149902e+00 1.538136159069836140e-03 4.475841997191309929e-04 1.027306076139211655e-03 -1.033263001590967178e-02 -9.067430160939693451e-03
1.079523444175720215e+00 2.272657118737697601e-03 2.852940466254949570e-03 -3.319070092402398586e-04 -1.218717661686241627e-03 -8.593088015913963318e-03
