1.800762295722961426e+00 -9.245626628398895264e-03 1.276444271206855774e-02 1.592631451785564423e-04 2.225228818133473396e-04 2.524093142710626125e-04
1.821391701698303223e+00 1.382892020046710968e-02 1.036598533391952515e-02 -8.230785606428980827e-04 -1.126992516219615936e-03 3.539951285347342491e-04
1.804748058319091797e+00 9.024146944284439087e-03 2.770203538239002228e-02 -2.132483059540390968e-03 -1.128405565395951271e-03 -7.699682028032839298e-04
1.764356255531311035e+00 1.365273259580135345e-02 1.637369580566883087e-02 -1.063130795955657959e-03 -1.040198956616222858e-03 6.975307478569447994e-04
1.802711248397827148e+00 1.230501942336559296e-02 -2.336059696972370148e-03 1.012177672237157822e-04 -7.826593937352299690e-04 4.544808180071413517e-04
1.859152436256408691e+00 5.091503262519836426e-03 6.399084813892841339e-04 -3.641929361037909985e-04 -5.396593478508293629e-04 -1.138340565375983715e-03
1.849181175231933594e+00 9.970658458769321442e-03 8.080147206783294678e-03 -4.772035754285752773e-04 -1.234680647030472755e-03 1.523784128949046135e-03
1.848852276802062988e+00 1.311482861638069153e-02 1.055946201086044312e-02 -1.189739094115793705e-03 -5.412757163867354393e-04 -1.446767011657357216e-03
1.832513213157653809e+00 2.767089381814002991e-02 -2.048888476565480232e-03 -6.244068499654531479e-04 -3.451739321462810040e-04 -2.516083768568933010e-04
1.808975219726562500e+00 8.313795551657676697e-03 1.199248619377613068e-02 4.877813626080751419e-04 -4.721718141809105873e-04 9.246148401871323586e-04
1.814086675643920898e+00 1.596171595156192780e-02 1.602336019277572632e-02 -9.274019976146519184e-04 4.566986171994358301e-05 -1.915980246849358082e-03
1.824180364608764648e+00 2.711715549230575562e-02 1.539428904652595520e-02 -7.777381106279790401e-04 1.464974833652377129e-03 -3.610599320381879807e-03
1.810541629791259766e+00 7.386839017271995544e-03 1.058473810553550720e-02 -2.245970536023378372e-04 -2.350966096855700016e-04 -1.979093067348003387e-03
1.791642546653747559e+00 1.088893692940473557e-02 8.498837705701589584e-04 -1.375798601657152176e-03 -8.691449183970689774e-04 -2.320216502994298935e-03
1.780564427375793457e+00 -4.725506529211997986e-03 1.205630972981452942e-02 -3.651882754638791084e-03 -3.111013793386518955e-04 -3.710978431627154350e-03
1.780711650848388672e+00 -1.178060937672853470e-02 1.984813436865806580e-02 -1.642273040488362312e-03 -1.784697524271905422e-03 -1.243152655661106110e-03
1.791239142417907715e+00 -1.110548805445432663e-02 1.547648478299379349e-02 -1.030269544571638107e-03 6.936061254236847162e-05 -2.447602804750204086e-03
1.782841801643371582e+00 -1.778363250195980072e-02 1.067098230123519897e-02 -1.828246982768177986e-03 -1.236778800375759602e-03 -2.134275157004594803e-03
1.815829753875732422e+00 5.940878298133611679e-03 1.574544981122016907e-02 -3.808110777754336596e-04 4.963679821230471134e-04 -5.109850782901048660e-03
1.785839557647705078e+00 -1.573116704821586609e-02 1.582611724734306335e-02 -1.608377438969910145e-03 -1.538107288070023060e-03 -3.752321470528841019e-03
1.790814161300659180e+00 -3.503528889268636703e-03 2.377700805664062500e-02 -1.895747147500514984e-03 -1.755441480781883001e-04 -5.023608915507793427e-03
1.752558350563049316e+00 2.571959793567657471e-02 -6.234617903828620911e-03 -5.463429260998964310e-04 -5.544452578760683537e-04 -8.422993123531341553e-04
1.798478603363037109e+00 6.668800022453069687e-03 4.665172891691327095e-04 5.895003559999167919e-04 -2.574066165834665298e-04 -7.942238822579383850e-03
1.789867639541625977e+00 3.711452009156346321e-03 8.717749267816543579e-03 -3.131391131319105625e-04 -5.997478147037327290e-04 -7.102469448000192642e-03
1.787965536117553711e+00 3.482418134808540344e-03 1.643649302423000336e-02 6.665717810392379761e-04 2.448749728500843048e-05 -7.934968918561935425e-03
1.785167217254638672e+00 2.334010787308216095e-05 9.845764376223087311e-03 -1.658084802329540253e-03 -6.999145261943340302e-04 -8.009770885109901428e-03
1.794191002845764160e+00 1.102774962782859802e-02 9.043111465871334076e-03 -1.280816853977739811e-03 -4.065237590111792088e-04 -8.398418314754962921e-03
1.799986839294433594e+00 7.721427362412214279e-03 9.078401140868663788e-03 2.506972232367843390e-04 -2.841647947207093239e-04 -9.604154154658317566e-03
1.789671897888183594e+00 1.240421645343303680e-02 2.159085683524608612e-02 -2.740710042417049408e-03 -2.340279897907748818e-04 -1.011638343334197998e-02
1.781233072280883789e+00 7.871732115745544434e-03 1.437397580593824387e-02 -4.089321882929652929e-04 -4.219298716634511948e-04 -9.577677585184574127e-03
1.787450313568115234e+00 1.837429963052272797e-02 4.128634929656982422e-03 2.145870239473879337e-04 -4.462589276954531670e-04 -1.042395178228616714e-02
1.793886899948120117e+00 1.592695154249668121e-02 1.924652233719825745e-02 -7.457311730831861496e-04 7.099744980223476887e-04 -1.189202629029750824e-02
1.772409915924072266e+00 2.074389532208442688e-02 2.499730791896581650e-03 -3.869527718052268028e-04 -4.324990732129663229e-04 -1.116336137056350708e-02
1.778101921081542969e+00 7.900283671915531158e-03 1.825034385547041893e-03 -8.623133762739598751e-04 -4.819214809685945511e-04 -1.164419576525688171e-02
1.786017179489135742e+00 5.903646349906921387e-03 4.852336365729570389e-03 -9.428366320207715034e-04 -1.070492900907993317e-03 -1.293484400957822800e-02
1.786259412765502930e+00 -2.358240308240056038e-03 7.960293442010879517e-04 -1.112146186642348766e-03 -2.210723469033837318e-03 -1.352264173328876495e-02
1.787550687789916992e+00 -1.065786927938461304e-02 1.268565282225608826e-02 -6.922285538166761398e-04 -9.602971840649843216e-04 -1.195956580340862274e-02
1.776516199111938477e+00 -9.400615468621253967e-03 9.213143959641456604e-03 -9.747374569997191429e-04 -1.058453111909329891e-03 -1.153322122991085052e-02
1.790830612182617188e+00 -1.542849233373999596e-03 9.265324100852012634e-03 -1.818039105273783207e-03 -2.708659740164875984e-04 -1.263564079999923706e-02
1.790191769599914551e+00 -3.165524452924728394e-03 1.143876090645790100e-02 -6.178271723911166191e-04 -5.033227498643100262e-04 -1.247791200876235962e-02
1.805940628051757812e+00 7.277315482497215271e-03 -4.387250635772943497e-03 -2.150971849914640188e-04 -5.870076129212975502e-04 -1.289447769522666931e-02
1.812487125396728516e+00 1.027246750891208649e-02 2.577338181436061859e-02 -1.137947896495461464e-03 6.363266729749739170e-04 -1.518346648663282394e-02
1.791872739791870117e+00 7.160117849707603455e-03 1.572543010115623474e-02 -4.921773215755820274e-04 -1.379278139211237431e-03 -1.235775370150804520e-02
1.805188298225402832e+00 6.277386099100112915e-03 8.363485336303710938e-03 -2.256587322335690260e-04 -1.051043625921010971e-03 -1.311772968620061874e-02
1.796323180198669434e+00 6.186483427882194519e-03 8.806043304502964020e-03 -5.640948656946420670e-04 -4.354504053480923176e-04 -1.240781787782907486e-02
1.789558291435241699e+00 -9.424436837434768677e-03 8.857082575559616089e-03 -8.497883100062608719e-04 4.158380907028913498e-04 -1.139131374657154083e-02
1.804574608802795410e+00 -6.301882676780223846e-03 5.675426684319972992e-03 2.680188976228237152e-03 -1.628086029086261988e-04 -1.109749078750610352e-02
1.806306123733520508e+00 -8.315281942486763000e-03 -1.214916352182626724e-03 8.111111819744110107e-04 3.712484613060951233e-07 -1.111809909343719482e-02
1.824188709259033203e+00 1.213517226278781891e-02 -1.789909787476062775e-03 -1.364662311971187592e-03 -1.458889804780483246e-03 -1.268902514129877090e-02
1.808481216430664062e+00 -1.019551046192646027e-02 3.953659906983375549e-03 -9.217065526172518730e-04 -2.027072478085756302e-03 -9.432977065443992615e-03
1.798951506614685059e+00 1.377639919519424438e-02 2.361359447240829468e-02 4.224129952490329742e-07 -2.001393586397171021e-04 -9.600518271327018738e-03
1.757400751113891602e+00 5.120842903852462769e-02 4.878438543528318405e-03 -2.149648789782077074e-04 -4.263729206286370754e-04 -4.716197494417428970e-03
1.826568126678466797e+00 1.127018127590417862e-02 1.126175932586193085e-02 1.485464046709239483e-03 -3.965612559113651514e-04 -1.134345959872007370e-02
1.823445916175842285e+00 -3.276529256254434586e-03 6.193781737238168716e-03 -4.421146586537361145e-04 8.779910858720541000e-04 -1.020380947738885880e-02
1.800673842430114746e+00 -1.187715306878089905e-02 1.338054612278938293e-02 -8.651013486087322235e-04 1.030165469273924828e-03 -7.610004860907793045e-03
1.791719675064086914e+00 3.260414116084575653e-03 1.233217027038335800e-02 -5.923561984673142433e-04 -5.772504955530166626e-04 -5.005602724850177765e-03
1.783945918083190918e+00 1.033676043152809143e-02 1.115891616791486740e-02 -1.149644740507937968e-04 -1.603271346539258957e-03 -5.527859553694725037e-03
1.734703779220581055e+00 5.805550143122673035e-02 2.645014971494674683e-02 -1.085519674234092236e-03 -6.940034218132495880e-04 -4.055470228195190430e-03
1.792443394660949707e+00 2.485147863626480103e-02 1.681952737271785736e-02 1.592328771948814392e-06 -3.658331988845020533e-04 -5.373578052967786789e-03
1.822441220283508301e+00 3.251320123672485352e-02 2.179584465920925140e-02 8.624618640169501305e-04 -8.383100503124296665e-04 -6.050857249647378922e-03
1.827897071838378906e+00 1.168182119727134705e-02 5.492988973855972290e-03 -1.676831743679940701e-04 3.388211480341851711e-04 -7.361242081969976425e-03
1.839136362075805664e+00 2.498570363968610764e-03 9.240170940756797791e-03 1.971685196622274816e-05 5.264248466119170189e-05 -7.539781276136636734e-03
1.824482798576354980e+00 -9.243748150765895844e-03 1.098596211522817612e-02 1.555773895233869553e-03 1.779791782610118389e-04 -7.771632168442010880e-03
1.843994617462158203e+00 -1.389666646718978882e-02 1.514064706861972809e-02 -1.865140511654317379e-04 -7.437757449224591255e-05 -8.655893616378307343e-03
1.864299654960632324e+00 3.245493862777948380e-03 1.335329096764326096e-02 -4.038950719404965639e-04 -1.234930590726435184e-03 -7.479242980480194092e-03
1.836485505104064941e+00 4.334376193583011627e-03 1.232362072914838791e-02 -6.882331799715757370e-04 -5.482449778355658054e-04 -8.768894709646701813e-03
1.852062702178955078e+00 1.222504582256078720e-02 7.495556958019733429e-03 7.548074354417622089e-04 -9.274585754610598087e-04 -8.330275304615497589e-03
1.878244757652282715e+00 6.780982948839664459e-03 3.478561993688344955e-04 4.242825962137430906e-04 -6.689752335660159588e-04 -1.030247565358877182e-02
1.873712062835693359e+00 7.120500318706035614e-03 7.295581512153148651e-03 -4.132098983973264694e-04 1.591017789905890822e-04 -1.112499926239252090e-02
1.849228739738464355e+00 1.665793545544147491e-02 -1.878697075881063938e-03 1.927440636791288853e-03 -5.884863203391432762e-04 -7.973468862473964691e-03
1.854356288909912109e+00 1.914236322045326233e-02 4.626892041414976120e-03 1.000198652036488056e-03 -2.866615250241011381e-04 -8.866694755852222443e-03
1.858001589775085449e+00 2.207750268280506134e-02 8.818323723971843719e-03 1.366219134069979191e-03 -1.331046689301729202e-03 -7.767533883452415466e-03
1.810947060585021973e+00 2.451323717832565308e-02 1.145969144999980927e-02 9.117014124058187008e-04 -7.799748564139008522e-04 -7.143273949623107910e-03
1.832709908485412598e+00 -4.085811320692300797e-03 1.081452146172523499e-02 1.139983534812927246e-03 -1.776624936610460281e-03 -7.037936244159936905e-03
1.796236753463745117e+00 1.397325284779071808e-02 1.410591788589954376e-02 4.216184606775641441e-06 -2.046816516667604446e-03 -3.722126828506588936e-03
1.804169297218322754e+00 -4.151913896203041077e-02 -1.028087455779314041e-03 2.422236866550520062e-05 -4.109350848011672497e-04 -2.968522720038890839e-03
1.847919225692749023e+00 -3.339220769703388214e-03 1.379503961652517319e-02 -9.088533697649836540e-04 -1.206713146530091763e-03 -3.652919083833694458e-03
1.858050704002380371e+00 -1.753617264330387115e-02 1.384618878364562988e-02 -7.546785054728388786e-04 -6.702607497572898865e-04 -2.754631452262401581e-03
1.856963634490966797e+00 -5.545915663242340088e-02 -4.392893053591251373e-03 6.607415853068232536e-04 -2.930197864770889282e-03 -6.860347930341959000e-04
1.871464848518371582e+00 -1.749106124043464661e-02 2.027284819632768631e-03 1.151535892859101295e-03 -1.099200220778584480e-03 3.853047499433159828e-03
1.879418611526489258e+00 9.179069660604000092e-03 1.002949569374322891e-02 -4.801726026926189661e-04 -1.641540322452783585e-03 1.657872926443815231e-03
1.869220614433288574e+00 1.625884696841239929e-02 8.889313787221908569e-03 -1.849763561040163040e-03 -1.348529360257089138e-03 1.173284486867487431e-03
1.849113345146179199e+00 3.322299569845199585e-02 1.574529148638248444e-02 -1.317478367127478123e-03 -1.820705481804907322e-03 3.121679648756980896e-03
1.891579270362854004e+00 3.861643373966217041e-02 6.334940437227487564e-03 6.437145639210939407e-04 -1.335352775640785694e-03 -2.426206134259700775e-03
1.877592682838439941e+00 4.016706347465515137e-02 1.188495010137557983e-02 -7.041103090159595013e-04 -1.175495126517489552e-04 1.152330951299518347e-04
1.899220228195190430e+00 1.128285191953182220e-02 1.253347098827362061e-02 -1.661165617406368256e-03 5.873569753021001816e-04 5.635866546072065830e-04
1.873887658119201660e+00 2.619188651442527771e-02 7.507132831960916519e-03 -8.042817935347557068e-04 2.091649221256375313e-03 -9.535287972539663315e-04
1.841065406799316406e+00 1.391379162669181824e-03 1.259985007345676422e-02 -1.641991781070828438e-03 -4.565284179989248514e-04 9.661581716500222683e-04
1.886704683303833008e+00 2.677020430564880371e-02 6.200772710144519806e-03 -7.146167336031794548e-04 -5.680063623003661633e-04 -2.547960029914975166e-03
1.854861378669738770e+00 -7.013930473476648331e-03 1.608279906213283539e-02 -2.824181923642754555e-03 -1.308087725192308426e-03 -7.945140823721885681e-04
1.852519631385803223e+00 1.667441427707672119e-02 1.223760191351175308e-02 -7.568226428702473640e-04 2.909549803007394075e-04 -1.248841872438788414e-03
1.832106947898864746e+00 8.949401788413524628e-03 2.433858998119831085e-02 -7.752560777589678764e-04 -5.593210225924849510e-04 7.370513048954308033e-04
1.848005175590515137e+00 1.371552702039480209e-03 2.802994847297668457e-02 -1.145131303928792477e-03 3.934302658308297396e-04 1.766837667673826218e-03
1.799013018608093262e+00 4.209447186440229416e-03 4.680533427745103836e-03 -3.439375432208180428e-04 -1.661134883761405945e-03 3.039343282580375671e-04
1.888458847999572754e+00 5.945568904280662537e-03 8.254331536591053009e-03 2.138010167982429266e-04 -2.047458401648327708e-04 4.811619874089956284e-04
1.841872811317443848e+00 -7.552785798907279968e-03 1.351097878068685532e-02 1.802958431653678417e-03 1.059512491337954998e-03 -6.482804892584681511e-04
1.865986704826354980e+00 -4.823010414838790894e-03 1.084007974714040756e-02 6.206748075783252716e-04 4.849070683121681213e-04 8.670835522934794426e-04
1.863582730293273926e+00 -1.794756203889846802e-02 1.742484420537948608e-02 -1.237232354469597340e-03 -1.163457520306110382e-03 1.049192273057997227e-03
1.839769124984741211e+00 -5.473730154335498810e-03 1.611175946891307831e-02 -1.167778857052326202e-03 -1.089666387997567654e-03 1.904837088659405708e-03
1.819182157516479492e+00 1.518092118203639984e-02 1.379110477864742279e-02 -1.250255620107054710e-03 -5.158435087651014328e-04 8.392932941205799580e-04
