7.473229616880416870e-02 -4.221748560667037964e-03 -5.056408699601888657e-04 1.400656037731096148e-04 3.626107063610106707e-04 -8.045713417232036591e-03
8.026999980211257935e-02 -5.468665156513452530e-03 2.278075553476810455e-03 2.883766428567469120e-04 2.052006020676344633e-04 -8.525215089321136475e-03
8.526145666837692261e-02 -6.076401099562644958e-03 1.914880995173007250e-04 -4.602167973644100130e-05 3.503841871861368418e-04 -9.761528111994266510e-03
8.697705715894699097e-02 -8.802569471299648285e-03 1.179064740426838398e-03 1.263960031792521477e-03 1.530852387077175081e-07 -1.201976183801889420e-02
9.888316690921783447e-02 -9.321498684585094452e-03 2.303079236298799515e-03 1.193186733871698380e-03 -7.235091179609298706e-04 -1.336577348411083221e-02
1.028150767087936401e-01 -1.045720558613538742e-02 5.487333051860332489e-03 5.381192313507199287e-04 -9.185356902889907360e-04 -1.496912073343992233e-02
1.107468456029891968e-01 -7.466449402272701263e-03 2.256565494462847710e-03 -1.492896582931280136e-03 -1.249586930498480797e-03 -1.715855859220027924e-02
1.203226372599601746e-01 -8.241420611739158630e-03 3.947524819523096085e-04 -2.026322297751903534e-03 -1.857597264461219311e-03 -2.012304775416851044e-02
1.363080441951751709e-01 -1.716541871428489685e-02 -1.411908539012074471e-03 -8.211542153730988503e-04 -1.718558138236403465e-03 -2.314985916018486023e-02
1.431884318590164185e-01 -2.286340855062007904e-02 5.375443724915385246e-04 -2.330266434000805020e-04 -9.802072308957576752e-04 -2.666985616087913513e-02
1.575125008821487427e-01 -1.287585031241178513e-02 2.028237096965312958e-03 -8.371007279492914677e-04 -7.345757330767810345e-04 -2.995529398322105408e-02
1.697740703821182251e-01 -2.352441102266311646e-02 -1.428664691047742963e-04 -1.632923260331153870e-03 -1.153679215349256992e-03 -3.393052890896797180e-02
1.872901767492294312e-01 -2.280561067163944244e-02 1.504716230556368828e-03 -2.269303658977150917e-03 -7.213742355816066265e-04 -3.715281933546066284e-02
2.029794305562973022e-01 -3.060369193553924561e-02 -5.446132272481918335e-03 -1.066399388946592808e-03 6.996755837462842464e-04 -3.951970487833023071e-02
2.167941033840179443e-01 -3.253573551774024963e-02 -2.449429593980312347e-04 5.976545508019626141e-04 2.164298901334404945e-03 -4.231769219040870667e-02
2.298689484596252441e-01 -3.738847002387046814e-02 1.525050378404557705e-03 9.950955864042043686e-04 1.546784071251749992e-03 -4.484998062252998352e-02
2.426437437534332275e-01 -3.927748650312423706e-02 2.948621753603219986e-03 -5.955946980975568295e-04 1.064831158146262169e-03 -4.760506376624107361e-02
2.556782066822052002e-01 -3.950206190347671509e-02 -5.921193514950573444e-04 -6.681504892185330391e-04 6.432479131035506725e-04 -5.039961263537406921e-02
2.665912806987762451e-01 -3.984680771827697754e-02 -6.401818245649337769e-04 -5.552078946493566036e-04 -1.673394930548965931e-03 -5.184071511030197144e-02
2.738559842109680176e-01 -4.508506506681442261e-02 5.023863632231950760e-03 9.156740270555019379e-04 -1.623276970349252224e-03 -5.377127975225448608e-02
2.878905236721038818e-01 -4.053880646824836731e-02 5.388476420193910599e-03 -4.460386990103870630e-04 -8.727693966648075730e-06 -5.634612217545509338e-02
3.101248145103454590e-01 -4.326209798455238342e-02 -1.381853362545371056e-03 -6.811289931647479534e-04 4.223559226375073195e-04 -5.824552476406097412e-02
3.209937810897827148e-01 -4.183409363031387329e-02 1.909706392325460911e-03 -1.129588461481034756e-03 5.184452747926115990e-04 -5.846805125474929810e-02
3.289041817188262939e-01 -4.357742518186569214e-02 6.383105064742267132e-04 -1.285619218833744526e-03 2.589124778751283884e-05 -5.969073623418807983e-02
3.489015996456146240e-01 -4.029086604714393616e-02 5.378111964091658592e-04 -1.776445424184203148e-03 5.710459081456065178e-04 -6.168301403522491455e-02
3.541660308837890625e-01 -4.778763279318809509e-02 -7.334070745855569839e-03 -1.618984504602849483e-03 1.049423706717789173e-03 -6.326305866241455078e-02
3.731010556221008301e-01 -5.295022577047348022e-02 -6.384560372680425644e-03 1.566536608152091503e-03 2.102637197822332382e-03 -6.423643231391906738e-02
3.777877390384674072e-01 -6.100250035524368286e-02 5.503131076693534851e-03 3.580664983019232750e-03 4.268464632332324982e-03 -6.637217849493026733e-02
3.929998874664306641e-01 -5.565522238612174988e-02 2.042182488366961479e-03 1.775521202944219112e-03 3.127974458038806915e-03 -6.760078668594360352e-02
4.065902233123779297e-01 -5.940102040767669678e-02 3.131921868771314621e-03 1.625405857339501381e-03 1.214839285239577293e-03 -6.744092702865600586e-02
4.244766235351562500e-01 -5.565280467271804810e-02 1.597880036570131779e-03 -4.274288075976073742e-04 1.590762869454920292e-03 -6.689258664846420288e-02
4.519288539886474609e-01 -4.838395491242408752e-02 5.565944127738475800e-03 -9.366049198433756828e-04 3.559604985639452934e-03 -6.518042087554931641e-02
4.713601469993591309e-01 -5.063274875283241272e-02 4.146170802414417267e-03 -3.110651159659028053e-04 1.980903325602412224e-03 -6.264307349920272827e-02
4.816971719264984131e-01 -4.954314976930618286e-02 1.927141420310363173e-04 1.537128468044102192e-03 8.763842051848769188e-04 -6.058355793356895447e-02
5.015280246734619141e-01 -4.660648480057716370e-02 -4.967778222635388374e-04 1.796004944480955601e-03 4.006407398264855146e-04 -5.915192142128944397e-02
5.281351804733276367e-01 -4.133816435933113098e-02 -1.686602365225553513e-03 1.774872071109712124e-03 -1.664865267230197787e-04 -5.756712704896926880e-02
5.494289994239807129e-01 -4.032832756638526917e-02 -8.577700937166810036e-04 1.942047965712845325e-03 -6.509866216219961643e-05 -5.356790870428085327e-02
5.634964108467102051e-01 -3.861940279603004456e-02 -7.955711334943771362e-04 2.062501618638634682e-03 4.616326768882572651e-04 -4.887181147933006287e-02
5.918353199958801270e-01 -3.383016586303710938e-02 -1.820709556341171265e-03 2.841223031282424927e-03 7.482770015485584736e-04 -4.409884288907051086e-02
6.285402178764343262e-01 -2.769877575337886810e-02 1.258514472283422947e-03 2.754880813881754875e-03 3.411596699152141809e-04 -4.036670178174972534e-02
6.395624279975891113e-01 -2.542504481971263885e-02 -3.422738518565893173e-03 2.605633344501256943e-03 -8.014515333343297243e-05 -3.264421224594116211e-02
6.735283136367797852e-01 -1.935304328799247742e-02 -2.145952312275767326e-03 3.752480261027812958e-03 5.168122879695147276e-05 -2.818597294390201569e-02
7.000543475151062012e-01 -1.813197508454322815e-02 -1.950855250470340252e-03 3.663461888208985329e-03 5.827468703500926495e-05 -2.198438160121440887e-02
7.210767269134521484e-01 -1.104480773210525513e-02 -2.122330246493220329e-03 2.972767688333988190e-03 5.132028018124401569e-04 -1.587248966097831726e-02
7.541405558586120605e-01 -7.246795110404491425e-03 -3.343221498653292656e-03 3.319854848086833954e-03 5.749135161750018597e-04 -1.180891226977109909e-02
7.720631361007690430e-01 -3.833614755421876907e-03 -7.026435341686010361e-04 3.041776362806558609e-03 4.564803675748407841e-04 -5.926319863647222519e-03
7.897625565528869629e-01 9.410358034074306488e-04 -2.338055055588483810e-03 2.932368079200387001e-03 8.359246421605348587e-04 -1.687176176346838474e-03
8.129798769950866699e-01 4.828495904803276062e-03 3.171554533764719963e-03 2.022773027420043945e-03 9.008254855871200562e-04 1.082562026567757130e-03
8.334410190582275391e-01 8.061181753873825073e-03 1.050792285241186619e-03 6.400403217412531376e-04 1.011699670925736427e-03 2.826591255143284798e-03
8.535395264625549316e-01 9.331976994872093201e-03 2.777852816507220268e-03 4.075715842191129923e-04 1.390323741361498833e-03 2.299854997545480728e-03
8.850726485252380371e-01 8.613817393779754639e-03 1.268108608201146126e-03 4.460039199329912663e-04 5.480188410729169846e-04 2.180757001042366028e-03
9.041522145271301270e-01 7.797685451805591583e-03 9.648024570196866989e-04 1.247311593033373356e-03 2.419955271761864424e-04 2.395620569586753845e-03
9.207736253738403320e-01 8.574852719902992249e-03 2.540576504543423653e-03 1.149485324276611209e-04 4.474873712752014399e-04 2.411829773336648941e-03
9.376359581947326660e-01 7.952578365802764893e-03 -2.419705269858241081e-03 3.515910429996438324e-05 -1.237868855241686106e-04 1.910711172968149185e-03
9.598786830902099609e-01 1.099132932722568512e-02 -9.620512137189507484e-04 -1.904741220641881227e-04 -2.240962639916688204e-04 2.086761640384793282e-03
9.770398139953613281e-01 9.560739621520042419e-03 2.257501706480979919e-03 -4.404704377520829439e-04 9.272441966459155083e-04 1.042593503370881081e-03
9.970648884773254395e-01 1.119881961494684219e-02 4.304246685933321714e-04 -2.053847303614020348e-03 7.657030946575105190e-04 9.840172715485095978e-04
1.019552350044250488e+00 8.875636383891105652e-03 -1.913961023092269897e-03 -1.676325773587450385e-04 1.892200525617226958e-04 4.746333579532802105e-04
1.046568632125854492e+00 8.655576035380363464e-03 5.255226511508226395e-03 -9.154633735306560993e-04 -2.790220314636826515e-04 -5.442825204227119684e-05
1.063338756561279297e+00 6.120631471276283264e-03 -6.252253428101539612e-03 -5.860969540663063526e-04 -1.152698881924152374e-03 -2.223534684162586927e-04
1.082432389259338379e+00 3.502731211483478546e-03 7.343827164731919765e-04 8.887292351573705673e-04 -1.164797693490982056e-03 -3.232087765354663134e-04
1.100680828094482422e+00 7.117901463061571121e-03 -1.032331376336514950e-03 1.012942404486238956e-03 -6.208864506334066391e-04 -6.229445571079850197e-04
1.123190045356750488e+00 8.275664411485195160e-03 -2.356242854148149490e-03 8.240442839451134205e-04 -3.275939161540009081e-05 -1.476902980357408524e-04
1.151033163070678711e+00 5.494107026606798172e-03 1.331944717094302177e-03 1.427056035026907921e-03 2.820715890266001225e-04 -7.682530849706381559e-05
1.179893493652343750e+00 7.862461730837821960e-03 -2.924524713307619095e-03 5.080163828097283840e-04 7.950179278850555420e-04 4.695623938459903002e-04
1.204101920127868652e+00 7.455794606357812881e-03 4.748382489196956158e-04 1.310809864662587643e-03 1.545299193821847439e-03 7.984386757016181946e-04
1.218394398689270020e+00 5.893304012715816498e-03 2.116939518600702286e-03 1.534812035970389843e-03 1.872943597845733166e-03 9.791309712454676628e-04
1.242567181587219238e+00 9.215741418302059174e-03 2.760863630101084709e-03 2.913097850978374481e-04 1.622312818653881550e-03 1.071591977961361408e-03
1.249502658843994141e+00 3.687107469886541367e-03 4.250782541930675507e-03 7.180394604802131653e-04 2.210802864283323288e-03 1.261314610019326210e-03
1.266232728958129883e+00 1.046147476881742477e-02 3.537496086210012436e-03 -2.195881679654121399e-04 2.297552535310387611e-03 1.168789458461105824e-03
1.289617061614990234e+00 7.778669241815805435e-03 2.914982382208108902e-03 -7.893984438851475716e-04 1.241410616785287857e-03 1.602709759026765823e-03
1.283812880516052246e+00 1.135805808007717133e-02 4.156048875302076340e-03 -8.555785752832889557e-04 1.029985374771058559e-03 1.157976803369820118e-03
1.286989212036132812e+00 6.375529337674379349e-03 3.344940254464745522e-03 -7.795862038619816303e-04 4.985968116670846939e-04 1.583358738571405411e-03
1.309325575828552246e+00 1.280352193862199783e-02 2.860082779079675674e-03 -1.336860936135053635e-03 1.038189657265320420e-04 1.108068623580038548e-03
1.322984695434570312e+00 9.884610772132873535e-03 -1.185224391520023346e-04 -1.306614256463944912e-03 4.449064435902982950e-04 1.050181919708848000e-03
1.357522130012512207e+00 5.928952712565660477e-03 -7.833715528249740601e-03 -3.669868921861052513e-03 1.256229123100638390e-03 1.061790506355464458e-03
1.333470106124877930e+00 6.961633916944265366e-03 8.926407434046268463e-03 -1.301591983065009117e-03 6.844036397524178028e-04 1.381198875606060028e-03
1.332975506782531738e+00 1.120865996927022934e-02 2.888305112719535828e-03 -2.204416785389184952e-03 6.607936229556798935e-04 1.739579718559980392e-03
1.348246335983276367e+00 1.416469737887382507e-02 3.005441976711153984e-03 -2.185318153351545334e-03 1.349769998341798782e-03 7.764177862554788589e-04
1.383643627166748047e+00 1.152320299297571182e-02 6.136167794466018677e-03 -2.170982304960489273e-03 1.913172192871570587e-03 4.251580394338816404e-04
1.367344379425048828e+00 1.196248736232519150e-02 5.972686223685741425e-03 -1.918378635309636593e-03 2.259144326671957970e-03 -4.836787120439112186e-04
1.359841942787170410e+00 1.060151029378175735e-02 3.266814397647976875e-03 -1.174113946035504341e-03 8.709567191544920206e-05 -9.395213564857840538e-04
1.388758778572082520e+00 7.730716839432716370e-03 8.507127873599529266e-03 -9.064768673852086067e-04 -6.878313724882900715e-04 -1.270435051992535591e-03
1.390229463577270508e+00 9.090052917599678040e-03 7.666302844882011414e-03 -6.574068102054297924e-04 -1.699793792795389891e-04 -9.292450267821550369e-04
1.420383214950561523e+00 5.811505019664764404e-03 7.522554136812686920e-03 -1.191157571156509221e-04 7.776436978019773960e-04 -8.396034827455878258e-04
1.399345874786376953e+00 1.048034615814685822e-02 1.940269488841295242e-03 -1.582903059897944331e-04 1.646503224037587643e-03 -2.888398885261267424e-04
1.402366876602172852e+00 4.066636320203542709e-03 8.848658762872219086e-03 5.659061716869473457e-04 5.866238498128950596e-04 -3.049761871807277203e-04
1.418895244598388672e+00 7.144962903112173080e-03 9.459157474339008331e-03 2.843203546945005655e-04 2.706763916648924351e-04 -2.996281546074897051e-04
1.420303344726562500e+00 7.082503288984298706e-03 1.124272681772708893e-02 1.483506057411432266e-04 2.324849483557045460e-04 -8.063597488217055798e-05
1.422641396522521973e+00 7.123733405023813248e-03 1.098563242703676224e-02 5.014971829950809479e-04 4.543258546618744731e-05 1.309867657255381346e-04
1.433557748794555664e+00 5.505355075001716614e-03 1.337311137467622757e-02 -2.092701470246538520e-04 3.547845699358731508e-04 1.872826396720483899e-04
1.442254066467285156e+00 8.952214382588863373e-03 1.104037463665008545e-02 1.930777580128051341e-05 1.013954752124845982e-03 2.457401715219020844e-04
1.456992983818054199e+00 7.010534405708312988e-03 9.781788103282451630e-03 -2.829761942848563194e-04 1.543959369882941246e-03 2.603502944111824036e-04
1.450756669044494629e+00 6.575231440365314484e-03 9.782993234694004059e-03 -3.178371698595583439e-04 1.507251639850437641e-03 2.063144493149593472e-04
1.457097768783569336e+00 7.170584052801132202e-03 1.163530163466930389e-02 -2.960925921797752380e-04 3.477432474028319120e-04 1.739909348543733358e-04
1.485907912254333496e+00 7.049240171909332275e-03 1.016925927251577377e-02 6.201440119184553623e-04 -2.430464082863181829e-04 4.872951467405073345e-05
1.481806278228759766e+00 6.601556669920682907e-03 1.176192704588174820e-02 5.496814264915883541e-04 -3.739060193765908480e-04 2.344756940146908164e-04
1.489478111267089844e+00 5.560496356338262558e-03 9.058202616870403290e-03 8.331386488862335682e-04 -9.902723832055926323e-06 3.041937889065593481e-04
1.494561076164245605e+00 5.035034380853176117e-03 1.505613606423139572e-02 8.549974299967288971e-04 7.438024040311574936e-04 5.655757922795601189e-05
1.485240578651428223e+00 3.907261416316032410e-03 1.359149441123008728e-02 9.341497207060456276e-04 1.698641572147607803e-03 4.467859398573637009e-04
1.514923095703125000e+00 4.028485156595706940e-03 1.726778224110603333e-02 5.693509010598063469e-04 1.672699814662337303e-03 2.046126610366627574e-04
1.504540681838989258e+00 7.521611638367176056e-03 1.157668232917785645e-02 1.222623686771839857e-04 5.888310843147337437e-04 3.564095532055944204e-04
1.486680626869201660e+00 5.957781337201595306e-03 1.515734195709228516e-02 4.149211454205214977e-04 1.156923899543471634e-04 2.037560916505753994e-04
1.496901273727416992e+00 4.881977569311857224e-03 1.149862259626388550e-02 1.162474945886060596e-04 -4.944371175952255726e-04 1.130664822994731367e-04
1.500213861465454102e+00 2.507824450731277466e-03 1.405344624072313309e-02 4.523620882537215948e-04 2.241312613477930427e-04 1.241153804585337639e-04
1.494379401206970215e+00 4.752628039568662643e-03 1.456141099333763123e-02 -5.757923645433038473e-06 1.037334790453314781e-03 1.151392643805593252e-04
1.495243191719055176e+00 5.588801112025976181e-03 1.321865245699882507e-02 -1.566522987559437752e-04 9.984165662899613380e-04 -4.894876037724316120e-04
1.484778285026550293e+00 7.185305468738079071e-03 1.385751180350780487e-02 1.405358198098838329e-04 5.277202581055462360e-04 -8.874009363353252411e-04
1.488789677619934082e+00 8.173742098733782768e-04 1.533697731792926788e-02 3.783655702136456966e-04 3.154752484988421202e-04 -1.250744448043406010e-03
1.486937165260314941e+00 6.904014851897954941e-03 1.175058167427778244e-02 4.387403023429214954e-04 3.066384815610945225e-04 -1.100469264201819897e-03
1.499980092048645020e+00 4.826257936656475067e-03 1.181016303598880768e-02 6.673925090581178665e-04 -1.598684466443955898e-04 -9.526644134894013405e-04
1.488447785377502441e+00 4.511087201535701752e-03 1.369946170598268509e-02 7.148683071136474609e-04 -6.113970885053277016e-04 -7.802593172527849674e-04
1.495170593261718750e+00 3.903168719261884689e-03 1.297699194401502609e-02 9.213029406964778900e-04 -2.385919797234237194e-04 -5.066050798632204533e-04
1.482297897338867188e+00 3.236830933019518852e-03 1.427765376865863800e-02 8.053370402194559574e-04 -2.455274225212633610e-04 -5.915175424888730049e-04
1.493979096412658691e+00 1.348584191873669624e-04 1.273742783814668655e-02 6.867413176223635674e-04 -2.180051815230399370e-04 -6.335733924061059952e-04
1.490569114685058594e+00 3.051610896363854408e-03 1.432874333113431931e-02 8.519747643731534481e-04 1.808973320294171572e-04 -2.981288416776806116e-04
1.473468065261840820e+00 -8.327812538482248783e-04 1.469427719712257385e-02 5.068032187409698963e-04 -1.019230112433433533e-04 -4.815837019123136997e-04
1.459470510482788086e+00 7.884012302383780479e-04 1.213377434760332108e-02 3.623470256570726633e-04 3.800989361479878426e-05 -2.728106628637760878e-04
1.450434565544128418e+00 2.743077464401721954e-03 1.647685840725898743e-02 4.186741134617477655e-04 -5.274909199215471745e-06 2.154943649657070637e-05
1.459087252616882324e+00 -2.466803998686373234e-04 1.646686159074306488e-02 1.369803940178826451e-04 2.986809704452753067e-05 -4.251007339917123318e-05
1.454178810119628906e+00 4.121827892959117889e-03 1.503276731818914413e-02 3.098009983659721911e-05 -4.604502464644610882e-06 -2.004142734222114086e-04
1.472241044044494629e+00 3.401661815587431192e-04 1.679335162043571472e-02 -1.275350514333695173e-04 -6.427510525099933147e-04 -9.712481551105156541e-05
1.463516592979431152e+00 2.949461340904235840e-03 1.466590538620948792e-02 -3.504641936160624027e-04 -1.361104892566800117e-03 -3.186817048117518425e-04
1.473710536956787109e+00 8.793333545327186584e-04 1.537607330828905106e-02 2.178792492486536503e-04 -8.441149839200079441e-04 -2.745992969721555710e-04
1.470275759696960449e+00 3.064183110836893320e-04 1.443880889564752579e-02 3.875658439937978983e-04 -3.994800499640405178e-04 -2.817407366819679737e-04
1.470110177993774414e+00 -2.348718931898474693e-03 1.562819443643093109e-02 -1.965063274838030338e-04 1.700844877632334828e-04 -3.037144197151064873e-04
1.462163805961608887e+00 -2.482340787537395954e-04 1.584503985941410065e-02 1.432140416000038385e-04 2.243429480586200953e-04 -6.172072608023881912e-05
1.480134844779968262e+00 1.563078025355935097e-03 1.485980115830898285e-02 -1.359966699965298176e-04 3.222730883862823248e-04 -1.384083443554118276e-04
1.502951145172119141e+00 8.451918256469070911e-05 1.443759165704250336e-02 3.458159044384956360e-04 -2.443290723022073507e-04 -3.699484223034232855e-04
1.469611406326293945e+00 6.004017777740955353e-04 1.378228329122066498e-02 3.242702805437147617e-04 5.164555113879032433e-05 -1.333406689809635282e-04
1.450922250747680664e+00 -1.157154096290469170e-03 1.490911841392517090e-02 9.741965332068502903e-04 5.284059807308949530e-05 -6.164906080812215805e-04
1.496290564537048340e+00 2.144556259736418724e-03 1.329030003398656845e-02 5.574878887273371220e-04 4.060784704051911831e-06 -1.203563646413385868e-03
1.459491252899169922e+00 -5.143351852893829346e-03 1.429130602627992630e-02 6.702523678541183472e-04 -2.767755358945578337e-04 -1.449145493097603321e-03
1.462975025177001953e+00 -4.045543260872364044e-03 1.301945745944976807e-02 5.677736480720341206e-04 -7.120362715795636177e-04 -1.692795893177390099e-03
1.457252383232116699e+00 -6.602498237043619156e-03 1.155985053628683090e-02 4.816906002815812826e-04 -2.973702794406563044e-04 -2.232662402093410492e-03
1.454101324081420898e+00 -6.071445066481828690e-03 1.200294867157936096e-02 -1.735806108627002686e-05 1.323021424468606710e-04 -1.990167191252112389e-03
1.450524926185607910e+00 -5.718435626477003098e-03 1.309406291693449020e-02 1.681942085269838572e-04 1.875189191196113825e-04 -2.560822525992989540e-03
1.455937147140502930e+00 -4.783388692885637283e-03 1.114187669008970261e-02 -3.760879626497626305e-04 8.388949790969491005e-04 -2.373952651396393776e-03
1.441143393516540527e+00 -1.492479350417852402e-03 1.193908136337995529e-02 -6.621317879762500525e-06 5.258159362711012363e-04 -1.622600830160081387e-03
1.456975936889648438e+00 -2.994306618347764015e-03 1.276274491101503372e-02 2.007238217629492283e-04 -3.536276635713875294e-04 -2.301869681105017662e-03
1.465064644813537598e+00 -3.930079750716686249e-03 1.323685050010681152e-02 1.713473466224968433e-06 -6.697702337987720966e-04 -2.312568714842200279e-03
1.476946830749511719e+00 -3.238313365727663040e-03 1.131233200430870056e-02 1.819612807594239712e-04 -1.118696061894297600e-03 -2.269807271659374237e-03
1.458039283752441406e+00 -4.181645344942808151e-03 1.144082751125097275e-02 1.586583093740046024e-04 -6.404686719179153442e-04 -2.260157605633139610e-03
1.477232336997985840e+00 -6.732183042913675308e-03 9.481835179030895233e-03 2.638467412907630205e-04 -1.130706295953132212e-04 -1.605967059731483459e-03
1.467078685760498047e+00 -4.620114341378211975e-03 1.227478124201297760e-02 2.875058853533118963e-04 -6.685349217150360346e-05 -1.723221386782824993e-03
1.476203441619873047e+00 -5.458095110952854156e-03 1.158368587493896484e-02 7.319739088416099548e-04 1.408254465786740184e-04 -1.379411201924085617e-03
1.476317882537841797e+00 -2.746657934039831161e-03 1.326018013060092926e-02 5.417209467850625515e-04 2.603622851893305779e-05 -1.300823292694985867e-03
1.480516314506530762e+00 -3.884193953126668930e-03 1.281222794204950333e-02 2.365202526561915874e-04 -4.273120721336454153e-04 -1.648380071856081486e-03
1.478362083435058594e+00 -2.334198914468288422e-03 1.206334307789802551e-02 4.996873321942985058e-04 7.514480967074632645e-04 -1.510218018665909767e-03
1.494799017906188965e+00 -8.453514310531318188e-04 9.783629328012466431e-03 3.014302928932011127e-04 2.794097526930272579e-04 -1.910399761982262135e-03
1.485402107238769531e+00 4.734992049634456635e-03 1.521425694227218628e-02 5.284409271553158760e-04 1.584295678185299039e-04 -1.855102833360433578e-03
1.468712449073791504e+00 1.027673110365867615e-02 1.379618048667907715e-02 1.432734774425625801e-03 -4.491397412493824959e-04 -2.038992475718259811e-03
1.472956180572509766e+00 6.637152750045061111e-03 1.417496521025896072e-02 9.929134976118803024e-04 -9.983825730159878731e-04 -2.444845391437411308e-03
1.472299098968505859e+00 4.137205891311168671e-03 1.216856669634580612e-02 5.335679161362349987e-04 -9.560458129271864891e-04 -2.582293236628174782e-03
1.484872579574584961e+00 8.481240831315517426e-03 1.310571841895580292e-02 7.682454306632280350e-04 -4.044122179038822651e-04 -2.528795972466468811e-03
1.481116294860839844e+00 8.801429532468318939e-03 1.389876846224069595e-02 8.851551101543009281e-04 -2.949193585664033890e-04 -2.227723598480224609e-03
1.467176318168640137e+00 1.179919205605983734e-02 1.605056412518024445e-02 7.461593486368656158e-04 -5.268651293590664864e-04 -2.451170235872268677e-03
1.455476164817810059e+00 1.451695151627063751e-02 1.774636283516883850e-02 2.048968744929879904e-04 -7.515981997130438685e-05 -2.441776916384696960e-03
1.483675003051757812e+00 2.127936482429504395e-02 1.658532395958900452e-02 2.995259128510951996e-04 -8.976044773589819670e-05 -2.608787501230835915e-03
1.476373195648193359e+00 2.367819473147392273e-02 1.401683874428272247e-02 3.482417378108948469e-04 4.831418627873063087e-04 -3.073381958529353142e-03
1.462095141410827637e+00 1.633918844163417816e-02 1.328987721353769302e-02 -5.051631596870720387e-04 6.448774365708231926e-04 -3.721030429005622864e-03
1.473374724388122559e+00 1.465437840670347214e-02 1.576386764645576477e-02 -1.626765006221830845e-04 7.357052527368068695e-04 -3.293751273304224014e-03
1.464454889297485352e+00 1.437479443848133087e-02 1.216079946607351303e-02 -2.276546147186309099e-04 -2.569901407696306705e-04 -4.330887924879789352e-03
1.460130095481872559e+00 1.604788564145565033e-02 1.206239406019449234e-02 1.037356487358920276e-04 6.825091986684128642e-05 -4.228286445140838623e-03
1.467191457748413086e+00 5.401019006967544556e-03 1.206505205482244492e-02 1.244054001290351152e-04 -4.132247995585203171e-04 -4.297360312193632126e-03
1.440642476081848145e+00 1.297110039740800858e-02 1.184156630188226700e-02 6.671846495009958744e-04 -7.572398317279294133e-06 -3.992456477135419846e-03
1.461841583251953125e+00 -2.213851781561970711e-03 1.209073420614004135e-02 -5.315676680766046047e-04 -4.748068749904632568e-04 -5.293916445225477219e-03
1.428755521774291992e+00 7.989003323018550873e-03 1.205638889223337173e-02 2.806817356031388044e-04 2.309806295670568943e-04 -5.681321490556001663e-03
1.432967662811279297e+00 7.931938394904136658e-03 1.267478801310062408e-02 9.110653190873563290e-04 -2.734476001933217049e-04 -5.673452280461788177e-03
1.441442012786865234e+00 8.233607746660709381e-03 1.173188909888267517e-02 7.545321714133024216e-04 -1.138895400799810886e-03 -5.445940885692834854e-03
1.437207221984863281e+00 8.986645378172397614e-03 9.879929013550281525e-03 7.378053269349038601e-04 -3.568724787328392267e-04 -5.213751923292875290e-03
1.453864216804504395e+00 4.788769874721765518e-03 1.705658808350563049e-02 1.510165631771087646e-03 -4.907413385808467865e-04 -5.451336503028869629e-03
1.446994423866271973e+00 3.080815076828002930e-05 1.367584150284528732e-02 2.186418569181114435e-04 -1.020571580738760531e-04 -5.414903163909912109e-03
1.445293903350830078e+00 -2.267271513119339943e-03 1.679205149412155151e-02 1.852387678809463978e-03 5.160166765563189983e-04 -5.540958140045404434e-03
1.465542674064636230e+00 -2.321125240996479988e-03 1.170325838029384613e-02 2.313056727871298790e-03 4.514792090049013495e-05 -4.510529339313507080e-03
1.471676111221313477e+00 -4.225233104079961777e-03 1.804933696985244751e-02 4.369464702904224396e-03 -6.856420659460127354e-04 -4.519450943917036057e-03
1.458492994308471680e+00 -2.505335956811904907e-03 1.426896918565034866e-02 2.424829872325062752e-03 -9.826549794524908066e-04 -4.320567008107900620e-03
1.478543400764465332e+00 -1.741196145303547382e-03 1.467199902981519699e-02 2.534336410462856293e-03 -8.156854310072958469e-04 -3.251438727602362633e-03
1.499637246131896973e+00 8.973065763711929321e-03 1.356307882815599442e-02 1.382883288897573948e-03 -6.294335471466183662e-04 -3.855849849060177803e-03
1.533547520637512207e+00 5.206122528761625290e-03 1.708897203207015991e-02 9.812415810301899910e-04 7.249324698932468891e-05 -3.367107128724455833e-03
1.524869561195373535e+00 1.185539364814758301e-02 1.251713186502456665e-02 1.062966068275272846e-03 1.213289215229451656e-03 -4.182697739452123642e-03
1.530079722404479980e+00 1.039651688188314438e-03 1.787864044308662415e-02 -9.510561940260231495e-04 3.089985111728310585e-04 -3.635856322944164276e-03
1.528363943099975586e+00 7.594878785312175751e-03 1.333180908113718033e-02 2.495502121746540070e-04 -1.006004749797284603e-03 -3.922534640878438950e-03
1.539475798606872559e+00 4.050253890454769135e-03 1.341174636036157608e-02 4.904168890789151192e-04 -1.456750440411269665e-03 -4.007499199360609055e-03
1.530291318893432617e+00 -2.429731655865907669e-03 1.058656722307205200e-02 3.378183464519679546e-06 -7.944043027237057686e-04 -4.456470720469951630e-03
1.549091219902038574e+00 9.408420301042497158e-04 1.432039029896259308e-02 4.695302341133356094e-04 1.618308742763474584e-04 -3.668549004942178726e-03
1.551515698432922363e+00 2.865322865545749664e-03 1.242384687066078186e-02 6.655498873442411423e-04 9.812676580622792244e-04 -4.054208751767873764e-03
1.571468830108642578e+00 1.615762128494679928e-03 1.094674505293369293e-02 -1.680296918493695557e-05 8.755272137932479382e-04 -3.969154320657253265e-03
1.577993512153625488e+00 -3.051282605156302452e-03 1.562403514981269836e-02 6.950603710720315576e-05 -4.515769251156598330e-04 -3.810792695730924606e-03
1.564771413803100586e+00 4.421116784214973450e-03 8.927068673074245453e-03 5.975618842057883739e-04 -1.261416007764637470e-03 -3.818148979917168617e-03
1.580051541328430176e+00 5.350878927856683731e-05 9.630712680518627167e-03 1.399177941493690014e-03 -2.099137986078858376e-03 -3.670950187370181084e-03
1.625183939933776855e+00 7.742863381281495094e-04 7.045857608318328857e-03 9.059245930984616280e-04 -1.714895595796406269e-03 -4.571930039674043655e-03
1.646961092948913574e+00 5.179059226065874100e-04 8.778561837971210480e-03 3.008254279848188162e-04 2.321275678696110845e-04 -4.666421096771955490e-03
1.649411559104919434e+00 7.576952688395977020e-03 9.790532290935516357e-03 -6.376638775691390038e-04 7.656011439394205809e-05 -3.991213161498308182e-03
1.665554404258728027e+00 3.080474911257624626e-03 7.699205074459314346e-03 -1.291576307266950607e-03 -6.097346777096390724e-04 -3.673791186884045601e-03
1.668030381202697754e+00 5.929599516093730927e-03 7.967089302837848663e-03 -1.168511298601515591e-04 -1.496635144576430321e-03 -4.179037176072597504e-03
1.658037900924682617e+00 6.931171752512454987e-03 7.988327182829380035e-03 3.560777404345571995e-04 -1.450801850296556950e-03 -3.640674985945224762e-03
1.673889994621276855e+00 2.134324982762336731e-03 1.216170843690633774e-02 6.182609358802437782e-04 -7.280870340764522552e-04 -3.349421313032507896e-03
1.677246451377868652e+00 4.188657039776444435e-04 1.164012961089611053e-02 -9.307544678449630737e-05 -2.856870123650878668e-04 -2.822704613208770752e-03
1.693315744400024414e+00 -3.440295113250613213e-03 1.247540023177862167e-02 -2.317190810572355986e-04 -3.642224473878741264e-04 -2.922166837379336357e-03
1.699121475219726562e+00 2.696409123018383980e-03 1.007567998021841049e-02 3.020449075847864151e-04 -9.127737721428275108e-04 -2.369818510487675667e-03
1.694542169570922852e+00 3.765238216146826744e-03 1.172667555510997772e-02 -3.408765769563615322e-05 -9.274460608139634132e-04 -2.539962762966752052e-03
1.726551651954650879e+00 9.608183056116104126e-03 1.277290098369121552e-02 4.709609202109277248e-04 -4.509065911406651139e-05 -2.838318003341555595e-03
1.751316070556640625e+00 1.125610806047916412e-02 1.595523394644260406e-02 -1.598044764250516891e-04 -1.320601324550807476e-03 -1.812856527976691723e-03
1.759525179862976074e+00 7.419250905513763428e-03 1.151559315621852875e-02 2.688739041332155466e-04 -1.509476569481194019e-03 -3.115280298516154289e-03
1.733419775962829590e+00 8.430130779743194580e-03 1.007406972348690033e-02 -7.533585885539650917e-04 -4.637567326426506042e-04 -3.249762346968054771e-03
1.742606639862060547e+00 4.379457328468561172e-03 9.867925196886062622e-03 1.247673499165102839e-04 -7.892998110037297010e-05 -2.583219204097986221e-03
1.727564930915832520e+00 7.349828258156776428e-03 1.317167002707719803e-02 1.610817620530724525e-03 3.667862038128077984e-04 -2.165568759664893150e-03
1.761375546455383301e+00 -6.242931820452213287e-03 1.484516635537147522e-02 6.167457904666662216e-04 2.889307797886431217e-04 -3.080886555835604668e-03
1.757171034812927246e+00 -1.260971766896545887e-03 2.102282270789146423e-02 3.312565677333623171e-04 9.816337842494249344e-05 -2.940842416137456894e-03
1.745201826095581055e+00 -6.115655880421400070e-03 1.461552549153566360e-02 2.980805875267833471e-04 2.204358752351254225e-04 -3.765436355024576187e-03
1.716795444488525391e+00 -3.173514967784285545e-03 2.139450609683990479e-02 5.016869399696588516e-04 -3.088864614255726337e-04 -3.358441870659589767e-03
1.763428688049316406e+00 4.871712299063801765e-04 1.468803267925977707e-02 1.503420062363147736e-03 -1.256809453479945660e-03 -3.091244492679834366e-03
1.741502285003662109e+00 -6.929312366992235184e-03 1.881417259573936462e-02 4.541982780210673809e-04 -1.229685381986200809e-03 -3.678574692457914352e-03
1.725361943244934082e+00 4.568200558423995972e-03 1.508754305541515350e-02 1.051183789968490601e-03 -7.469517295248806477e-04 -3.545870771631598473e-03
1.719638466835021973e+00 5.675408989191055298e-03 1.621237397193908691e-02 1.854833681136369705e-03 3.548461827449500561e-04 -4.072973039001226425e-03
1.751357197761535645e+00 -1.213770825415849686e-03 1.742550171911716461e-02 9.263259125873446465e-04 -1.820807810872793198e-04 -3.646195633336901665e-03
1.729579925537109375e+00 1.759140752255916595e-03 1.830359734594821930e-02 5.945697776041924953e-04 -4.310488584451377392e-04 -3.519007936120033264e-03
1.722080111503601074e+00 4.652307834476232529e-03 1.579382829368114471e-02 1.561076496727764606e-04 -7.700872374698519707e-04 -2.270682714879512787e-03
1.739506006240844727e+00 5.765453912317752838e-03 1.930730231106281281e-02 -3.836599062196910381e-04 -1.272406661882996559e-03 -2.124091144651174545e-03
1.742719650268554688e+00 1.918949745595455170e-02 1.812890172004699707e-02 -1.936397457029670477e-04 -2.326215151697397232e-03 -1.794699579477310181e-03
1.749397635459899902e+00 8.811727166175842285e-03 1.610625162720680237e-02 -8.655902347527444363e-04 -1.302755554206669331e-03 -2.512848936021327972e-03
1.722157120704650879e+00 1.162424776703119278e-02 1.332214847207069397e-02 -1.682123402133584023e-04 -1.849599357228726149e-05 -2.130400389432907104e-03
1.745421528816223145e+00 1.182362996041774750e-02 1.407845970243215561e-02 8.880960522219538689e-04 -2.657618024386465549e-04 -1.946580829098820686e-03
1.764875650405883789e+00 -1.829771790653467178e-03 1.762029714882373810e-02 -4.745980550069361925e-04 -1.701077446341514587e-03 -1.742360647767782211e-03
1.785173654556274414e+00 1.849795924499630928e-03 1.727035455405712128e-02 -1.155090169049799442e-03 -1.117169973440468311e-03 -1.881457981653511524e-03
1.752564907073974609e+00 6.185691803693771362e-03 1.545091532170772552e-02 -1.087068812921643257e-03 9.742257680045440793e-05 -2.103886101394891739e-03
1.725304126739501953e+00 7.107145152986049652e-03 1.622308231890201569e-02 -5.036201910115778446e-04 -7.879403710830956697e-05 -1.504526473581790924e-03
1.719958662986755371e+00 1.736267656087875366e-02 1.516620814800262451e-02 9.172862628474831581e-04 -2.442846744088456035e-05 -1.029566861689090729e-03
2.660542726516723633e+00 1.724238134920597076e-02 1.811345666646957397e-02 -1.170318282674998045e-04 -5.982591537758708000e-04 -3.685277188196778297e-03
1.843239426612854004e+00 -1.579913543537259102e-03 1.960239559412002563e-02 -7.887900574132800102e-04 1.445832313038408756e-04 -3.348167985677719116e-03
1.740936398506164551e+00 -1.746858470141887665e-05 1.684010960161685944e-02 -1.343320822343230247e-03 -6.364100263454020023e-04 -1.359659596346318722e-03
1.717591524124145508e+00 9.853283874690532684e-03 1.587307266891002655e-02 -1.022158772684633732e-03 1.499736681580543518e-04 -1.591634354554116726e-03
1.753026962280273438e+00 6.458820775151252747e-03 1.686763018369674683e-02 -1.834333641454577446e-03 1.677029504207894206e-04 -1.832148060202598572e-03
1.738076329231262207e+00 4.456652328372001648e-03 1.582240313291549683e-02 -2.071858150884509087e-03 5.525490996660664678e-05 -3.305758116766810417e-03
1.751640796661376953e+00 5.266682244837284088e-03 1.543470285832881927e-02 -1.424766960553824902e-03 4.059493076056241989e-04 -4.153562244027853012e-03
1.783018112182617188e+00 1.185820903629064560e-02 1.383873540908098221e-02 -9.711163584142923355e-04 -1.651741768000647426e-04 -3.951333463191986084e-03
1.765242934226989746e+00 7.875655777752399445e-03 9.347558021545410156e-03 -4.314407997298985720e-04 -8.797887130640447140e-04 -4.279175773262977600e-03
1.796547055244445801e+00 2.256979234516620636e-03 1.355502288788557053e-02 -4.165599239058792591e-04 -9.425072348676621914e-04 -4.958973266184329987e-03
1.799377202987670898e+00 9.859857149422168732e-03 3.264942672103643417e-03 -4.330420342739671469e-04 -5.632302490994334221e-04 -5.099749192595481873e-03
1.767043113708496094e+00 5.629109218716621399e-03 6.921817548573017120e-03 -5.688527016900479794e-04 -1.119570442824624479e-04 -4.903334192931652069e-03
1.790177941322326660e+00 8.024066686630249023e-03 9.794428013265132904e-03 -4.377208824735134840e-04 -4.861990601057186723e-05 -5.678505171090364456e-03
1.798427343368530273e+00 1.654979400336742401e-02 1.248063053935766220e-02 5.249499226920306683e-04 1.552415487822145224e-04 -5.841398611664772034e-03
1.835902333259582520e+00 7.537452504038810730e-03 5.847945809364318848e-03 -2.152197528630495071e-03 1.560637145303189754e-03 -5.472327116876840591e-03
1.832073926925659180e+00 1.029175613075494766e-02 9.495288133621215820e-03 2.759979397524148226e-04 5.061872652731835842e-04 -5.802743136882781982e-03
1.848620772361755371e+00 1.537456549704074860e-02 1.134670246392488480e-02 -1.476786099374294281e-03 -5.751744611188769341e-04 -4.644835833460092545e-03
1.843046903610229492e+00 1.295663882046937943e-02 4.995809867978096008e-03 -3.803214756771922112e-03 -1.610659877769649029e-03 -4.188272170722484589e-03
1.820957779884338379e+00 2.178310230374336243e-02 -1.092975377105176449e-03 -4.530489910393953323e-03 4.577426880132406950e-04 -4.253302700817584991e-03
1.840664148330688477e+00 2.559426240622997284e-02 2.808724995702505112e-03 -3.636740380898118019e-03 1.164842746220529079e-03 -6.193377077579498291e-03
1.887112975120544434e+00 2.526281774044036865e-02 -1.026009675115346909e-02 -3.956083208322525024e-03 2.736628754064440727e-03 -6.292609497904777527e-03
