3.498680591583251953e-01 1.599398069083690643e-02 4.236854147166013718e-03 -3.823010483756661415e-04 4.612369462847709656e-03 1.487080752849578857e-02
3.530223965644836426e-01 1.613480597734451294e-02 6.167184561491012573e-03 -2.410216111456975341e-04 1.041189953684806824e-02 1.303429901599884033e-02
3.408379554748535156e-01 1.407196186482906342e-02 1.595577411353588104e-02 -2.930979477241635323e-03 8.613240905106067657e-03 1.300334930419921875e-02
3.226673305034637451e-01 1.364360656589269638e-02 1.053325086832046509e-02 -5.615222034975886345e-04 6.908578798174858093e-04 1.323372405022382736e-02
3.258424699306488037e-01 1.640939153730869293e-02 1.152219157665967941e-02 -9.243888780474662781e-04 -2.174468711018562317e-03 1.284685172140598297e-02
3.259515464305877686e-01 1.013846602290868759e-02 4.907651804387569427e-03 2.209019381552934647e-03 -1.716714119538664818e-03 1.273154933005571365e-02
3.158593475818634033e-01 1.721431501209735870e-02 1.252569723874330521e-02 -7.721055881120264530e-04 -2.709327265620231628e-03 1.227703224867582321e-02
3.151763379573822021e-01 1.872864179313182831e-02 4.128266125917434692e-03 -2.723654266446828842e-03 -3.056670306250452995e-03 1.170473359525203705e-02
3.145739734172821045e-01 1.957069523632526398e-02 9.230764117091894150e-04 -3.958327695727348328e-03 -2.008584095165133476e-03 1.171137299388647079e-02
3.101932108402252197e-01 1.652568392455577850e-02 -1.289556734263896942e-02 6.133541464805603027e-04 -5.967725999653339386e-03 1.171658467501401901e-02
3.220039904117584229e-01 9.946765378117561340e-03 -6.799339782446622849e-03 1.390906167216598988e-03 -9.121953044086694717e-04 1.225552149116992950e-02
3.163928389549255371e-01 6.659988313913345337e-03 3.323246957734227180e-03 2.612843411043286324e-03 4.241305869072675705e-03 1.133660040795803070e-02
3.144054412841796875e-01 8.895775303244590759e-03 9.928463026881217957e-03 6.273845792748034000e-04 3.173793898895382881e-03 1.193681173026561737e-02
3.122833967208862305e-01 1.206390094012022018e-02 5.758176557719707489e-03 1.352331019006669521e-03 -1.284394063986837864e-03 1.248192042112350464e-02
3.086164891719818115e-01 1.868262700736522675e-02 1.077577657997608185e-02 -6.571770063601434231e-04 4.152808978687971830e-04 1.194167137145996094e-02
3.138864636421203613e-01 5.504860542714595795e-03 3.755260724574327469e-03 -1.797568984329700470e-03 2.931842813268303871e-03 1.169022265821695328e-02
3.044771850109100342e-01 1.950175873935222626e-02 7.803262677043676376e-03 -2.375637646764516830e-03 -4.023589659482240677e-03 1.142958458513021469e-02
2.995555400848388672e-01 9.130639024078845978e-03 8.506891317665576935e-03 -4.572377947624772787e-04 -8.631622418761253357e-03 1.136277522891759872e-02
3.043983578681945801e-01 4.411874338984489441e-03 -2.935142489150166512e-03 2.620724029839038849e-03 -8.510529063642024994e-03 1.186092104762792587e-02
3.130971789360046387e-01 9.197931736707687378e-03 -5.220607854425907135e-04 4.788127727806568146e-03 -5.145210307091474533e-03 1.252689585089683533e-02
3.236871659755706787e-01 1.457520574331283569e-02 -5.366720724850893021e-03 1.415845123119652271e-03 1.902207266539335251e-03 1.217774488031864166e-02
3.324418365955352783e-01 1.366479601711034775e-02 5.526561290025711060e-04 -2.096400130540132523e-03 5.688283126801252365e-03 1.246566511690616608e-02
3.276605904102325439e-01 6.169657688587903976e-03 -4.458199720829725266e-03 -1.740363659337162971e-03 3.671233775094151497e-03 1.198798604309558868e-02
3.203298449516296387e-01 7.544503081589937210e-03 -7.100462098605930805e-04 1.602674747118726373e-04 -6.331366021186113358e-04 1.185747142881155014e-02
3.361569941043853760e-01 1.974272355437278748e-02 4.870393313467502594e-03 -2.184989396482706070e-03 1.167451147921383381e-03 1.208717189729213715e-02
3.503557443618774414e-01 1.893805153667926788e-02 1.180107519030570984e-02 -3.896127920597791672e-03 8.360821753740310669e-03 1.328774075955152512e-02
3.198459148406982422e-01 2.425577258691191673e-03 9.079707786440849304e-03 -2.951442002085968852e-05 6.620998959988355637e-03 1.200777012854814529e-02
3.166018128395080566e-01 -1.480360701680183411e-02 8.823198266327381134e-03 6.471914239227771759e-03 1.441635424271225929e-03 1.112272404134273529e-02
3.160144984722137451e-01 -5.481788888573646545e-03 5.556367337703704834e-03 5.397325381636619568e-03 -1.716014696285128593e-03 1.192333642393350601e-02
3.347341716289520264e-01 1.086371834389865398e-03 9.333603084087371826e-03 2.531105419620871544e-03 -6.786095909774303436e-04 1.293168496340513229e-02
3.233982324600219727e-01 1.771489530801773071e-02 3.133361227810382843e-03 -6.910058204084634781e-03 -9.643178200349211693e-04 1.179229468107223511e-02
3.386129736900329590e-01 1.795133948326110840e-02 -4.173917695879936218e-03 -5.135403014719486237e-03 -1.775930286385118961e-03 1.298934873193502426e-02
3.544572293758392334e-01 -6.823342409916222095e-04 -7.206106558442115784e-03 2.652802737429738045e-03 -6.501900497823953629e-04 1.382278930395841599e-02
3.534445762634277344e-01 -5.898427218198776245e-03 6.008601747453212738e-03 5.811607465147972107e-03 2.079197438433766365e-03 1.262468937784433365e-02
3.679055273532867432e-01 5.261600017547607422e-05 8.946127258241176605e-03 1.576003036461770535e-03 4.024804104119539261e-03 1.323566120117902756e-02
3.688198924064636230e-01 1.459076255559921265e-02 4.941252060234546661e-03 -3.345351666212081909e-03 3.524471307173371315e-03 1.414954103529453278e-02
3.800403475761413574e-01 1.686519384384155273e-02 3.594590816646814346e-03 -2.430825406918302178e-04 -9.655089816078543663e-04 1.430006418377161026e-02
3.834410607814788818e-01 7.035374641418457031e-03 7.398641668260097504e-03 1.322732423432171345e-04 -2.745751058682799339e-03 1.481234095990657806e-02
4.012172222137451172e-01 1.429398078471422195e-02 4.605715628713369370e-03 -3.776524099521338940e-04 -1.849224674515426159e-03 1.530610024929046631e-02
4.140171408653259277e-01 6.029161624610424042e-03 -1.862303819507360458e-03 2.674570539966225624e-03 -1.539669232442975044e-03 1.672137901186943054e-02
4.146128594875335693e-01 4.848125390708446503e-03 -1.092105987481772900e-03 4.747959319502115250e-03 -1.989379758015275002e-03 1.714359968900680542e-02
4.182073473930358887e-01 9.795398451387882233e-03 7.725626230239868164e-03 2.236770465970039368e-03 -3.180001396685838699e-03 1.670427434146404266e-02
4.392549097537994385e-01 2.124975435435771942e-02 4.739169031381607056e-03 -5.283978302031755447e-03 -2.286432310938835144e-03 1.842657104134559631e-02
4.529170393943786621e-01 2.218555845320224762e-02 1.974262762814760208e-03 -4.499407019466161728e-03 2.966170359286479652e-05 1.974983513355255127e-02
4.541146159172058105e-01 7.836447097361087799e-03 -1.440958818420767784e-03 -6.912830576766282320e-05 8.294837316498160362e-04 2.015583403408527374e-02
4.520680308341979980e-01 1.014511566609144211e-02 4.179769195616245270e-03 1.940268091857433319e-03 1.347355893813073635e-03 1.954699680209159851e-02
4.483369886875152588e-01 1.081149652600288391e-02 6.742742843925952911e-03 1.332919113337993622e-03 7.825833745300769806e-04 1.923615112900733948e-02
4.491406083106994629e-01 1.678165793418884277e-02 8.642789907753467560e-03 -8.455277420580387115e-04 1.486010500229895115e-03 1.887741498649120331e-02
4.557582139968872070e-01 2.029423788189888000e-02 6.053573451936244965e-03 -1.366305979900062084e-03 1.435776706784963608e-03 1.882120594382286072e-02
4.458869397640228271e-01 1.877878792583942413e-02 6.222123280167579651e-03 -1.934206113219261169e-03 1.086056232452392578e-03 1.800259761512279510e-02
4.458189904689788818e-01 1.708783209323883057e-02 4.173745866864919662e-03 -1.388972857967019081e-03 4.895012825727462769e-04 1.732988655567169189e-02
4.432589113712310791e-01 1.595108211040496826e-02 7.074880879372358322e-03 -1.209814567118883133e-03 1.705971080809831619e-04 1.671135611832141876e-02
4.345972836017608643e-01 1.547192130237817764e-02 7.420494221150875092e-03 -1.418145489878952503e-03 5.034862988395616412e-05 1.601650938391685486e-02
4.375902414321899414e-01 1.607267744839191437e-02 6.231963634490966797e-03 -1.538235927000641823e-03 1.076281419955193996e-03 1.498709153383970261e-02
4.328682720661163330e-01 1.238953508436679840e-02 4.781261086463928223e-03 -8.354263263754546642e-04 5.591126973740756512e-04 1.419012621045112610e-02
4.294461607933044434e-01 1.357289496809244156e-02 6.274588871747255325e-03 -8.233652915805578232e-04 1.131624012487009168e-04 1.333292666822671890e-02
4.210220277309417725e-01 1.126961037516593933e-02 5.893412977457046509e-03 -4.386948421597480774e-04 5.870045861229300499e-04 1.177111081779003143e-02
4.207544624805450439e-01 1.192055735737085342e-02 7.353369612246751785e-03 -7.854373543523252010e-04 1.362882438115775585e-03 1.061579678207635880e-02
4.220630526542663574e-01 1.187530811876058578e-02 6.104257889091968536e-03 -6.872424273751676083e-04 6.657164194621145725e-04 9.555612690746784210e-03
4.139046967029571533e-01 8.675371296703815460e-03 7.446765433996915817e-03 -6.461711018346250057e-04 -2.267622621729969978e-04 7.797542493790388107e-03
4.104354083538055420e-01 6.916863378137350082e-03 5.602099467068910599e-03 -8.385350811295211315e-04 -2.673487870197277516e-05 6.021991837769746780e-03
4.097333252429962158e-01 5.282961297780275345e-03 5.910597741603851318e-03 -1.052271254593506455e-04 6.596483290195465088e-04 4.434096161276102066e-03
4.079475700855255127e-01 4.133992362767457962e-03 5.392707418650388718e-03 2.920444821938872337e-04 2.113579685101285577e-04 2.871675183996558189e-03
4.073224365711212158e-01 4.730299115180969238e-03 6.944057065993547440e-03 6.637483602389693260e-04 -2.583974564913660288e-04 9.236877667717635632e-04
3.966815173625946045e-01 1.111494726501405239e-03 5.779352504760026932e-03 -2.576921833679080009e-04 -9.743844857439398766e-04 -8.739148615859448910e-04
3.987470269203186035e-01 -6.815371307311579585e-05 5.414105951786041260e-03 1.120122833526693285e-04 -1.740370527841150761e-03 -2.681065350770950317e-03
3.943437635898590088e-01 -1.700690016150474548e-03 6.951474584639072418e-03 3.976320440415292978e-04 -2.794843399897217751e-03 -4.517364781349897385e-03
4.040215313434600830e-01 -4.400147125124931335e-03 4.418398719280958176e-03 5.893813213333487511e-04 -2.832928672432899475e-03 -6.643613800406455994e-03
4.087714552879333496e-01 -5.642384290695190430e-03 3.231302602216601372e-03 2.506022574380040169e-04 -4.870266711805015802e-04 -8.531705476343631744e-03
4.147484302520751953e-01 -5.558365955948829651e-03 2.344634849578142166e-03 -9.039922151714563370e-04 1.936454442329704762e-03 -9.964770637452602386e-03
4.172319769859313965e-01 -2.726342529058456421e-03 3.904559649527072906e-03 -2.057465258985757828e-03 2.561526373028755188e-03 -1.173364184796810150e-02
4.168446362018585205e-01 -5.249085836112499237e-03 6.046505179256200790e-03 -2.281921682879328728e-03 2.153502311557531357e-03 -1.393471751362085342e-02
4.125954806804656982e-01 -8.329144679009914398e-03 8.819080889225006104e-03 -6.203404045663774014e-04 1.356163644231855869e-03 -1.548832748085260391e-02
4.065006673336029053e-01 -1.443968806415796280e-02 7.639382034540176392e-03 -7.089922437444329262e-04 -2.200753224315121770e-04 -1.683115027844905853e-02
4.007205665111541748e-01 -1.145243272185325623e-02 7.416399195790290833e-03 -3.298255614936351776e-04 -1.017920905724167824e-03 -1.868779398500919342e-02
4.032725393772125244e-01 -1.058924291282892227e-02 6.740818265825510025e-03 -1.499542500823736191e-03 -1.083012088201940060e-03 -2.045238204300403595e-02
4.056050777435302734e-01 -7.208649534732103348e-03 5.943001247942447662e-03 -2.904861234128475189e-03 -8.195263799279928207e-04 -2.133889496326446533e-02
3.935703635215759277e-01 -1.768028922379016876e-02 -9.713213657960295677e-04 -2.632757881656289101e-03 -1.254812465049326420e-03 -2.130085043609142303e-02
3.922750353813171387e-01 -2.034608088433742523e-02 2.594979247078299522e-03 1.356068765744566917e-03 -1.004027784802019596e-03 -2.197329886257648468e-02
3.890015184879302979e-01 -1.604960486292839050e-02 6.635085679590702057e-03 7.278504199348390102e-04 -6.422985461540520191e-04 -2.300526201725006104e-02
3.936538994312286377e-01 -1.499239541590213776e-02 6.169350352138280869e-03 -6.192097789607942104e-04 -1.087676850147545338e-03 -2.381110005080699921e-02
3.953092992305755615e-01 -1.812485419213771820e-02 2.738162642344832420e-03 8.425382111454382539e-05 -1.268450170755386353e-03 -2.433646284043788910e-02
4.029224216938018799e-01 -2.186403237283229828e-02 1.356497057713568211e-03 2.455472014844417572e-03 -1.730278017930686474e-05 -2.505474165081977844e-02
4.103346168994903564e-01 -2.424445934593677521e-02 3.692928235977888107e-03 3.098998451605439186e-03 6.819214904680848122e-04 -2.540241181850433350e-02
4.139120876789093018e-01 -1.844529993832111359e-02 5.497623234987258911e-03 1.894824556075036526e-03 9.479913860559463501e-04 -2.557232789695262909e-02
4.185494482517242432e-01 -1.567379571497440338e-02 7.977100089192390442e-03 -3.547503438312560320e-04 6.714393966831266880e-04 -2.575511671602725983e-02
4.235622584819793701e-01 -1.553130522370338440e-02 8.049041032791137695e-03 -2.301420317962765694e-03 3.175617603119462729e-04 -2.562170848250389099e-02
4.228888750076293945e-01 -1.692553982138633728e-02 2.495637163519859314e-03 -1.771982526406645775e-03 4.918070044368505478e-04 -2.560612186789512634e-02
4.289515912532806396e-01 -2.596315741539001465e-02 1.726014539599418640e-03 1.764694461598992348e-03 5.051733460277318954e-04 -2.498676069080829620e-02
4.355712831020355225e-01 -2.262813039124011993e-02 5.416453815996646881e-03 2.608454087749123573e-03 6.265738047659397125e-04 -2.484454587101936340e-02
4.423498809337615967e-01 -1.535847689956426620e-02 6.732994224876165390e-03 -3.436523838900029659e-04 6.069370429031550884e-04 -2.507107146084308624e-02
4.461120069026947021e-01 -1.532300934195518494e-02 3.015399444848299026e-03 -2.232888480648398399e-03 3.711935714818537235e-04 -2.470907568931579590e-02
4.504834115505218506e-01 -1.701676286756992340e-02 2.488675061613321304e-03 -1.170126721262931824e-03 1.363683841191232204e-03 -2.419513836503028870e-02
4.603549242019653320e-01 -1.503287628293037415e-02 8.511102758347988129e-03 -1.281157368794083595e-03 2.467869548127055168e-03 -2.439087256789207458e-02
4.677632451057434082e-01 -1.284597069025039673e-02 9.340176358819007874e-03 -3.121699672192335129e-03 1.462718588300049305e-03 -2.437240257859230042e-02
4.680221378803253174e-01 -1.285409741103649139e-02 6.120936945080757141e-03 -3.834933741018176079e-03 1.353431580355390906e-04 -2.452907338738441467e-02
4.731202423572540283e-01 -1.432521175593137741e-02 3.856081748381257057e-03 -3.201274434104561806e-03 -1.916983746923506260e-04 -2.519856207072734833e-02
4.754636883735656738e-01 -1.669671386480331421e-02 -1.853629248216748238e-03 -9.188610129058361053e-04 1.814935239963233471e-04 -2.543784677982330322e-02
4.911147952079772949e-01 -1.750952936708927155e-02 6.137040909379720688e-03 -6.813944783061742783e-04 1.079177600331604481e-03 -2.547693066298961639e-02
4.961459636688232422e-01 -1.788452826440334320e-02 7.456677849404513836e-04 -1.344048301689326763e-03 1.975477207452058792e-03 -2.571969293057918549e-02
5.110560059547424316e-01 -1.621532626450061798e-02 7.675905246287584305e-03 -1.862418488599359989e-03 2.545677823945879936e-03 -2.504842169582843781e-02
5.177707076072692871e-01 -1.483974419534206390e-02 5.719482433050870895e-03 -1.933201448991894722e-03 2.413778100162744522e-03 -2.418603561818599701e-02
5.264099836349487305e-01 -1.647379249334335327e-02 5.745725240558385849e-03 -9.582898928783833981e-04 1.464790897443890572e-03 -2.388509921729564667e-02
5.327747464179992676e-01 -1.790177635848522186e-02 7.010367233306169510e-03 -1.050976687110960484e-03 1.908179110614582896e-04 -2.397975511848926544e-02
5.362002253532409668e-01 -1.787014119327068329e-02 3.828527173027396202e-03 -3.489546361379325390e-04 -2.658873563632369041e-04 -2.484210208058357239e-02
5.468902587890625000e-01 -1.738842017948627472e-02 4.194491077214479446e-03 -5.336815374903380871e-04 3.613399749156087637e-04 -2.448977530002593994e-02
5.502072572708129883e-01 -1.466610841453075409e-02 2.895656973123550415e-03 -7.488508126698434353e-04 2.385128027526661754e-04 -2.384780906140804291e-02
5.546156764030456543e-01 -1.297126151621341705e-02 3.283427795395255089e-03 -8.643369656056165695e-04 2.043961430899798870e-04 -2.272814139723777771e-02
5.635157823562622070e-01 -1.499859616160392761e-02 4.442027769982814789e-03 -5.661515169776976109e-04 1.140933367423713207e-03 -2.204584144055843353e-02
5.859619379043579102e-01 -1.504116877913475037e-02 5.480561871081590652e-03 -5.562045844271779060e-04 1.995073398575186729e-03 -2.232679910957813263e-02
5.902303457260131836e-01 -1.566205173730850220e-02 6.089827511459589005e-03 -3.607688122428953648e-04 2.184645738452672958e-03 -2.197363227605819702e-02
5.962640047073364258e-01 -1.607255637645721436e-02 5.620717070996761322e-03 2.557194384280592203e-04 1.861175871454179287e-03 -2.130778320133686066e-02
5.797817111015319824e-01 -1.648142561316490173e-02 7.421604357659816742e-03 7.837557932361960411e-04 1.509018125943839550e-03 -2.032878994941711426e-02
5.813581943511962891e-01 -1.471820008009672165e-02 8.154288865625858307e-03 3.118887543678283691e-04 5.571913789026439190e-04 -1.921151392161846161e-02
5.857548713684082031e-01 -1.615240238606929779e-02 7.081678137183189392e-03 9.653836023062467575e-04 2.876412327168509364e-05 -1.838156208395957947e-02
5.743840336799621582e-01 -1.470046862959861755e-02 7.167310453951358795e-03 -2.890137548092752695e-04 -3.298085939604789019e-04 -1.829829998314380646e-02
5.787818431854248047e-01 -1.338129770010709763e-02 6.969144102185964584e-03 -7.087074918672442436e-04 -6.458883290179073811e-04 -1.862170733511447906e-02
5.786750912666320801e-01 -1.381772477179765701e-02 6.733448244631290436e-03 3.265936975367367268e-04 -4.998021177016198635e-04 -1.848558709025382996e-02
5.782870054244995117e-01 -1.360705588012933731e-02 7.371207699179649353e-03 1.086644479073584080e-03 3.260708763264119625e-04 -1.819260232150554657e-02
5.798450708389282227e-01 -1.144552230834960938e-02 7.875160314142704010e-03 5.195679259486496449e-04 6.633698358200490475e-04 -1.848749071359634399e-02
5.846750736236572266e-01 -9.284693747758865356e-03 8.070015348494052887e-03 -8.339250925928354263e-04 7.100244984030723572e-04 -1.834562048316001892e-02
5.887333154678344727e-01 -9.187522344291210175e-03 7.227238733321428299e-03 -4.234671359881758690e-04 1.042148098349571228e-03 -1.836380921304225922e-02
5.894824862480163574e-01 -1.419383473694324493e-02 6.870742887258529663e-03 1.459358492866158485e-03 8.591481600888073444e-04 -1.845476031303405762e-02
5.873609185218811035e-01 -1.698642224073410034e-02 8.234429173171520233e-03 4.104217048734426498e-03 9.836106328293681145e-04 -1.835094392299652100e-02
5.910501480102539062e-01 -1.849566213786602020e-02 6.601747125387191772e-03 5.285624414682388306e-03 1.295241527259349823e-03 -1.796754449605941772e-02
5.921990871429443359e-01 -1.807407476007938385e-02 5.897555500268936157e-03 5.276745650917291641e-03 1.334140892140567303e-03 -1.673396490514278412e-02
5.966115593910217285e-01 -2.009354718029499054e-02 6.858281325548887253e-03 6.258970126509666443e-03 1.061107497662305832e-03 -1.533764414489269257e-02
5.987556576728820801e-01 -1.740517280995845795e-02 6.239112000912427902e-03 6.535955239087343216e-03 7.438998436555266380e-04 -1.163085829466581345e-02
5.994060635566711426e-01 -1.612232811748981476e-02 9.532934986054897308e-03 7.252426352351903915e-03 -2.542465517763048410e-04 -8.275707252323627472e-03
6.022269129753112793e-01 -1.077790465205907822e-02 8.147960528731346130e-03 5.958483554422855377e-03 -8.070918265730142593e-04 -5.692185834050178528e-03
6.071943044662475586e-01 -8.077388629317283630e-03 6.616078317165374756e-03 5.991496145725250244e-03 -1.211655442602932453e-03 -2.851802157238125801e-03
6.086061596870422363e-01 -5.549881607294082642e-03 5.147158168256282806e-03 5.051852203905582428e-03 -1.114786602556705475e-03 -2.073240466415882111e-04
6.166723966598510742e-01 4.444671794772148132e-04 9.196049533784389496e-03 4.432273097336292267e-03 4.216993693262338638e-05 2.470412757247686386e-03
6.282669901847839355e-01 7.741833105683326721e-03 6.518383510410785675e-03 1.006314647383987904e-03 2.701183315366506577e-03 5.424517206847667694e-03
6.320551633834838867e-01 1.054062321782112122e-02 4.867136944085359573e-03 6.417769473046064377e-04 4.178517032414674759e-03 8.441382087767124176e-03
6.424834132194519043e-01 8.822976611554622650e-03 2.932050032541155815e-03 2.210607519373297691e-03 4.113859031349420547e-03 1.033252384513616562e-02
6.455866694450378418e-01 8.392122574150562286e-03 1.132624596357345581e-02 4.549017641693353653e-03 3.918911330401897430e-03 1.263464428484439850e-02
6.428083181381225586e-01 2.201573364436626434e-02 1.957059279084205627e-02 -2.782777592074126005e-04 2.905275439843535423e-03 1.399371773004531860e-02
6.437783241271972656e-01 2.219869010150432587e-02 3.931386861950159073e-03 -2.959639998152852058e-03 -4.508843703661113977e-04 1.459440216422080994e-02
6.506109237670898438e-01 2.113361656665802002e-02 5.167731083929538727e-03 -2.077351557090878487e-03 -1.344675780273973942e-03 1.512641925364732742e-02
6.528309583663940430e-01 1.358752977102994919e-02 3.956224303692579269e-03 1.041862298734486103e-03 -1.687451265752315521e-03 1.558939460664987564e-02
6.560940742492675781e-01 2.039300464093685150e-02 1.326281204819679260e-02 -2.382034290349110961e-05 -8.107563480734825134e-04 1.457064226269721985e-02
6.646548509597778320e-01 2.254547923803329468e-02 4.134545102715492249e-03 -2.563317539170384407e-03 -8.936031372286379337e-04 1.454159524291753769e-02
6.576908230781555176e-01 2.127569913864135742e-02 7.297094911336898804e-03 -3.356452099978923798e-03 -3.530067624524235725e-04 1.501832529902458191e-02
6.664595603942871094e-01 1.822058670222759247e-02 5.635933484882116318e-03 -2.147667109966278076e-03 1.005238736979663372e-03 1.373923942446708679e-02
6.704896092414855957e-01 1.541571505367755890e-02 8.689599111676216125e-03 -1.292644650675356388e-03 2.009672811254858971e-03 1.329773105680942535e-02
6.803378462791442871e-01 1.669676229357719421e-02 9.291794151067733765e-03 -2.102704253047704697e-03 2.948509529232978821e-03 1.311907730996608734e-02
6.825135350227355957e-01 1.565242744982242584e-02 6.304564420133829117e-03 -1.607227604836225510e-03 2.271949779242277145e-03 1.203909423202276230e-02
6.861091256141662598e-01 1.551582571119070053e-02 9.409707039594650269e-03 -2.770041755866259336e-04 -1.209398578794207424e-05 1.128096040338277817e-02
6.819416880607604980e-01 1.643514446914196014e-02 9.844428859651088715e-03 -3.913182008545845747e-04 -2.285068621858954430e-03 1.082802563905715942e-02
