8.820979273878037930e-04 6.442206213250756264e-04 1.306779100559651852e-03 2.378844073973596096e-04 2.770605788100510836e-04 9.388772014062851667e-05
9.056262788362801075e-04 6.352202035486698151e-04 1.194193260744214058e-03 2.525813470128923655e-04 2.508281322661787271e-04 9.394792868988588452e-05
9.831923525780439377e-04 6.126358639448881149e-04 1.105762203224003315e-03 2.612342650536447763e-04 2.706153609324246645e-04 1.068673664121888578e-04
1.014412147924304008e-03 6.082530599087476730e-04 1.097887521609663963e-03 2.679903409443795681e-04 2.701755438465625048e-04 1.070665821316652000e-04
1.075698412023484707e-03 5.552282091230154037e-04 9.486759663559496403e-04 2.440497773932293057e-04 2.542566217016428709e-04 9.553390555083751678e-05
1.091196783818304539e-03 5.733669386245310307e-04 9.102490148507058620e-04 2.455726207699626684e-04 2.226884389529004693e-04 1.109920267481356859e-04
1.096938038244843483e-03 5.978068802505731583e-04 8.419477962888777256e-04 2.173243992729112506e-04 2.135708491550758481e-04 1.126699571614153683e-04
1.038578106090426445e-03 6.451754597947001457e-04 9.178841137327253819e-04 2.640057355165481567e-04 2.240931353298947215e-04 1.003962315735407174e-04
1.078728120774030685e-03 6.484803161583840847e-04 7.800484891049563885e-04 2.261124463984742761e-04 1.969164732145145535e-04 1.128788135247305036e-04
1.318125519901514053e-03 7.989528821781277657e-04 1.066112658008933067e-03 2.734060108195990324e-04 2.256193256471306086e-04 1.313891261816024780e-04
1.063902513124048710e-03 6.798388203606009483e-04 8.565503521822392941e-04 1.682462607277557254e-04 8.857723150867968798e-05 9.523208427708595991e-05
1.115644932724535465e-03 7.027144893072545528e-04 7.758268038742244244e-04 1.316140260314568877e-04 9.274260082747787237e-05 1.002516873995773494e-04
1.165993395261466503e-03 7.454304140992462635e-04 6.914332625456154346e-04 1.572459441376850009e-04 1.876014575827866793e-04 1.036739849951118231e-04
1.242501544766128063e-03 8.429005392827093601e-04 8.406100678257644176e-04 1.786065840860828757e-04 1.963979157153517008e-04 1.296013506362214684e-04
1.209820271469652653e-03 8.807754493318498135e-04 7.192158955149352551e-04 1.923351956065744162e-04 2.026191941695287824e-04 1.200242331833578646e-04
1.106512034311890602e-03 7.161705871112644672e-04 7.233473588712513447e-04 2.302225911989808083e-04 7.313663809327408671e-05 9.807364403968676925e-05
1.010616542771458626e-03 7.910711574368178844e-04 6.924487533979117870e-04 1.208846661029383540e-04 6.772166670998558402e-05 9.649730782257393003e-05
1.046629273332655430e-03 9.814663790166378021e-04 9.255633922293782234e-04 1.525360275991261005e-04 7.236563396872952580e-05 1.066126205842010677e-04
1.139610540121793747e-03 8.695280994288623333e-04 7.491054129786789417e-04 1.418008469045162201e-04 5.647402213071472943e-05 1.200678816530853510e-04
1.207783585414290428e-03 1.133467187173664570e-03 8.878216613084077835e-04 1.016084279399365187e-04 6.672598101431503892e-05 1.211337585118599236e-04
9.017066913656890392e-04 7.653293432667851448e-04 6.987443775869905949e-04 9.146622323896735907e-05 5.470042378874495625e-05 9.492260869592428207e-05
1.123393769375979900e-03 7.913267472758889198e-04 7.467613904736936092e-04 6.918355211382731795e-05 5.837255230289883912e-05 7.079559145495295525e-05
1.124205649830400944e-03 7.539238431490957737e-04 8.670364040881395340e-04 6.775021029170602560e-05 6.570635014213621616e-05 9.721105016069486737e-05
9.501746390014886856e-04 7.927826954983174801e-04 8.165299659594893456e-04 6.463311729021370411e-05 6.277378270169720054e-05 9.570507972966879606e-05
1.060289796441793442e-03 8.281378541141748428e-04 8.026062860153615475e-04 9.361220145365223289e-05 6.168155232444405556e-05 9.487322677159681916e-05
9.249945869669318199e-04 8.178318385034799576e-04 8.402389357797801495e-04 1.880508934846147895e-04 6.482808385044336319e-05 1.019916817313060164e-04
1.253242488019168377e-03 8.715536678209900856e-04 9.227441041730344296e-04 1.901827345136553049e-04 7.020080374786630273e-05 1.228598848683759570e-04
1.148296170867979527e-03 8.194702095352113247e-04 1.201537204906344414e-03 1.744108303682878613e-04 9.206037066178396344e-05 1.041235373122617602e-04
1.058239140547811985e-03 8.698080782778561115e-04 1.169682363979518414e-03 1.225547166541218758e-04 8.594532118877395988e-05 9.702708484837785363e-05
1.107349758967757225e-03 9.213922312483191490e-04 1.082861563190817833e-03 1.219424884766340256e-04 8.661524043418467045e-05 1.138341613113880157e-04
1.214279327541589737e-03 7.919235504232347012e-04 1.221563899889588356e-03 1.547244610264897346e-04 9.183803194900974631e-05 1.044050950440578163e-04
1.098004519008100033e-03 9.282932733185589314e-04 1.319151604548096657e-03 2.546250470913946629e-04 1.814934366848319769e-04 1.005225567496381700e-04
1.062077586539089680e-03 8.225429337471723557e-04 1.520568970590829849e-03 2.383494720561429858e-04 2.764139208011329174e-04 9.478501306148245931e-05
1.210870454087853432e-03 9.984214557334780693e-04 1.293383073061704636e-03 2.435612259432673454e-04 2.797674678731709719e-04 1.318022259511053562e-04
1.163398846983909607e-03 7.808442460373044014e-04 1.436028745956718922e-03 2.325996902072802186e-04 2.578260027803480625e-04 1.020177005557343364e-04
1.135864527896046638e-03 9.057313436642289162e-04 1.336290151812136173e-03 2.127072802977636456e-04 2.571287914179265499e-04 1.144923589890822768e-04
1.001447322778403759e-03 8.038560044951736927e-04 1.423764275386929512e-03 2.331965079065412283e-04 2.253276616102084517e-04 7.640324474778026342e-05
1.234830589964985847e-03 9.635760798119008541e-04 1.349315978586673737e-03 2.139388961950317025e-04 1.403484493494033813e-04 1.337845314992591739e-04
1.200753729790449142e-03 9.347989689558744431e-04 1.230236375704407692e-03 1.737824641168117523e-04 1.217881508637219667e-04 1.244826707988977432e-04
1.122725196182727814e-03 6.941071478649973869e-04 1.082789851352572441e-03 1.764917396940290928e-04 2.343402884434908628e-04 9.924818732542917132e-05
1.009994419291615486e-03 7.071078289300203323e-04 1.056762062944471836e-03 1.665739691816270351e-04 1.897632901091128588e-04 1.075533509720116854e-04
1.069298945367336273e-03 7.482100045308470726e-04 1.057930872775614262e-03 1.860667834989726543e-04 2.037207304965704679e-04 1.283664169022813439e-04
1.119270571507513523e-03 7.097510388121008873e-04 1.038462505675852299e-03 1.811119000194594264e-04 1.820318284444510937e-04 1.184606153401546180e-04
1.018188544549047947e-03 6.718843942508101463e-04 9.247063426300883293e-04 1.551966852275654674e-04 8.007441647350788116e-05 1.179264218080788851e-04
9.843624429777264595e-04 7.018717587925493717e-04 1.074564410373568535e-03 1.835277362260967493e-04 9.132071863859891891e-05 1.132325487560592592e-04
8.631868986412882805e-04 5.944963195361196995e-04 9.366804151795804501e-04 1.796068390831351280e-04 2.513140789233148098e-04 1.217377939610742033e-04
9.373545181006193161e-04 5.796471959911286831e-04 9.362686541862785816e-04 1.887371035991236567e-04 3.130697004962712526e-04 1.292356610065326095e-04
8.593495585955679417e-04 7.230621995404362679e-04 1.154468394815921783e-03 2.338358754059299827e-04 8.648475341033190489e-05 1.245551975443959236e-04
9.548671077936887741e-04 5.758556071668863297e-04 9.681995143182575703e-04 1.993234036490321159e-04 2.875175268854945898e-04 1.158503218903206289e-04
1.122934510931372643e-03 6.643270608037710190e-04 9.128360543400049210e-04 1.961400703294202685e-04 2.983458980452269316e-04 1.319580042036250234e-04
9.940089657902717590e-04 6.387776811607182026e-04 8.870309102348983288e-04 1.860935008153319359e-04 2.383954561082646251e-04 1.023848162731155753e-04
1.163521781563758850e-03 6.937610451132059097e-04 1.021637464873492718e-03 1.954476902028545737e-04 2.176197449443861842e-04 1.455265446566045284e-04
8.822362869977951050e-04 4.979066434316337109e-04 9.009824716486036777e-04 1.703299785731360316e-04 1.897467736853286624e-04 9.185709495795890689e-05
1.302459277212619781e-03 6.832135259173810482e-04 1.129507669247686863e-03 1.866222009994089603e-04 2.669314271770417690e-04 1.189647373394109309e-04
1.087038312107324600e-03 7.242152350954711437e-04 1.074979780241847038e-03 1.561574754305183887e-04 9.355107613373547792e-05 1.124167902162298560e-04
1.039654831402003765e-03 6.753124180249869823e-04 8.036814397200942039e-04 1.528227294329553843e-04 7.178910163929685950e-05 1.056852343026548624e-04
9.841299615800380707e-04 6.646356196142733097e-04 6.765925791114568710e-04 1.307706843363121152e-04 5.816470729769207537e-05 1.207706809509545565e-04
8.310962002724409103e-04 6.153651047497987747e-04 7.005524821579456329e-04 1.255538081750273705e-04 7.095644832588732243e-05 1.063698218786157668e-04
9.950622916221618652e-04 6.123097846284508705e-04 8.002499234862625599e-04 1.448586117476224899e-04 7.757951971143484116e-05 9.022070298669859767e-05
9.362940909340977669e-04 6.192392902448773384e-04 9.427042095921933651e-04 1.922938972711563110e-04 1.440122287021949887e-04 8.437382348347455263e-05
9.363230783492326736e-04 6.111091352067887783e-04 7.580451783724129200e-04 1.635502412682399154e-04 7.941880176076665521e-05 8.672640979057177901e-05
8.750033448450267315e-04 5.841364036314189434e-04 8.416101336479187012e-04 1.821732876123860478e-04 8.442083344561979175e-05 9.071061504073441029e-05
8.482177508994936943e-04 6.294116028584539890e-04 7.335770642384886742e-04 1.775679556885734200e-04 1.612647611182183027e-04 9.836730896495282650e-05
8.154762326739728451e-04 5.758325569331645966e-04 7.463143556378781796e-04 1.812108384910970926e-04 1.613060449017211795e-04 9.550438699079677463e-05
8.068503229878842831e-04 5.981222493574023247e-04 7.413810235448181629e-04 1.810871617635712028e-04 1.609936589375138283e-04 8.865191193763166666e-05
9.341309778392314911e-04 5.349795683287084103e-04 6.893700337968766689e-04 1.570484891999512911e-04 1.718711719149723649e-04 8.772180444793775678e-05
8.038284722715616226e-04 6.017985870130360126e-04 7.100163493305444717e-04 1.727897179080173373e-04 1.635801454540342093e-04 8.528891339665278792e-05
6.945543573237955570e-04 5.534096271730959415e-04 6.922671454958617687e-04 1.632923813303932548e-04 1.664387091295793653e-04 7.510743307648226619e-05
8.462152909487485886e-04 5.696464213542640209e-04 7.253419607877731323e-04 1.580677053425461054e-04 1.803831401048228145e-04 8.718492608750239015e-05
8.639626903459429741e-04 5.346312536858022213e-04 8.720261394046247005e-04 1.786747598089277744e-04 1.729340146994218230e-04 8.901328692445531487e-05
9.009338100440800190e-04 6.155885057523846626e-04 1.213313196785748005e-03 2.143761666957288980e-04 2.789171703625470400e-04 9.603100625099614263e-05
8.662531035952270031e-04 6.450541550293564796e-04 1.203936990350484848e-03 2.130994689650833607e-04 2.691312110982835293e-04 9.311343455919995904e-05
8.882672409527003765e-04 6.021615699864923954e-04 1.148820621892809868e-03 2.045083092525601387e-04 2.441924007143825293e-04 8.854066982166841626e-05
8.020072127692401409e-04 5.328542902134358883e-04 1.101683941669762135e-03 1.906177203636616468e-04 2.423304249532520771e-04 8.236376743298023939e-05
7.675439701415598392e-04 5.263259517960250378e-04 1.107158255763351917e-03 1.956582273123785853e-04 2.501992858015000820e-04 7.881787314545363188e-05
7.419507601298391819e-04 5.009978776797652245e-04 1.022131880745291710e-03 1.884755620267242193e-04 2.446735452394932508e-04 8.248814265243709087e-05
8.120932616293430328e-04 5.905227153562009335e-04 1.048698322847485542e-03 2.012510230997577310e-04 2.490603656042367220e-04 8.574139792472124100e-05
7.455209270119667053e-04 5.636498681269586086e-04 9.628980187699198723e-04 1.873501460067927837e-04 2.298743202118203044e-04 8.080186671577394009e-05
8.709481917321681976e-04 5.430029123090207577e-04 9.821923449635505676e-04 1.951747108250856400e-04 2.478589303791522980e-04 8.759229240240529180e-05
7.644947618246078491e-04 5.613374523818492889e-04 9.709472651593387127e-04 2.057915553450584412e-04 2.448236919008195400e-04 8.350455027539283037e-05
7.909821579232811928e-04 5.528649780899286270e-04 1.049960730597376823e-03 2.208050864282995462e-04 2.649248635862022638e-04 7.747521885903552175e-05
8.396834600716829300e-04 5.356415640562772751e-04 9.521477622911334038e-04 2.037599770119413733e-04 2.554889069870114326e-04 8.507279562763869762e-05
8.654086268506944180e-04 5.266763619147241116e-04 9.432464139536023140e-04 2.004659909289330244e-04 2.429579762974753976e-04 8.872609032550826669e-05
7.854683208279311657e-04 5.189013900235295296e-04 9.071283275261521339e-04 1.781210739864036441e-04 2.464100834913551807e-04 8.683367195772007108e-05
8.460608078166842461e-04 5.318216863088309765e-04 9.465129696764051914e-04 1.897688780445605516e-04 2.756476751528680325e-04 8.589814387960359454e-05
7.722229929640889168e-04 4.802985640708357096e-04 9.438427514396607876e-04 1.756817655405029655e-04 2.707008970901370049e-04 7.715404353803023696e-05
6.558217573910951614e-04 4.401753249112516642e-04 8.838780340738594532e-04 1.646631426410749555e-04 2.494704967830330133e-04 7.471807475667446852e-05
7.283702725544571877e-04 5.175798432901501656e-04 9.884692262858152390e-04 1.763657928677275777e-04 2.712995046749711037e-04 8.529200567863881588e-05
9.882015874609351158e-04 5.595120019279420376e-04 8.705924847163259983e-04 1.672215585131198168e-04 2.596381818875670433e-04 9.990584658225998282e-05
6.800352712161839008e-04 4.117914650123566389e-04 9.065323392860591412e-04 1.723861350910738111e-04 2.731459098868072033e-04 6.681399099761620164e-05
7.097419584169983864e-04 4.446725361049175262e-04 8.605056791566312313e-04 1.755559496814385056e-04 2.729310072027146816e-04 7.090151484590023756e-05
8.310909615829586983e-04 4.064871463924646378e-04 8.734327275305986404e-04 1.744517066981643438e-04 2.456555375829339027e-04 7.242250285344198346e-05
7.959232316352427006e-04 4.165198479313403368e-04 1.241920050233602524e-03 2.215368876932188869e-04 2.771533909253776073e-04 7.664186705369502306e-05
5.500246188603341579e-04 3.600743657443672419e-04 9.877077536657452583e-04 1.947977289091795683e-04 2.468992897775024176e-04 6.512328400276601315e-05
8.207633509300649166e-04 3.674620529636740685e-04 8.836387423798441887e-04 1.759187580319121480e-04 2.432518813293427229e-04 7.174804341048002243e-05
8.329442935064435005e-04 3.449927899055182934e-04 9.177619940601289272e-04 1.718235143925994635e-04 2.453961351420730352e-04 6.175797898322343826e-05
8.920389227569103241e-04 3.494212287478148937e-04 9.759625536389648914e-04 1.806148211471736431e-04 2.170204970752820373e-04 6.150096305646002293e-05
8.054272038862109184e-04 3.500847378745675087e-04 1.016473164781928062e-03 1.707294868538156152e-04 2.501150593161582947e-04 5.056988811702467501e-05
8.740894263610243797e-04 3.700843080878257751e-04 9.669858845882117748e-04 1.780580641934648156e-04 2.178580325562506914e-04 6.753272464266046882e-05
8.479623938910663128e-04 3.297149378340691328e-04 9.927316568791866302e-04 8.842020179145038128e-05 2.152377710444852710e-04 6.639465573243796825e-05
5.952639621682465076e-04 3.380257985554635525e-04 1.062289229594171047e-03 9.292043978348374367e-05 2.141221775673329830e-04 5.482894994202069938e-05
7.248412002809345722e-04 3.628820413723587990e-04 9.451941587030887604e-04 1.727487833704799414e-04 1.956587657332420349e-04 5.889416934223845601e-05
4.775951092597097158e-04 3.364935400895774364e-04 9.492686367593705654e-04 1.560820091981440783e-04 1.456589525332674384e-04 4.224562144372612238e-05
3.694479237310588360e-04 3.552935959305614233e-04 8.151489309966564178e-04 1.396726729581132531e-04 1.738882419886067510e-04 3.957382796215824783e-05
4.407055093906819820e-04 3.599076881073415279e-04 6.861090078018605709e-04 1.403415953973308206e-04 1.987755094887688756e-04 4.778545553563162684e-05
5.185826448723673820e-04 4.096880147699266672e-04 7.996974745765328407e-04 1.610810722922906280e-04 1.903099328046664596e-04 5.791701187263242900e-05
4.875551676377654076e-04 3.476522106211632490e-04 8.634266559965908527e-04 1.985007256735116243e-04 2.063155261566862464e-04 4.964095933246426284e-05
4.929935093969106674e-04 3.201822109986096621e-04 8.315300801768898964e-04 1.969197619473561645e-04 1.889419072540476918e-04 4.686729153036139905e-05
5.543839070014655590e-04 3.250176378060132265e-04 8.113934891298413277e-04 1.811929396353662014e-04 1.954875478986650705e-04 5.327131293597631156e-05
4.716549010481685400e-04 3.042102907784283161e-04 7.451470592059195042e-04 1.905776007333770394e-04 1.969459990505129099e-04 4.840144174522720277e-05
4.849328252021223307e-04 2.794056199491024017e-04 8.068006136454641819e-04 1.997188519453629851e-04 2.143945312127470970e-04 4.869176336796954274e-05
4.854236613027751446e-04 2.972044749185442924e-04 7.354826084338128567e-04 1.793031115084886551e-04 1.857829192886129022e-04 5.151326695340685546e-05
5.101233255118131638e-04 3.009737702086567879e-04 8.427677094005048275e-04 1.971619494725018740e-04 2.181160234613344073e-04 5.974461237201467156e-05
5.010595195926725864e-04 3.422487643547356129e-04 7.171710603870451450e-04 1.865981321316212416e-04 2.142488083336502314e-04 7.774063124088570476e-05
5.145550821907818317e-04 2.799981739372014999e-04 7.374461274594068527e-04 1.892291911644861102e-04 2.419009397272020578e-04 6.564638169948011637e-05
5.968221812509000301e-04 2.867703733500093222e-04 7.175522041507065296e-04 1.926920231198891997e-04 2.501044946257025003e-04 6.717702490277588367e-05
1.126974239014089108e-03 3.203701926395297050e-04 7.809985545463860035e-04 2.078890101984143257e-04 2.699363394640386105e-04 7.729655044386163354e-05
1.327857957221567631e-03 4.068491689395159483e-04 8.289444958791136742e-04 2.304582740180194378e-04 3.134623402729630470e-04 1.049021229846403003e-04
1.360558788292109966e-03 3.762278647627681494e-04 8.994997479021549225e-04 2.510265330784022808e-04 3.285999700892716646e-04 1.077911147149279714e-04
1.405978691764175892e-03 4.643800784833729267e-04 9.769459720700979233e-04 2.687782107386738062e-04 3.444302710704505444e-04 1.308495266130194068e-04
1.913395011797547340e-03 4.706404288299381733e-04 1.489081070758402348e-03 3.353033971507102251e-04 3.684247494675219059e-04 1.462675136281177402e-04
1.579303061589598656e-03 4.038125916849821806e-04 1.359558897092938423e-03 3.485111228656023741e-04 3.606888640206307173e-04 1.110061421059072018e-04
1.196937053464353085e-03 3.325497673358768225e-04 1.075376989319920540e-03 2.586638147477060556e-04 3.236281918361783028e-04 9.871321526588872075e-05
1.027063350193202496e-03 2.869822783395648003e-04 1.035494147799909115e-03 2.344354579690843821e-04 2.968629996757954359e-04 8.739747136132791638e-05
8.847147109918296337e-04 2.783535455819219351e-04 9.523595217615365982e-04 2.394959592493250966e-04 2.801985829137265682e-04 8.411893213633447886e-05
7.639689138159155846e-04 2.639310841914266348e-04 9.183406946249306202e-04 2.125856408383697271e-04 2.803245442919433117e-04 7.699084380874410272e-05
6.075185374356806278e-04 2.739166375249624252e-04 8.881423273123800755e-04 2.042524720309302211e-04 2.787815465126186609e-04 6.338779348880052567e-05
6.744306301698088646e-04 2.923538268078118563e-04 1.019273302517831326e-03 2.360084472456946969e-04 2.712452842388302088e-04 7.037298928480595350e-05
6.044018664397299290e-04 2.570107171777635813e-04 6.045374320819973946e-04 1.882388169178739190e-04 2.024803543463349342e-04 6.255965854506939650e-05
5.655582062900066376e-04 2.592511591501533985e-04 5.854442715644836426e-04 1.592436601640656590e-04 1.691395009402185678e-04 6.270803714869543910e-05
6.887540803290903568e-04 2.739469637162983418e-04 6.063252803869545460e-04 1.632352941669523716e-04 1.765564229572191834e-04 6.546622898895293474e-05
6.238105706870555878e-04 3.367587632965296507e-04 4.453065048437565565e-04 8.702463674126192927e-05 4.257906039129011333e-05 7.215036748675629497e-05
3.917492867913097143e-04 3.005098260473459959e-04 4.320118168834596872e-04 4.660183549276553094e-05 4.393852213979698718e-05 4.520260335993953049e-05
5.709535907953977585e-04 3.214089665561914444e-04 4.715972172562032938e-04 4.417989475768990815e-05 5.487819362315349281e-05 5.670168320648372173e-05
4.803354095201939344e-04 3.215102478861808777e-04 4.344084882177412510e-04 3.930859384126961231e-05 4.397913289722055197e-05 5.019916352466680110e-05
5.020410171709954739e-04 3.352537460159510374e-04 4.553394974209368229e-04 4.197915041004307568e-05 4.328165232436731458e-05 5.331297870725393295e-05
5.636248970404267311e-04 3.698782238643616438e-04 5.233475239947438240e-04 4.388409433886408806e-05 4.908897608402185142e-05 5.848749788128770888e-05
6.015973049215972424e-04 3.886720514856278896e-04 4.146033606957644224e-04 3.778438258450478315e-05 4.064473978360183537e-05 6.212572770891711116e-05
5.036837537772953510e-04 3.858354757539927959e-04 4.647445457521826029e-04 4.508388519752770662e-05 4.258402987034060061e-05 4.742463352158665657e-05
6.597719620913267136e-04 3.948576049879193306e-04 4.472198779694736004e-04 4.760298179462552071e-05 4.227529643685556948e-05 6.381724233506247401e-05
5.043550627306103706e-04 3.768736496567726135e-04 6.694452022202312946e-04 8.813953900244086981e-05 6.251936429180204868e-05 4.850126060773618519e-05
6.816546083427965641e-04 4.728072672151029110e-04 7.472043507732450962e-04 1.781251776264980435e-04 8.218106813728809357e-05 6.677748751826584339e-05
5.298599717207252979e-04 3.901437739841639996e-04 6.437104311771690845e-04 1.534850889584049582e-04 8.521317795384675264e-05 5.465435242513194680e-05
5.296783056110143661e-04 4.344492917880415916e-04 6.628457340411841869e-04 1.341811002930626273e-04 9.646041144151240587e-05 6.374830991262570024e-05
5.863037658855319023e-04 3.505228087306022644e-04 6.804475560784339905e-04 1.524749386589974165e-04 9.915890404954552650e-05 6.225402466952800751e-05
5.031497566960752010e-04 3.720294625964015722e-04 7.692992803640663624e-04 1.679046690696850419e-04 9.916718408931046724e-05 5.609816435026004910e-05
7.549764122813940048e-04 4.302781017031520605e-04 6.980862235650420189e-04 1.015861707855947316e-04 1.172803895315155387e-04 7.660577830392867327e-05
8.348729461431503296e-04 4.748016654048115015e-04 8.522371645085513592e-04 1.737654965836554766e-04 1.224105508299544454e-04 8.993099618237465620e-05
6.996286101639270782e-04 3.839003620669245720e-04 6.914496188983321190e-04 1.271277869818732142e-04 1.142535475082695484e-04 7.797387661412358284e-05
7.003681384958326817e-04 4.179357201792299747e-04 7.944054668769240379e-04 1.596209913259372115e-04 1.356183347525075078e-04 8.592098311055451632e-05
