7.777685532346367836e-04 8.282487397082149982e-04 1.697462867014110088e-03 3.024675825145095587e-04 2.100821438943967223e-04 5.711329868063330650e-05
7.382769836112856865e-04 8.380502113141119480e-04 1.862399862147867680e-03 2.585357287898659706e-04 2.183141332352533937e-04 5.209591836319305003e-05
7.352428510785102844e-04 8.355806348845362663e-04 1.637467648833990097e-03 2.201732131652534008e-04 2.006943832384422421e-04 5.430620876722969115e-05
7.718286360614001751e-04 9.254736942239105701e-04 1.616231398656964302e-03 8.205531048588454723e-05 1.039657145156525075e-04 5.477691956912167370e-05
7.118280627764761448e-04 9.814874501898884773e-04 1.837112358771264553e-03 2.100507117575034499e-04 1.193759744637645781e-04 5.313408837537281215e-05
7.246769382618367672e-04 7.748047355562448502e-04 1.447268179617822170e-03 1.034779343171976507e-04 1.184989450848661363e-04 5.228482768870890141e-05
7.769174408167600632e-04 9.073808905668556690e-04 2.150571672245860100e-03 2.818910579662770033e-04 2.256894222227856517e-04 5.500885163201019168e-05
7.217743550427258015e-04 9.499923908151686192e-04 2.356400014832615852e-03 2.782101510092616081e-04 2.105963940266519785e-04 5.195357516640797257e-05
7.330697844736278057e-04 9.166235686279833317e-04 1.979772699996829033e-03 2.556179824750870466e-04 1.985741255339235067e-04 5.526035965885967016e-05
6.752712652087211609e-04 1.012051245197653770e-03 2.126510487869381905e-03 2.461076655890792608e-04 1.932492014020681381e-04 5.110583515488542616e-05
6.719720549881458282e-04 9.681367082521319389e-04 1.606474397704005241e-03 2.336290344828739762e-04 1.863560464698821306e-04 5.329216219251975417e-05
7.035189191810786724e-04 1.075452193617820740e-03 2.067109802737832069e-03 2.735892776399850845e-04 1.933265157276764512e-04 5.756831887993030250e-05
7.573864422738552094e-04 9.785149013623595238e-04 1.939611975103616714e-03 2.298827894264832139e-04 1.831398985814303160e-04 6.285463314270600677e-05
7.086628465913236141e-04 1.036094967275857925e-03 1.740916050039231777e-03 2.275007427670061588e-04 1.828270615078508854e-04 5.731638520956039429e-05
7.630391628481447697e-04 1.052715466357767582e-03 1.729641691781580448e-03 2.237196895293891430e-04 1.790677342796698213e-04 5.708134995074942708e-05
7.357619469985365868e-04 1.148096867837011814e-03 1.834547612816095352e-03 2.302664652233943343e-04 1.907084952108561993e-04 5.661473551299422979e-05
7.145658018998801708e-04 1.367902848869562149e-03 1.912631560117006302e-03 2.633207768667489290e-04 1.952138118213042617e-04 5.954665903118439019e-05
7.379489834420382977e-04 1.252372516319155693e-03 1.922487514093518257e-03 2.456758811604231596e-04 2.155125839635729790e-04 6.057932478142902255e-05
7.354992558248341084e-04 1.325884368270635605e-03 2.179144881665706635e-03 2.745391975622624159e-04 2.282844216097146273e-04 6.071973984944634140e-05
8.408020366914570332e-04 1.178819220513105392e-03 2.541815862059593201e-03 3.122997586615383625e-04 2.591048250906169415e-04 6.802685675211250782e-05
7.747565396130084991e-04 1.125290640629827976e-03 2.224101917818188667e-03 2.545278402976691723e-04 2.173475513700395823e-04 5.891136970603838563e-05
8.361108484677970409e-04 1.290014944970607758e-03 2.464959165081381798e-03 3.223643579985946417e-04 2.519323606975376606e-04 6.461112934630364180e-05
8.226796053349971771e-04 1.180780935101211071e-03 2.270991215482354164e-03 2.556985418777912855e-04 1.937446504598483443e-04 5.925853110966272652e-05
8.248079102486371994e-04 1.148509792983531952e-03 2.358949044719338417e-03 2.455576322972774506e-04 2.079752302961423993e-04 6.020138971507549286e-05
8.064431021921336651e-04 1.113251782953739166e-03 1.925358781591057777e-03 2.266149822389706969e-04 2.250721736345440149e-04 5.896549919270910323e-05
8.482810226269066334e-04 1.308768638409674168e-03 2.090649679303169250e-03 2.603658358566462994e-04 2.205171913374215364e-04 6.209408456925302744e-05
8.692426490597426891e-04 1.241271966136991978e-03 2.067726105451583862e-03 2.756906906142830849e-04 2.306788665009662509e-04 6.242325616767629981e-05
8.719786419533193111e-04 1.281539909541606903e-03 1.337622874416410923e-03 1.721511507639661431e-04 1.256633404409512877e-04 6.806150486227124929e-05
8.857285138219594955e-04 1.054958091117441654e-03 1.245167106389999390e-03 1.130087330238893628e-04 1.135564307332970202e-04 7.264125451911240816e-05
9.938966250047087669e-04 1.229921006597578526e-03 1.498730387538671494e-03 1.259979762835428119e-04 1.269564527319744229e-04 7.983588147908449173e-05
1.089077559299767017e-03 1.188112655654549599e-03 1.678446540609002113e-03 1.815267896745353937e-04 1.783915358828380704e-04 7.480925705749541521e-05
1.018045120872557163e-03 1.279089134186506271e-03 1.761743333190679550e-03 2.236554282717406750e-04 1.847558014560490847e-04 7.133664621505886316e-05
9.298542281612753868e-04 1.246989239007234573e-03 1.603714539669454098e-03 2.091344213113188744e-04 1.813704002415761352e-04 6.247808778425678611e-05
9.312540059909224510e-04 1.143140369094908237e-03 1.745767309330403805e-03 1.972914178622886539e-04 1.886305690277367830e-04 6.484183541033416986e-05
8.733402937650680542e-04 1.059248344972729683e-03 1.450880779884755611e-03 1.846611557994037867e-04 1.521402155049145222e-04 6.269869481911882758e-05
8.799073984846472740e-04 1.039858791045844555e-03 1.522009260952472687e-03 1.462014770368114114e-04 1.683215523371472955e-04 6.149995169835165143e-05
9.297462529502809048e-04 1.192010706290602684e-03 1.458620070479810238e-03 1.386409567203372717e-04 1.785669155651703477e-04 6.509983359137549996e-05
8.654239936731755733e-04 1.035103690810501575e-03 1.494115917012095451e-03 1.700623688520863652e-04 1.895627647172659636e-04 5.891997352591715753e-05
8.968868060037493706e-04 1.161032705567777157e-03 1.708718831650912762e-03 1.492929732194170356e-04 1.803471823222935200e-04 5.806946137454360723e-05
9.367599850520491600e-04 1.157553284429013729e-03 1.599488663487136364e-03 1.491127768531441689e-04 1.966475392691791058e-04 7.513722812291234732e-05
8.860401576384902000e-04 1.067779492586851120e-03 1.606630859896540642e-03 1.440600462956354022e-04 1.901395007735118270e-04 7.146933057811111212e-05
8.874454069882631302e-04 1.115554943680763245e-03 1.063223462551832199e-03 1.131267272285185754e-04 8.885532588465139270e-05 8.103000436676666141e-05
9.023460443131625652e-04 1.042999792844057083e-03 1.496109878644347191e-03 1.600063988007605076e-04 2.011262840824201703e-04 7.385789649561047554e-05
8.682647021487355232e-04 9.805607842281460762e-04 1.852613291703164577e-03 1.771573297446593642e-04 2.659232704900205135e-04 6.973632844164967537e-05
1.069117919541895390e-03 9.536592988297343254e-04 1.879239222034811974e-03 1.631433697184547782e-04 2.421289827907457948e-04 8.353624434676021338e-05
1.008949009701609612e-03 1.001888420432806015e-03 1.360464026220142841e-03 1.494841999374330044e-04 1.598628441570326686e-04 7.913077570265159011e-05
9.460304863750934601e-04 8.950536721386015415e-04 1.163745764642953873e-03 1.468507543904706836e-04 1.115310296881943941e-04 8.117406105156987906e-05
9.546903311274945736e-04 8.408647263422608376e-04 1.107375253923237324e-03 1.339620939688757062e-04 1.184583888971246779e-04 7.495768659282475710e-05
1.094457693397998810e-03 7.945094257593154907e-04 1.007428974844515324e-03 1.188561363960616291e-04 1.245515741175040603e-04 8.824445831123739481e-05
1.155262929387390614e-03 7.733972743153572083e-04 1.079454552382230759e-03 1.213037030538544059e-04 1.657993270782753825e-04 9.013739327201619744e-05
1.106258598156273365e-03 7.283231825567781925e-04 1.113988808356225491e-03 1.263284648302942514e-04 1.595041685504838824e-04 8.563823212170973420e-05
1.148519339039921761e-03 7.404293282888829708e-04 8.410090813413262367e-04 9.340717951999977231e-05 1.611187617527320981e-04 8.380624058190733194e-05
1.186994952149689198e-03 6.368257454596459866e-04 9.878731798380613327e-04 1.034050292219035327e-04 1.785174099495634437e-04 8.713921852177008986e-05
1.354784122668206692e-03 6.893025711178779602e-04 1.176269142888486385e-03 1.404311915393918753e-04 2.402000973233953118e-04 8.907166920835152268e-05
1.269208849407732487e-03 6.754834321327507496e-04 1.144398469477891922e-03 1.424854563083499670e-04 2.449847816023975611e-04 8.432561298832297325e-05
1.060776412487030029e-03 6.381431594491004944e-04 9.719998924992978573e-04 1.338711153948679566e-04 2.376943884883075953e-04 6.675634358543902636e-05
1.108191907405853271e-03 6.914145196788012981e-04 9.434072999283671379e-04 1.337727444479241967e-04 2.372338058194145560e-04 7.183389971032738686e-05
1.217186916619539261e-03 6.215989706106483936e-04 9.474608232267200947e-04 1.347440847894176841e-04 2.329384005861356854e-04 8.242464537033811212e-05
1.109596341848373413e-03 6.567409727722406387e-04 8.381414809264242649e-04 1.262812002096325159e-04 2.129252679878845811e-04 7.089772407198324800e-05
1.006782869808375835e-03 6.017486448399722576e-04 8.606016053818166256e-04 1.331763633061200380e-04 2.144987374776974320e-04 6.623705121455714107e-05
9.876833064481616020e-04 5.575632676482200623e-04 8.211488602682948112e-04 1.320883457083255053e-04 2.216885477537289262e-04 6.429052882594987750e-05
1.019162824377417564e-03 5.668622325174510479e-04 7.685315213166177273e-04 1.279255957342684269e-04 2.193418040405958891e-04 7.016077870503067970e-05
9.538620361126959324e-04 5.125073366798460484e-04 7.480398635379970074e-04 1.238294789800420403e-04 2.180712181143462658e-04 7.125819684006273746e-05
1.084288698621094227e-03 5.986020551063120365e-04 7.601347169838845730e-04 1.328008947893977165e-04 2.145777834812179208e-04 7.723252929281443357e-05
1.235391362570226192e-03 5.914684734307229519e-04 7.187880692072212696e-04 1.341762981610372663e-04 2.086321183014661074e-04 9.194130689138546586e-05
1.035889843478798866e-03 5.978821427561342716e-04 7.691652281209826469e-04 1.410787517670542002e-04 2.097669639624655247e-04 7.119211659301072359e-05
9.864167077466845512e-04 5.684890784323215485e-04 7.255212403833866119e-04 1.311641972279176116e-04 2.089661138597875834e-04 7.144918345147743821e-05
9.489107760600745678e-04 5.402248934842646122e-04 7.870850968174636364e-04 1.432019780622795224e-04 2.391766756772994995e-04 6.486292841145768762e-05
1.010951353237032890e-03 5.711996345780789852e-04 7.917490438558161259e-04 1.350118691334500909e-04 2.291774289915338159e-04 6.773625500500202179e-05
1.114366808906197548e-03 6.511843530461192131e-04 8.764803060330450535e-04 1.492168521508574486e-04 2.238304878119379282e-04 6.684558320557698607e-05
1.097753993235528469e-03 7.067354163154959679e-04 9.121567709371447563e-04 1.502236409578472376e-04 2.177798305638134480e-04 7.523818931076675653e-05
8.699166937731206417e-04 6.265296833589673042e-04 9.299144730903208256e-04 1.494635507697239518e-04 2.020472456933930516e-04 6.499655137304216623e-05
9.013969101943075657e-04 6.762973498553037643e-04 9.454184910282492638e-04 1.472903240937739611e-04 2.035240322584286332e-04 5.887691440875642002e-05
1.015385263599455357e-03 7.320597651414573193e-04 1.064793788827955723e-03 1.634554646443575621e-04 2.209275844506919384e-04 5.822941602673381567e-05
9.414803353138267994e-04 7.286246982403099537e-04 1.122950576245784760e-03 1.705595932435244322e-04 2.191613457398489118e-04 5.978132321615703404e-05
9.749907185323536396e-04 6.926693022251129150e-04 1.101623056456446648e-03 1.564315898576751351e-04 2.375079202465713024e-04 6.047943315934389830e-05
9.909407235682010651e-04 7.664732402190566063e-04 1.107186311855912209e-03 1.576078211655840278e-04 2.199234149884432554e-04 6.140932237030938268e-05
1.001865719445049763e-03 8.874018094502389431e-04 1.217705779708921909e-03 1.737607235554605722e-04 2.166993945138528943e-04 6.213543383637443185e-05
9.708320139907300472e-04 7.925643003545701504e-04 1.162813510745763779e-03 1.617019734112545848e-04 2.127691404893994331e-04 6.438381387852132320e-05
9.336491930298507214e-04 9.048150386661291122e-04 1.205997075885534286e-03 1.573491317685693502e-04 2.045962901320308447e-04 7.170844037318602204e-05
8.859520312398672104e-04 9.104129858314990997e-04 1.293306006118655205e-03 1.687849435256794095e-04 2.042603591689839959e-04 6.224020762601867318e-05
9.717513457871973515e-04 1.017791917547583580e-03 1.383879920467734337e-03 1.807085500331595540e-04 2.224097406724467874e-04 7.449392433045431972e-05
8.651686366647481918e-04 8.864719420671463013e-04 1.372445491142570972e-03 1.707139163045212626e-04 2.132064983015879989e-04 6.642190419370308518e-05
9.192516445182263851e-04 8.990744245238602161e-04 1.449247123673558235e-03 1.799176679924130440e-04 2.356174809392541647e-04 6.937987200217321515e-05
8.939272374846041203e-04 8.610282675363123417e-04 1.532330294139683247e-03 1.760725426720455289e-04 2.290600386913865805e-04 6.935376586625352502e-05
9.369754116050899029e-04 8.953852811828255653e-04 1.412188052199780941e-03 1.621728879399597645e-04 2.323092485312372446e-04 7.939882925711572170e-05
1.028297934681177139e-03 9.563794592395424843e-04 1.639462308958172798e-03 1.774197007762268186e-04 2.496858360245823860e-04 7.740114961052313447e-05
1.129610347561538219e-03 1.128113130107522011e-03 1.537475152872502804e-03 1.730574149405583739e-04 2.419683587504550815e-04 9.755546489031985402e-05
1.033836510032415390e-03 1.028254977427423000e-03 1.560043543577194214e-03 1.912011939566582441e-04 2.248031378258019686e-04 8.510074985679239035e-05
1.101117115467786789e-03 1.075502601452171803e-03 1.586955040693283081e-03 2.021207328652963042e-04 2.237761073047295213e-04 9.826789028011262417e-05
1.008575782179832458e-03 8.610308868810534477e-04 1.632335246540606022e-03 1.865548401838168502e-04 2.216897555626928806e-04 7.387962250504642725e-05
1.229746849276125431e-03 1.043761731125414371e-03 1.607759855687618256e-03 1.942396047525107861e-04 2.226856886409223080e-04 9.415838576387614012e-05
1.049887854605913162e-03 1.043223775923252106e-03 1.644129166379570961e-03 2.014205674640834332e-04 2.215041167801246047e-04 8.580615394748747349e-05
1.288686296902596951e-03 9.441407164558768272e-04 1.664695097133517265e-03 1.889336999738588929e-04 2.230418904218822718e-04 1.020456693368032575e-04
1.401955494657158852e-03 9.367092861793935299e-04 1.137759769335389137e-03 1.758255675667896867e-04 1.211891139973886311e-04 1.026203681249171495e-04
1.361072179861366749e-03 9.955812711268663406e-04 1.057315152138471603e-03 1.718102430459111929e-04 1.217411263496614993e-04 1.046154502546414733e-04
1.189667731523513794e-03 9.627642575651407242e-04 1.148610841482877731e-03 1.829966058721765876e-04 1.187179805128835142e-04 1.025251258397474885e-04
1.156564336270093918e-03 8.133179508149623871e-04 8.897391962818801403e-04 1.334401604253798723e-04 1.256619580090045929e-04 9.312939801020547748e-05
1.173344906419515610e-03 7.884430815465748310e-04 9.318217053078114986e-04 7.044644735287874937e-05 1.458737533539533615e-04 9.203833906212821603e-05
1.155472476966679096e-03 7.974102045409381390e-04 8.568371995352208614e-04 9.431799117010086775e-05 1.162265252787619829e-04 9.612956637283787131e-05
1.350308069959282875e-03 8.482213597744703293e-04 8.805262041278183460e-04 8.416702621616423130e-05 8.356857142644003034e-05 1.030925486702471972e-04
1.149371964856982231e-03 7.408453966490924358e-04 8.117306861095130444e-04 7.149584416765719652e-05 7.236183591885492206e-05 1.025300298351794481e-04
1.072292565368115902e-03 6.535102729685604572e-04 7.760325097478926182e-04 7.113649917300790548e-05 6.329676398308947682e-05 9.824298467719927430e-05
1.197292702272534370e-03 6.494217086583375931e-04 7.317825802601873875e-04 7.192015618784353137e-05 6.073987606214359403e-05 1.022871001623570919e-04
1.182007603347301483e-03 5.816934281028807163e-04 6.450630608014762402e-04 6.639988714596256614e-05 6.071553798392415047e-05 1.062016963260248303e-04
1.051210798323154449e-03 5.093523068353533745e-04 6.932886317372322083e-04 7.685554010095074773e-05 6.333886267384514213e-05 9.163361391983926296e-05
1.200675382278859615e-03 6.212613661773502827e-04 6.003782618790864944e-04 6.493587716249749064e-05 6.220256909728050232e-05 1.072763552656397223e-04
1.075071631930768490e-03 5.899189272895455360e-04 6.022893358021974564e-04 7.078386261127889156e-05 6.631814903812482953e-05 1.102979585994035006e-04
1.031699590384960175e-03 5.239952006377279758e-04 5.005960119888186455e-04 5.914452412980608642e-05 5.035036519984714687e-05 1.076080225175246596e-04
1.379598048515617847e-03 5.054287612438201904e-04 4.732629167847335339e-04 5.978178887744434178e-05 7.712059596087783575e-05 1.111867313738912344e-04
1.150072552263736725e-03 4.423138161655515432e-04 4.232839564792811871e-04 5.315045200404711068e-05 5.055637302575632930e-05 9.765272261574864388e-05
1.032171654514968395e-03 4.268050543032586575e-04 4.134094342589378357e-04 5.429229713627137244e-05 7.478668703697621822e-05 1.020666386466473341e-04
8.834355976432561874e-04 3.599058254621922970e-04 3.742611152119934559e-04 4.664465450332500041e-05 5.967446122667752206e-05 9.448530909139662981e-05
7.473080186173319817e-04 3.112829872407019138e-04 3.965208306908607483e-04 5.179942309041507542e-05 6.364387809298932552e-05 9.423847950529307127e-05
8.991193608380854130e-04 2.652305702213197947e-04 4.221323179081082344e-04 6.012741869199089706e-05 7.449894474120810628e-05 8.220440213335677981e-05
1.003969460725784302e-03 2.565753820817917585e-04 4.415991134010255337e-04 6.592618592549115419e-05 7.471741992048919201e-05 8.716117008589208126e-05
1.049873535521328449e-03 2.640844031702727079e-04 4.383871564641594887e-04 7.349647785304114223e-05 7.304632163140922785e-05 8.320478082168847322e-05
1.033651875331997871e-03 2.657306322362273932e-04 4.195379733573645353e-04 9.312045585829764605e-05 1.149945601355284452e-04 8.395128679694607854e-05
9.701150702312588692e-04 2.609450020827353001e-04 4.305226611904799938e-04 1.110832236008718610e-04 1.721516600809991360e-04 8.075180085143074393e-05
1.113956444896757603e-03 2.847683790605515242e-04 4.496117180678993464e-04 9.390092600369825959e-05 1.226714666699990630e-04 7.876490417402237654e-05
1.047573401592671871e-03 2.924595901276916265e-04 4.787973302882164717e-04 1.187042580568231642e-04 2.130810025846585631e-04 8.387398702325299382e-05
8.733540307730436325e-04 2.959367120638489723e-04 5.031209439039230347e-04 1.152300537796691060e-04 2.012779295910149813e-04 7.729904609732329845e-05
7.428784156218171120e-04 2.923527499660849571e-04 5.293858703225851059e-04 1.058336056303232908e-04 6.935511191841214895e-05 8.186748891603201628e-05
8.399047655984759331e-04 3.265250998083502054e-04 6.404664018191397190e-04 1.116556522902101278e-04 9.623021469451487064e-05 7.591608300572261214e-05
7.873727590776979923e-04 3.585111116990447044e-04 6.649428978562355042e-04 1.057807021425105631e-04 2.307137765455991030e-04 7.758412539260461926e-05
7.221442065201699734e-04 3.681735543068498373e-04 9.275453048758208752e-04 1.546443236293271184e-04 2.566498005762696266e-04 7.579765224363654852e-05
8.318320033140480518e-04 4.337953287176787853e-04 1.395044848322868347e-03 2.352492738282307982e-04 3.304079873487353325e-04 8.191829692805185914e-05
1.072089653462171555e-03 5.150915822014212608e-04 1.669906196184456348e-03 2.893640194088220596e-04 3.015832917299121618e-04 8.165938197635114193e-05
1.237110467627644539e-03 6.292914622463285923e-04 1.406041556037962437e-03 2.364857937209308147e-04 2.852798788808286190e-04 9.049410437000915408e-05
1.069972175173461437e-03 5.759046180173754692e-04 1.772297779098153114e-03 2.823405375238507986e-04 2.972806105390191078e-04 7.815568824298679829e-05
1.099748769775032997e-03 5.892666522413492203e-04 1.598846400156617165e-03 2.583484456408768892e-04 2.647242508828639984e-04 7.312344678211957216e-05
1.256305724382400513e-03 5.811312003061175346e-04 1.572453998960554600e-03 2.267605595989152789e-04 2.742978686001151800e-04 6.957644654903560877e-05
1.049691811203956604e-03 5.795121542178094387e-04 1.465785782784223557e-03 2.113601076416671276e-04 2.441045799059793353e-04 7.695685053477063775e-05
1.241571968421339989e-03 6.137303425930440426e-04 1.460871426388621330e-03 2.167588245356455445e-04 2.333634038222953677e-04 7.177557563409209251e-05
1.162255532108247280e-03 6.135349976830184460e-04 1.424427842721343040e-03 2.215879067080095410e-04 2.184149052482098341e-04 7.045868551358580589e-05
1.400534762069582939e-03 6.347922026179730892e-04 1.506311236880719662e-03 2.212458493886515498e-04 2.249424287583678961e-04 7.384116179309785366e-05
1.307751168496906757e-03 6.278965738601982594e-04 1.957786967977881432e-03 2.769767306745052338e-04 2.145005855709314346e-04 8.232612162828445435e-05
1.469143433496356010e-03 6.111535476520657539e-04 1.863932586275041103e-03 2.820438821800053120e-04 1.445118396077305079e-04 7.445293158525601029e-05
1.036969712004065514e-03 5.440122913569211960e-04 1.879689749330282211e-03 2.810207370202988386e-04 1.804978091968223453e-04 6.943888001842424273e-05
1.217151293531060219e-03 5.362827214412391186e-04 1.940963673405349255e-03 2.860089007299393415e-04 2.129839413100853562e-04 7.092318264767527580e-05
1.271177548915147781e-03 5.174587131477892399e-04 1.863955985754728317e-03 2.634515694808214903e-04 2.542292058933526278e-04 6.816649693064391613e-05
1.085211406461894512e-03 4.554876359179615974e-04 1.801277045160531998e-03 2.595532278064638376e-04 2.302155189681798220e-04 6.971556285861879587e-05
1.127125346101820469e-03 4.579719097819179296e-04 1.645219745114445686e-03 2.593212702777236700e-04 2.477226080372929573e-04 6.894500984344631433e-05
1.038218731991946697e-03 4.530824953690171242e-04 1.655468717217445374e-03 2.512747305445373058e-04 2.613556571304798126e-04 6.701940583297982812e-05
9.626512764953076839e-04 4.118356446269899607e-04 1.523765502497553825e-03 2.384632825851440430e-04 2.634406846482306719e-04 6.252575985854491591e-05
9.233928867615759373e-04 4.243335861247032881e-04 1.467720954678952694e-03 2.247494267066940665e-04 2.674286952242255211e-04 6.478837167378515005e-05
8.443993865512311459e-04 4.083313106093555689e-04 1.052653882652521133e-03 2.061314589809626341e-04 2.391390880802646279e-04 7.054048910504207015e-05
7.733251550234854221e-04 3.648018755484372377e-04 1.006339327432215214e-03 2.014433848671615124e-04 2.303830988239496946e-04 6.507825310109183192e-05
8.274714346043765545e-04 3.777485399041324854e-04 8.026135037653148174e-04 1.799596357159316540e-04 2.028935268754139543e-04 6.600796041311696172e-05
8.030276512727141380e-04 3.525553620420396328e-04 9.626635001040995121e-04 2.001384564209729433e-04 2.013034099945798516e-04 6.494487024610862136e-05
