2.796599408611655235e-03 2.192431362345814705e-03 1.575656351633369923e-04 5.326325845089741051e-05 1.550687557028140873e-05 3.471848613116890192e-04
2.911285497248172760e-03 1.955355517566204071e-03 1.527919375803321600e-04 5.183062603464350104e-05 1.490552040195325390e-05 3.417578991502523422e-04
2.794942818582057953e-03 2.077317330986261368e-03 1.597434602444991469e-04 5.444619455374777317e-05 1.607634658284951001e-05 3.385470772627741098e-04
2.933219308033585548e-03 2.183316973969340324e-03 1.634281070437282324e-04 5.839261939399875700e-05 1.736706690280698240e-05 3.513270348776131868e-04
3.053020220249891281e-03 2.299510873854160309e-03 1.625901350053027272e-04 5.758836778113618493e-05 1.778295882104430348e-05 3.486502682790160179e-04
3.145332681015133858e-03 2.326759044080972672e-03 1.615614892216399312e-04 5.566982872551307082e-05 1.788758891052566469e-05 3.402035217732191086e-04
3.371226557646878064e-05 2.906683366745710373e-03 1.672258658800274134e-04 5.789202623418532312e-05 1.816891563066747040e-05 3.729273157659918070e-04
3.782470710575580597e-03 2.319585531949996948e-03 1.710767974145710468e-04 6.163207581266760826e-05 1.855053960753139108e-05 3.426082548685371876e-04
4.243023227900266647e-03 1.804523752070963383e-03 1.803452614694833755e-04 6.776351074222475290e-05 1.793665069271810353e-05 3.609711711760610342e-04
3.020928706973791122e-03 1.211652765050530434e-03 1.785889326129108667e-04 7.237712270580232143e-05 1.846104169089812785e-05 3.496850549709051847e-04
3.718543099239468575e-03 1.145438523963093758e-03 1.686034374870359898e-04 6.308149022515863180e-05 1.827073720050975680e-05 3.579386393539607525e-04
5.135966930538415909e-03 1.857548137195408344e-03 1.729741779854521155e-04 6.147307431092485785e-05 1.906404759211000055e-05 3.324385615997016430e-04
4.464005585759878159e-03 2.527314238250255585e-03 1.628608588362112641e-04 5.810093716718256474e-05 1.732202508719637990e-05 3.344102588016539812e-04
4.324821289628744125e-03 2.583497203886508942e-03 1.536376075819134712e-04 5.590146247413940728e-05 1.723120840324554592e-05 3.620221687015146017e-04
3.950234036892652512e-03 2.610020572319626808e-03 1.683672599028795958e-04 5.467014489113353193e-05 2.190934901591390371e-05 3.860647266265004873e-04
4.555023740977048874e-03 2.215313259512186050e-03 1.572081819176673889e-04 5.266326479613780975e-05 2.009301897487603128e-05 3.922712348867207766e-04
4.776658024638891220e-03 2.376682590693235397e-03 1.548200234537944198e-04 5.226086068432778120e-05 1.982046705961693078e-05 3.913510008715093136e-04
5.067734513431787491e-03 2.495719818398356438e-03 1.574413909111171961e-04 5.124514427734538913e-05 2.064931686618365347e-05 3.613733570091426373e-04
5.091030616313219070e-03 2.984825288876891136e-03 1.615312503417953849e-04 5.166354821994900703e-05 2.061694613075815141e-05 3.673796891234815121e-04
4.784087184816598892e-03 3.099736524745821953e-03 1.643514260649681091e-04 5.305293234414421022e-05 2.097905235132202506e-05 3.776890516746789217e-04
4.030032549053430557e-03 2.976558404043316841e-03 1.630543702049180865e-04 5.823044557473622262e-05 1.847515704866964370e-05 3.434979880694299936e-04
3.752076299861073494e-03 2.739467890933156013e-03 1.606022124178707600e-04 5.732955469284206629e-05 1.884075209090951830e-05 3.277535142842680216e-04
4.435895476490259171e-03 3.093486418947577477e-03 1.553470647195354104e-04 5.769658309873193502e-05 1.898559457913506776e-05 3.563082136679440737e-04
4.179808311164379120e-03 2.841537352651357651e-03 1.538494980195537210e-04 5.743257497670128942e-05 1.817486554500646889e-05 3.380068519618362188e-04
4.079770762473344803e-03 3.011942841112613678e-03 1.670634228503331542e-04 5.954918378847651184e-05 2.048686837952118367e-05 3.609386621974408627e-04
4.511608276516199112e-03 2.936499193310737610e-03 1.691524812486022711e-04 5.882433470105752349e-05 2.021374530158936977e-05 3.603391523938626051e-04
3.639348782598972321e-03 2.906337380409240723e-03 1.706579641904681921e-04 5.979940760880708694e-05 2.074652547889854759e-05 3.619036579038947821e-04
4.284297581762075424e-03 2.773703774437308311e-03 1.672290381975471973e-04 5.929186227149330080e-05 1.949180114024784416e-05 3.220102807972580194e-04
4.094697069376707077e-03 2.830297220498323441e-03 1.678130647633224726e-04 6.010728247929364443e-05 1.994115518755279481e-05 3.433728707022964954e-04
2.854480640962719917e-03 2.049511764198541641e-03 1.596345391590148211e-04 5.543060979107394814e-05 1.890815838123671710e-05 3.421069413889199495e-04
3.839454380795359612e-03 2.427964238449931145e-03 1.638225076021626592e-04 5.781526851933449507e-05 1.848222018452361226e-05 3.493470430839806795e-04
2.963000442832708359e-03 1.886432175524532795e-03 1.573457702761515975e-04 5.652284744428470731e-05 1.817861993913538754e-05 3.792280040215700865e-04
2.829423407092690468e-03 1.742516411468386650e-03 1.575176283949986100e-04 5.678681554854847491e-05 1.763043110258877277e-05 3.468572685960680246e-04
2.983668586239218712e-03 1.766703207977116108e-03 1.750194933265447617e-04 5.988740667817182839e-05 1.989353222597856075e-05 3.488513757474720478e-04
4.001411609351634979e-03 2.525112358853220940e-03 1.815493742469698191e-04 6.316486542345955968e-05 2.064651198452338576e-05 3.590659471228718758e-04
3.186188172549009323e-03 2.739166375249624252e-03 1.763571490300819278e-04 6.342260894598439336e-05 2.029160714300815016e-05 3.616504545789211988e-04
3.074501873925328255e-03 2.897817874327301979e-03 1.716951956041157246e-04 6.368185131577774882e-05 1.906082979985512793e-05 3.316825022920966148e-04
3.551752539351582527e-03 2.881017047911882401e-03 1.753195538185536861e-04 6.296413630479946733e-05 2.011970536841545254e-05 3.632905427366495132e-04
3.199288854375481606e-03 2.415262628346681595e-03 1.685211900621652603e-04 6.158533506095409393e-05 1.839036485762335360e-05 3.242789534851908684e-04
2.769184298813343048e-03 3.085237462073564529e-03 1.622037671040743589e-04 6.257861969061195850e-05 1.746130510582588613e-05 3.652537998277693987e-04
4.732696339488029480e-03 3.354349639266729355e-03 1.710886863293126225e-04 6.393950752681121230e-05 1.929603786265943199e-05 3.796942764893174171e-04
2.843205584213137627e-03 2.579803811386227608e-03 1.655734522501006722e-04 6.013628444634377956e-05 1.871459971880540252e-05 3.440762811806052923e-04
3.716905601322650909e-03 2.926629036664962769e-03 1.673055085120722651e-04 6.149941327748820186e-05 1.857183451647870243e-05 3.639608912635594606e-04
3.796650795266032219e-03 3.435364458709955215e-03 1.719739666441455483e-04 6.169098196551203728e-05 1.943095412570983171e-05 3.760360123123973608e-04
3.373722778633236885e-03 3.287106286734342575e-03 1.733576791593804955e-04 6.283439870458096266e-05 1.931134829646907747e-05 3.425699251238256693e-04
3.186072921380400658e-03 3.205013461410999298e-03 1.646027667447924614e-04 6.179090996738523245e-05 1.830949804570991546e-05 3.465794143266975880e-04
3.662255825474858284e-03 3.325822995975613594e-03 1.714445243123918772e-04 6.562153430422767997e-05 1.942652670550160110e-05 3.783802094403654337e-04
3.843152895569801331e-03 3.240816062316298485e-03 1.700207794783636928e-04 6.270316953305155039e-05 1.914704080263618380e-05 3.619174822233617306e-04
4.441365599632263184e-03 3.349886042997241020e-03 1.749437506077811122e-04 6.438291893573477864e-05 1.992928628169465810e-05 3.635716566350311041e-04
4.963977262377738953e-03 3.419083077460527420e-03 1.721449516480788589e-04 6.502874020952731371e-05 1.926121512951795012e-05 3.541137848515063524e-04
5.123164970427751541e-03 3.568256041035056114e-03 1.709976058918982744e-04 6.360496627166867256e-05 1.910092942125629634e-05 3.287374274805188179e-04
6.000939756631851196e-03 3.790016286075115204e-03 1.781524624675512314e-04 6.429436325561255217e-05 1.988637450267560780e-05 3.772435593418776989e-04
4.327531903982162476e-03 3.508828347548842430e-03 1.709367497824132442e-04 6.184940866660326719e-05 1.921061084431130439e-05 3.390233323443681002e-04
5.166071467101573944e-03 3.308361861854791641e-03 1.804476778488606215e-04 6.117584416642785072e-05 2.009674062719568610e-05 3.686620329972356558e-04
5.173670127987861633e-03 3.352963831275701523e-03 1.785535714589059353e-04 6.002179361530579627e-05 2.039234641415532678e-05 3.943764895666390657e-04
5.393241066485643387e-03 3.490574657917022705e-03 1.812632835935801268e-04 6.001935253152623773e-05 2.070057598757557571e-05 3.714409540407359600e-04
4.523846786469221115e-03 3.136937739327549934e-03 1.754771656123921275e-04 5.864224658580496907e-05 1.931898623297456652e-05 3.496455901768058538e-04
4.860137589275836945e-03 2.985293045639991760e-03 1.773470430634915829e-04 5.605100886896252632e-05 2.130302345904055983e-05 3.740239772014319897e-04
5.088550969958305359e-03 2.215827116742730141e-03 1.781006722012534738e-04 5.616894486593082547e-05 1.845135375333484262e-05 3.000629658345133066e-04
3.396621439605951309e-03 1.360686030238866806e-03 1.799050660338252783e-04 6.876410043332725763e-05 2.262760426674503833e-05 3.305349091533571482e-04
2.186249708756804466e-03 6.619486375711858273e-04 1.618564419914036989e-04 6.488527287729084492e-05 1.716990846034605056e-05 2.848537988029420376e-04
3.422740148380398750e-03 6.296726060099899769e-04 1.563078403705731034e-04 5.461195905809290707e-05 1.716894257697276771e-05 2.920194820035248995e-04
3.928329795598983765e-03 1.424655201844871044e-03 1.530187146272510290e-04 4.555879422696307302e-05 1.782645267667248845e-05 2.621673920657485723e-04
2.622850006446242332e-03 1.584054203703999519e-03 1.388040982419624925e-04 3.236864358768798411e-05 1.645576776354573667e-05 2.243288909085094929e-04
3.126624273136258125e-03 1.980033703148365021e-03 1.383941853418946266e-04 3.136769009870477021e-05 1.751486706780269742e-05 2.207823272328823805e-04
2.248429926112294197e-03 4.009973723441362381e-03 1.536653435323387384e-04 3.686063428176566958e-05 1.983341462619137019e-05 3.839809214696288109e-04
3.042869037017226219e-03 2.643341198563575745e-03 1.255375100299715996e-04 2.014539495576173067e-05 1.820707439037505537e-05 2.542064466979354620e-04
3.293620888143777847e-03 2.945289947092533112e-03 1.149171657743863761e-04 1.874446206784341484e-05 1.696802246442530304e-05 2.617690188344568014e-04
3.621570533141493797e-03 2.943077124655246735e-03 1.078696514014154673e-04 1.772331233951263130e-05 1.590559804753866047e-05 2.655508578754961491e-04
3.651951905339956284e-03 2.933420706540346146e-03 9.785667498363181949e-05 1.587971746630501002e-05 1.555296512378845364e-05 2.569431671872735023e-04
3.841378726065158844e-03 2.942234743386507034e-03 9.994077845476567745e-05 1.708857780613470823e-05 1.497407629358349368e-05 2.584350295364856720e-04
4.238057415932416916e-03 3.289458807557821274e-03 1.101571542676538229e-04 1.890317071229219437e-05 1.591132786415982991e-05 2.753966546151787043e-04
4.332888405770063400e-03 3.066307399421930313e-03 1.107877324102446437e-04 2.217689689132384956e-05 1.565875390951987356e-05 2.853994083125144243e-04
3.457580693066120148e-03 2.631559502333402634e-03 1.129582378780469298e-04 2.487168057996314019e-05 1.526447522337548435e-05 2.626476052682846785e-04
3.749209921807050705e-03 2.546446397900581360e-03 1.159569874289445579e-04 3.102644768659956753e-05 1.565967068017926067e-05 2.686483203433454037e-04
3.178517566993832588e-03 2.283195732161402702e-03 1.193128409795463085e-04 3.269634908065199852e-05 1.600023460923694074e-05 2.539786801207810640e-04
2.923015272244811058e-03 2.219619229435920715e-03 1.216247401316650212e-04 3.744378409464843571e-05 1.642046299821231514e-05 2.443812845740467310e-04
3.240286372601985931e-03 2.536772750318050385e-03 1.344890333712100983e-04 4.051199357490986586e-05 1.699430686130654067e-05 2.938426332548260689e-04
3.740988671779632568e-03 2.412485657259821892e-03 1.418226020177826285e-04 4.093258030479773879e-05 1.717996747174765915e-05 3.032362437807023525e-04
3.685027593746781349e-03 2.251233905553817749e-03 1.413027202943339944e-04 4.101642844034358859e-05 1.723241439322009683e-05 2.971561916638165712e-04
3.165202448144555092e-03 2.129753120243549347e-03 1.460603089071810246e-04 4.472242653719149530e-05 1.748551585478708148e-05 2.869378658942878246e-04
3.351319814100861549e-03 2.200921066105365753e-03 1.468691916670650244e-04 4.667780012823641300e-05 1.563060686748940498e-05 2.681574551388621330e-04
4.681648220866918564e-03 2.563226269558072090e-03 1.631682825973257422e-04 5.433228579931892455e-05 1.718283419904764742e-05 3.036524576600641012e-04
4.215369466692209244e-03 2.821612171828746796e-03 1.653876242926344275e-04 5.544174928218126297e-05 1.701202018011827022e-05 3.133119898848235607e-04
4.119256045669317245e-03 2.636620774865150452e-03 1.678237895248457789e-04 5.574991882895119488e-05 1.847426756285130978e-05 3.066716599278151989e-04
4.520232323557138443e-03 3.078269306570291519e-03 1.698222185950726271e-04 5.576853436650708318e-05 1.804474231903441250e-05 3.275549679528921843e-04
1.332263782387599349e-04 3.017570357769727707e-03 1.565478451084345579e-04 5.602436795015819371e-05 1.838320895330980420e-05 3.940917958971112967e-04
1.473700685892254114e-04 3.035314846783876419e-03 1.618925743969157338e-04 5.670299651683308184e-05 1.966371019079815596e-05 4.019340558443218470e-04
1.467090478399768472e-04 3.031642641872167587e-03 1.602123375050723553e-04 5.702541238861158490e-05 1.739097933750599623e-05 3.290389722678810358e-04
4.731501918286085129e-03 2.968437038362026215e-03 1.697539119049906731e-04 5.745908492826856673e-05 1.863724173745140433e-05 3.267104912083595991e-04
5.697659682482481003e-03 3.389846766367554665e-03 1.737844286253675818e-04 5.932270505581982434e-05 1.860211705206893384e-05 3.279895463492721319e-04
4.885891918092966080e-03 3.143536392599344254e-03 1.615823566680774093e-04 5.586166662396863103e-05 1.768377660482656211e-05 3.312806366011500359e-04
5.100955255329608917e-03 2.979049924761056900e-03 1.613412168808281422e-04 5.444548150990158319e-05 1.740872721711639315e-05 3.090777900069952011e-04
4.971297923475503922e-03 3.571821143850684166e-03 1.636240194784477353e-04 5.755658639827743173e-05 1.717603299766778946e-05 3.103522758465260267e-04
4.808042664080858231e-03 3.503798739984631538e-03 1.684282469796016812e-04 5.732816498493775725e-05 1.812843402149155736e-05 3.181392676196992397e-04
4.489460028707981110e-03 3.284591482952237129e-03 1.625333970878273249e-04 5.446896102512255311e-05 1.903508746181614697e-05 3.167996474076062441e-04
4.335374105721712112e-03 3.308587474748492241e-03 1.608019520062953234e-04 5.818491626996546984e-05 1.882634569483343512e-05 3.220458747819066048e-04
3.893101587891578674e-03 3.680387511849403381e-03 1.585835852893069386e-04 5.963639341644011438e-05 1.926092227222397923e-05 3.215459000784903765e-04
3.735784906893968582e-03 3.424296854063868523e-03 1.573322660988196731e-04 5.913160930504091084e-05 1.783582229109015316e-05 3.225047839805483818e-04
4.754341207444667816e-03 3.851823508739471436e-03 1.637256209505721927e-04 6.283038237597793341e-05 1.891022657218854874e-05 3.642547235358506441e-04
3.879835829138755798e-03 3.572067245841026306e-03 1.621783740120008588e-04 6.533358100568875670e-05 1.854519177868496627e-05 3.374305088073015213e-04
4.326458089053630829e-03 3.700335742905735970e-03 1.663389703026041389e-04 6.513757398352026939e-05 1.800443897082004696e-05 3.449266368988901377e-04
4.179072566330432892e-03 3.266969230026006699e-03 1.698845589999109507e-04 6.517059227917343378e-05 1.862533827079460025e-05 3.332799242343753576e-04
5.004980601370334625e-03 3.379951464012265205e-03 1.769814407452940941e-04 6.742058030795305967e-05 1.943455572472885251e-05 3.461998712737113237e-04
4.335863515734672546e-03 3.477150108665227890e-03 1.677032414590939879e-04 6.472313543781638145e-05 1.839488504629116505e-05 3.276876814197748899e-04
5.041699856519699097e-03 3.130652476102113724e-03 1.812649861676618457e-04 6.642797961831092834e-05 1.991015778912696987e-05 3.454312100075185299e-04
5.136280786246061325e-03 3.247671527788043022e-03 1.857560419011861086e-04 7.400748290820047259e-05 1.973867438209708780e-05 3.492105752229690552e-04
4.867101088166236877e-03 1.796180265955626965e-03 2.219450107077136636e-04 8.535243250662460923e-05 2.277313433296512812e-05 4.593283811118453741e-04
4.517706111073493958e-03 1.673755818046629429e-03 1.831549743656069040e-04 7.587239088024944067e-05 1.970073390111792833e-05 3.523631312418729067e-04
4.783644340932369232e-03 3.211241215467453003e-03 1.932527666212990880e-04 7.041428034426644444e-05 2.194670560129452497e-05 3.219420323148369789e-04
4.948377609252929688e-03 3.121777670457959175e-03 1.867403479991480708e-04 6.747827865183353424e-05 2.208597652497701347e-05 3.382280119694769382e-04
4.985695704817771912e-03 3.856525290757417679e-03 1.840807672124356031e-04 7.563148392364382744e-05 2.214207052020356059e-05 3.679209912661463022e-04
4.372656811028718948e-03 2.271807519719004631e-03 1.873888832051306963e-04 7.449205440934747458e-05 2.029554343607742339e-05 3.469878283794969320e-04
3.124005626887083054e-03 1.304696197621524334e-03 1.772445102687925100e-04 6.937615398783236742e-05 1.920883005368523300e-05 3.313451306894421577e-04
3.840429708361625671e-03 2.850978868082165718e-03 1.924950483953580260e-04 6.932881660759449005e-05 2.073655923595651984e-05 3.523971536196768284e-04
4.155669827014207840e-03 3.656397806480526924e-03 1.896255125757306814e-04 6.953893898753449321e-05 2.123172089341096580e-05 3.756784426514059305e-04
4.011758603155612946e-03 3.171953372657299042e-03 1.908768172143027186e-04 6.746358849341049790e-05 2.177970054617617279e-05 3.493489930406212807e-04
4.191319458186626434e-03 3.442110959440469742e-03 1.876942114904522896e-04 6.732370820827782154e-05 2.060997212538495660e-05 3.705775307025760412e-04
3.870547749102115631e-03 3.436109516769647598e-03 1.847309176810085773e-04 6.830632628407329321e-05 1.983989750442560762e-05 3.572127898223698139e-04
4.209680948406457901e-03 3.370644757524132729e-03 1.768489310052245855e-04 6.796712114010006189e-05 1.827759479056112468e-05 3.670945297926664352e-04
3.151159035041928291e-03 3.143402514979243279e-03 1.852450368460267782e-04 6.820436829002574086e-05 1.937868546519894153e-05 3.361594863235950470e-04
3.352912841364741325e-03 3.057409077882766724e-03 1.896402245620265603e-04 6.766777369193732738e-05 2.116050382028333843e-05 3.531563852448016405e-04
3.851097309961915016e-03 3.407761454582214355e-03 1.836610463215038180e-04 6.916117854416370392e-05 1.918756061058957130e-05 3.606532700359821320e-04
2.845053968485444784e-04 3.949841950088739395e-03 1.691789802862331271e-04 7.116001506801694632e-05 2.134177884727250785e-05 4.834298160858452320e-04
5.324053345248103142e-04 4.064345732331275940e-03 1.679447304923087358e-04 7.385179196717217565e-05 1.904871533042751253e-05 4.315599508117884398e-04
3.448061412200331688e-03 3.386982716619968414e-03 1.792574039427563548e-04 7.334716792684048414e-05 1.957958556886296719e-05 3.708395815920084715e-04
4.219461232423782349e-03 3.695685649290680885e-03 1.961178495548665524e-04 7.753339014016091824e-05 2.149591455236077309e-05 4.043318040203303099e-04
3.921130672097206116e-03 3.792308038100600243e-03 1.889306586235761642e-04 7.627593731740489602e-05 1.964364673767704517e-05 3.670643782243132591e-04
3.229794558137655258e-03 3.467756556347012520e-03 1.833337882999330759e-04 7.014622678980231285e-05 1.894257002277299762e-05 3.259349905420094728e-04
3.683708142489194870e-03 3.000213997438549995e-03 1.696569088380783796e-04 6.527191726490855217e-05 1.834281829360406846e-05 3.254254115745425224e-04
4.143633414059877396e-03 3.126987488940358162e-03 1.694784004939720035e-04 6.639320054091513157e-05 1.826523475756403059e-05 3.260533267166465521e-04
2.755110017460538074e-06 4.755361005663871765e-03 1.825260987970978022e-04 8.171532681444659829e-05 2.268841853947378695e-05 5.184367764741182327e-04
5.084184929728507996e-03 3.079988062381744385e-03 1.852103596320375800e-04 6.993547140154987574e-05 2.046764711849391460e-05 3.767384914681315422e-04
4.534310661256313324e-03 3.280288772657513618e-03 1.749517832649871707e-04 7.586842548334971070e-05 1.914990752993617207e-05 3.556164156179875135e-04
4.596861544996500015e-03 2.810036065056920052e-03 1.794181298464536667e-04 7.300232391571626067e-05 1.911179424496367574e-05 3.239830257371068001e-04
4.984545521438121796e-03 3.189046867191791534e-03 1.768171350704506040e-04 7.499160710722208023e-05 1.840365257521625608e-05 3.599344927351921797e-04
3.510015318170189857e-03 3.050394356250762939e-03 1.699151471257209778e-04 7.357174763455986977e-05 1.791041722754016519e-05 3.056828281842172146e-04
4.211293067783117294e-03 2.972468966618180275e-03 1.730766089167445898e-04 7.660756818950176239e-05 1.862220960902050138e-05 3.161295899190008640e-04
4.485912155359983444e-03 3.249505069106817245e-03 1.775211276253685355e-04 8.129506750265136361e-05 1.881456228147726506e-05 3.173990407958626747e-04
4.236112348735332489e-03 3.650385653600096703e-03 1.726815680740401149e-04 7.963612006278708577e-05 1.906827492348384112e-05 3.394885570742189884e-04
4.432188346982002258e-03 3.377275774255394936e-03 1.721325825201347470e-04 7.397968147415667772e-05 1.930721009557601064e-05 3.253918548580259085e-04
4.233701620250940323e-03 3.596768947318196297e-03 1.707425108179450035e-04 7.771991658955812454e-05 1.910544779093470424e-05 3.556093142833560705e-04
4.342640284448862076e-03 3.730189520865678787e-03 1.674538507359102368e-04 7.350950909312814474e-05 1.888518636405933648e-05 3.746008442249149084e-04
4.185264464467763901e-03 4.110919777303934097e-03 1.676259562373161316e-04 7.707852637395262718e-05 1.875398265838157386e-05 3.724158741533756256e-04
3.983636386692523956e-03 3.898109309375286102e-03 1.646689051995053887e-04 7.407864177366718650e-05 1.838327989389654249e-05 3.501265309751033783e-04
4.478856921195983887e-03 3.942959941923618317e-03 1.820983161451295018e-04 6.718283839290961623e-05 2.041287189058493823e-05 3.680452355183660984e-04
4.380987491458654404e-03 3.771752119064331055e-03 1.759670994943007827e-04 6.445806502597406507e-05 2.025660432991571724e-05 3.917692811228334904e-04
4.996865987777709961e-03 3.899084636941552162e-03 2.017781371250748634e-04 7.108873251127079129e-05 2.375827170908451080e-05 4.588099254760891199e-04
2.697722520679235458e-04 3.926654346287250519e-03 1.648049365030601621e-04 7.131834718165919185e-05 2.022735316131729633e-05 4.767419595737010241e-04
4.122909158468246460e-03 3.333210013806819916e-03 1.635231019463390112e-04 6.619771011173725128e-05 1.703768975858110934e-05 3.563328937161713839e-04
4.528230987489223480e-03 3.401633119210600853e-03 1.960957451956346631e-04 7.015980372671037912e-05 2.034898716374300420e-05 4.164882993791252375e-04
4.221738781780004501e-03 4.382171202450990677e-03 1.834686991060152650e-04 7.701523281866684556e-05 1.894746674224734306e-05 3.789646143559366465e-04
4.650752816814929247e-04 4.469562321901321411e-03 1.712761004455387592e-04 7.696103421039879322e-05 2.096431308018509299e-05 4.932658048346638680e-04
4.064302891492843628e-03 3.096658503636717796e-03 1.925244723679497838e-04 7.096269837347790599e-05 1.988479380088392645e-05 4.031769349239766598e-04
1.129162410506978631e-04 4.681402351707220078e-03 1.634282671147957444e-04 8.200849697459489107e-05 2.082683022308629006e-05 5.019454401917755604e-04
5.133444443345069885e-03 3.556816838681697845e-03 1.861628261394798756e-04 7.511865987908095121e-05 1.921037801366765052e-05 3.886724007315933704e-04
3.962502814829349518e-03 3.249502042308449745e-03 1.872556167654693127e-04 7.040250784484669566e-05 2.028072231041733176e-05 3.906146739609539509e-04
3.765009343624114990e-03 3.254237584769725800e-03 2.008906158152967691e-04 6.998128083068877459e-05 2.151064290956128389e-05 3.737093647941946983e-04
3.845460014417767525e-03 3.016828326508402824e-03 1.732775563141331077e-04 5.936103116255253553e-05 1.987133146030828357e-05 3.568215761333703995e-04
3.683737479150295258e-03 3.053684718906879425e-03 1.938146306201815605e-04 6.767786544514819980e-05 1.949502075149212033e-05 3.721353423316031694e-04
4.290969576686620712e-03 2.932073315605521202e-03 1.784048217814415693e-04 6.576895975740626454e-05 1.895913737826049328e-05 3.850443172268569469e-04
3.654504194855690002e-03 2.309571718797087669e-03 2.004120178753510118e-04 6.536825821967795491e-05 2.082942410197574645e-05 3.259101358707994223e-04
4.118097946047782898e-03 2.522467868402600288e-03 2.163319877581670880e-04 6.920642772456631064e-05 2.178438990085851401e-05 3.337810921948403120e-04
4.107663873583078384e-03 2.885412424802780151e-03 2.004983252845704556e-04 6.893453246448189020e-05 2.142949415429029614e-05 3.608248662203550339e-04
4.667921457439661026e-03 2.753350883722305298e-03 1.908120757434517145e-04 6.372966163326054811e-05 2.043528365902602673e-05 3.539899189490824938e-04
4.416695795953273773e-03 3.105291631072759628e-03 1.980516244657337666e-04 6.693304021609947085e-05 2.135182330675888807e-05 3.244429826736450195e-04
4.142136778682470322e-03 3.140561981126666069e-03 2.178266295231878757e-04 6.966359069338068366e-05 2.220487112936098129e-05 3.482844331301748753e-04
4.416582174599170685e-03 3.023752244189381599e-03 2.019554958678781986e-04 6.527506775455549359e-05 2.094744013447780162e-05 3.570281260181218386e-04
4.303248599171638489e-03 2.955751493573188782e-03 1.913185842568054795e-04 6.573167047463357449e-05 1.948092540260404348e-05 3.295062924735248089e-04
4.366216715425252914e-03 2.926348475739359856e-03 1.701327273622155190e-04 6.166492676129564643e-05 1.766104105627164245e-05 3.414043458178639412e-04
3.802495077252388000e-03 2.571603516116738319e-03 2.063129068119451404e-04 6.844404560979455709e-05 1.988449366763234138e-05 3.349497565068304539e-04
4.570722579956054688e-03 2.384898718446493149e-03 2.051550691248849034e-04 6.886247138027101755e-05 1.872191569418646395e-05 3.539587487466633320e-04
3.434883197769522667e-03 2.348178299143910408e-03 2.014345081988722086e-04 6.780836702091619372e-05 1.937616252689622343e-05 2.928330213762819767e-04
3.238243749365210533e-03 2.335373312234878540e-03 1.962790702236816287e-04 6.690504233120009303e-05 2.021775617322418839e-05 3.492129326332360506e-04
4.180633462965488434e-03 2.946206601336598396e-03 1.832633133744820952e-04 6.693328032270073891e-05 1.839538344938773662e-05 3.476513375062495470e-04
4.858422558754682541e-03 3.461523214355111122e-03 2.114201197400689125e-04 7.236454257508739829e-05 2.085930827888660133e-05 3.531980328261852264e-04
4.956619814038276672e-03 3.344057593494653702e-03 1.931586302816867828e-04 7.285635365406051278e-05 1.884592711576260626e-05 3.568942483980208635e-04
4.853425081819295883e-03 3.367165336385369301e-03 1.879504852695390582e-04 7.281833677552640438e-05 1.943331153597682714e-05 3.598115581553429365e-04
4.808096680790185928e-03 3.279485041275620461e-03 1.911442232085391879e-04 7.361961615970358253e-05 1.998040715989191085e-05 3.392309590708464384e-04
5.053410772234201431e-03 3.473418066278100014e-03 1.919334317790344357e-04 7.601318793604150414e-05 2.086881067953072488e-05 3.810110210906714201e-04
4.786769859492778778e-03 3.793753217905759811e-03 1.917575718834996223e-04 7.788767106831073761e-05 2.120643875969108194e-05 3.792882198467850685e-04
4.429279360920190811e-03 3.516520140692591667e-03 1.985265844268724322e-04 7.337665010709315538e-05 2.103702900058124214e-05 3.798108664341270924e-04
3.281761310063302517e-04 4.022784996777772903e-03 1.638160465518012643e-04 7.466594252036884427e-05 2.010438220167998224e-05 4.692223446909338236e-04
4.622851498425006866e-03 3.513168776407837868e-03 1.941738009918481112e-04 7.167624426074326038e-05 1.998453080886974931e-05 3.537808952387422323e-04
4.512531217187643051e-03 4.196789115667343140e-03 1.860949414549395442e-04 7.462516077794134617e-05 1.959194560186006129e-05 3.477846621535718441e-04
