5.635400990936000332e-01 2.647241597555700064e-03 -1.198027455568900085e-02 1.899676924961899924e-03 6.377790853358500552e-03 -1.393140942055199998e-02
5.733510094239799848e-01 2.357814249734300257e-03 -9.674149609478399983e-03 1.526274146640500080e-03 5.199220478640399941e-03 -1.101155615781200005e-02
5.833243779977900223e-01 4.461549261663799552e-03 -4.539407185161900213e-03 -1.293587091976000072e-03 3.113462382110400179e-03 -8.875192642531200618e-03
5.939478321091400392e-01 3.663060547641199850e-03 4.576736393825400165e-05 -2.041923467867099839e-04 6.304218683604099864e-04 -7.028906276737300306e-03
6.025494254122500948e-01 2.796220119542900187e-03 5.326741080349500779e-03 -1.093174633012300055e-03 1.879150919738200318e-04 -4.857839861566700008e-03
6.115404256128700311e-01 3.166610653321799695e-03 5.691357510262300481e-03 -2.661725584371200178e-04 7.233769114572700856e-04 -4.271440144307100603e-03
6.193348930532200924e-01 4.631899349907200522e-03 3.701647121362800202e-03 -2.840665209687200359e-03 2.407061604705400173e-03 -4.635124017714700381e-03
6.275949159493801055e-01 4.820278994629800286e-03 -2.166075652774700233e-04 -2.026281922379199931e-03 2.713548687464600092e-03 -4.626965983836600106e-03
6.362853849266700834e-01 5.869569878950300391e-03 5.141414390231600906e-03 -3.772063854025400290e-03 -8.181156922382299638e-04 -4.712619237432599979e-03
6.467425588672200965e-01 7.471624130798200890e-03 1.178215998478199938e-02 -3.434717228202800298e-03 -2.637484483339599950e-03 -5.043827508889700204e-03
6.554232462482700861e-01 7.054344333016201139e-03 1.270645993911299898e-02 -3.806185679518100332e-03 -3.711545949090700250e-03 -4.286950372334399732e-03
6.632779549673000208e-01 6.236453182205100275e-03 8.899645093148301003e-03 -4.219686256571399813e-03 -2.957880018802400146e-03 -3.471708948732100258e-03
6.669449203985200469e-01 6.559490255064699682e-03 6.618356405525599798e-03 -2.860129116402199828e-03 -2.155349316036900243e-04 -3.216879779899099907e-03
6.702081856186000719e-01 4.112279971973799991e-03 3.458057816729800601e-03 -5.552340384909500550e-04 2.823466977627800065e-03 -2.733520825294300047e-03
6.758721785396500925e-01 3.291532397674100038e-03 6.523150540068300323e-04 -4.980085409719900566e-04 3.073650560344700147e-03 -2.468668613916299992e-03
6.823448333068200533e-01 5.947341407544499969e-03 4.398958953923700461e-04 -2.962450459005500428e-03 7.166449329201099840e-04 -2.833086961966799905e-03
6.882486536283100031e-01 6.018067521095800398e-03 7.136227623271400831e-03 -7.799937521695400697e-04 -3.168537199767500201e-03 -3.245168763378499834e-03
6.945089359529700301e-01 8.208616144650500088e-04 1.311625091358700063e-02 2.825756390315700348e-03 -4.867387976419600484e-03 -2.498045683932699924e-03
6.983007428325000987e-01 1.805005025817200091e-03 7.221468534244900039e-03 1.260444996379500061e-03 -1.120037099730300132e-03 -3.022125852237799934e-03
7.011829231347100899e-01 5.937843026298900498e-03 -2.245025409442900043e-03 -1.767830097505199843e-03 4.372305879752100104e-03 -3.465252593829900012e-03
7.052468715527701049e-01 3.247061868434800505e-03 -1.878246889916800055e-03 1.303553395939200093e-04 3.535913562891600422e-03 -2.591570244119600040e-03
7.097344957753399797e-01 3.044000892891000117e-04 3.513468671723000633e-03 3.433106183579500131e-03 -1.101439238867299973e-04 -2.261559145158300102e-03
7.135112692663900802e-01 1.852252282271599952e-03 9.126451649424901710e-03 9.719289324191500781e-04 -3.015259912146600173e-03 -2.372777097199200037e-03
7.174961545273700336e-01 6.540122296030500236e-03 1.211349617645800063e-02 -2.882510442612300130e-03 -4.709122630220200292e-03 -2.792362078225699845e-03
7.200125508256300932e-01 7.203058159578799857e-03 8.955650610024699920e-03 -2.820627870281899961e-03 -3.825616724046500272e-03 -3.293337975622700597e-03
7.216511930445400624e-01 4.968487570030300469e-03 3.727470287200300089e-03 -1.131332488734400040e-03 -1.556154070176700085e-03 -3.438494545440699823e-03
7.241678876220301042e-01 4.871237362048100317e-03 7.823582315191200979e-04 -8.358144692954200608e-04 3.601153961612800405e-04 -3.080520381236500488e-03
7.267578839303699967e-01 5.287859090229200636e-03 -2.081162433256200130e-03 -8.508380337403800928e-04 1.516147828091399946e-03 -2.126543715225300262e-03
7.291323230529200838e-01 2.444871261391600142e-03 -2.154909251393000158e-03 8.582127789845800901e-04 2.382709204080599857e-03 -7.616158922931600328e-04
7.315127032070400936e-01 2.541816166032900230e-03 7.721714206772300202e-04 6.965989254673700436e-04 2.623966049472100173e-03 -1.810456429392100219e-04
7.337898815829800858e-01 4.787508606608200518e-03 1.193352541515400184e-03 -1.466361516889999996e-03 2.962482249920900170e-03 -1.046255949961600062e-05
7.367611699022600380e-01 3.773893525419499961e-03 2.284048676710300103e-03 -9.833312074225000147e-04 2.163015339838799799e-03 4.301206493197600508e-04
7.395993705235199833e-01 2.449823161032399933e-03 6.541735528470199804e-03 3.285021503265899822e-04 -1.144119204045699961e-04 6.129488203718100759e-04
7.419599248324200147e-01 1.759083256058499968e-03 8.777939778302100080e-03 1.726882802912100201e-03 -2.870426073434200159e-04 1.803548542385400135e-04
7.451689083362900146e-01 2.950240110266300238e-03 8.392294113293599991e-03 5.109410045137000684e-04 -5.426102394362400513e-04 2.385047784759400206e-04
7.478871616700000224e-01 4.832258313282600248e-03 5.296301492217300559e-03 -2.101926931430899911e-03 1.430784571211900095e-03 3.065325439515500204e-04
7.508228694984500073e-01 3.917080320729400371e-03 5.714733306786600082e-03 3.967431900124100143e-04 1.709472848567599942e-03 -1.231931645063700175e-04
7.554007046354900279e-01 1.754287632276200137e-03 7.731866168813900791e-03 2.154866816102799995e-03 3.667880544530500325e-04 -1.092034065304600026e-04
7.597852021040401027e-01 2.733203674084800153e-03 8.949463591733999857e-03 1.399012187441000101e-04 -1.898033130994500111e-03 -6.495436787111699868e-04
7.639400771149200686e-01 4.982278901271199739e-03 1.112506425591699988e-02 -8.814224147618900671e-04 -3.309915902709700472e-03 -1.130963075095900005e-03
7.686440733696300320e-01 5.167116988449600191e-03 1.091140673775899995e-02 -2.046326565825499957e-03 -4.063262226062599840e-03 -1.076171934879899955e-03
7.715506840283100631e-01 1.342613730414000213e-03 4.675469948901900437e-03 3.496992357305500274e-03 -1.503054934661500084e-03 -1.647907729486099886e-03
7.744966554732499731e-01 2.026164700452200151e-03 1.504261376601600175e-03 1.711557222063300092e-03 1.427841720486800110e-04 -2.070274599833300203e-03
7.775082276701300588e-01 6.861190789103100221e-03 1.851896464325400189e-03 -2.465012747124700147e-03 -6.120885479342500542e-04 -2.548720817269299957e-03
7.789310567024699816e-01 6.200231547270400496e-03 2.752813195066200393e-03 -2.016843795400400426e-03 -7.256274025767200713e-04 -2.019540531653099807e-03
7.786569198172800244e-01 3.342216086332400280e-03 3.403965758636700017e-03 4.275636910148100282e-05 5.623821899882400352e-04 -1.594338892191600162e-03
7.773546653884000346e-01 4.486790838295200666e-03 1.590516706934900094e-03 4.294765652582400420e-04 2.687563163123800076e-03 -2.300014724588400096e-03
7.762673054630799818e-01 6.258632129689200435e-03 8.890337760453800951e-04 -1.661505356919200111e-03 3.378412719153100693e-03 -2.550796307537000346e-03
7.751409272176199572e-01 7.616936268503700543e-03 5.250853850226300593e-03 -2.866710679777800200e-03 1.036460702069899945e-03 -2.517069785422100005e-03
7.735275839490700633e-01 8.232533485443900567e-03 9.857713237114500496e-03 -3.284771861566700493e-03 -3.266461087263600443e-04 -2.390824985520199897e-03
7.709540104832299789e-01 6.351071092439500299e-03 1.024555721787800099e-02 -5.338984046135700689e-04 -9.692738244256000413e-05 -2.345410047895100242e-03
7.678905463353600247e-01 4.565104047531400207e-03 8.850192014948500552e-03 6.482698601797100496e-04 4.532297289584199906e-06 -2.221605204916300268e-03
7.648164979807701158e-01 5.040587395750500965e-03 7.144776398818800285e-03 1.450018503839500144e-04 1.079435042361200168e-03 -1.535159318381800007e-03
7.623634536572501119e-01 4.729059804523400024e-03 9.173833760483701347e-03 6.630608981952100869e-04 -5.955110092301400468e-04 -8.409520395713399737e-04
7.597723716533500982e-01 3.644461381964600021e-03 1.013422661380899981e-02 1.415793540132700111e-03 -1.203584077915599918e-03 -1.893547296449400112e-04
7.570087325873100514e-01 4.245342690004300264e-03 9.627229772938301205e-03 -5.582803318248400403e-04 -5.567816008986099579e-04 1.710396493633899910e-04
7.551255533634900763e-01 3.689366247847200141e-03 7.295091500876199966e-03 1.925021944067300097e-03 -1.299580522505100000e-03 6.175074086552501237e-05
7.540912385600700985e-01 2.932867084904399943e-03 6.460020049461799585e-03 7.601277197342900518e-04 -2.200725673979600158e-03 8.556951788684000844e-04
7.536420410008201065e-01 4.250408942393200593e-03 6.222630256568400034e-03 -4.273346763456300264e-04 -1.913902669931800016e-03 6.735077450564800000e-04
7.544915515162500252e-01 6.056148151818900247e-03 5.257454025117300547e-03 -7.872248489767200846e-04 -1.326642093610000232e-03 5.723050910059900194e-04
7.558698566889600068e-01 4.025255946882600258e-03 1.030264947767199927e-03 6.885876956117099694e-05 1.185362113955800226e-03 8.569829775108000081e-04
7.579960680658101024e-01 3.696354447636499702e-03 -3.671767675649500583e-04 3.599997997614100449e-04 2.380235614542300371e-03 7.411741772796700449e-04
7.610916344523399601e-01 6.108386612636199954e-03 3.433102787022800496e-04 -1.206684984146100086e-03 1.544011107169299991e-03 3.468995398997699788e-04
7.643830915531100167e-01 6.224109423431300678e-03 2.225256322090900067e-03 -1.487593078133000015e-03 -1.824792528184600001e-04 2.052605019693900146e-04
7.668531969497000000e-01 6.238571984639800297e-03 5.911920722687000716e-03 -1.723409720545200077e-03 -1.026473973410600140e-03 3.766279460973900308e-05
7.680055174693199982e-01 6.476526171642399757e-03 4.492463528956900341e-03 -1.031541764241800021e-03 1.467075484193800048e-03 -3.087046121353200032e-04
7.693356245359299628e-01 5.719750505768800980e-03 2.891208767331600316e-03 -8.250121678739799841e-04 2.120835019799000281e-03 -2.468275701468500066e-04
7.712820993234800193e-01 6.419420049348200340e-03 3.445696944619699997e-03 -2.009361206691000126e-03 8.336019973302400982e-04 -3.733082495278199943e-04
7.717710358028500028e-01 6.329526233158900422e-03 6.740482856663300958e-03 -6.214015373379700672e-04 3.332224261466500202e-04 -6.008669250054401133e-04
7.721432499665900062e-01 5.103677550669100636e-03 9.974580041107501335e-03 5.939763465743199897e-04 -4.934048263025200267e-04 -5.279425842266500168e-04
7.715384730870000762e-01 5.154756225499800178e-03 4.902877598246899865e-03 4.701305755034300405e-04 1.444088831767200093e-03 -7.311038133092400337e-04
7.709066878226700226e-01 3.876245877008100207e-03 5.679197602066800472e-03 2.104826847143600240e-03 9.945117673155999538e-04 -6.906890247302399644e-04
7.707341164858800830e-01 1.386568071273500038e-03 8.151908645788800284e-03 5.546677603052500155e-03 -3.801534201918999826e-04 -6.513982767343500348e-04
7.698033835168200945e-01 1.287059503247200108e-03 9.168805631443000675e-03 4.131424532253900536e-03 -7.028532496500000280e-04 -4.579802975122500546e-04
7.686874305658900619e-01 2.409386404592400287e-03 9.095442004771100639e-03 2.186593783782499970e-03 -1.998049296698000050e-04 -5.217448265807500107e-04
7.674615455460700453e-01 1.143165245078300125e-03 7.634106265514900742e-03 4.288972092909000208e-03 1.161366007131100066e-04 -4.356267073246600447e-04
7.662133212223700696e-01 7.405983317972000390e-04 5.913628456515800623e-03 2.917934926397800117e-03 1.164420845721300061e-03 -3.698193073388899785e-04
7.657631643942099942e-01 4.706657472663600475e-03 8.263904264165301480e-03 -1.691249770633199969e-03 -1.101823349320700036e-04 -7.565229784133400710e-04
7.675431700218999787e-01 7.321314221230600452e-03 1.078166743727800025e-02 -2.532537887475000242e-03 -5.412620517554200816e-03 -9.009286564489301036e-04
7.688063750158899978e-01 5.660349827548200388e-03 1.057209036816100095e-02 -1.924087322120100231e-03 -8.977927132846700783e-03 -1.818131884056899909e-04
7.696340164021900909e-01 5.622654353866000237e-03 9.402966975592100610e-03 -1.180959472571000216e-03 -1.023265372741900131e-02 -2.927374250599500192e-04
7.702658866746200372e-01 7.204022684194100710e-03 1.100741025220199976e-03 -1.834484896281100277e-03 -9.166671543618399795e-03 -1.526676419950599920e-05
7.698066423088200105e-01 7.049521487888701227e-03 -1.363386593120900075e-02 -2.040445111852599771e-03 -2.861501884923200057e-03 5.369081983165000524e-04
7.699736769891400989e-01 5.287319337645000894e-03 -1.886922133274800129e-02 -1.285551817028900059e-03 5.212898007085000219e-04 1.342349232229599976e-03
7.705482735803800276e-01 3.829133842638000364e-03 -2.092403052636700178e-02 3.345343290071100140e-04 2.983830914651200081e-03 1.517535624276700190e-03
7.714481520701901296e-01 2.755183495007000258e-03 -2.329071034258600043e-02 1.856108422374999969e-03 4.839396008443699881e-03 1.355611346516800118e-03
7.734484012906100991e-01 2.830448211093199943e-03 -2.103448720429799967e-02 1.686056779742400001e-03 2.469862955947500164e-03 1.251424293947299990e-03
7.756970541858700940e-01 4.802652421864200827e-03 -1.304244537611200065e-02 -9.804340427679899671e-04 -2.450341345353500115e-03 1.111661074497799972e-03
7.754424718904799896e-01 4.759786055028600825e-03 -9.523348239811400828e-03 -5.727415982227700240e-05 -2.649960860662000251e-03 9.364916883755699953e-04
7.736074381484000506e-01 3.399956294941400281e-03 -1.399559413535300147e-02 1.285195796826300082e-03 9.224598200841899404e-04 9.619154744125500787e-04
7.706942034290900079e-01 2.500402000766400058e-03 -2.106842249224900182e-02 1.424620306806600014e-03 6.403690932663900180e-03 8.140194193503500451e-04
7.698807460332000030e-01 3.183300424821100191e-03 -1.887600554124900173e-02 1.953174951532300231e-03 5.945085196830000342e-03 4.930581391023399927e-04
7.702024594445100458e-01 3.625613302504300008e-03 -1.098666485479399962e-02 3.560109667779299842e-04 1.716233680417600035e-03 6.924530392337699793e-04
7.703150397650400105e-01 2.976820076145900162e-03 -2.734229331846100425e-03 1.891535728360900200e-03 -3.538415594184300336e-03 7.024076040713500687e-04
7.692568153096500660e-01 3.567774031092799895e-03 -1.435925300302700030e-03 1.496538551971899993e-04 -5.212777812575700338e-03 6.697146383505900172e-04
7.668487379408900351e-01 2.913072897650499996e-03 -5.956471421624500578e-03 1.699529908413499992e-03 -3.655091375881099752e-03 4.459252956037300353e-04
7.635803769510199901e-01 4.336057594290800531e-03 -9.719830678341201402e-03 -9.175030249111600089e-04 -1.830967884080499965e-04 5.100781758115300116e-04
7.611935987210900478e-01 6.704235191440300473e-03 -1.289840241967300100e-02 -2.674634450700499877e-03 2.269427802390600220e-03 1.732663096162400263e-04
7.597749174547400175e-01 7.914245400695900379e-03 -1.381977356482700162e-02 -3.430622944453400394e-03 1.111465815353600024e-03 1.463568955905100027e-04
7.583652022747200405e-01 4.423047068307100690e-03 -1.201026151541000064e-02 1.433529310092300155e-03 -1.713829582779600015e-03 2.503289478835300417e-04
