9.635177254676818848e-02 8.634613826870918274e-03 -4.998678714036941528e-02 -3.882271703332662582e-04 -1.019844086840748787e-03 -1.133747166022658348e-03
9.833100438117980957e-02 1.262434758245944977e-02 -4.657236486673355103e-02 -4.385654348880052567e-03 3.304824349470436573e-05 2.339182537980377674e-04
9.725236147642135620e-02 1.315012760460376740e-02 -3.740982711315155029e-02 -3.644489450380206108e-03 1.226108754053711891e-03 -3.503988846205174923e-04
1.048438847064971924e-01 1.040876191109418869e-02 -4.310347139835357666e-02 -2.869052113965153694e-03 -4.233727813698351383e-04 1.360470632789656520e-04
1.010388359427452087e-01 9.550762362778186798e-03 -3.747696429491043091e-02 -3.107286291196942329e-03 -8.636058773845434189e-04 1.313507556915283203e-03
9.926379472017288208e-02 1.530979759991168976e-02 -3.148936480283737183e-02 -3.252989845350384712e-03 -8.024750277400016785e-04 1.226701424457132816e-03
8.450753241777420044e-02 1.506272796541452408e-02 -3.457992523908615112e-02 -3.503362415358424187e-03 4.362754407338798046e-04 5.954760126769542694e-04
8.318379521369934082e-02 1.666073128581047058e-02 -3.983395546674728394e-02 -3.709270851686596870e-03 4.865408409386873245e-04 2.422629622742533684e-03
7.713170349597930908e-02 1.296961586922407150e-02 -3.569617494940757751e-02 -4.449943080544471741e-03 -1.437166007235646248e-03 2.424037083983421326e-03
1.327755153179168701e-01 1.728471741080284119e-02 -6.848742812871932983e-02 -6.711991969496011734e-03 8.966583991423249245e-04 5.810107570141553879e-03
1.148716583847999573e-01 1.253980956971645355e-02 -5.265503376722335815e-02 -5.274224560707807541e-03 -1.162615837529301643e-03 4.839046392589807510e-03
5.539664626121520996e-02 3.930691629648208618e-03 -2.936492860317230225e-02 5.340933566913008690e-04 -2.584248082712292671e-03 2.298866398632526398e-03
6.302809715270996094e-02 2.631670795381069183e-03 -2.110421657562255859e-02 8.515481604263186455e-04 -3.516101976856589317e-03 2.629919908940792084e-03
1.426415741443634033e-01 1.691530458629131317e-02 -2.780426107347011566e-02 -1.789589296095073223e-04 -4.454776179045438766e-03 6.377685815095901489e-03
8.713259547948837280e-02 1.015065051615238190e-02 -2.120172604918479919e-02 -4.998338990844786167e-04 -2.305266214534640312e-03 5.143723916262388229e-03
9.409876167774200439e-02 3.669355995953083038e-03 -1.489015109837055206e-02 -2.853304147720336914e-03 -9.818299440667033195e-05 4.660388454794883728e-03
9.941886365413665771e-02 9.154956787824630737e-03 -5.923978053033351898e-03 -2.064582193270325661e-03 7.303764577955007553e-04 4.965100903064012527e-03
2.047309130430221558e-01 1.329175662249326706e-02 1.593067194335162640e-03 -3.866824321448802948e-03 2.132243476808071136e-03 1.101301051676273346e-02
1.291565895080566406e-01 9.475566446781158447e-03 -3.491583629511296749e-04 -1.772616873495280743e-03 -5.042268894612789154e-04 5.048027727752923965e-03
2.233082503080368042e-01 1.778658665716648102e-02 2.913920208811759949e-03 -3.185043111443519592e-03 -9.659901261329650879e-04 1.210137270390987396e-02
1.364001035690307617e-01 2.160979621112346649e-02 2.192679094150662422e-03 -7.974809268489480019e-04 -5.078936228528618813e-04 5.014779511839151382e-03
1.435876488685607910e-01 1.447005197405815125e-02 3.382758004590868950e-03 -1.443743531126528978e-04 -3.629793645814061165e-04 4.119388759136199951e-03
1.568922400474548340e-01 1.151796057820320129e-02 -1.739520812407135963e-04 3.930250531993806362e-04 -7.060002535581588745e-04 3.524518804624676704e-03
1.638409346342086792e-01 1.110001374036073685e-02 4.383236169815063477e-03 5.951895145699381828e-04 5.141968722455203533e-04 4.451737273484468460e-03
1.828465759754180908e-01 1.202019117772579193e-02 8.306431584060192108e-03 2.178186317905783653e-03 1.339714392088353634e-03 4.781061783432960510e-03
2.069124281406402588e-01 2.620907127857208252e-02 1.714827306568622589e-02 2.165997400879859924e-03 1.556715578772127628e-03 3.231869079172611237e-03
2.290061116218566895e-01 2.747952379286289215e-02 2.480842359364032745e-02 2.849765121936798096e-03 4.656063974834978580e-04 4.004715941846370697e-03
2.467369735240936279e-01 2.565691992640495300e-02 3.629739582538604736e-02 1.359164132736623287e-03 5.429523298516869545e-04 3.151990706101059914e-03
2.484875619411468506e-01 2.516881749033927917e-02 2.017971128225326538e-02 7.014906150288879871e-04 4.661993880290538073e-04 3.398145548999309540e-03
2.626857161521911621e-01 2.267770096659660339e-02 3.965844959020614624e-02 5.486951675266027451e-03 2.011040691286325455e-03 4.212131258100271225e-03
2.640355825424194336e-01 1.763441972434520721e-02 1.741435751318931580e-02 4.542741458863019943e-03 -1.000209478661417961e-03 5.119967740029096603e-03
2.868670523166656494e-01 1.982547529041767120e-02 1.876192912459373474e-02 4.738520830869674683e-03 -2.578351181000471115e-03 5.549139343202114105e-03
2.724388241767883301e-01 1.527851819992065430e-02 1.765913795679807663e-03 -1.040922725223936141e-04 -2.625511726364493370e-03 5.436186678707599640e-03
3.214959204196929932e-01 2.170633524656295776e-02 3.213510615751147270e-03 -5.058972630649805069e-03 3.805225715041160583e-03 4.961417056620121002e-03
3.368917107582092285e-01 1.141395699232816696e-02 -1.318744849413633347e-02 1.438943436369299889e-04 1.885096891783177853e-03 5.911787506192922592e-03
3.433935046195983887e-01 1.462167687714099884e-02 -2.096678945235908031e-04 3.715079510584473610e-03 1.714283018372952938e-03 4.507010802626609802e-03
3.363300263881683350e-01 3.694381157401949167e-04 5.799237173050642014e-03 3.532385220751166344e-03 7.412303821183741093e-04 5.062571261078119278e-03
3.423209190368652344e-01 5.376942921429872513e-03 5.957455374300479889e-03 1.722695888020098209e-03 9.321086108684539795e-04 4.247766453772783279e-03
3.755380511283874512e-01 1.041975989937782288e-02 -1.154432818293571472e-02 -2.150241052731871605e-04 -2.345830202102661133e-03 1.207057852298021317e-03
3.599044680595397949e-01 7.340524811297655106e-03 2.492072526365518570e-03 1.989316428080201149e-03 -2.192742889747023582e-03 1.919554779306054115e-04
3.408096134662628174e-01 7.483762688934803009e-03 1.150954887270927429e-02 2.250363904749974608e-04 -1.058591733453795314e-04 -6.873930105939507484e-04
3.387978672981262207e-01 1.553658209741115570e-02 1.099685207009315491e-03 -2.481460338458418846e-03 -7.622249540872871876e-05 -3.612617263570427895e-03
3.653087913990020752e-01 -2.981460886076092720e-03 1.212885696440935135e-02 5.312546854838728905e-04 1.035223322105593979e-04 -4.609988071024417877e-03
3.482084572315216064e-01 -8.686837740242481232e-03 8.546665310859680176e-03 1.145541609730571508e-04 -2.310978481546044350e-03 -5.069909617304801941e-03
3.511060476303100586e-01 1.301760552451014519e-03 2.127967076376080513e-03 -2.871040953323245049e-03 -1.394112943671643734e-03 -6.306853145360946655e-03
3.628315925598144531e-01 -1.312682870775461197e-04 6.094999611377716064e-03 -2.008445881074294448e-04 1.380527159199118614e-03 -7.354259956628084183e-03
4.100899994373321533e-01 -1.722158677875995636e-02 2.908041328191757202e-02 1.107501797378063202e-03 1.129438541829586029e-02 -8.709236979484558105e-03
3.848466575145721436e-01 -1.555309910327196121e-02 5.106550827622413635e-02 9.439316578209400177e-03 3.281144658103585243e-03 -7.745377719402313232e-03
3.716365396976470947e-01 -1.589033566415309906e-02 1.940919831395149231e-02 4.508767277002334595e-03 6.280217319726943970e-03 -6.848919671028852463e-03
3.957765698432922363e-01 -8.457324467599391937e-03 1.884766295552253723e-02 2.416776260361075401e-03 5.886651109904050827e-03 -8.038236759603023529e-03
3.814272880554199219e-01 -3.567864885553717613e-03 1.460113283246755600e-02 -2.037764061242341995e-03 1.877497765235602856e-03 -6.132710725069046021e-03
3.989281356334686279e-01 9.412029176019132137e-04 3.315097838640213013e-02 -1.424704561941325665e-03 3.961483482271432877e-03 -8.136153221130371094e-03
3.733810186386108398e-01 -5.134731531143188477e-03 2.032649703323841095e-02 -3.287083527538925409e-04 3.263833699747920036e-03 -5.661683157086372375e-03
7.094410657882690430e-01 -6.251361221075057983e-03 3.914288710802793503e-03 1.546278828755021095e-03 1.061972812749445438e-03 -1.084480714052915573e-02
7.088522911071777344e-01 -1.776279695332050323e-02 -3.794549498707056046e-03 6.189248524606227875e-03 -1.018251990899443626e-03 -6.715440191328525543e-03
3.702549934387207031e-01 -7.346658501774072647e-03 1.688875257968902588e-02 2.530008554458618164e-03 1.988267758861184120e-03 -3.213110379874706268e-03
3.589889407157897949e-01 -1.089487317949533463e-02 1.103314571082592010e-02 -3.115364233963191509e-04 5.950112608843483031e-06 -1.849013147875666618e-03
3.377365767955780029e-01 1.677110558375716209e-04 1.940898597240447998e-02 -1.411424833349883556e-03 6.590632256120443344e-04 -4.292442928999662399e-03
3.281656801700592041e-01 5.692441482096910477e-03 1.262128446251153946e-02 -2.467107260599732399e-03 -1.050285995006561279e-03 -4.309859126806259155e-03
5.996643304824829102e-01 -5.627269390970468521e-03 6.922771222889423370e-03 1.019105839077383280e-04 -2.141039352864027023e-03 -9.283764287829399109e-03
2.732163369655609131e-01 -4.451891407370567322e-03 4.551660735160112381e-03 1.872839289717376232e-03 -9.784944122657179832e-04 -5.805359687656164169e-03
2.579646706581115723e-01 -5.675657186657190323e-03 6.688760127872228622e-03 1.679031993262469769e-03 -3.373966319486498833e-04 -4.537258762866258621e-03
2.434297502040863037e-01 -5.622653290629386902e-03 5.753375589847564697e-04 1.346646109595894814e-03 -2.710839908104389906e-04 -4.322072491049766541e-03
2.181488871574401855e-01 -2.501976210623979568e-03 6.976679433137178421e-03 -1.254852104466408491e-04 1.255972165381535888e-05 -4.771782085299491882e-03
1.940054595470428467e-01 3.915649373084306717e-03 4.607387818396091461e-03 -1.062020775862038136e-03 -9.823271539062261581e-04 -4.160643555223941803e-03
1.728131324052810669e-01 4.226220771670341492e-03 3.534472081810235977e-03 -1.142101478762924671e-03 -6.489039515145123005e-04 -3.053942229598760605e-03
1.524646878242492676e-01 -3.562357509508728981e-03 1.679976703599095345e-03 3.722411056514829397e-04 -4.383571795187890530e-04 -3.317199414595961571e-03
1.330990046262741089e-01 -9.331484325230121613e-04 2.086836844682693481e-03 -2.255259023513644934e-04 -2.008262090384960175e-04 -3.218157216906547546e-03
1.078779399394989014e-01 1.783963176421821117e-03 7.281233090907335281e-03 -7.572782924398779869e-04 6.256007472984492779e-04 -2.453787019476294518e-03
8.694717288017272949e-02 3.336067544296383858e-03 5.044548772275447845e-03 -8.780538337305188179e-04 -2.840906090568751097e-04 -1.608605496585369110e-03
1.562991738319396973e-01 -1.123307738453149796e-04 -1.454968820326030254e-03 6.316123472061008215e-05 -2.016232814639806747e-03 -2.714723814278841019e-03
7.451640069484710693e-02 -5.836560158059000969e-04 4.250357858836650848e-03 -1.932898012455552816e-04 -2.741958713158965111e-03 -6.686730775982141495e-04
6.552780419588088989e-02 -1.083752722479403019e-03 8.788232808001339436e-04 4.751861270051449537e-04 5.136955296620726585e-04 -4.775644265464507043e-05
6.959240138530731201e-02 -1.261994708329439163e-03 2.328884787857532501e-03 2.864681009668856859e-04 5.663583870045840740e-04 3.350579936522990465e-04
8.090522140264511108e-02 6.230327300727367401e-03 4.069054499268531799e-03 -6.069657974876463413e-04 1.107770018279552460e-03 6.824336596764624119e-04
8.085587620735168457e-02 3.675140906125307083e-03 1.279270742088556290e-03 -5.075011722510680556e-05 5.894877249374985695e-04 1.940160058438777924e-03
7.791656255722045898e-02 2.814494073390960693e-03 2.432679757475852966e-03 -2.767930272966623306e-04 1.044512377120554447e-03 3.838466946035623550e-03
8.612235635519027710e-02 3.495992161333560944e-03 5.708171054720878601e-03 -1.780402526492252946e-04 1.291073393076658249e-03 4.417752847075462341e-03
8.595486730337142944e-02 2.194494009017944336e-03 3.018760122358798981e-03 3.883589233737438917e-04 1.386108575388789177e-03 5.003595259040594101e-03
8.841699361801147461e-02 4.380632191896438599e-03 -1.644711708649992943e-03 -1.730286894598975778e-04 1.123154768720269203e-03 5.338677205145359039e-03
9.469082951545715332e-02 6.397231947630643845e-03 1.515342970378696918e-03 -1.381168025545775890e-03 9.347153827548027039e-04 5.289458669722080231e-03
1.024182885885238647e-01 5.450771655887365341e-03 2.341600134968757629e-03 -4.549768054857850075e-04 1.582781085744500160e-03 6.032057106494903564e-03
9.926982969045639038e-02 4.187727347016334534e-03 3.513618838042020798e-03 -1.688426418695598841e-04 1.194902812130749226e-03 6.770506501197814941e-03
1.165093034505844116e-01 7.921508513391017914e-03 3.841172903776168823e-03 -1.848078682087361813e-04 9.286977583542466164e-04 6.703901104629039764e-03
4.373517632484436035e-01 2.209717594087123871e-02 3.768883645534515381e-03 -4.834795545320957899e-04 -8.464998099952936172e-04 2.332831360399723053e-02
3.361169397830963135e-01 1.576573029160499573e-02 1.427985145710408688e-03 -5.440523382276296616e-04 1.755552802933380008e-04 1.708098687231540680e-02
1.823964416980743408e-01 6.909334566444158554e-03 4.529039375483989716e-03 -5.815656040795147419e-04 3.329001192469149828e-04 8.630848489701747894e-03
3.958471119403839111e-01 1.669480465352535248e-02 3.233278170228004456e-03 -5.977596156299114227e-04 3.484382468741387129e-04 1.545706111937761307e-02
2.068696618080139160e-01 5.063762888312339783e-03 5.990311969071626663e-03 2.871615288313478231e-04 1.964350230991840363e-03 7.460315246134996414e-03
2.264943271875381470e-01 8.438607677817344666e-03 9.433428756892681122e-03 -3.163181245326995850e-04 1.338680624030530453e-03 6.457217037677764893e-03
2.384743243455886841e-01 5.644075106829404831e-03 3.296387847512960434e-03 -4.649460897780954838e-04 8.129203342832624912e-04 6.613608915358781815e-03
2.464408725500106812e-01 5.185261834412813187e-03 3.857527626678347588e-03 -1.259184326045215130e-03 3.522155457176268101e-04 4.857781343162059784e-03
8.313298821449279785e-01 1.224087364971637726e-02 5.890673026442527771e-03 -1.877332688309252262e-03 -5.401548114605247974e-04 3.225973108783364296e-03
3.079541027545928955e-01 9.519045706838369370e-04 1.276954263448715210e-02 -1.323967473581433296e-03 9.085984202101826668e-04 -1.660138834267854691e-03
3.271940350532531738e-01 -6.742081604897975922e-03 6.865746807307004929e-03 -6.202624645084142685e-04 -9.228447452187538147e-04 -1.196910277940332890e-03
3.401836752891540527e-01 1.686463132500648499e-03 3.600779455155134201e-03 8.478052914142608643e-04 3.206923720426857471e-04 -1.044012838974595070e-03
3.492095768451690674e-01 -2.176154172047972679e-03 1.501563750207424164e-02 -2.546282950788736343e-03 1.652319217100739479e-03 -5.292076384648680687e-04
3.718464076519012451e-01 3.284452017396688461e-03 6.721201352775096893e-03 -1.447239541448652744e-03 2.807617187500000000e-03 -1.211096649058163166e-03
3.852674961090087891e-01 3.033349290490150452e-03 8.897977881133556366e-03 -1.788470079191029072e-03 3.019376192241907120e-03 -1.218364457599818707e-03
3.876602947711944580e-01 1.075848238542675972e-03 9.242204017937183380e-03 4.852514539379626513e-04 3.931450191885232925e-03 -1.128624659031629562e-03
7.777362465858459473e-01 4.409622866660356522e-03 1.406916789710521698e-02 8.596512489020824432e-04 7.899329997599124908e-03 -2.890560310333967209e-03
3.883655965328216553e-01 2.521540969610214233e-03 1.247961260378360748e-02 1.090230303816497326e-03 2.054457319900393486e-03 -1.289699808694422245e-03
3.962788879871368408e-01 -2.039515529759228230e-04 6.998789031058549881e-03 -3.757255908567458391e-04 -3.277423675172030926e-04 -1.150274998508393764e-03
3.985823094844818115e-01 1.864345045760273933e-03 5.091395229101181030e-03 -9.080018498934805393e-04 -9.135498548857867718e-04 -8.900208631530404091e-04
4.016443789005279541e-01 7.342663011513650417e-04 -2.248649252578616142e-04 6.699990481138229370e-04 -1.038030837662518024e-03 -9.669021237641572952e-04
1.220466732978820801e+00 -1.733712037093937397e-03 1.184636447578668594e-02 1.004973542876541615e-03 -1.976817613467574120e-03 -4.163575358688831329e-03
8.224041461944580078e-01 -5.001196404919028282e-04 9.510837495326995850e-03 8.747298852540552616e-05 1.547727588331326842e-04 -6.361194420605897903e-03
4.121092855930328369e-01 -2.076540607959032059e-03 -1.268255524337291718e-03 1.587604056112468243e-03 9.662395459599792957e-04 -3.362299408763647079e-03
4.107996523380279541e-01 -2.281679306179285049e-03 -5.582565790973603725e-04 1.531949616037309170e-03 6.652733427472412586e-04 -3.494057105854153633e-03
4.074459969997406006e-01 -1.157406659331172705e-04 -1.298568211495876312e-03 1.543926191516220570e-03 1.059886271832510829e-04 -3.719890257343649864e-03
4.072646796703338623e-01 1.046982361003756523e-03 1.613628992345184088e-04 -3.551350528141483665e-05 -3.798372636083513498e-04 -3.466036636382341385e-03
4.065323770046234131e-01 -1.073821447789669037e-03 1.486250781454145908e-03 4.036723985336720943e-04 -4.907100228592753410e-04 -3.586841979995369911e-03
8.156483173370361328e-01 -5.337593611329793930e-03 4.758687224239110947e-03 1.372943632304668427e-03 -3.067334182560443878e-04 -7.856791839003562927e-03
3.975498974323272705e-01 -5.378248170018196106e-04 2.563894959166646004e-03 1.952974591404199600e-03 -8.904800633899867535e-04 -4.588639363646507263e-03
3.936280906200408936e-01 -1.223393832333385944e-03 -2.001978456974029541e-03 2.096486045047640800e-03 -2.100882586091756821e-03 -4.914738703519105911e-03
3.945841789245605469e-01 -5.219454411417245865e-03 3.350442275404930115e-03 3.173207165673375130e-03 -1.322717871516942978e-03 -4.427718464285135269e-03
7.478144764900207520e-01 -9.437303058803081512e-03 2.655503107234835625e-03 2.816517371684312820e-03 -2.053554868325591087e-03 -8.916175924241542816e-03
7.668650746345520020e-01 -5.441351328045129776e-03 -3.122472437098622322e-03 4.866170929744839668e-04 -2.617240417748689651e-03 -6.391930859535932541e-03
3.709757626056671143e-01 -4.739096388220787048e-03 -2.100328728556632996e-02 6.293611135333776474e-03 7.193174678832292557e-04 -3.342237323522567749e-03
3.833998739719390869e-01 -1.806436572223901749e-03 -2.624995261430740356e-02 7.310254499316215515e-03 -3.841617726720869541e-04 -3.835401032119989395e-03
7.539096474647521973e-01 -1.573152840137481689e-03 -2.961967699229717255e-02 5.994868930429220200e-03 4.394758027046918869e-03 -5.282069090753793716e-03
7.790846824645996094e-01 1.724299229681491852e-02 2.824637852609157562e-02 -5.509327631443738937e-03 -2.688088221475481987e-03 -4.302622284740209579e-03
3.901059329509735107e-01 8.181591518223285675e-03 1.402431982569396496e-03 -7.905212114565074444e-04 -1.610025065019726753e-03 -2.058838959783315659e-03
3.868974447250366211e-01 3.827554406598210335e-03 5.830882117152214050e-03 -8.833223255351185799e-04 -2.178851282224059105e-03 -1.990405377000570297e-03
4.001696407794952393e-01 2.305441768839955330e-03 1.387229841202497482e-02 -1.284879399463534355e-03 -3.661580849438905716e-03 -9.479351574555039406e-04
4.020616412162780762e-01 1.192434923723340034e-03 5.106604658067226410e-03 -8.000256493687629700e-04 1.671850914135575294e-03 -7.365444907918572426e-04
4.040262997150421143e-01 8.892476325854659081e-04 1.091445051133632660e-02 -1.369118399452418089e-05 2.584010828286409378e-03 -1.283011515624821186e-04
8.276184201240539551e-01 4.587155766785144806e-03 1.325681060552597046e-02 9.415562963113188744e-04 1.122736744582653046e-02 -2.658655634149909019e-03
4.123345315456390381e-01 4.050640854984521866e-03 5.075066350400447845e-03 -2.356151584535837173e-03 4.163757897913455963e-03 -1.076830900274217129e-03
4.030420482158660889e-01 5.552204325795173645e-03 1.179497782140970230e-02 -2.110547386109828949e-03 2.412438392639160156e-03 -7.359882001765072346e-04
7.955386042594909668e-01 1.884828438051044941e-03 1.434569153934717178e-02 3.305102582089602947e-04 2.677805023267865181e-03 -1.680721761658787727e-03
3.963703215122222900e-01 -4.213314969092607498e-03 8.554583415389060974e-03 3.087108256295323372e-03 1.177834201371297240e-04 -1.549218781292438507e-03
3.901656270027160645e-01 -5.545469000935554504e-03 2.782502211630344391e-03 3.680984489619731903e-03 -2.158764749765396118e-03 -1.107822638005018234e-03
3.904525339603424072e-01 -4.184043966233730316e-03 5.424431525170803070e-03 2.513420768082141876e-03 -2.335037570446729660e-03 -1.470240764319896698e-03
3.884233832359313965e-01 2.024513669312000275e-03 1.076384726911783218e-02 5.517305107787251472e-04 3.735588397830724716e-04 -2.952846698462963104e-03
3.916532099246978760e-01 2.439860487356781960e-03 6.322114262729883194e-03 -2.442595316097140312e-03 1.433198573067784309e-03 -3.017723560333251953e-03
3.872599303722381592e-01 1.717343460768461227e-03 5.611279513686895370e-03 -1.494875410571694374e-03 1.706526381894946098e-05 -2.817202126607298851e-03
3.841417431831359863e-01 -3.169039264321327209e-03 5.193336866796016693e-03 1.086302683688700199e-03 -1.700472203083336353e-03 -3.125892719253897667e-03
3.827115297317504883e-01 -9.543697349727153778e-03 5.172174423933029175e-03 2.502542221918702126e-03 -1.228993409313261509e-03 -3.424886614084243774e-03
3.866170048713684082e-01 -5.520641338080167770e-03 7.678776048123836517e-03 6.666467525064945221e-04 -7.306909537874162197e-05 -3.810215042904019356e-03
3.838098645210266113e-01 -1.130049582570791245e-03 5.274904426187276840e-03 -7.479169871658086777e-04 -4.853266000282019377e-05 -3.574369475245475769e-03
1.119014501571655273e+00 -4.109109751880168915e-03 1.712534017860889435e-02 2.444213256239891052e-03 -2.483698539435863495e-03 -8.987509645521640778e-03
3.786934316158294678e-01 -1.180094666779041290e-03 5.960450042039155960e-03 -2.702078782021999359e-04 -1.502506318502128124e-03 -3.610479412600398064e-03
3.831388056278228760e-01 1.713140518404543400e-04 1.100330054759979248e-02 9.265490807592868805e-04 -1.790525857359170914e-03 -3.374459920451045036e-03
3.619717359542846680e-01 6.012752419337630272e-04 4.825111012905836105e-03 -5.320222117006778717e-04 -1.435648300684988499e-03 -1.214789226651191711e-03
3.608637750148773193e-01 1.198818790726363659e-03 1.446093339473009109e-02 1.281357137486338615e-03 -1.109199365600943565e-03 -6.407389882951974869e-04
3.643534481525421143e-01 -2.539338776841759682e-03 9.964956901967525482e-03 1.175666111521422863e-03 -1.239569857716560364e-03 -1.220229081809520721e-03
6.987324953079223633e-01 -2.104643965139985085e-03 6.877630017697811127e-03 2.872196491807699203e-03 5.168170901015400887e-04 -9.870581561699509621e-04
3.586789071559906006e-01 -3.356170607730746269e-03 1.398712862282991409e-02 1.628462108783423901e-03 1.327595440670847893e-03 -1.487528323195874691e-03
3.651998937129974365e-01 1.873900531791150570e-03 2.956809476017951965e-02 3.118080087006092072e-03 2.515412634238600731e-03 -9.071127278730273247e-04
