# Camera list with one line of data per camera:
#   CAMERA_ID, MODEL, WIDTH, HEIGHT, PARAMS[]
# Number of cameras: 66
1 SIMPLE_RADIAL 1000 1000 984.411 500 500 0.0296192
2 SIMPLE_RADIAL 1000 1000 989.894 500 500 0.0308466
3 SIMPLE_RADIAL 1000 1000 988.965 500 500 0.0319103
4 SIMPLE_RADIAL 1000 1000 990.985 500 500 0.0328158
5 SIMPLE_RADIAL 1000 1000 990.746 500 500 0.0371716
6 SIMPLE_RADIAL 1000 1000 1003.44 500 500 0.0271833
7 SIMPLE_RADIAL 1000 1000 996.732 500 500 0.030347
8 SIMPLE_RADIAL 1000 1000 1002.16 500 500 0.0296066
9 SIMPLE_RADIAL 1000 1000 993.83 500 500 0.0312314
10 SIMPLE_RADIAL 1000 1000 1004.09 500 500 0.0347013
11 SIMPLE_RADIAL 1000 1000 999.178 500 500 0.0296993
12 SIMPLE_RADIAL 1000 1000 996.686 500 500 0.0327633
13 SIMPLE_RADIAL 1000 1000 984.639 500 500 0.0129788
14 SIMPLE_RADIAL 1000 1000 980.209 500 500 0.0165334
15 SIMPLE_RADIAL 1000 1000 976.984 500 500 0.0427853
16 SIMPLE_RADIAL 1000 1000 977.473 500 500 0.040257
17 SIMPLE_RADIAL 1000 1000 965.302 500 500 0.0320899
18 SIMPLE_RADIAL 1000 1000 967.485 500 500 0.0354708
19 SIMPLE_RADIAL 1000 1000 959.68 500 500 0.0364734
20 SIMPLE_RADIAL 1000 1000 953.385 500 500 0.00567069
21 SIMPLE_RADIAL 1000 1000 966.755 500 500 0.0208734
22 SIMPLE_RADIAL 1000 1000 968.327 500 500 0.0234304
23 SIMPLE_RADIAL 1000 1000 965.883 500 500 0.0250406
24 SIMPLE_RADIAL 1000 1000 969.508 500 500 0.0330565
25 SIMPLE_RADIAL 1000 1000 967.906 500 500 0.0494586
26 SIMPLE_RADIAL 1000 1000 960.208 500 500 0.0430036
27 SIMPLE_RADIAL 1000 1000 959.216 500 500 0.0573618
28 SIMPLE_RADIAL 1000 1000 965.506 500 500 0.0463225
29 SIMPLE_RADIAL 1000 1000 967.577 500 500 0.0430247
30 SIMPLE_RADIAL 1000 1000 968.004 500 500 0.0511112
31 SIMPLE_RADIAL 1000 1000 965.031 500 500 0.0459129
32 SIMPLE_RADIAL 1000 1000 964.428 500 500 0.054503
33 SIMPLE_RADIAL 1000 1000 966.153 500 500 0.0460137
34 SIMPLE_RADIAL 1000 1000 967.732 500 500 0.0376205
35 SIMPLE_RADIAL 1000 1000 974.131 500 500 0.0604333
36 SIMPLE_RADIAL 1000 1000 969.97 500 500 0.032938
37 SIMPLE_RADIAL 1000 1000 965.68 500 500 0.0227834
38 SIMPLE_RADIAL 1000 1000 965.206 500 500 0.0230279
39 SIMPLE_RADIAL 1000 1000 964.314 500 500 0.0427322
40 SIMPLE_RADIAL 1000 1000 971.197 500 500 0.0393142
41 SIMPLE_RADIAL 1000 1000 975.506 500 500 0.0409756
42 SIMPLE_RADIAL 1000 1000 979.508 500 500 0.050273
43 SIMPLE_RADIAL 1000 1000 979.622 500 500 0.0159029
44 SIMPLE_RADIAL 1000 1000 990.411 500 500 0.0387051
45 SIMPLE_RADIAL 1000 1000 987.268 500 500 0.0391596
46 SIMPLE_RADIAL 1000 1000 992.468 500 500 0.034754
47 SIMPLE_RADIAL 1000 1000 1000.49 500 500 0.0246466
48 SIMPLE_RADIAL 1000 1000 999.259 500 500 0.0256966
49 SIMPLE_RADIAL 1000 1000 1000.56 500 500 0.0226341
50 SIMPLE_RADIAL 1000 1000 998.761 500 500 0.0282202
51 SIMPLE_RADIAL 1000 1000 997.727 500 500 0.0282527
52 SIMPLE_RADIAL 1000 1000 996.85 500 500 0.0294765
53 SIMPLE_RADIAL 1000 1000 998.954 500 500 0.0256905
54 SIMPLE_RADIAL 1000 1000 989.183 500 500 0.033118
55 SIMPLE_RADIAL 1000 1000 993.488 500 500 0.0413005
56 SIMPLE_RADIAL 1000 1000 984.072 500 500 0.0316514
57 SIMPLE_RADIAL 1000 1000 988.629 500 500 0.0319029
58 SIMPLE_RADIAL 1000 1000 984.267 500 500 0.0331493
59 SIMPLE_RADIAL 1000 1000 999.431 500 500 0.0216359
60 SIMPLE_RADIAL 1000 1000 1005.68 500 500 0.0338396
61 SIMPLE_RADIAL 1000 1000 1010.77 500 500 0.0326122
62 SIMPLE_RADIAL 1000 1000 1011.94 500 500 0.030788
63 SIMPLE_RADIAL 1000 1000 1007.18 500 500 0.0275846
64 SIMPLE_RADIAL 1000 1000 992.481 500 500 0.0290443
65 SIMPLE_RADIAL 1000 1000 995.283 500 500 0.0379034
66 SIMPLE_RADIAL 1000 1000 996.172 500 500 -0.000132011
