2.95649873683435	-10.5661488497003	0.35233353500715
4.98792126262437	-5.84676328006327	1.22199338889994
-5.78281338993336	16.3855849858503	0.769303380156612
23.0645135553063	-4.09220409834938	-0.582136527725817
-0.218717581770922	-10.3411953177162	2.37971756924102
-4.52407482182761	-16.3968039859467	-1.06814354496977
11.6153791998969	-4.14561477771168	-0.717342496389307
8.6735962004025	-6.31188124525606	-0.0452284297360497
5.12095811411996	-7.06408355981947	-1.54645942242797
13.3541104890663	-11.1060959115802	-1.00176184341427
6.4627941990345	19.5324456582028	0.393844940992338
4.2107162264168	0.274417680968245	-0.94726358577795
2.39718257251075	-1.46836089321444	2.34634004047857
13.2667186964282	-7.41358441607279	-0.76593304438144
-7.95737317677426	18.4726908601719	-0.719574916442144
-0.630821032177652	-7.22460154743589	-0.896887645421923
-8.28123544075622	4.46594516476735	1.8487956831129
-9.55500424156546	-6.8608695012249	-0.84662374877349
-10.2869777390356	2.64308527744569	-0.142166366446987
-9.02347826012374	-5.67718000542144	0.546916558032614
-17.801042726926	1.77574918209331	-1.86513633487038
5.37557824118152	9.80163940254733	-2.62733920494289
-9.91951951847667	-15.4430482723819	0.251232411177927
-3.11665870979072	-5.48696814812146	1.94904279527601
17.4604347370717	-0.727250411474898	0.42346727509795
-1.17494853350512	6.57220036069458	-1.17583037004386
1.81761891589091	-11.6420545921231	-0.229824594284534
21.0599648108645	4.8806217860096	-0.0127027491008058
3.36825928840519	-30.8322685222708	1.41065223549766
3.91781189559794	1.1182076107153	-0.406044737979764
-2.0076667719461	1.56142837132157	-0.0448525647993391
-9.63448229409426	2.49740381602669	0.771449623152839
8.14825309046481	3.98132405383687	-0.432796993906099
-11.4207369551265	-7.63030872337223	-0.546729991089319
-2.78067928277743	-4.28591878607508	0.324790070196461
1.16388965460692	5.15074539931152	0.143908823257044
20.7961124617006	2.89226548546023	0.17719642930865
-19.0482714686129	-12.0301453768305	-0.962031828720627
1.47214514329514	7.19291712464163	1.24307467891722
3.20745677409821	-16.0048114786803	-1.81418184509468
7.67998669234514	-7.33760567306372	1.34583833979777
-8.88717295867813	10.4950830186829	0.546060975799685
-15.5943108336132	28.9735502522084	-0.238422982724593
11.1966084170597	-4.71328136711712	1.9065673157364
-7.62749489226743	-14.1963015365556	0.585919938785482
2.53076677465331	-20.7576897189751	0.537498233107667
9.78139321294354	-21.6378685626094	-1.44283612631476
-1.49050877433922	-1.52199013038415	-1.14955850814231
5.41722342412026	-11.563895337417	2.04676422057598
9.22720150866857	-0.118335505138505	0.634879122920307
22.677800059557	-7.87893468521276	1.14849791592428
-7.4398887998215	9.30741039795324	-0.213238271059186
16.5635770024101	-2.95569162272998	1.03852087845798
12.3319561997658	-20.8851543345666	-1.31625569025263
2.29201963772253	8.22219027261413	-0.642713625949039
-1.42841965526775	-9.38400698652637	-0.276548522765675
9.18445913185911	-18.4949200425821	0.981258141209463
16.9817535360418	4.23084414107284	0.795172333237179
4.97567409443771	0.832955779227264	-0.204686020146234
-4.99304755620869	0.716450400999369	0.393303698567349
-3.01303176944153	-3.54399229334838	0.870167092834823
-23.2627285447007	5.77933551107985	0.526428524524531
3.0867288544187	-20.6298901214329	-0.335760522089092
7.23530516763886	-6.15607544735334	2.57098192167562
-9.56392974349337	-4.95574126533252	-0.128988094585978
-9.12396276717955	6.40508677700116	0.150363053069191
-14.6863570982167	-7.14482367154352	-1.09942851007294
-3.42737628197556	13.0376483811773	-1.81936964373222
2.16239930702945	0.743876339888434	0.25781300105577
-3.86525033597768	3.85865363914726	-0.354455254238845
0.766786638583012	0.712246980130612	1.24844265313352
-2.53853618566937	2.85794906682679	-1.19529236148412
-7.95635932792141	-7.15840218755574	0.213328825564277
11.9638060119701	11.9281151656756	2.6517173374918
-24.160521226933	7.15879681723213	1.22860041533067
-17.1383860007686	-0.794635671800828	-0.559192140987599
4.93817989834982	1.7660828088522	0.596489514696775
1.02331580707877	-0.897070143504776	2.0912595280385
-17.9909792415807	4.10312773075672	0.880804322551655
-0.543929342953059	-6.63798076078001	1.18057612873334
10.6624707661484	-1.05898797858184	2.12042869367899
7.97263219215959	-5.84220979498257	-1.81884747011101
-5.89611517072427	-0.78167683845591	0.682816171129755
11.1464922237241	9.83201445427467	-0.218273366123512
8.69476317955421	8.5856976749857	0.538225321759025
-27.8551976341029	9.03252861913805	0.297494894602042
-5.01716658869031	-10.1230894622006	0.665990008349463
-1.19798765288728	-8.76833116777572	-0.234600952674077
-6.27801143732096	-0.676985789268968	-1.54041598001351
-4.49524064850535	-9.41242938813551	-0.463441928247615
-9.97539161226319	-3.28080289910908	-0.321273878923583
-11.9882967950076	14.1936471452971	0.362438558097072
-9.86975410672569	-10.4583118462494	3.60008656431616
18.213479567779	9.2409003664177	0.417272353158277
0.808508997984235	-8.65960399948087	-1.238409411687
10.097095005028	-13.3172069203458	-1.44574898693243
14.1039205403117	-21.2314330000914	-0.430499773853544
-5.29578704000548	7.76945593983242	-0.381070935875639
3.37742871691706	2.61120390454377	0.0765360640781311
-0.768612809209856	4.97185541726511	-0.969577264160047
