3.285791492089629173e-03 3.330899402499198914e-03 1.618447946384549141e-03 3.114279825240373611e-04 2.736989408731460571e-04 3.521726175677031279e-04
3.603857941925525665e-03 3.292721230536699295e-03 1.759644597768783569e-03 4.205358272884041071e-04 2.460367395542562008e-04 3.606705577112734318e-04
3.737608436495065689e-03 3.178554819896817207e-03 1.975159626454114914e-03 4.025855450890958309e-04 2.720038755796849728e-04 3.383571456652134657e-04
3.185029607266187668e-03 2.764880657196044922e-03 1.734420540742576122e-03 4.237795074004679918e-04 2.525567833799868822e-04 3.248149005230516195e-04
2.623377367854118347e-03 3.138507483527064323e-03 1.843493082560598850e-03 3.832383372355252504e-04 2.719645272009074688e-04 3.503074112813919783e-04
3.180110128596425056e-03 2.261087298393249512e-03 1.518124598078429699e-03 2.503897121641784906e-04 1.984433911275118589e-04 2.692064445000141859e-04
2.830528188496828079e-03 2.789722057059407234e-03 1.524022198282182217e-03 4.476116446312516928e-04 1.954961626324802637e-04 2.175744448322802782e-04
2.867027884349226952e-03 2.802592702209949493e-03 1.532988273538649082e-03 4.493757442105561495e-04 1.912310544867068529e-04 3.386872122064232826e-04
2.949032001197338104e-03 2.796942135319113731e-03 1.257955562323331833e-03 3.193309239577502012e-04 1.787680230336263776e-04 3.545615472830832005e-04
2.660445170477032661e-03 2.793270861729979515e-03 1.901868963614106178e-03 3.046274941880255938e-04 2.552696387283504009e-04 3.578659379854798317e-04
2.845319919288158417e-03 2.708523068577051163e-03 2.190229017287492752e-03 3.441582666710019112e-04 2.997209958266466856e-04 3.389480698388069868e-04
2.864356385543942451e-03 2.845634473487734795e-03 1.749535207636654377e-03 2.182687312597408891e-04 2.266883966512978077e-04 3.299816744402050972e-04
2.645113039761781693e-03 2.793989144265651703e-03 1.716133789159357548e-03 2.783499949146062136e-04 2.373933093622326851e-04 3.166609967593103647e-04
2.349630463868379593e-03 2.341214800253510475e-03 1.511740265414118767e-03 2.970448695123195648e-04 2.004107373068109155e-04 2.516311069484800100e-04
2.997010946273803711e-03 2.705452265217900276e-03 1.511171809397637844e-03 2.969548513647168875e-04 2.119262790074571967e-04 3.385898598935455084e-04
3.077541710808873177e-03 2.925847889855504036e-03 1.575618865899741650e-03 2.733691071625798941e-04 2.229171950602903962e-04 3.697538923006504774e-04
2.743647433817386627e-03 2.795211505144834518e-03 1.429961062967777252e-03 3.005202743224799633e-04 1.968218712136149406e-04 3.496796416584402323e-04
3.199032740667462349e-03 2.598106395453214645e-03 1.602141535840928555e-03 3.532330447342246771e-04 2.250476682092994452e-04 3.055630659218877554e-04
2.462022705003619194e-03 2.368153305724263191e-03 1.959381392225623131e-03 3.230138972867280245e-04 2.705614315345883369e-04 2.818059292621910572e-04
2.848117379471659660e-03 2.412699861451983452e-03 1.859873416833579540e-03 3.650609578471630812e-04 2.443753182888031006e-04 2.826902200467884541e-04
2.869557356461882591e-03 2.874527825042605400e-03 1.844734302721917629e-03 3.355474618729203939e-04 2.609521325211971998e-04 3.004388127010315657e-04
2.570624230429530144e-03 3.003081539645791054e-03 1.535120885819196701e-03 2.995702670887112617e-04 2.095156669383868575e-04 2.944439765997231007e-04
2.189795719459652901e-03 2.454142319038510323e-03 1.698601990938186646e-03 3.306040307506918907e-04 2.290224074386060238e-04 2.624797634780406952e-04
2.579561434686183929e-03 2.326493617147207260e-03 1.487577683292329311e-03 2.980240678880363703e-04 2.036270452663302422e-04 3.048162616323679686e-04
2.982951700687408447e-03 2.473148051649332047e-03 1.665811636485159397e-03 3.600028285291045904e-04 2.291880373377352953e-04 2.891713520511984825e-04
2.260314999148249626e-03 2.474501729011535645e-03 1.076150569133460522e-03 3.124898066744208336e-04 1.517352211521938443e-04 3.066236386075615883e-04
2.059623366221785545e-03 2.335795434191823006e-03 1.573910471051931381e-03 3.169738338328897953e-04 2.185533667216077447e-04 3.210153372492641211e-04
2.493401058018207550e-03 2.805428346619009972e-03 1.419425359927117825e-03 4.098822537343949080e-04 1.812461559893563390e-04 2.137005358235910535e-04
1.891320338472723961e-03 2.379743382334709167e-03 1.520490972325205803e-03 2.851311292033642530e-04 1.968715951079502702e-04 2.027852460741996765e-04
2.289923839271068573e-03 1.985007431358098984e-03 1.137805520556867123e-03 1.969931472558528185e-04 1.533291069790720940e-04 2.478748792782425880e-04
2.540026092901825905e-03 2.278150990605354309e-03 1.532638096250593662e-03 2.425769926048815250e-04 2.025504363700747490e-04 2.522511640563607216e-04
1.968461321666836739e-03 2.409763401374220848e-03 1.111862598918378353e-03 2.240324392914772034e-04 1.777692959876731038e-04 3.008763014804571867e-04
2.703164471313357353e-03 3.092101309448480606e-03 1.188438385725021362e-03 2.091396745527163148e-04 1.834804861573502421e-04 3.048469079658389091e-04
2.063642954453825951e-03 2.532605780288577080e-03 1.534050330519676208e-03 2.650124079082161188e-04 2.421416138531640172e-04 2.550935605540871620e-04
1.729110255837440491e-03 2.028876682743430138e-03 1.321370364166796207e-03 2.616974234115332365e-04 1.887045946205034852e-04 2.003629051614552736e-04
1.847300096414983273e-03 2.541302237659692764e-03 1.182265579700469971e-03 2.116342366207391024e-04 1.869262632681056857e-04 2.385032275924459100e-04
2.295905025675892830e-03 2.675092313438653946e-03 1.732178381644189358e-03 3.295466012787073851e-04 2.353634918108582497e-04 2.865951682906597853e-04
2.173550659790635109e-03 3.402912290766835213e-03 2.565644215792417526e-03 4.189784522168338299e-04 3.612585715018212795e-04 2.701516787055879831e-04
1.922125928103923798e-03 2.295481739565730095e-03 1.137925544753670692e-03 2.067199093289673328e-04 1.853323774412274361e-04 1.969725708477199078e-04
2.141472883522510529e-03 2.576234983280301094e-03 1.961388392373919487e-03 3.977018641307950020e-04 2.567695046309381723e-04 2.152596571249887347e-04
2.036121673882007599e-03 2.504386240616440773e-03 2.097073011100292206e-03 3.751393523998558521e-04 2.840993402060121298e-04 2.052681811619549990e-04
2.096969168633222580e-03 2.541969064623117447e-03 1.965626142919063568e-03 4.549854493234306574e-04 2.698216412682086229e-04 1.953907922143116593e-04
2.010961994528770447e-03 2.453297842293977737e-03 1.941461698152124882e-03 3.988652024418115616e-04 2.696345909498631954e-04 2.125451574102044106e-04
1.339132431894540787e-03 1.760171144269406796e-03 2.190379658713936806e-03 4.153230402152985334e-04 3.158805775456130505e-04 1.769210939528420568e-04
1.829866436310112476e-03 2.477983478456735611e-03 2.203060314059257507e-03 4.627340822480618954e-04 2.986526233144104481e-04 2.133471280103549361e-04
1.909554121084511280e-03 2.464676741510629654e-03 2.033862750977277756e-03 2.935240918304771185e-04 2.712986606638878584e-04 2.083919098367914557e-04
1.376571948640048504e-03 1.851468696258962154e-03 2.052242867648601532e-03 3.817906253971159458e-04 3.055211273021996021e-04 1.900223724078387022e-04
1.686595147475600243e-03 2.117371885105967522e-03 1.968510914593935013e-03 4.346506029833108187e-04 2.806723059620708227e-04 2.099341945722699165e-04
1.716007827781140804e-03 2.408022060990333557e-03 2.241941867396235466e-03 4.468679544515907764e-04 3.326896985527127981e-04 1.993458135984838009e-04
1.951871323399245739e-03 2.451483160257339478e-03 2.338108373805880547e-03 2.924158761743456125e-04 3.310918400529772043e-04 2.229865785920992494e-04
2.061162842437624931e-03 2.259663306176662445e-03 1.527791260741651058e-03 2.076409000437706709e-04 2.687103988137096167e-04 2.352793817408382893e-04
1.697072410024702549e-03 1.761971507221460342e-03 1.725905109196901321e-03 3.523483464960008860e-04 2.468246384523808956e-04 2.138790005119517446e-04
1.604433986358344555e-03 1.820841804146766663e-03 1.712476834654808044e-03 2.682078047655522823e-04 2.481229312252253294e-04 2.159319847123697400e-04
1.758311525918543339e-03 2.425673650577664375e-03 1.732054166495800018e-03 2.617825812194496393e-04 2.403042744845151901e-04 2.210305246990174055e-04
2.041879110038280487e-03 2.605482237413525581e-03 1.710796961560845375e-03 2.644285268615931273e-04 2.406771527603268623e-04 2.251066471217200160e-04
2.442530356347560883e-03 2.686681924387812614e-03 1.555441645905375481e-03 2.415631315670907497e-04 2.199515292886644602e-04 2.410098823020234704e-04
2.083017956465482712e-03 2.493955427780747414e-03 1.587990205734968185e-03 2.680728794075548649e-04 1.943714160006493330e-04 2.383816026849672198e-04
2.184972632676362991e-03 2.515549538657069206e-03 1.973966602236032486e-03 2.632676914799958467e-04 2.705543010961264372e-04 2.421063691144809127e-04
2.142245415598154068e-03 2.588737988844513893e-03 1.849611988291144371e-03 2.467412559781223536e-04 2.424954291200265288e-04 2.469506580382585526e-04
2.213728381320834160e-03 1.892590429633855820e-03 1.661802292801439762e-03 2.342420193599537015e-04 2.074464864563196898e-04 1.968251744983717799e-04
1.555615686811506748e-03 1.778859645128250122e-03 1.692051417194306850e-03 2.803380484692752361e-04 2.338513149879872799e-04 1.819213066482916474e-04
1.660148496739566326e-03 1.866401173174381256e-03 1.656848122365772724e-03 2.345206594327464700e-04 2.278366009704768658e-04 1.955054904101416469e-04
1.570038846693933010e-03 1.904320321045815945e-03 1.346813980489969254e-03 2.187028876505792141e-04 1.897686743177473545e-04 1.931846345541998744e-04
1.614538137800991535e-03 1.882421202026307583e-03 1.291019027121365070e-03 1.695394748821854591e-04 2.092515933327376842e-04 1.996993814827874303e-04
1.691660028882324696e-03 1.781440107151865959e-03 1.598152564838528633e-03 2.618514408823102713e-04 2.276661252835765481e-04 1.987189607461914420e-04
1.479108235798776150e-03 1.776338089257478714e-03 1.685021561570465565e-03 2.168542996514588594e-04 2.133170346496626735e-04 1.944578252732753754e-04
1.577205024659633636e-03 1.913814689032733440e-03 1.112875412218272686e-03 1.578449882799759507e-04 1.931620208779349923e-04 1.980299857677891850e-04
1.318967901170253754e-03 1.951223355717957020e-03 1.691380515694618225e-03 2.992491063196212053e-04 2.570314100012183189e-04 1.895658933790400624e-04
1.364396885037422180e-03 1.942640636116266251e-03 1.719209831207990646e-03 2.176195412175729871e-04 2.195676206611096859e-04 1.836387236835435033e-04
1.612423453480005264e-03 1.939603826031088829e-03 1.569917541928589344e-03 2.070849441224709153e-04 2.222538751084357500e-04 1.877003960544243455e-04
1.521804137155413628e-03 2.406247192993760109e-03 1.812939764931797981e-03 2.979974378831684589e-04 2.521108544897288084e-04 2.056945231743156910e-04
1.913783489726483822e-03 2.403442747890949249e-03 1.705988310277462006e-03 2.807299024425446987e-04 2.531030331738293171e-04 2.006466820603236556e-04
1.878583105280995369e-03 2.261115238070487976e-03 1.799138262867927551e-03 2.448063460178673267e-04 2.913404896389693022e-04 1.995744678424671292e-04
1.962380949407815933e-03 2.343520987778902054e-03 2.085975836962461472e-03 3.222508821636438370e-04 3.082442563027143478e-04 1.974863116629421711e-04
2.183552132919430733e-03 2.351458650082349777e-03 1.883078482933342457e-03 3.043100296054035425e-04 2.794445899780839682e-04 1.976338971871882677e-04
2.047959249466657639e-03 2.609341638162732124e-03 1.650189398787915707e-03 3.163202491123229265e-04 2.405537961749359965e-04 2.157772541977465153e-04
2.178110647946596146e-03 2.469351980835199356e-03 1.666810596361756325e-03 2.998209092766046524e-04 2.456244255881756544e-04 2.124697784893214703e-04
1.984794856980443001e-03 2.256583422422409058e-03 1.853117137216031551e-03 4.583023546729236841e-04 2.556372201070189476e-04 2.045290602836757898e-04
2.146180951967835426e-03 2.329748822376132011e-03 1.916934386827051640e-03 4.569384327623993158e-04 2.699421311262995005e-04 2.046948648057878017e-04
2.082228194922208786e-03 2.156312344595789909e-03 1.912717008963227272e-03 2.938695834018290043e-04 2.777703048195689917e-04 1.945531694218516350e-04
1.811990630812942982e-03 2.106909872964024544e-03 1.895293476991355419e-03 2.820212685037404299e-04 2.993548114318400621e-04 1.982518151635304093e-04
1.695894519798457623e-03 2.294067293405532837e-03 1.803530612960457802e-03 3.133991267532110214e-04 2.509999321773648262e-04 2.440515090711414814e-04
1.556209288537502289e-03 1.977465348318219185e-03 1.624340191483497620e-03 2.711486886255443096e-04 2.388848079135641456e-04 2.325108071090653539e-04
1.849812106229364872e-03 2.661210950464010239e-03 2.040070947259664536e-03 2.841159293893724680e-04 2.921704726759344339e-04 2.487124002072960138e-04
2.003442496061325073e-03 2.653324045240879059e-03 1.991042634472250938e-03 1.790949609130620956e-04 2.450116735417395830e-04 2.641764876898378134e-04
1.968878787010908127e-03 2.175288507714867592e-03 1.258805627003312111e-03 1.363488991046324372e-04 2.504932926967740059e-04 2.805722469929605722e-04
2.232532948255538940e-03 3.152568358927965164e-03 1.915599801577627659e-03 2.155119291273877025e-04 2.387527056271210313e-04 3.110168618150055408e-04
1.781937549822032452e-03 2.020396990701556206e-03 1.392232254147529602e-03 2.099641860695555806e-04 2.349920105189085007e-04 2.305797970620915294e-04
2.011792035773396492e-03 2.494537737220525742e-03 1.572362263686954975e-03 2.633639960549771786e-04 2.543883747421205044e-04 2.522495342418551445e-04
2.009579911828041077e-03 2.092891372740268707e-03 1.758943428285419941e-03 3.000499855261296034e-04 2.374415926169604063e-04 2.607156638987362385e-04
1.960074529051780701e-03 2.404712606221437454e-03 2.802178263664245605e-03 2.832071040757000446e-04 4.204866127111017704e-04 2.550675126258283854e-04
1.977448351681232452e-03 2.258294960483908653e-03 3.557361895218491554e-03 3.807545872405171394e-04 5.210310337133705616e-04 3.047370119020342827e-04
1.953966217115521431e-03 2.338040852919220924e-03 2.491224324330687523e-03 3.480844607111066580e-04 3.765815927181392908e-04 2.855401544366031885e-04
1.734833582304418087e-03 1.963406102731823921e-03 2.306525362655520439e-03 2.358159981667995453e-04 3.461441083345562220e-04 2.255906292703002691e-04
2.052474068477749825e-03 2.618687460198998451e-03 2.327009802684187889e-03 4.043919907417148352e-04 3.302003315184265375e-04 2.888357266783714294e-04
1.721404376439750195e-03 2.088371431455016136e-03 2.224985975772142410e-03 3.110830148216336966e-04 3.148957039229571819e-04 2.448438608553260565e-04
1.959606073796749115e-03 1.906753983348608017e-03 1.607313053682446480e-03 3.349504549987614155e-04 2.280516055179759860e-04 2.486458106432110071e-04
1.995789119973778725e-03 1.767124631442129612e-03 1.461989013478159904e-03 2.540781279094517231e-04 2.072478091577067971e-04 2.295042359037324786e-04
1.875641639344394207e-03 2.107094042003154755e-03 1.741122454404830933e-03 2.168992650695145130e-04 2.392003952991217375e-04 2.863573899958282709e-04
2.063035732135176659e-03 2.110323170199990273e-03 1.163776032626628876e-03 1.695900136837735772e-04 1.663555449340492487e-04 2.762401127256453037e-04
2.170541090890765190e-03 2.021976979449391365e-03 1.698818639852106571e-03 1.375045394524931908e-04 2.472486521583050489e-04 2.597262500785291195e-04
1.693395781330764294e-03 2.011533360928297043e-03 1.370180514641106129e-03 1.086404663510620594e-04 2.040031104115769267e-04 2.052355703199282289e-04
2.008090261369943619e-03 2.120628254488110542e-03 1.496955868788063526e-03 2.196388668380677700e-04 2.184998593293130398e-04 2.936830860562622547e-04
2.077418379485607147e-03 2.318309387192130089e-03 1.561061246320605278e-03 2.835782070178538561e-04 2.070253540296107531e-04 2.588678034953773022e-04
1.882850541733205318e-03 1.754336059093475342e-03 1.463100546970963478e-03 2.670637040864676237e-04 2.103456063196063042e-04 2.028171147685497999e-04
1.855518785305321217e-03 2.148156752809882164e-03 1.187692396342754364e-03 2.706685336306691170e-04 1.811615657061338425e-04 2.656702708918601274e-04
1.766202156431972980e-03 1.934391912072896957e-03 1.280377968214452267e-03 2.522160939406603575e-04 1.857855677371844649e-04 2.524014271330088377e-04
1.590375206433236599e-03 1.725316396914422512e-03 1.288186060264706612e-03 3.327851300127804279e-04 1.546637358842417598e-04 1.989260636037215590e-04
1.746300258673727512e-03 2.383731538429856300e-03 1.274919952265918255e-03 2.233684936072677374e-04 1.819730241550132632e-04 2.237341977888718247e-04
1.747379195876419544e-03 2.784081036224961281e-03 1.700352993793785572e-03 1.383468770654872060e-04 2.567437768448144197e-04 2.701602352317422628e-04
1.843931502662599087e-03 2.348388312384486198e-03 1.851645531132817268e-03 3.513806732371449471e-04 2.603922330308705568e-04 2.465635770931839943e-04
1.832193112932145596e-03 2.447121543809771538e-03 1.836963114328682423e-03 2.065119042526930571e-04 2.728730032686144114e-04 2.386342966929078102e-04
1.837951363995671272e-03 2.850945107638835907e-03 1.830986468121409416e-03 2.386109117651358247e-04 2.773965534288436174e-04 2.497759996913373470e-04
1.716893515549600124e-03 1.939520938321948051e-03 2.066533779725432396e-03 2.573722158558666706e-04 3.252615861129015684e-04 2.077222743537276983e-04
1.666156109422445297e-03 2.809333149343729019e-03 2.073802286759018898e-03 2.431549510220065713e-04 2.664583153091371059e-04 2.512329665478318930e-04
1.967292977496981621e-03 1.718295738101005554e-03 2.094331895932555199e-03 2.029725728789344430e-04 2.975387906190007925e-04 2.232248225482180715e-04
2.300000749528408051e-03 2.193826949223875999e-03 2.225835341960191727e-03 2.661998150870203972e-04 2.929242036771029234e-04 2.680998586583882570e-04
2.305210102349519730e-03 1.843979931436479092e-03 1.969642471522092819e-03 2.420519012957811356e-04 2.709669061005115509e-04 2.524250885471701622e-04
2.582714427262544632e-03 2.193364780396223068e-03 2.195646287873387337e-03 2.086465829052031040e-04 2.998285344801843166e-04 2.660530153661966324e-04
2.621902618557214737e-03 2.722736680880188942e-03 2.213668543845415115e-03 1.957749045686796308e-04 3.468003415036946535e-04 3.285627753939479589e-04
2.771559171378612518e-03 2.515807049348950386e-03 1.626845449209213257e-03 1.771948591340333223e-04 2.894920471590012312e-04 3.151198034174740314e-04
2.637203549966216087e-03 2.334930002689361572e-03 1.302488381043076515e-03 9.352286724606528878e-05 2.388860448263585567e-04 2.866561699192970991e-04
2.745938953012228012e-03 2.385727129876613617e-03 1.800850150175392628e-03 1.269827334908768535e-04 2.024502027779817581e-04 3.022029122803360224e-04
2.348331734538078308e-03 2.266755560413002968e-03 1.331697450950741768e-03 1.353287516394630075e-04 1.893950102385133505e-04 2.449454332236200571e-04
2.529745688661932945e-03 2.512919483706355095e-03 1.455710153095424175e-03 1.596164074726402760e-04 1.953621977008879185e-04 2.905610599555075169e-04
2.720296848565340042e-03 2.821923000738024712e-03 1.502129831351339817e-03 1.838554308051243424e-04 2.156344271497800946e-04 3.049378865398466587e-04
2.691278699785470963e-03 2.472219988703727722e-03 1.335818669758737087e-03 1.758819998940452933e-04 1.988530857488512993e-04 2.754283486865460873e-04
3.267024410888552666e-03 3.587754908949136734e-03 1.176799647510051727e-03 2.224233612651005387e-04 1.381561742164194584e-04 3.463971661403775215e-04
3.396713174879550934e-03 3.053682856261730194e-03 1.410922268405556679e-03 2.349580754525959492e-04 1.895340683404356241e-04 3.195723693352192640e-04
2.826467156410217285e-03 2.965600928291678429e-03 1.194920623674988747e-03 2.315678284503519535e-04 1.763965410646051168e-04 2.997712581418454647e-04
2.460673917084932327e-03 3.492418443784117699e-03 1.738423015922307968e-03 1.660543348407372832e-04 2.365383988944813609e-04 2.766180841717869043e-04
2.393280621618032455e-03 3.507025539875030518e-03 1.436582882888615131e-03 1.199666658067144454e-04 2.352972078369930387e-04 2.510668709874153137e-04
2.366065513342618942e-03 3.920047078281641006e-03 1.938236411660909653e-03 1.811706461012363434e-04 2.721791388466954231e-04 2.384028484812006354e-04
2.511286875233054161e-03 3.519692923873662949e-03 2.014577155932784081e-03 2.372556045884266496e-04 2.626628265716135502e-04 2.593430108390748501e-04
2.654453739523887634e-03 3.651029663160443306e-03 2.191846026107668877e-03 3.440370783209800720e-04 2.576270198915153742e-04 2.602275635581463575e-04
2.383866813033819199e-03 3.741357475519180298e-03 1.965453848242759705e-03 2.317873440915718675e-04 2.559005806688219309e-04 2.586628834251314402e-04
2.394749782979488373e-03 3.985712304711341858e-03 2.092103939503431320e-03 1.386738149449229240e-04 2.750287530943751335e-04 2.959794364869594574e-04
2.362358849495649338e-03 3.003287827596068382e-03 1.543874735943973064e-03 8.403332321904599667e-05 2.225158241344615817e-04 2.774896274786442518e-04
2.264011884108185768e-03 3.267229534685611725e-03 1.450411393307149410e-03 8.464448183076456189e-05 2.367524575674906373e-04 2.586040063761174679e-04
2.533050719648599625e-03 3.365017008036375046e-03 1.685230759903788567e-03 8.444263949058949947e-05 2.493322535883635283e-04 3.055036650039255619e-04
2.314009470865130424e-03 2.872128970921039581e-03 1.371881458908319473e-03 6.728750304318964481e-05 1.857357419794425368e-04 2.785829419735819101e-04
2.522610826417803764e-03 3.076748689636588097e-03 1.873753964900970459e-03 1.311804808210581541e-04 2.670062240213155746e-04 2.260259207105264068e-04
3.150741569697856903e-03 3.438321407884359360e-03 1.429674099199473858e-03 1.657715183682739735e-04 1.964912225957959890e-04 2.839752996806055307e-04
2.588267903774976730e-03 3.399145556613802910e-03 1.167559647001326084e-03 2.988632768392562866e-04 1.643225114094093442e-04 2.650648239068686962e-04
2.400949364528059959e-03 3.464830107986927032e-03 1.205070992000401020e-03 2.585315087344497442e-04 1.642360584810376167e-04 2.611179661471396685e-04
3.002342768013477325e-03 3.594339126721024513e-03 1.404613489285111427e-03 2.233565173810347915e-04 1.831703557400032878e-04 2.888867747969925404e-04
2.657202770933508873e-03 3.533156588673591614e-03 1.067740260623395443e-03 9.472040983382612467e-05 1.495358883403241634e-04 2.831580932252109051e-04
2.188382204622030258e-03 3.480974119156599045e-03 1.256130868569016457e-03 1.804046769393607974e-04 1.758355356287211180e-04 2.635655691847205162e-04
2.574976999312639236e-03 3.648673649877309799e-03 1.355135929770767689e-03 1.936357439262792468e-04 1.776026474544778466e-04 3.415911050979048014e-04
1.915170461870729923e-03 2.903443761169910431e-03 1.440758933313190937e-03 2.868607407435774803e-04 1.719352148938924074e-04 2.578448620624840260e-04
1.873848959803581238e-03 3.278883174061775208e-03 1.747098984196782112e-03 2.221489557996392250e-04 2.252525155199691653e-04 2.572361554484814405e-04
2.339259954169392586e-03 3.629141021519899368e-03 1.446979586035013199e-03 1.922416267916560173e-04 2.044452849077060819e-04 3.405981406103819609e-04
1.598929753527045250e-03 2.879451029002666473e-03 1.221582759171724319e-03 2.334489399800077081e-04 1.754073600750416517e-04 2.564479946158826351e-04
1.841098885051906109e-03 2.179428236559033394e-03 1.967877149581909180e-03 3.664590767584741116e-04 2.561784058343619108e-04 2.662391634657979012e-04
1.998962368816137314e-03 3.701131790876388550e-03 2.333835000172257423e-03 2.103223378071561456e-04 3.033084794878959656e-04 2.858403604477643967e-04
1.849528518505394459e-03 3.189970273524522781e-03 1.926532597281038761e-03 2.253956045024096966e-04 2.518458059057593346e-04 2.733049041125923395e-04
2.290965290740132332e-03 3.238257253542542458e-03 2.314731478691101074e-03 1.555804774397984147e-04 2.937062527053058147e-04 2.495825465302914381e-04
2.195904031395912170e-03 4.235215485095977783e-03 1.851154956966638565e-03 1.826178340706974268e-04 2.608567301649600267e-04 2.531656064093112946e-04
2.219564514234662056e-03 3.147565526887774467e-03 2.064754255115985870e-03 2.030582836596295238e-04 2.562440058682113886e-04 2.628615475259721279e-04
2.005400136113166809e-03 3.037813119590282440e-03 2.108776243403553963e-03 1.357647706754505634e-04 2.599746221676468849e-04 2.643569605425000191e-04
2.861501881852746010e-03 2.218706533312797546e-03 2.022934146225452423e-03 1.366148499073460698e-04 2.731954737100750208e-04 2.767319383565336466e-04
2.938820514827966690e-03 2.859696280211210251e-03 2.079488476738333702e-03 1.976338535314425826e-04 2.773751621134579182e-04 3.331293410155922174e-04
3.147701034322381020e-03 2.401645760983228683e-03 1.140401232987642288e-03 2.270210243295878172e-04 1.718006242299452424e-04 2.481006667949259281e-04
3.139257663860917091e-03 2.758810529485344887e-03 1.059730420820415020e-03 2.044399152509868145e-04 1.483333617215976119e-04 3.104567294940352440e-04
3.283761441707611084e-03 2.990556648001074791e-03 1.613135798834264278e-03 3.592631546780467033e-04 2.098886034218594432e-04 3.380370035301893950e-04
3.590259235352277756e-03 2.678663004189729691e-03 2.082800259813666344e-03 2.616215788293629885e-04 2.647433720994740725e-04 2.943387371487915516e-04
3.184548113495111465e-03 2.725749742239713669e-03 1.717443577945232391e-03 3.055386769119650126e-04 2.544948074501007795e-04 2.515288360882550478e-04
3.396505722776055336e-03 2.755916910246014595e-03 1.924522919580340385e-03 1.894524757517501712e-04 2.737623290158808231e-04 2.474116627126932144e-04
3.162862500175833702e-03 2.488967264071106911e-03 1.925488584674894810e-03 3.066709905397146940e-04 2.442753175273537636e-04 2.509179466869682074e-04
3.089532488957047462e-03 2.512677805498242378e-03 1.062930095940828323e-03 3.034584806300699711e-04 1.393722923239693046e-04 2.584187895990908146e-04
2.765440382063388824e-03 2.382796956226229668e-03 1.889773644506931305e-03 1.272088557016104460e-04 2.503642463125288486e-04 2.522167924325913191e-04
2.835359657183289528e-03 2.366894157603383064e-03 1.428081537596881390e-03 4.202365817036479712e-04 1.843320933403447270e-04 2.407053107162937522e-04
3.086345968768000603e-03 2.284023445099592209e-03 1.542134094052016735e-03 3.834558010566979647e-04 2.004712005145847797e-04 2.882437547668814659e-04
2.916652476415038109e-03 2.835802035406231880e-03 1.501004793681204319e-03 2.909183385781943798e-04 1.739028666634112597e-04 3.320674295537173748e-04
2.451188396662473679e-03 2.398873446509242058e-03 1.579054514877498150e-03 3.274911432527005672e-04 1.919924106914550066e-04 2.165148034691810608e-04
2.319300780072808266e-03 2.314140787348151207e-03 1.487543457187712193e-03 3.488563233986496925e-04 1.719081919873133302e-04 2.198267466155812144e-04
2.236327622085809708e-03 2.608909970149397850e-03 1.051869592629373074e-03 1.280708238482475281e-04 1.454522425774484873e-04 2.275606238981708884e-04
1.732994103804230690e-03 2.253941725939512253e-03 1.017787260934710503e-03 1.116136336349882185e-04 1.360110472887754440e-04 2.281682536704465747e-04
2.045418135821819305e-03 2.365295542404055595e-03 1.341121620498597622e-03 1.753093820298090577e-04 1.710250508040189743e-04 2.021356194745749235e-04
1.926808501593768597e-03 2.527699107304215431e-03 1.281536649912595749e-03 2.916754456236958504e-04 1.649440673645585775e-04 1.931565784616395831e-04
1.635664026252925396e-03 2.495174994692206383e-03 1.468234928324818611e-03 2.221758913947269320e-04 1.959414512384682894e-04 1.858642208389937878e-04
1.645131851546466351e-03 2.950677648186683655e-03 1.819634460844099522e-03 2.418900839984416962e-04 2.250366669613867998e-04 2.186733909184113145e-04
1.383607625029981136e-03 3.015163121744990349e-03 2.059079241007566452e-03 2.705726947169750929e-04 2.435414644423872232e-04 2.307953836861997843e-04
1.498850760981440544e-03 2.400505822151899338e-03 1.641075476072728634e-03 2.816958294715732336e-04 2.323731896467506886e-04 2.432906039757654071e-04
1.218238263390958309e-03 2.853305544704198837e-03 2.175746485590934753e-03 3.227069100830703974e-04 2.593848621472716331e-04 1.749529037624597549e-04
1.119592227041721344e-03 2.778517315164208412e-03 1.990203745663166046e-03 2.990212524309754372e-04 2.547159383539110422e-04 1.716223778203129768e-04
1.036471920087933540e-03 2.131868852302432060e-03 1.612567109987139702e-03 2.564811147749423981e-04 1.949509605765342712e-04 1.636283996049314737e-04
9.730507154017686844e-04 2.216077642515301704e-03 1.417428953573107719e-03 1.839208271121606231e-04 1.937780325533822179e-04 1.612489722901955247e-04
8.846264099702239037e-04 2.721695927903056145e-03 1.639466499909758568e-03 2.751440915744751692e-04 2.151168882846832275e-04 1.449811097700148821e-04
8.349423296749591827e-04 1.813067239709198475e-03 1.485057757236063480e-03 2.123769227182492614e-04 2.678023884072899818e-04 1.792590628610923886e-04
7.375670829787850380e-04 2.045050263404846191e-03 1.480460283346474171e-03 3.134541912004351616e-04 1.748469076119363308e-04 1.487133704358711839e-04
7.489924901165068150e-04 1.880115014500916004e-03 2.143680118024349213e-03 3.980107430834323168e-04 2.932997595053166151e-04 1.491488947067409754e-04
7.565046544186770916e-04 2.101459540426731110e-03 2.209216821938753128e-03 1.929351565195247531e-04 2.939742989838123322e-04 1.508421119069680572e-04
7.196435471996665001e-04 2.202401403337717056e-03 2.393636386841535568e-03 4.332917451392859221e-04 3.002794983331114054e-04 1.610721956240013242e-04
7.110664155334234238e-04 2.051506424322724342e-03 2.337613143026828766e-03 3.999884065706282854e-04 3.264246042817831039e-04 1.270728389499709010e-04
6.439784192480146885e-04 1.990290824323892593e-03 1.734910765662789345e-03 2.659259480424225330e-04 2.612407552078366280e-04 1.147796210716478527e-04
6.370483315549790859e-04 1.909636077471077442e-03 1.830339431762695312e-03 3.217861521989107132e-04 2.634409174788743258e-04 1.159982057288289070e-04
5.793195450678467751e-04 2.283312613144516945e-03 1.923704869113862514e-03 3.154573205392807722e-04 2.833697071764618158e-04 1.045031458488665521e-04
5.633317632600665092e-04 2.410355256870388985e-03 2.563379239290952682e-03 4.697376280091702938e-04 3.210651339031755924e-04 1.057706831488758326e-04
