-2.860235283151268959e-03 7.284259051084518433e-02 7.200193795142695308e-05 2.219913585577160120e-04 -5.740314954891800880e-04 1.507079432485625148e-04
1.652205595746636391e-03 6.934288144111633301e-02 -2.155551919713616371e-04 -9.822372703638393432e-06 -3.841182624455541372e-04 9.326294821221381426e-05
2.745234814938157797e-04 6.114499643445014954e-02 2.964404993690550327e-04 -3.018211646121926606e-05 4.440625780262053013e-04 3.823006409220397472e-07
2.213995903730392456e-03 5.497208237648010254e-02 -7.329856452997773886e-05 1.521304657217115164e-04 6.054269615560770035e-04 7.311077752092387527e-06
1.287915074499323964e-04 4.520105570554733276e-02 3.547230153344571590e-04 -5.126284122525248677e-06 4.789600207004696131e-04 -2.407820720691233873e-04
1.126524410210549831e-03 4.038330912590026855e-02 -4.004472066299058497e-05 1.167242808151058853e-04 1.995121419895440340e-04 -1.801110556698404253e-06
-1.640805508941411972e-03 3.268564864993095398e-02 -5.470804171636700630e-05 2.024250861722975969e-04 -1.050735663739033043e-04 2.584541507530957460e-04
9.928893996402621269e-05 2.811693400144577026e-02 -2.762853109743446112e-04 1.771845127223059535e-04 -2.528782060835510492e-04 1.469667477067559958e-04
-8.731764391995966434e-04 2.611275203526020050e-02 -2.882107801269739866e-04 1.460915809730067849e-04 -2.531482605263590813e-04 3.232801100239157677e-05
2.374544739723205566e-03 1.673814281821250916e-02 -7.188872405095025897e-05 1.615905057406052947e-04 -3.068926162086427212e-05 -6.693446630379185081e-05
-1.076931133866310120e-03 2.181293815374374390e-02 -1.468011905672028661e-04 4.004278453066945076e-04 1.901577052194625139e-04 -2.837494248524308205e-04
-1.043530879542231560e-03 1.498872973024845123e-02 -3.009795327670872211e-04 7.888415129855275154e-04 6.876034603919833899e-05 -8.419883670285344124e-06
-3.034770779777318239e-04 2.059292234480381012e-02 -8.702027844265103340e-04 5.960536655038595200e-04 1.251882204087451100e-04 3.133396094199270010e-04
3.601743606850504875e-03 2.948898263275623322e-02 1.648481993470340967e-04 -1.971252931980416179e-04 6.753478373866528273e-06 2.311709977220743895e-04
-2.276964485645294189e-03 3.217345848679542542e-02 9.402203431818634272e-05 -3.480451414361596107e-04 -4.020213964395225048e-05 -1.724887406453490257e-04
-2.895292709581553936e-05 3.486901521682739258e-02 -6.286428542807698250e-04 7.340722368098795414e-05 2.151864027837291360e-04 -2.627485955599695444e-04
3.087177872657775879e-03 4.390472546219825745e-02 -5.548759363591670990e-04 4.558978616842068732e-05 6.378928810590878129e-05 1.350462553091347218e-04
-1.021588221192359924e-03 4.598215967416763306e-02 -4.734711183118633926e-05 -1.354861888103187084e-04 -1.040847928379662335e-04 2.526282623875886202e-04
-1.160668791271746159e-03 5.098763853311538696e-02 4.914546152576804161e-04 1.461867213947698474e-06 2.850351738743484020e-04 1.580097450641915202e-04
-2.348393172724172473e-04 5.449960008263587952e-02 4.807044751942157745e-04 1.959090732270851731e-04 5.961843999102711678e-04 -3.676410415209829807e-04
5.970067344605922699e-03 6.063234433531761169e-02 -1.040873030433431268e-04 5.033885827288031578e-04 6.997729069553315639e-04 -2.551153884269297123e-04
1.700241002254188061e-03 6.755345314741134644e-02 9.271188755519688129e-04 7.348125218413770199e-04 9.427533950656652451e-04 -1.585476420586928725e-04
-3.112127014901489019e-04 7.775496691465377808e-02 1.064392505213618279e-03 7.364987977780401707e-04 8.923984132707118988e-04 -7.038555486360564828e-05
5.096720531582832336e-03 9.662818908691406250e-02 1.335715875029563904e-03 1.682781730778515339e-04 8.428738219663500786e-04 2.518245892133563757e-04
2.075874246656894684e-03 1.094949468970298767e-01 1.132116303779184818e-03 -6.334205390885472298e-04 3.197925398126244545e-04 1.564628910273313522e-04
-2.109494060277938843e-03 1.266721338033676147e-01 1.035046530887484550e-03 -8.733524009585380554e-04 3.908742801286280155e-04 -4.102595266886055470e-05
2.573870355263352394e-03 1.417792141437530518e-01 -1.667095464654266834e-03 -2.462928823661059141e-04 4.977317876182496548e-04 -9.328486339654773474e-05
4.596445709466934204e-03 1.589989513158798218e-01 -1.035694964230060577e-03 1.648432371439412236e-04 -2.477358975738752633e-05 1.222162245539948344e-04
2.990333130583167076e-03 1.778089851140975952e-01 -8.927058661356568336e-04 2.000896929530426860e-04 -5.358796333894133568e-04 2.387343556620180607e-04
5.228815098234917969e-06 1.543470174074172974e-01 -1.365898409858345985e-03 2.526057069189846516e-04 -4.098929639440029860e-04 4.507386984187178314e-05
-1.212973729707300663e-03 2.474423646926879883e-01 -1.060681650415062904e-03 1.986266433959826827e-04 -3.470105875749140978e-04 6.347146118059754372e-04
4.744107834994792938e-03 2.227105945348739624e-01 -2.403712365776300430e-03 -1.301160664297640324e-04 -1.012332286336459219e-04 6.772195338271558285e-04
9.921594755724072456e-04 2.445263862609863281e-01 -1.634037005715072155e-03 -2.084198640659451485e-04 1.015684902085922658e-04 -1.473939773859456182e-04
6.489288061857223511e-03 2.627563476562500000e-01 -1.885868259705603123e-03 1.236909301951527596e-04 5.318158073350787163e-04 -2.516896347515285015e-04
6.410392001271247864e-03 2.798110544681549072e-01 -1.322935568168759346e-03 4.877381143160164356e-04 8.684787317179143429e-04 -4.775250272359699011e-05
3.154862904921174049e-03 2.912142276763916016e-01 -6.420387653633952141e-04 5.791271105408668518e-04 1.130391494370996952e-03 -1.519555662525817752e-04
1.095743943005800247e-02 3.082019984722137451e-01 -2.586415503174066544e-03 2.856007777154445648e-04 3.643289091996848583e-04 5.170275107957422733e-04
4.290984012186527252e-03 3.266833424568176270e-01 -1.791123067960143089e-03 -5.882207769900560379e-04 1.005534431897103786e-04 2.236455329693853855e-04
4.532922524958848953e-03 3.501106202602386475e-01 -2.233655424788594246e-03 4.540201189229264855e-06 2.412405592622235417e-04 3.174282755935564637e-05
8.139899000525474548e-03 3.579978346824645996e-01 -2.266142982989549637e-03 4.578305233735591173e-04 -2.690019318833947182e-04 -7.228888716781511903e-05
1.692318357527256012e-03 3.525051474571228027e-01 -3.870891407132148743e-03 2.103514852933585644e-04 -3.843630838673561811e-04 -5.649128434015437961e-05
9.034496732056140900e-03 4.309241771697998047e-01 -2.737042494118213654e-03 -3.920563030987977982e-04 4.436270974110811949e-04 -4.755359550472348928e-04
2.288076095283031464e-03 4.095097780227661133e-01 -2.531671896576881409e-03 -2.122111764037981629e-04 2.348741254536435008e-04 -2.828897268045693636e-04
6.106707267463207245e-03 4.271967411041259766e-01 -2.212445251643657684e-03 8.774970774538815022e-04 2.243739145342260599e-04 -2.196762652602046728e-04
6.678979378193616867e-03 4.030323624610900879e-01 -1.982439076527953148e-03 1.610043691471219063e-03 -1.256707491847919300e-05 -4.191505431663244963e-04
7.371406070888042450e-03 4.538830220699310303e-01 -1.132853096351027489e-03 1.034829067066311836e-03 -6.406127940863370895e-04 8.391661103814840317e-04
4.871016368269920349e-03 5.022282004356384277e-01 -9.133437997661530972e-04 8.538732072338461876e-04 -6.942492327652871609e-04 2.821530506480485201e-04
9.712499566376209259e-03 4.804096817970275879e-01 -3.693976439535617828e-03 1.389355980791151524e-03 -1.663403119891881943e-03 -5.214926786720752716e-04
-3.013349371030926704e-03 4.919202327728271484e-01 -1.909721526317298412e-03 8.514814544469118118e-04 -3.580785822123289108e-03 -1.003016717731952667e-03
1.746266934787854552e-04 4.068098366260528564e-01 -5.804716609418392181e-03 1.282317680306732655e-03 -2.801787341013550758e-03 -3.238642239011824131e-04
9.932959452271461487e-03 5.671914219856262207e-01 -9.174331091344356537e-03 -4.571235040202736855e-04 -1.988681731745600700e-03 1.728935894789174199e-04
1.102241780608892441e-02 5.776034593582153320e-01 -8.112849667668342590e-03 -9.113419800996780396e-04 3.275693161413073540e-04 -7.058362825773656368e-04
1.378716062754392624e-02 4.420818388462066650e-01 -6.931636482477188110e-03 -1.446387614123523235e-03 2.474612090736627579e-03 -1.025194302201271057e-03
1.579603552818298340e-02 6.541357040405273438e-01 -1.343117561191320419e-03 7.286790059879422188e-04 2.855824306607246399e-03 -8.915294311009347439e-04
5.389054305851459503e-03 5.070350766181945801e-01 -1.963943010196089745e-03 9.697783971205353737e-04 -2.080924343317747116e-03 -1.081310212612152100e-03
-3.900771494954824448e-03 5.826814174652099609e-01 -3.319842799101024866e-04 -2.502754505258053541e-04 -4.639421589672565460e-03 -1.933946507051587105e-03
-7.692254730500280857e-04 5.776205062866210938e-01 -4.617643076926469803e-03 -6.641201907768845558e-04 -4.339418839663267136e-03 -1.182978507131338120e-03
4.942293744534254074e-03 5.986965894699096680e-01 -1.002350263297557831e-02 -3.938031150028109550e-04 -2.910133451223373413e-03 -4.448394611245021224e-05
9.610404260456562042e-03 6.090201735496520996e-01 -9.263414889574050903e-03 -9.692924213595688343e-04 -1.506126951426267624e-03 3.825594612862914801e-04
1.510003302246332169e-02 5.587350726127624512e-01 -1.280013099312782288e-02 -1.815654803067445755e-03 2.023998647928237915e-03 -1.613193744560703635e-04
2.104805968701839447e-02 7.126195430755615234e-01 -4.916038014926016331e-04 -2.848391188308596611e-03 4.074001684784889221e-03 -2.774192951619625092e-03
6.748107727617025375e-03 6.311005353927612305e-01 1.177258091047406197e-03 -2.785046119242906570e-03 2.410265151411294937e-03 -3.295804141089320183e-03
2.132989931851625443e-03 6.729511618614196777e-01 -7.493396988138556480e-04 -7.761458982713520527e-04 -2.484838012605905533e-03 -9.989395039156079292e-04
1.765006221830844879e-03 6.258670091629028320e-01 -3.475271398201584816e-03 -4.808957746718078852e-04 -3.590059932321310043e-03 -1.275466056540608406e-03
1.050302200019359589e-02 6.696371436119079590e-01 -4.783216398209333420e-03 -1.147159840911626816e-03 -7.932333392091095448e-04 -1.189328148029744625e-03
2.519359812140464783e-02 6.877115368843078613e-01 -4.736875649541616440e-03 -1.475693075917661190e-03 4.249868914484977722e-03 -2.244421746581792831e-03
4.864070937037467957e-02 7.213268876075744629e-01 -5.973375868052244186e-03 1.055164262652397156e-03 5.990322679281234741e-03 -1.015462260693311691e-02
2.288994751870632172e-02 6.888928413391113281e-01 -5.895839422009885311e-04 1.336515299044549465e-03 3.340714378282427788e-03 -1.003924990072846413e-03
1.325401570647954941e-02 6.967141628265380859e-01 3.406879492104053497e-03 1.179593033157289028e-03 -9.908057982102036476e-04 -1.091476180590689182e-03
-6.273710750974714756e-04 6.248008608818054199e-01 -5.473827011883258820e-03 3.308058250695466995e-03 -3.864458994939923286e-03 -7.141978130675852299e-04
6.163924187421798706e-02 5.247618556022644043e-01 -1.185865048319101334e-02 2.382307313382625580e-03 -4.407905507832765579e-03 9.416878223419189453e-03
1.405061688274145126e-02 7.112302780151367188e-01 -1.071672234684228897e-02 -5.046847509220242500e-04 1.730868243612349033e-03 7.694277883274480700e-05
2.471531555056571960e-02 6.520221829414367676e-01 -2.503388328477740288e-03 -4.370562732219696045e-03 6.196503993123769760e-03 -7.661892450414597988e-04
2.516718767583370209e-02 7.952705621719360352e-01 3.863793797791004181e-03 -7.832841947674751282e-04 4.780222661793231964e-03 1.227693719556555152e-04
4.404540173709392548e-03 7.332493662834167480e-01 1.368439989164471626e-03 1.168296090327203274e-03 -2.963590377476066351e-04 -5.541647551581263542e-04
2.698146563488990068e-04 7.471292018890380859e-01 -4.986392799764871597e-03 2.173542743548750877e-03 -4.343773238360881805e-03 -1.356314984150230885e-03
-5.658944137394428253e-03 7.299873828887939453e-01 -5.767086520791053772e-03 9.229731513187289238e-04 -3.888313891366124153e-03 9.840377606451511383e-04
2.691011875867843628e-03 7.426071763038635254e-01 -6.928978487849235535e-03 -1.214448362588882446e-03 -4.057385376654565334e-04 1.464757719077169895e-03
-9.484326466917991638e-03 4.330855309963226318e-01 -3.195676254108548164e-03 -3.799944184720516205e-03 2.943770727142691612e-03 2.129158237949013710e-03
1.843410916626453400e-02 6.774221658706665039e-01 -4.100943915545940399e-04 -3.362246789038181305e-03 3.085540607571601868e-03 -1.188708934932947159e-03
-8.504045195877552032e-03 6.428365111351013184e-01 -1.225778367370367050e-03 -4.483701486606150866e-04 1.000357675366103649e-03 6.774841458536684513e-04
4.364407155662775040e-03 7.512384057044982910e-01 2.435285277897492051e-04 4.033748409710824490e-04 -1.173734315671026707e-03 2.208059886470437050e-04
4.279244691133499146e-03 7.788139581680297852e-01 1.830173889175057411e-03 -1.225117375724948943e-05 -1.688925432972609997e-03 6.449080538004636765e-04
1.370121724903583527e-02 7.182197570800781250e-01 -4.554518032819032669e-03 4.349639057181775570e-04 8.768648840487003326e-04 1.263267826288938522e-03
1.599612645804882050e-02 7.382579445838928223e-01 -3.481940599158406258e-03 8.820104994811117649e-06 1.898325164802372456e-03 1.037731301039457321e-03
1.544496137648820877e-02 7.531611919403076172e-01 -1.841290795709937811e-04 -1.748085778672248125e-04 1.702215173281729221e-03 4.363883926998823881e-04
1.168514974415302277e-02 7.441525459289550781e-01 1.657197717577219009e-03 -3.779638791456818581e-04 -6.132241105660796165e-04 7.382857729680836201e-04
1.085240487009286880e-02 7.653745412826538086e-01 2.956064650788903236e-03 7.978478097356855869e-04 -2.605751622468233109e-03 -7.645362347830086946e-05
1.990468008443713188e-03 7.488014101982116699e-01 -6.407040636986494064e-03 4.373519681394100189e-03 -2.771824132651090622e-03 4.669107729569077492e-04
1.331651955842971802e-02 6.819168925285339355e-01 -8.508180268108844757e-03 3.793878946453332901e-03 -2.790729340631514788e-04 -5.114180967211723328e-04
1.665482670068740845e-02 8.280243277549743652e-01 6.580422632396221161e-04 -1.748384675011038780e-04 1.369573408737778664e-03 6.226880359463393688e-04
1.588519476354122162e-02 7.655559778213500977e-01 -8.425056003034114838e-03 -2.387337444815784693e-04 -1.292511122301220894e-03 2.988202322740107775e-04
5.653505679219961166e-03 6.826900243759155273e-01 -5.088335368782281876e-03 -1.469720737077295780e-03 -2.766452031210064888e-03 8.588004857301712036e-04
4.549923818558454514e-03 8.427397012710571289e-01 6.173787172883749008e-03 -3.492489457130432129e-03 -2.690748777240514755e-03 8.765421225689351559e-04
1.143692620098590851e-02 7.634341120719909668e-01 7.817455334588885307e-04 -2.819924615323543549e-03 -8.163654711097478867e-04 1.473884913139045238e-04
1.021688431501388550e-02 7.643888592720031738e-01 -2.709391061216592789e-03 -5.009471788071095943e-04 1.605618163011968136e-03 5.614567198790609837e-04
1.706423796713352203e-02 7.616259455680847168e-01 -7.651571650058031082e-03 -6.166761741042137146e-04 1.756622805260121822e-03 -1.146186958067119122e-03
1.805037073791027069e-02 7.615785002708435059e-01 -1.659154804656282067e-05 -4.164715763181447983e-03 1.993239391595125198e-03 -2.034174831351265311e-04
7.749981712549924850e-03 7.779039740562438965e-01 5.399199668318033218e-03 -1.874647568911314011e-03 -3.615820896811783314e-04 -1.265197526663541794e-03
-1.597148715518414974e-03 6.747917532920837402e-01 3.872068366035819054e-03 2.513967221602797508e-03 -2.100551966577768326e-03 8.881913381628692150e-04
