1.670566736720502377e-03 1.585134770721197128e-03 2.108682965626940131e-04 3.002638550242409110e-05 3.948968151235021651e-05 1.480247592553496361e-04
1.745712710544466972e-03 1.591471838764846325e-03 2.077205572277307510e-04 2.979125019919592887e-05 3.924545671907253563e-05 1.420999615220353007e-04
1.873333938419818878e-03 1.584896002896130085e-03 2.063575520878657699e-04 2.958189907076302916e-05 3.918673610314726830e-05 1.835925650084391236e-04
1.802604878321290016e-03 1.358869834803044796e-03 2.086917520500719547e-04 3.100787216681055725e-05 4.127683860133402050e-05 1.662779104663059115e-04
1.596337533555924892e-03 1.126108341850340366e-03 2.122369478456676006e-04 3.155842932756058872e-05 4.278500273358076811e-05 1.407665695296600461e-04
1.400238252244889736e-03 1.247243839316070080e-03 2.195499400841072202e-04 3.146601375192403793e-05 4.327683927840553224e-05 1.311405649175867438e-04
1.378640881739556789e-03 1.292729866690933704e-03 2.228841767646372318e-04 3.106900476268492639e-05 4.315546175348572433e-05 1.361008326057344675e-04
1.434454461559653282e-03 1.295043271966278553e-03 2.161960728699341416e-04 3.240896330680698156e-05 4.083220119355246425e-05 1.423826470272615552e-04
1.449266565032303333e-03 1.309348153881728649e-03 2.297290047863498330e-04 3.438340354477986693e-05 4.487289334065280855e-05 1.436420425307005644e-04
1.420232933014631271e-03 1.311417086981236935e-03 2.273423742735758424e-04 3.319037568871863186e-05 4.413778879097662866e-05 1.368070516036823392e-04
1.357360277324914932e-03 1.373301376588642597e-03 2.234483545180410147e-04 3.204352833563461900e-05 4.394086499814875424e-05 1.689796627033501863e-04
1.306533813476562500e-03 1.399077824316918850e-03 2.212320978287607431e-04 3.288615334895439446e-05 4.457980321603827178e-05 1.735021214699372649e-04
1.183223095722496510e-03 1.370913465507328510e-03 2.252642443636432290e-04 3.329196260892786086e-05 4.509207428782247007e-05 1.708032650640234351e-04
1.071839011274278164e-03 1.326257130131125450e-03 2.235108404420316219e-04 3.108509554294869304e-05 4.404835271998308599e-05 1.342742762062698603e-04
1.295117312110960484e-03 1.458004582673311234e-03 2.265227958559989929e-04 3.150420525344088674e-05 4.379807432997040451e-05 1.743033062666654587e-04
1.196117606014013290e-03 1.382610644213855267e-03 2.270637924084439874e-04 3.180818384862504900e-05 4.332695243647322059e-05 1.377874432364478707e-04
1.550023676827549934e-03 1.368853030726313591e-03 2.330723364138975739e-04 3.231735536246560514e-05 4.396229269332252443e-05 1.369552628602832556e-04
1.495217788033187389e-03 1.337238005362451077e-03 2.238546003354713321e-04 3.109053432126529515e-05 4.271448051440529525e-05 1.408264215569943190e-04
1.642271643504500389e-03 1.396672916598618031e-03 2.331330033484846354e-04 3.292910332675091922e-05 4.364973210613243282e-05 1.432516874046996236e-04
1.631137449294328690e-03 1.347235403954982758e-03 2.355160686420276761e-04 3.325770740048028529e-05 4.393849303596653044e-05 1.648061443120241165e-04
1.606364152394235134e-03 1.482995110563933849e-03 2.242993796244263649e-04 2.898455386457499117e-05 4.252416692906990647e-05 1.724834874039515853e-04
1.671262318268418312e-03 1.720245112664997578e-03 2.243182825623080134e-04 2.826725358318071812e-05 4.257282853359356523e-05 1.929611462401226163e-04
1.592632499523460865e-03 1.574647729285061359e-03 2.246964868390932679e-04 2.813890205288771540e-05 4.166028520558029413e-05 1.884517550934106112e-04
1.601167721673846245e-03 1.523649669252336025e-03 2.033388009294867516e-04 2.715582922974135727e-05 3.107915108557790518e-05 1.831365516409277916e-04
1.533604925498366356e-03 1.477669691666960716e-03 2.010258031077682972e-04 2.703094833123032004e-05 3.206566179869696498e-05 1.689266937319189310e-04
1.537462114356458187e-03 1.601529424078762531e-03 2.207345387432724237e-04 2.754848537733778358e-05 4.062408697791397572e-05 1.965092669706791639e-04
1.524913357570767403e-03 1.699829590506851673e-03 2.317763282917439938e-04 2.938125180662609637e-05 4.447182436706498265e-05 1.942274539032950997e-04
1.149085233919322491e-03 1.401125802658498287e-03 2.282796485815197229e-04 2.681049772945698351e-05 4.213117790641263127e-05 1.594080968061462045e-04
1.466870657168328762e-03 1.810029265470802784e-03 2.358716010348871350e-04 2.720600787142757326e-05 5.199819861445575953e-05 1.687247713562101126e-04
1.535174786113202572e-03 1.709064934402704239e-03 2.316468453500419855e-04 2.825544106599409133e-05 4.133377296966500580e-05 1.744469482218846679e-04
1.540427561849355698e-03 1.744431676343083382e-03 2.388935245107859373e-04 2.982682235597167164e-05 4.284145688870921731e-05 1.901116775115951896e-04
1.620142022147774696e-03 2.002128399908542633e-03 2.425227139610797167e-04 3.097294393228366971e-05 4.227561294101178646e-05 1.913183514261618257e-04
1.297042006626725197e-03 1.746589783579111099e-03 2.393134491285309196e-04 2.900383333326317370e-05 4.104213439859449863e-05 1.677181135164573789e-04
1.504202256910502911e-03 1.505465013906359673e-03 2.357075281906872988e-04 2.828392280207481235e-05 4.007405004813335836e-05 1.556528877699747682e-04
1.877520233392715454e-03 1.454828889109194279e-03 2.567675837781280279e-04 3.456087142694741488e-05 4.294454629416577518e-05 1.597732916707172990e-04
1.573388231918215752e-03 1.485172659158706665e-03 2.471061307005584240e-04 3.576808740035630763e-05 4.368345616967417300e-05 1.648613542784005404e-04
1.566668041050434113e-03 1.869192929007112980e-03 2.612068492453545332e-04 3.552258203853853047e-05 3.785617082030512393e-05 2.155109978048130870e-04
1.491020084358751774e-03 1.576795126311480999e-03 2.427104336675256491e-04 3.059526352444663644e-05 3.459144500084221363e-05 1.919587666634470224e-04
1.270904554985463619e-03 1.396241365000605583e-03 2.873741614166647196e-04 4.562116737361066043e-05 4.241387432557530701e-05 1.497979246778413653e-04
1.436192193068563938e-03 1.617450267076492310e-03 3.166318929288536310e-04 5.194865298108197749e-05 4.332871685619466007e-05 1.849322870839387178e-04
1.411010161973536015e-03 1.751427073031663895e-03 2.457491646055132151e-04 3.540420584613457322e-05 3.686689160531386733e-05 2.066979795927181840e-04
1.431923010386526585e-03 1.376556116156280041e-03 2.369681315030902624e-04 3.158489198540337384e-05 3.847849438898265362e-05 1.572693872731178999e-04
1.387298339977860451e-03 1.446142210625112057e-03 2.404981933068484068e-04 3.289892629254609346e-05 4.260482455720193684e-05 1.605300640221685171e-04
1.433486118912696838e-03 1.771788112819194794e-03 2.395738556515425444e-04 3.122764246654696763e-05 4.161756442044861615e-05 2.103159058606252074e-04
1.539120101369917393e-03 1.846988685429096222e-03 2.299654734088107944e-04 3.321219628560356796e-05 3.727202783920802176e-05 2.228485682280734181e-04
1.373570063151419163e-03 1.604736433364450932e-03 2.356727491132915020e-04 3.384031151654198766e-05 4.092857852810993791e-05 1.784148480510339141e-04
1.273276633583009243e-03 1.449463889002799988e-03 2.405191771686077118e-04 3.714877675520256162e-05 4.068949419888667762e-05 1.647873141337186098e-04
1.838147756643593311e-03 1.698902342468500137e-03 2.434348862152546644e-04 4.332621756475418806e-05 3.702313551912084222e-05 1.892452855827286839e-04
1.844169222749769688e-03 1.679712091572582722e-03 2.616127312649041414e-04 4.434685615706257522e-05 4.362159961601719260e-05 1.899282942758873105e-04
1.318941358476877213e-03 1.263506128452718258e-03 2.515842497814446688e-04 4.631908814189955592e-05 4.131658351980149746e-05 1.500070793554186821e-04
1.410793513059616089e-03 1.745501649565994740e-03 2.158008137485012412e-04 3.849550557788461447e-05 3.305520658614113927e-05 2.017203078139573336e-04
1.308509148657321930e-03 1.404494047164916992e-03 2.199206792283803225e-04 4.155438000452704728e-05 3.246229243814013898e-05 1.704329333733767271e-04
1.430528354831039906e-03 1.321162329986691475e-03 2.373627648921683431e-04 3.887658385792747140e-05 4.080754297319799662e-05 1.648609904805198312e-04
1.485347398556768894e-03 1.678097527474164963e-03 1.855509472079575062e-04 3.314241621410474181e-05 2.797705383272841573e-05 1.644146104808896780e-04
1.565120648592710495e-03 1.934764441102743149e-03 2.266025985591113567e-04 3.655160253401845694e-05 4.121872188989073038e-05 2.121881843777373433e-04
1.191383576951920986e-03 1.523507409729063511e-03 1.944304240169003606e-04 3.130646655336022377e-05 2.570733340689912438e-05 2.001261455006897449e-04
1.249400433152914047e-03 1.542132929898798466e-03 2.022555709118023515e-04 3.372952778590843081e-05 2.379970101173967123e-05 1.978215004783123732e-04
1.194558339193463326e-03 1.465305220335721970e-03 2.148412459064275026e-04 3.559109245543368161e-05 2.726996717683505267e-05 1.864480582298710942e-04
1.172074698843061924e-03 1.374449464492499828e-03 2.300152846146374941e-04 3.402425500098615885e-05 3.300489333923906088e-05 1.625966688152402639e-04
1.321699703112244606e-03 1.581331249326467514e-03 2.105973544530570507e-04 2.861751454474870116e-05 3.028418541362043470e-05 2.021313266595825553e-04
1.464972388930618763e-03 1.438964856788516045e-03 2.191501698689535260e-04 2.208215664722956717e-05 2.645277345436625183e-05 1.731009979266673326e-04
1.590309315361082554e-03 1.524669234640896320e-03 2.457542868796736002e-04 3.328004459035582840e-05 4.689747220254503191e-05 1.927714911289513111e-04
1.942857401445508003e-03 1.589070423506200314e-03 2.596544800326228142e-04 3.494300472084432840e-05 5.138416599947959185e-05 1.856989983934909105e-04
2.181316725909709930e-03 1.692028134129941463e-03 2.681442711036652327e-04 3.590110645745880902e-05 5.130182034918107092e-05 1.905664685182273388e-04
1.643677358515560627e-03 1.502922968938946724e-03 2.409154840279370546e-04 2.401185884082224220e-05 3.918648144463077188e-05 1.578115625306963921e-04
2.426848746836185455e-03 1.934294356033205986e-03 2.417196665192022920e-04 3.269953231210820377e-05 4.787275247508659959e-05 2.303976070834323764e-04
3.332519438117742538e-03 3.591406624764204025e-03 2.584171597845852375e-04 3.517740333336405456e-05 4.987228021491318941e-05 4.861588822677731514e-04
2.289260737597942352e-03 1.747567672282457352e-03 2.659093297552317381e-04 2.920594306488055736e-05 4.886361421085894108e-05 1.734030811348930001e-04
1.762790605425834656e-03 1.793682924471795559e-03 2.810990263242274523e-04 3.385463787708431482e-05 5.031948239775374532e-05 1.564712292747572064e-04
2.177373040467500687e-03 1.904065837152302265e-03 2.830512821674346924e-04 4.185516081633977592e-05 5.258371675154194236e-05 1.837604650063440204e-04
3.795793512836098671e-03 3.540272824466228485e-03 2.631643146742135286e-04 4.004079164587892592e-05 4.792968684341758490e-05 2.852883480954915285e-04
2.089315326884388924e-03 1.757062156684696674e-03 2.662978949956595898e-04 4.135987182962708175e-05 4.133305264986120164e-05 1.991912286030128598e-04
2.207175828516483307e-03 1.910267281346023083e-03 2.254712017020210624e-04 3.458138962741941214e-05 3.302403638372197747e-05 1.875149173429235816e-04
1.924650277942419052e-03 2.255671191960573196e-03 2.412338799331337214e-04 3.532320624799467623e-05 3.581176861189305782e-05 1.860154152382165194e-04
2.062322804704308510e-03 2.162974327802658081e-03 2.608254435472190380e-04 3.886226113536395133e-05 4.508717029239051044e-05 2.168426872231066227e-04
1.822655205614864826e-03 2.430092776194214821e-03 2.491476479917764664e-04 3.494777411106042564e-05 4.396603981149382889e-05 2.123594022123143077e-04
1.709669129922986031e-03 2.438661875203251839e-03 2.589945506770163774e-04 3.341430783621035516e-05 4.617363811121322215e-05 1.562976540299132466e-04
1.656677806749939919e-03 2.625645603984594345e-03 2.590451913420110941e-04 3.796195596805773675e-05 3.155440208502113819e-05 1.804501953301951289e-04
2.443676115944981575e-03 6.154130678623914719e-03 2.465586876496672630e-04 3.159278639941476285e-05 3.881672091665677726e-05 2.743365766946226358e-04
1.857252675108611584e-03 2.421586541458964348e-03 2.720901393331587315e-04 3.603885124903172255e-05 4.677320976043120027e-05 1.785304484656080604e-04
2.171127358451485634e-03 9.646226651966571808e-03 2.536885731387883425e-04 4.008209361927583814e-05 4.878330582869239151e-05 2.755650493782013655e-04
1.758730621077120304e-03 2.318519167602062225e-03 2.997694828081876040e-04 4.250127676641568542e-05 5.390701335272751749e-05 1.760971208568662405e-04
1.806261949241161346e-03 1.801217091269791126e-03 2.825176343321800232e-04 3.156638558721169829e-05 5.197029167902655900e-05 1.783164188964292407e-04
1.831655856221914291e-03 1.744051696732640266e-03 2.684904029592871666e-04 2.468249658704735339e-05 4.922624793834984303e-05 1.918849884532392025e-04
2.074870979413390160e-03 2.383669372648000717e-03 2.760729112196713686e-04 3.824093801085837185e-05 4.966190681443549693e-05 2.484005817677825689e-04
1.757622230798006058e-03 1.857461757026612759e-03 2.866119029931724072e-04 4.219025868223980069e-05 4.939877180731855333e-05 1.792947587091475725e-04
1.901466981507837772e-03 2.264472888782620430e-03 2.837940701283514500e-04 4.242338036419823766e-05 5.126457472215406597e-05 2.121568832080811262e-04
1.672874670475721359e-03 2.094622235745191574e-03 2.560064021963626146e-04 3.357070818310603499e-05 4.680365600506775081e-05 2.011199539992958307e-04
1.814244664274156094e-03 1.886958139948546886e-03 2.753734588623046875e-04 4.303564492147415876e-05 4.516383341979235411e-05 1.592786429682746530e-04
1.603391254320740700e-03 2.355394884943962097e-03 2.925118315033614635e-04 5.220420280238613486e-05 4.805986827705055475e-05 1.832707057474181056e-04
1.214606221765279770e-03 2.175082685425877571e-03 2.800225338432937860e-04 5.165485708857886493e-05 4.764327604789286852e-05 1.528129650978371501e-04
1.529653207398951054e-03 2.103704027831554413e-03 2.652279217727482319e-04 4.276416075299493968e-05 4.407849701237864792e-05 1.751223317114636302e-04
1.527639804407954216e-03 2.401977311819791794e-03 2.658821758814156055e-04 4.129457011003978550e-05 4.345074194134213030e-05 1.821054756874218583e-04
1.800375524908304214e-03 2.328570000827312469e-03 2.713651920203119516e-04 4.094383621122688055e-05 4.533678657026030123e-05 2.098295080941170454e-04
1.230787136591970921e-03 2.033609896898269653e-03 2.547799667809158564e-04 4.205100049148313701e-05 3.935078348149545491e-05 1.779131125658750534e-04
1.309982384555041790e-03 1.945856725797057152e-03 2.722198551055043936e-04 4.480815550778061152e-05 4.642359999706968665e-05 1.404486392857506871e-04
1.447841641493141651e-03 2.830186625942587852e-03 2.684186038095504045e-04 3.707271389430388808e-05 4.449608240975067019e-05 2.668758097570389509e-04
1.299952855333685875e-03 2.062143292278051376e-03 2.785687102004885674e-04 3.428531272220425308e-05 4.664563675760291517e-05 1.936590124387294054e-04
1.439347048290073872e-03 2.216423861682415009e-03 2.494973014108836651e-04 4.114724652026779950e-05 4.777696085511706769e-05 2.356532932026311755e-04
1.260406454093754292e-03 1.700610038824379444e-03 2.902900741901248693e-04 4.460264972294680774e-05 3.902798198396340013e-05 1.356536668026819825e-04
