-2.820454537868499756e-03 7.056946307420730591e-02 2.172613603761419654e-04 2.460312971379607916e-04 -5.601322045549750328e-04 2.420104719931259751e-04
1.871583284810185432e-03 6.856994330883026123e-02 -2.533878432586789131e-04 -2.005016085604438558e-06 -3.929434751626104116e-04 1.840378681663423777e-04
1.010280684567987919e-03 6.034579873085021973e-02 3.272539761383086443e-04 5.158086059964261949e-05 4.895519232377409935e-04 3.871915396302938461e-05
1.852166373282670975e-03 5.481873825192451477e-02 6.501460302388295531e-05 2.039795072050765157e-04 6.232836749404668808e-04 -9.111790859606117010e-05
5.864357808604836464e-04 4.459752887487411499e-02 2.720552438404411077e-04 7.784421177348122001e-05 4.884155932813882828e-04 -2.505494630895555019e-04
1.152530545368790627e-03 3.965288028120994568e-02 1.183645144919864833e-05 1.764068438205868006e-04 2.049490431090816855e-04 7.971902232384309173e-05
-1.154525438323616982e-03 3.208585083484649658e-02 -1.063951276591978967e-04 2.570822834968566895e-04 -8.354635065188631415e-05 2.924029249697923660e-04
2.144806057913228869e-04 2.756644226610660553e-02 -2.587081980891525745e-04 2.098259865306317806e-04 -2.555938553996384144e-04 1.243557780981063843e-04
-1.163638313300907612e-03 2.574416808784008026e-02 -3.929544764105230570e-04 2.215011481894180179e-04 -2.679476747289299965e-04 9.904602484311908484e-05
3.226527478545904160e-03 1.674281433224678040e-02 -1.053372470778413117e-04 2.073686628136783838e-04 -4.033765799249522388e-05 -8.740392513573169708e-05
-1.844467595219612122e-03 2.099418267607688904e-02 -1.339156297035515308e-04 4.471951397135853767e-04 1.815333089325577021e-04 -1.540558878332376480e-04
-9.459531866014003754e-04 1.418317016214132309e-02 -2.794733445625752211e-04 8.725246880203485489e-04 5.131512443767860532e-05 1.198678437503986061e-04
-4.022017528768628836e-04 1.990094035863876343e-02 -9.609573171474039555e-04 6.340092513710260391e-04 1.217886747326701880e-04 3.733974008355289698e-04
3.640888491645455360e-03 2.862551622092723846e-02 2.048151363851502538e-04 -1.901805517263710499e-04 9.350693289889022708e-06 2.845495764631778002e-04
-1.866315025836229324e-03 3.183128312230110168e-02 6.716838106513023376e-05 -2.986620529554784298e-04 -6.379457045113667846e-05 -2.545946626923978329e-04
-1.548126601846888661e-04 3.448972105979919434e-02 -5.568251945078372955e-04 1.407704403391107917e-04 2.637190627865493298e-04 -2.614253025967627764e-04
3.622111864387989044e-03 4.336685314774513245e-02 -5.665723001584410667e-04 1.069251520675607026e-04 7.988345896592363715e-05 1.422961213393136859e-04
-1.252318383194506168e-03 4.561674967408180237e-02 -6.743954872945323586e-05 -7.287425978574901819e-05 -6.930347444722428918e-05 2.613321994431316853e-04
-8.348007686436176300e-04 5.025093629956245422e-02 6.566362571902573109e-04 3.843182639684528112e-05 2.804009418468922377e-04 1.946920529007911682e-04
-3.178404876962304115e-04 5.413332581520080566e-02 7.711068028584122658e-04 2.601140295155346394e-04 6.104523199610412121e-04 -4.125374543946236372e-04
5.457642488181591034e-03 6.042830273509025574e-02 -4.990771776647306979e-05 5.898603121750056744e-04 6.760092801414430141e-04 -2.958574914373457432e-04
2.127027371898293495e-03 6.650063395500183105e-02 1.028468483127653599e-03 7.457677274942398071e-04 8.239769376814365387e-04 -3.983599017374217510e-04
5.470754113048315048e-04 7.673798501491546631e-02 9.506543283350765705e-04 7.949114660732448101e-04 8.596351253800094128e-04 -3.903342440025880933e-05
6.274245679378509521e-03 9.669539332389831543e-02 1.489580376073718071e-03 2.464681456331163645e-04 8.075290243141353130e-04 3.927029320038855076e-04
3.002983052283525467e-03 1.090477555990219116e-01 1.964598894119262695e-03 -5.297418101690709591e-04 3.534099669195711613e-04 3.704019763972610235e-05
-2.366292290389537811e-03 1.248652413487434387e-01 9.711667080409824848e-04 -7.790716481395065784e-04 3.694187325891107321e-04 7.063600787660107017e-05
2.606882946565747261e-03 1.400060802698135376e-01 -1.740931416861712933e-03 -2.388349676039069891e-04 2.662678307387977839e-04 9.524002962280064821e-05
4.633426666259765625e-03 1.588164418935775757e-01 -1.642204122617840767e-03 7.155195635277777910e-05 -6.946675421204417944e-05 1.559556403663009405e-04
3.201307263225317001e-03 1.787937879562377930e-01 -1.362009323202073574e-03 1.254103699466213584e-04 -5.593237001448869705e-04 1.783459156285971403e-04
4.289678763598203659e-04 1.555133312940597534e-01 -1.844003330916166306e-03 9.720039088279008865e-05 -4.269233322702348232e-04 -2.357151242904365063e-05
-8.570286445319652557e-04 2.474786788225173950e-01 -7.828432135283946991e-04 2.355385950068011880e-04 -2.408126165391877294e-04 6.302854162640869617e-04
5.410099402070045471e-03 2.222772091627120972e-01 -2.649482339620590210e-03 4.437941970536485314e-05 1.116699604608584195e-05 7.586979190818965435e-04
1.176026649773120880e-03 2.447091490030288696e-01 -2.240535104647278786e-03 -2.273320424137637019e-04 4.758956492878496647e-05 -1.368113153148442507e-04
6.311875302344560623e-03 2.628607749938964844e-01 -2.153366804122924805e-03 4.781490861205384135e-05 5.456314538605511189e-04 -3.845693427138030529e-04
5.055272486060857773e-03 2.794184386730194092e-01 -1.047710655257105827e-03 5.040662945248186588e-04 8.114282391034066677e-04 -4.725912731373682618e-05
1.795182935893535614e-03 2.905445098876953125e-01 3.218950878363102674e-04 6.230479339137673378e-04 1.046848832629621029e-03 -2.240501198684796691e-04
1.199633814394474030e-02 3.061562180519104004e-01 -2.170674735680222511e-03 4.706963954959064722e-04 3.128697862848639488e-04 8.464694255962967873e-04
4.592818673700094223e-03 3.267437815666198730e-01 -2.001019660383462906e-03 -4.484072851482778788e-04 1.350280035694595426e-05 2.408985019428655505e-04
5.258370656520128250e-03 3.491955995559692383e-01 -1.092289341613650322e-03 -1.387450611218810081e-04 4.093678435310721397e-04 8.301359048346057534e-05
8.264860138297080994e-03 3.580675721168518066e-01 -1.955730142071843147e-03 3.525660722516477108e-04 -1.917806366691365838e-04 -1.832882699090987444e-04
2.669464331120252609e-03 3.531674742698669434e-01 -3.834412200376391411e-03 2.952205541078001261e-04 -2.769585698843002319e-04 -1.540957018733024597e-04
9.953594766557216644e-03 4.312539100646972656e-01 -3.646862227469682693e-03 -6.601625500479713082e-05 3.569234686437994242e-04 -4.821642069146037102e-04
2.499893307685852051e-03 4.093298912048339844e-01 -3.097683424130082130e-03 -8.724375948077067733e-05 2.965181483887135983e-04 -2.001382235903292894e-04
4.333638586103916168e-03 4.280375242233276367e-01 -2.206691773608326912e-03 1.058258349075913429e-03 3.230867441743612289e-04 -3.928648075088858604e-04
7.209478411823511124e-03 4.010430872440338135e-01 -1.828106003813445568e-03 1.640034024603664875e-03 -1.899637572932988405e-04 -3.362747665960341692e-04
6.695013027638196945e-03 4.547304809093475342e-01 -4.719545249827206135e-04 1.123744063079357147e-03 -7.170980679802596569e-04 7.395744323730468750e-04
3.577505238354206085e-03 5.028404593467712402e-01 -4.702784935943782330e-04 9.336876682937145233e-04 -7.849413086660206318e-04 1.353823317913338542e-04
8.738556876778602600e-03 4.809289276599884033e-01 -3.389479825273156166e-03 1.573424437083303928e-03 -1.653677434660494328e-03 -4.517153138294816017e-04
-3.220088547095656395e-03 4.921759963035583496e-01 -1.686645438894629478e-03 9.835954988375306129e-04 -3.801985410973429680e-03 -9.362589335069060326e-04
1.963724615052342415e-03 4.070447981357574463e-01 -5.462420172989368439e-03 1.359079615212976933e-03 -2.809878438711166382e-03 -3.194411983713507652e-04
1.072828005999326706e-02 5.678734183311462402e-01 -8.641137741506099701e-03 -8.226284990087151527e-04 -2.191457431763410568e-03 8.803178934613242745e-05
1.236685831099748611e-02 5.778677463531494141e-01 -7.835509255528450012e-03 -1.289846259169280529e-03 7.367442594841122627e-05 -6.642005755566060543e-04
1.443565823137760162e-02 4.419263601303100586e-01 -8.144428022205829620e-03 -1.620759838260710239e-03 2.393923001363873482e-03 -1.044675591401755810e-03
1.853676885366439819e-02 6.549080610275268555e-01 4.086861736141145229e-05 4.415272269397974014e-04 2.802991075441241264e-03 -1.154336147010326385e-03
7.045248057693243027e-03 5.056053996086120605e-01 -9.928864892572164536e-04 1.007225830107927322e-03 -2.133548492565751076e-03 -5.186383496038615704e-04
-2.405920764431357384e-03 5.817925930023193359e-01 -1.883740478660911322e-04 -4.392849805299192667e-04 -4.645407665520906448e-03 -1.723830355331301689e-03
1.723223365843296051e-03 5.740019083023071289e-01 -3.263264428824186325e-03 -1.208680332638323307e-03 -4.812953062355518341e-03 -5.002654506824910641e-04
6.119541823863983154e-03 5.972672700881958008e-01 -9.850365109741687775e-03 -6.029827054589986801e-04 -2.790630795061588287e-03 1.407546078553423285e-04
1.045899093151092529e-02 6.069108247756958008e-01 -9.696774184703826904e-03 -1.021728035993874073e-03 -1.715847873128950596e-03 2.940378617495298386e-04
1.743643358349800110e-02 5.604801774024963379e-01 -9.611912071704864502e-03 -2.722651232033967972e-03 1.136855920776724815e-03 -6.830303464084863663e-04
2.236576564610004425e-02 7.105942964553833008e-01 -1.092148828320205212e-03 -3.447023918852210045e-03 3.358377609401941299e-03 -1.947722164914011955e-03
1.108672004193067551e-02 6.321332454681396484e-01 1.092597143724560738e-03 -3.074218519032001495e-03 2.561776433140039444e-03 -2.787695964798331261e-03
3.162774490192532539e-03 6.736896038055419922e-01 -1.294911839067935944e-03 -7.823036867193877697e-04 -2.533388556912541389e-03 -1.011932385154068470e-03
3.862851066514849663e-03 6.270790100097656250e-01 -2.997353440150618553e-03 -5.886736907996237278e-04 -3.705697599798440933e-03 -1.316508511081337929e-03
1.385203003883361816e-02 6.714388728141784668e-01 -5.467144306749105453e-03 -1.038221875205636024e-03 -8.141842554323375225e-04 -1.620704191736876965e-03
2.580339647829532623e-02 6.843120455741882324e-01 -5.589624401181936264e-03 -1.534803421236574650e-03 4.276884719729423523e-03 -1.372430706396698952e-03
5.629277974367141724e-02 7.210996150970458984e-01 -4.741855897009372711e-03 8.063450804911553860e-04 5.894324742257595062e-03 -8.597480133175849915e-03
2.531099133193492889e-02 6.910367012023925781e-01 4.932261654175817966e-04 1.345385448075830936e-03 3.243096638470888138e-03 -1.593704801052808762e-03
1.704319939017295837e-02 6.976174116134643555e-01 4.420067649334669113e-03 9.245347464457154274e-04 -1.380813075229525566e-03 -1.217181561514735222e-03
7.989357691258192062e-04 6.250569820404052734e-01 -2.648449968546628952e-03 3.562876489013433456e-03 -4.028156865388154984e-03 -5.210528615862131119e-04
3.514868766069412231e-02 5.319004654884338379e-01 -8.917084895074367523e-03 2.116681542247533798e-03 -4.549712408334016800e-03 1.602348522283136845e-03
1.402981765568256378e-02 7.122230529785156250e-01 -8.957369253039360046e-03 -4.594242200255393982e-04 1.555545255541801453e-03 2.773527230601757765e-04
2.781703136861324310e-02 6.524233818054199219e-01 -3.619031282141804695e-03 -4.874258302152156830e-03 5.553013645112514496e-03 -6.802541902288794518e-04
3.001137636601924896e-02 8.065842390060424805e-01 1.727359252981841564e-03 -1.978852553293108940e-03 4.842659924179315567e-03 -6.866284529678523540e-04
4.811156541109085083e-03 7.321757674217224121e-01 1.418878906406462193e-03 8.107378380373120308e-04 -3.878549323417246342e-04 -3.926239442080259323e-04
3.502682317048311234e-03 7.505601644515991211e-01 -3.147820010781288147e-03 2.315633464604616165e-03 -4.294425249099731445e-03 -1.568887499161064625e-03
-1.836217707023024559e-03 7.336241006851196289e-01 -2.845113631337881088e-03 7.933647138997912407e-04 -4.533498547971248627e-03 7.179258391261100769e-04
9.247906506061553955e-03 7.488548159599304199e-01 -3.315461101010441780e-03 -1.831139437854290009e-03 -1.584120676852762699e-03 1.309701008722186089e-03
2.179674804210662842e-02 7.691317200660705566e-01 -3.922190982848405838e-03 -4.381851758807897568e-03 2.661150414496660233e-03 -1.832317357184365392e-04
1.820044219493865967e-02 6.787856817245483398e-01 -3.694832324981689453e-03 -3.375880653038620949e-03 3.198802471160888672e-03 -1.233250601217150688e-03
-1.141641940921545029e-02 6.207739114761352539e-01 -2.310116542503237724e-03 -3.492476535029709339e-04 1.083025243133306503e-03 1.118239481002092361e-03
5.895756185054779053e-03 7.511868476867675781e-01 8.421568199992179871e-04 1.511537848273292184e-04 -1.450897892937064171e-03 2.748139086179435253e-04
3.357287496328353882e-03 7.786671519279479980e-01 2.932797651737928391e-03 3.769949398702010512e-05 -1.638795365579426289e-03 6.772000342607498169e-04
1.558374240994453430e-02 7.109463214874267578e-01 -3.511349204927682877e-03 5.096906679682433605e-04 9.222517255693674088e-04 1.997716026380658150e-03
1.775546744465827942e-02 7.497104406356811523e-01 -2.550807315856218338e-03 2.737697795964777470e-04 1.947572804056107998e-03 1.429146868758834898e-05
2.964251488447189331e-02 7.960234880447387695e-01 -4.352486284915357828e-04 3.022723249159753323e-04 1.663875649683177471e-03 -3.763241693377494812e-03
1.409911178052425385e-02 7.517843842506408691e-01 1.567616011016070843e-03 -1.339476439170539379e-04 -5.865595303475856781e-04 8.844441617839038372e-05
7.496499922126531601e-03 7.621558308601379395e-01 1.957679865881800652e-03 8.994910167530179024e-04 -2.534139901399612427e-03 1.800181780708953738e-05
-1.467288006097078323e-03 7.475367784500122070e-01 -1.376488595269620419e-03 4.167732317000627518e-03 -2.600556937977671623e-03 4.264911985956132412e-04
1.318542286753654480e-02 6.814666390419006348e-01 -5.304811522364616394e-03 4.035028163343667984e-03 -2.613727701827883720e-04 -7.399352034553885460e-04
1.668990589678287506e-02 8.331751823425292969e-01 -3.328896418679505587e-04 -3.938571899197995663e-04 1.167538925074040890e-03 2.996771363541483879e-04
1.799253933131694794e-02 7.680925130844116211e-01 -8.362585678696632385e-03 -3.568311803974211216e-04 -1.365228206850588322e-03 3.634070162661373615e-05
5.702618509531021118e-03 6.819357872009277344e-01 -5.577052477747201920e-03 -1.380458241328597069e-03 -2.732624765485525131e-03 9.133665589615702629e-04
8.185652084648609161e-03 8.408856987953186035e-01 3.454523626714944839e-03 -3.327181097120046616e-03 -2.826309530064463615e-03 9.685833938419818878e-04
1.143354177474975586e-02 7.635455727577209473e-01 -2.411711029708385468e-03 -2.893317490816116333e-03 -7.799827726557850838e-04 1.175649376818910241e-04
9.576619602739810944e-03 7.654497027397155762e-01 -4.970377776771783829e-03 -6.722611142322421074e-04 1.471586292609572411e-03 5.192387034185230732e-04
1.727594062685966492e-02 7.601199746131896973e-01 -7.906817831099033356e-03 -6.616503233090043068e-04 1.832171692512929440e-03 -1.135604456067085266e-03
1.792375557124614716e-02 7.609364390373229980e-01 -3.348649013787508011e-03 -3.178222570568323135e-03 2.468932420015335083e-03 -3.857276751659810543e-04
8.583503775298595428e-03 7.800280451774597168e-01 2.687967615202069283e-03 -2.090418944135308266e-03 -5.202195607125759125e-04 -1.679639331996440887e-03
-2.596138743683695793e-03 6.713360548019409180e-01 4.122260957956314087e-03 2.211239654570817947e-03 -2.389887580648064613e-03 8.986063767224550247e-04
