5.419773515313863754e-03 3.368079066276550293e-01 -1.187124662101268768e-02 5.715950392186641693e-03 5.371716688387095928e-04 -1.947789452970027924e-03
3.258028998970985413e-02 3.463278412818908691e-01 -7.669755071401596069e-02 8.091453462839126587e-03 3.735621692612767220e-03 -2.615322824567556381e-03
4.982576519250869751e-02 4.068445265293121338e-01 -6.834034621715545654e-02 -5.760279484093189240e-03 -1.633499003946781158e-02 8.618781343102455139e-03
2.475710958242416382e-02 4.494039416313171387e-01 1.295163482427597046e-01 -9.756586514413356781e-03 7.278423756361007690e-03 3.761940170079469681e-03
3.436929732561111450e-02 3.891106545925140381e-01 5.661839991807937622e-02 -2.582311164587736130e-03 -1.533503178507089615e-03 1.603584270924329758e-03
6.392253935337066650e-02 3.080329298973083496e-01 -5.914415046572685242e-02 9.450662881135940552e-03 6.123419734649360180e-04 4.936730489134788513e-03
-2.732568420469760895e-02 4.470638632774353027e-01 9.928000718355178833e-02 -5.618268623948097229e-03 4.464642610400915146e-03 1.567234401591122150e-03
5.173533409833908081e-02 2.768322229385375977e-01 -9.906204044818878174e-02 2.707058098167181015e-03 5.287756677716970444e-03 1.037414767779409885e-03
4.669883847236633301e-02 3.299225270748138428e-01 -1.121277920901775360e-02 -1.245894748717546463e-02 8.149154018610715866e-04 -3.740447573363780975e-03
4.725169017910957336e-02 3.455023169517517090e-01 -3.893231600522994995e-02 -1.469877897761762142e-04 -9.449560195207595825e-03 5.788149312138557434e-03
2.388167940080165863e-02 3.412643671035766602e-01 1.635815948247909546e-03 -1.382580958306789398e-04 -1.777776284143328667e-03 3.711996832862496376e-03
4.936068505048751831e-02 2.314101308584213257e-01 -9.096886217594146729e-02 3.025245154276490211e-03 -8.664642460644245148e-03 8.051356300711631775e-03
8.464284241199493408e-02 2.334837913513183594e-01 -9.460974484682083130e-02 2.359888982027769089e-03 4.697182215750217438e-03 5.403448361903429031e-03
5.288554728031158447e-02 3.237136900424957275e-01 -4.279326647520065308e-02 5.735158920288085938e-04 -5.509613081812858582e-03 6.603714078664779663e-03
2.576189860701560974e-02 2.733727693557739258e-01 7.319112773984670639e-03 -2.425796119496226311e-03 5.765929818153381348e-03 -2.409399457974359393e-04
7.649855315685272217e-02 2.765640318393707275e-01 -4.634451866149902344e-02 1.617358997464179993e-03 8.187584578990936279e-03 -3.543653991073369980e-03
6.910425424575805664e-02 2.455011159181594849e-01 -5.323756113648414612e-02 5.801572464406490326e-03 1.119316555559635162e-02 -2.295264042913913727e-03
5.846320837736129761e-02 2.178932726383209229e-01 2.672840282320976257e-02 5.005624843761324883e-04 -3.479187376797199249e-03 8.850002661347389221e-03
4.218606045469641685e-04 2.041195631027221680e-01 -2.863081917166709900e-02 4.073454067111015320e-03 -3.466650843620300293e-03 -1.316328416578471661e-04
4.355354234576225281e-02 2.548178732395172119e-01 -9.635250270366668701e-02 3.967330325394868851e-03 -6.058282218873500824e-03 -3.826140309683978558e-04
3.947308659553527832e-02 2.115518003702163696e-01 -2.415446564555168152e-02 6.703935097903013229e-03 -2.844320610165596008e-03 -1.919522881507873535e-03
1.001121103763580322e-02 3.130052387714385986e-01 -2.475838363170623779e-02 1.034055021591484547e-04 5.127972457557916641e-03 3.600471653044223785e-03
1.694510132074356079e-02 3.029499650001525879e-01 -8.344061672687530518e-03 -1.475920085795223713e-03 4.116958472877740860e-03 -2.445098944008350372e-03
4.294131696224212646e-02 1.850080937147140503e-01 1.336880773305892944e-02 -3.010604996234178543e-03 6.413934752345085144e-03 -1.742485212162137032e-03
1.235188357532024384e-02 2.448593676090240479e-01 6.452103704214096069e-02 1.886421442031860352e-02 -5.144534632563591003e-03 8.359925821423530579e-03
4.657488316297531128e-02 2.770054936408996582e-01 9.050117805600166321e-03 -6.174666341394186020e-04 2.204004675149917603e-03 -4.174423869699239731e-03
-4.348569549620151520e-03 2.715612351894378662e-01 1.274850219488143921e-02 -4.789424128830432892e-03 4.292523954063653946e-04 -2.103194128721952438e-03
1.261859294027090073e-02 2.292420268058776855e-01 -3.315169364213943481e-02 5.581076256930828094e-03 8.180571720004081726e-03 -9.072087705135345459e-03
9.424298070371150970e-03 3.085182607173919678e-01 2.970949932932853699e-02 -6.178038194775581360e-03 3.370403777807950974e-03 -7.091110572218894958e-03
3.602600842714309692e-02 2.388985455036163330e-01 -4.132169485092163086e-02 -1.823604106903076172e-03 -3.583395620808005333e-03 -5.053690983913838863e-05
5.407472141087055206e-03 2.796832621097564697e-01 -5.051952227950096130e-02 3.926851786673069000e-03 -4.231956321746110916e-03 7.253370713442564011e-04
9.681564755737781525e-03 2.748116254806518555e-01 2.625129185616970062e-02 2.270276658236980438e-03 -3.327514568809419870e-04 -7.957230554893612862e-04
1.101225055754184723e-02 1.770475059747695923e-01 -1.493291556835174561e-02 3.442370565608143806e-03 -5.398803856223821640e-03 1.075635664165019989e-03
5.428857170045375824e-03 2.996453344821929932e-01 -1.763275712728500366e-01 -8.179376833140850067e-03 7.358618080615997314e-03 -8.990586502477526665e-04
2.340225502848625183e-02 2.575603425502777100e-01 9.395265579223632812e-02 7.632351480424404144e-03 -1.336188614368438721e-02 2.951750997453927994e-03
7.498891092836856842e-03 2.122035771608352661e-01 6.022318731993436813e-03 2.450169064104557037e-03 -1.605820260010659695e-03 1.269515138119459152e-03
1.123070903122425079e-02 2.343736290931701660e-01 5.308924242854118347e-02 1.810704707168042660e-03 -4.814924672245979309e-03 -4.960544174537062645e-04
1.537464931607246399e-02 1.981502026319503784e-01 -2.926010638475418091e-03 -1.909560523927211761e-05 -8.474410278722643852e-04 -5.219324957579374313e-04
5.657356232404708862e-02 2.251890897750854492e-01 -8.987654000520706177e-02 1.252421271055936813e-02 1.291638426482677460e-02 -3.192127915099263191e-04
1.440619397908449173e-02 1.989279538393020630e-01 4.486875608563423157e-02 3.694374754559248686e-04 -4.735468886792659760e-03 -5.166254704818129539e-04
1.872901991009712219e-02 1.912939101457595825e-01 -2.212149463593959808e-02 1.365081756375730038e-03 2.288278425112366676e-03 -1.210306654684245586e-04
2.859690599143505096e-02 1.546944379806518555e-01 -1.107256859540939331e-03 -6.205183453857898712e-04 -2.439180854707956314e-03 -8.904095739126205444e-04
1.184524409472942352e-02 3.439687192440032959e-03 -8.052751421928405762e-02 -8.104531094431877136e-03 -1.380700734443962574e-03 -3.590118139982223511e-04
1.979639753699302673e-02 1.829331219196319580e-01 8.580224215984344482e-02 8.294292492792010307e-04 -4.440919496119022369e-03 4.972404567524790764e-04
1.075438689440488815e-02 2.113256603479385376e-01 -4.133999347686767578e-03 -8.335752412676811218e-03 -1.744531909935176373e-03 -6.799504626542329788e-05
3.215691819787025452e-02 2.193416953086853027e-01 9.178684651851654053e-02 -1.086657308042049408e-02 -3.216356504708528519e-03 -6.295997882261872292e-04
7.846833206713199615e-03 4.399419948458671570e-02 -4.265546426177024841e-02 3.870015963912010193e-03 5.464815767481923103e-04 -1.167682348750531673e-03
2.634913101792335510e-02 9.690491110086441040e-02 -6.401745975017547607e-02 1.142194960266351700e-03 2.980885328724980354e-03 -2.621466293931007385e-03
3.083136677742004395e-02 3.605458140373229980e-02 -6.700927764177322388e-02 -1.453025732189416885e-02 -1.740412972867488861e-02 1.689530909061431885e-03
2.452390827238559723e-02 1.711793690919876099e-01 -5.722928047180175781e-02 -2.757922559976577759e-02 -1.907955110073089600e-02 1.007272279821336269e-03
6.779671180993318558e-03 1.355311572551727295e-01 -2.760779857635498047e-02 -2.314234524965286255e-02 -4.994696937501430511e-03 -1.345147495158016682e-03
5.881018936634063721e-03 4.314017668366432190e-02 2.022007293999195099e-02 -2.104212180711328983e-04 -3.817232500296086073e-04 -2.068969421088695526e-03
1.824399642646312714e-02 7.537252455949783325e-02 -1.711751893162727356e-02 -3.834904171526432037e-03 1.093991450034081936e-03 -8.438839577138423920e-04
2.458272501826286316e-02 -7.733896374702453613e-02 8.913539350032806396e-03 1.733117969706654549e-03 1.274679321795701981e-03 -1.023131422698497772e-03
3.413388133049011230e-02 7.490406185388565063e-02 6.390117853879928589e-02 -2.345834509469568729e-04 1.415178994648158550e-03 -1.576333190314471722e-03
2.759123034775257111e-02 1.125606447458267212e-01 2.823312580585479736e-02 -2.002971014007925987e-03 -1.366370706818997860e-03 -9.672921150922775269e-04
3.833069279789924622e-02 -1.453144010156393051e-02 -8.959234505891799927e-02 3.246848005801439285e-03 -3.363465657457709312e-05 -1.030746498145163059e-03
3.837048262357711792e-02 2.826751396059989929e-02 -3.634817898273468018e-02 -7.261183112859725952e-03 -6.896215490996837616e-03 -6.227170815691351891e-04
1.492893230170011520e-02 1.080703586339950562e-01 2.992906048893928528e-02 -7.156611420214176178e-03 -4.795003042090684175e-04 -9.397761314176023006e-04
-7.715914398431777954e-05 3.857874870300292969e-02 8.041110634803771973e-02 -1.513733249157667160e-02 -1.238761702552437782e-03 -4.960827063769102097e-04
1.464487984776496887e-02 1.546715945005416870e-01 5.301223322749137878e-02 -4.239161498844623566e-03 8.508198894560337067e-03 -2.070353948511183262e-04
1.610741950571537018e-02 8.025514893233776093e-03 3.201823681592941284e-02 -8.092428324744105339e-04 6.155657116323709488e-03 -1.436436781659722328e-03
3.080812655389308929e-02 2.402674853801727295e-01 1.916521638631820679e-01 6.590456701815128326e-03 1.134211197495460510e-03 -8.007868309505283833e-04
1.853128150105476379e-02 2.235212475061416626e-01 1.058526635169982910e-01 7.637549424543976784e-04 5.315147340297698975e-03 -4.076368932146579027e-04
4.698766767978668213e-02 3.094458281993865967e-01 1.556669771671295166e-01 6.034201476722955704e-03 2.319568768143653870e-03 -4.270733334124088287e-03
1.261773239821195602e-02 9.396494925022125244e-02 -6.160581484436988831e-03 -3.750710748136043549e-03 6.562271155416965485e-04 -2.493524923920631409e-03
9.350748732686042786e-04 1.735290139913558960e-02 -4.889517091214656830e-03 -1.376633998006582260e-03 -3.990045515820384026e-04 -9.149593533948063850e-04
1.957175508141517639e-02 7.760546356439590454e-02 2.099792473018169403e-02 -1.280372031033039093e-03 3.411842510104179382e-03 4.113637842237949371e-04
2.348939888179302216e-02 -2.721571363508701324e-03 -1.386126875877380371e-02 -1.693712314590811729e-03 -5.873388727195560932e-05 -3.159724292345345020e-04
3.151398152112960815e-02 4.560822248458862305e-02 1.391573343425989151e-02 -3.327246755361557007e-03 1.010430324822664261e-02 -2.175177913159132004e-03
3.347527608275413513e-02 3.471217304468154907e-02 -7.935917377471923828e-02 -1.978983543813228607e-02 -4.080174956470727921e-03 -2.003983827307820320e-03
2.166839689016342163e-02 3.277070447802543640e-02 -5.371055752038955688e-02 -4.803785588592290878e-03 -6.640161387622356415e-03 -2.967968117445707321e-03
1.506646070629358292e-02 4.260487109422683716e-02 1.686833985149860382e-02 1.162128872238099575e-03 1.175519428215920925e-03 -1.270788954570889473e-03
1.231676712632179260e-02 4.459902271628379822e-02 3.193667903542518616e-02 1.106976065784692764e-03 1.585982856340706348e-03 -5.537949618883430958e-04
1.589943841099739075e-02 4.473252221941947937e-02 1.594704948365688324e-02 -7.653604261577129364e-04 -3.353797597810626030e-03 2.384127001278102398e-04
2.209851890802383423e-02 1.898927614092826843e-02 4.101818054914474487e-02 2.959656063467264175e-03 5.222558975219726562e-03 -3.702116664499044418e-04
2.115834876894950867e-02 5.500669404864311218e-02 -2.485130354762077332e-02 -6.427251733839511871e-03 -5.434941966086626053e-03 -1.263049547560513020e-03
2.199826389551162720e-02 1.444164477288722992e-02 3.343062102794647217e-02 3.221821039915084839e-03 4.030188545584678650e-03 -6.468791980296373367e-04
3.939116373658180237e-02 8.575344085693359375e-02 7.469212263822555542e-02 3.932397812604904175e-03 8.248380385339260101e-03 6.507243961095809937e-04
1.674435660243034363e-02 1.137486919760704041e-01 -2.900424972176551819e-02 -4.190731327980756760e-03 2.996223047375679016e-03 -4.531036131083965302e-03
1.968343183398246765e-02 1.191144436597824097e-01 1.901960559189319611e-02 -7.900921045802533627e-04 4.095134325325489044e-03 -1.401806483045220375e-03
1.718258112668991089e-02 8.247829228639602661e-02 3.596105612814426422e-03 -8.324551163241267204e-04 5.332509987056255341e-03 -1.820488832890987396e-03
2.318665757775306702e-02 1.709589213132858276e-01 3.664478659629821777e-02 -4.772371030412614346e-04 -1.513977069407701492e-03 -1.139338011853396893e-03
2.560137026011943817e-02 8.614556491374969482e-02 1.186595670878887177e-02 2.489101607352495193e-03 3.798183461185544729e-04 -9.482920868322253227e-04
2.954775467514991760e-02 1.632283180952072144e-01 -1.140868756920099258e-02 -4.615471232682466507e-03 2.297614933922886848e-03 -1.042131683789193630e-03
1.735367253422737122e-02 2.251388877630233765e-01 4.146267473697662354e-02 1.731571101117879152e-04 4.469346720725297928e-03 -7.322221645154058933e-04
3.565197438001632690e-02 2.295033335685729980e-01 2.443787455558776855e-02 2.970840083435177803e-03 2.015806734561920166e-02 -1.801329315640032291e-03
-2.498990856111049652e-03 1.892541348934173584e-01 -1.474418397992849350e-02 2.523091388866305351e-03 2.293537138029932976e-03 -3.031854983419179916e-03
5.926652811467647552e-03 4.678471386432647705e-01 6.354684382677078247e-02 3.498133155517280102e-04 1.858258037827908993e-04 -9.885906241834163666e-03
2.408255636692047119e-02 2.164941132068634033e-01 -8.866959810256958008e-02 -2.011824212968349457e-02 -1.437224633991718292e-02 2.585394540801644325e-04
2.613196894526481628e-02 1.998669803142547607e-01 -4.276755824685096741e-02 3.047582926228642464e-03 -8.512653410434722900e-03 3.577610477805137634e-04
3.401938825845718384e-02 2.460652887821197510e-01 -1.435664892196655273e-01 2.492381259799003601e-02 -8.903064765036106110e-03 -5.625886842608451843e-04
3.012833930552005768e-02 3.085360229015350342e-01 2.255664765834808350e-01 3.901130519807338715e-03 3.442201018333435059e-02 1.825949409976601601e-03
1.816902495920658112e-02 3.692707419395446777e-01 3.765438869595527649e-02 4.605738446116447449e-03 6.265513598918914795e-03 -3.465078771114349365e-05
2.789828367531299591e-02 5.174996256828308105e-01 6.881785392761230469e-02 -8.763830177485942841e-03 5.340352654457092285e-03 -1.169167831540107727e-02
4.576581716537475586e-02 3.439378440380096436e-01 -5.225595086812973022e-02 -1.086810603737831116e-02 -8.074878714978694916e-03 6.159016862511634827e-03
3.104119002819061279e-02 4.345071017742156982e-01 -3.007311839610338211e-03 2.564150840044021606e-03 1.588305167388170958e-04 6.914213299751281738e-04
2.488279342651367188e-02 3.824819624423980713e-01 -1.760503277182579041e-02 -3.792723873630166054e-03 -2.468606224283576012e-03 3.864915343001484871e-04
3.272606804966926575e-02 4.292630255222320557e-01 -2.571851946413516998e-02 -2.379133831709623337e-03 -1.272667432203888893e-03 2.095437375828623772e-04
4.261074215173721313e-02 3.884765207767486572e-01 1.265336573123931885e-02 -9.813006035983562469e-04 2.872932935133576393e-03 1.432821038179099560e-03
