2.473177155479788780e-03 3.331403480842709541e-03 2.370110247284173965e-03 3.424944006837904453e-04 2.740701020229607821e-04 2.713214780669659376e-04
3.070378443226218224e-03 3.301631426438689232e-03 2.232960425317287445e-03 3.635841421782970428e-04 2.741462667472660542e-04 3.164039226248860359e-04
3.093533683568239212e-03 3.153964644297957420e-03 1.747395959682762623e-03 3.348186146467924118e-04 2.222648035967722535e-04 3.496139543130993843e-04
2.575261984020471573e-03 3.364443546161055565e-03 1.872362918220460415e-03 3.522141487337648869e-04 2.403490652795881033e-04 3.328608872834593058e-04
2.743155928328633308e-03 3.200887236744165421e-03 2.238309010863304138e-03 3.097614971920847893e-04 2.519315457902848721e-04 2.374117611907422543e-04
3.215897362679243088e-03 2.927687484771013260e-03 1.767985173501074314e-03 3.136997693218290806e-04 2.210302627645432949e-04 2.946399908978492022e-04
3.685240866616368294e-03 3.267860272899270058e-03 2.257351530715823174e-03 2.919661346822977066e-04 2.732896246016025543e-04 3.206884139217436314e-04
3.078211331740021706e-03 2.740032505244016647e-03 1.620860770344734192e-03 2.722318749874830246e-04 2.096783573506399989e-04 3.064779157284647226e-04
3.229906316846609116e-03 2.709484659135341644e-03 1.755324774421751499e-03 2.620780433062463999e-04 2.136740076821297407e-04 3.005409962497651577e-04
2.614301629364490509e-03 2.749494975432753563e-03 1.866191392764449120e-03 2.848004514817148447e-04 2.316042518941685557e-04 2.891985059250146151e-04
3.158904844895005226e-03 3.071187296882271767e-03 2.250141929835081100e-03 2.931458002422004938e-04 2.818971115630120039e-04 3.033237881027162075e-04
3.586314618587493896e-03 2.881058724597096443e-03 1.698042848147451878e-03 2.458225935697555542e-04 2.039824175881221890e-04 2.801488153636455536e-04
2.782816998660564423e-03 2.725995611399412155e-03 1.799536286853253841e-03 2.175005793105810881e-04 2.396468771621584892e-04 2.558771811891347170e-04
3.042474621906876564e-03 3.075600601732730865e-03 2.281653694808483124e-03 1.998946390813216567e-04 2.298775652889162302e-04 2.822444948833435774e-04
2.964903134852647781e-03 2.801976632326841354e-03 2.371457638218998909e-03 2.961507416330277920e-04 3.487235517241060734e-04 2.530815254431217909e-04
3.763088025152683258e-03 2.907865215092897415e-03 2.247971482574939728e-03 3.083214978687465191e-04 3.038316208403557539e-04 3.533877024892717600e-04
3.691825317218899727e-03 3.282099962234497070e-03 2.468167338520288467e-03 2.895267389249056578e-04 2.923207648564130068e-04 3.319576208014041185e-04
2.357220044359564781e-03 2.858591498807072639e-03 2.353502903133630753e-03 2.920921833720058203e-04 2.844023110810667276e-04 2.889407041948288679e-04
2.592311473563313484e-03 3.241030033677816391e-03 2.013532677665352821e-03 3.006197221111506224e-04 2.657966979313641787e-04 2.746231621131300926e-04
3.696514759212732315e-03 3.349542384967207909e-03 1.830685883760452271e-03 2.581684675533324480e-04 2.278631582157686353e-04 3.167505492456257343e-04
2.828593598678708076e-03 2.913279458880424500e-03 1.928138663060963154e-03 3.043223114218562841e-04 2.208696096204221249e-04 3.023824247065931559e-04
3.081612521782517433e-03 2.680856036022305489e-03 2.508885925635695457e-03 2.699028118513524532e-04 2.720900520216673613e-04 2.865216229110956192e-04
3.349005244672298431e-03 3.451458411291241646e-03 2.170310588553547859e-03 2.343226660741493106e-04 2.328448754269629717e-04 2.036358928307890892e-04
2.670224756002426147e-03 3.138509346172213554e-03 2.300950000062584877e-03 2.683860948309302330e-04 2.470432373229414225e-04 2.084611624013632536e-04
3.097587730735540390e-03 3.165583824738860130e-03 2.288483083248138428e-03 2.670597168616950512e-04 2.791418519336730242e-04 3.318340168334543705e-04
2.865219255909323692e-03 3.342088777571916580e-03 1.925608725287020206e-03 2.366928238188847899e-04 2.264620270580053329e-04 3.093127161264419556e-04
2.660392317920923233e-03 2.736272290349006653e-03 2.174728317186236382e-03 2.796043117996305227e-04 2.682585036382079124e-04 2.978853008244186640e-04
3.337721107527613640e-03 3.346490673720836639e-03 2.250210149213671684e-03 2.509465266484767199e-04 2.662692277226597071e-04 3.126971132587641478e-04
2.759708790108561516e-03 2.611574949696660042e-03 2.361885504797101021e-03 3.025289624929428101e-04 2.831208694260567427e-04 2.765764074865728617e-04
2.147891093045473099e-03 3.944760188460350037e-03 1.558500691317021847e-03 2.332433941774070263e-04 2.054779470199719071e-04 1.917014160426333547e-04
2.196187851950526237e-03 3.269207431003451347e-03 1.597673282958567142e-03 2.329587587155401707e-04 2.167866769013926387e-04 1.692164369160309434e-04
2.175362315028905869e-03 3.023129189386963844e-03 2.217642730101943016e-03 2.495723892934620380e-04 2.591538359411060810e-04 1.714745449135079980e-04
2.516417298465967178e-03 2.621953841298818588e-03 1.662068534642457962e-03 2.144144236808642745e-04 2.098070108331739902e-04 1.539236836833879352e-04
2.157784299924969673e-03 2.867117524147033691e-03 1.760106300935149193e-03 2.521233691368252039e-04 2.328531991224735975e-04 1.662861468503251672e-04
1.764686079695820808e-03 3.652736777439713478e-03 2.369603374972939491e-03 3.298385418020188808e-04 3.322788106743246317e-04 1.666176103753969073e-04
2.105172257870435715e-03 3.436995437368750572e-03 2.252195961773395538e-03 2.696300798561424017e-04 2.583783061709254980e-04 1.409655378665775061e-04
1.784155843779444695e-03 2.413438167423009872e-03 2.268949523568153381e-03 2.461315307300537825e-04 2.643495681695640087e-04 1.298124116146937013e-04
1.600197399966418743e-03 3.031395142897963524e-03 2.270189579576253891e-03 2.922566200140863657e-04 2.506137825548648834e-04 1.477248442824929953e-04
2.019273815676569939e-03 2.928671194240450859e-03 2.662451937794685364e-03 3.188883129041641951e-04 3.141903725918382406e-04 1.573903136886656284e-04
2.226566197350621223e-03 2.579948399215936661e-03 2.041256986558437347e-03 2.893225173465907574e-04 2.669454261194914579e-04 1.985023118322715163e-04
2.242262708023190498e-03 3.578569507226347923e-03 2.388868480920791626e-03 2.721042546909302473e-04 2.600499137770384550e-04 1.925812539411708713e-04
1.700736465863883495e-03 2.597789745777845383e-03 2.111282432451844215e-03 2.523503790143877268e-04 2.279577893204987049e-04 1.634141808608546853e-04
2.035360550507903099e-03 2.719827461987733841e-03 2.426188904792070389e-03 2.842859539669007063e-04 2.761027135420590639e-04 1.773330004652962089e-04
2.207466633990406990e-03 2.829604549333453178e-03 2.502162009477615356e-03 3.221113875042647123e-04 2.849072334356606007e-04 1.829647517297416925e-04
2.408967120572924614e-03 3.341909265145659447e-03 2.511942526325583458e-03 3.151514101773500443e-04 2.866220893338322639e-04 2.600344014354050159e-04
2.516016829758882523e-03 3.024155739694833755e-03 1.998417312279343605e-03 3.485623165033757687e-04 2.870049211196601391e-04 2.190404484281316400e-04
1.772346207872033119e-03 3.719004103913903236e-03 2.595891943201422691e-03 3.859381540678441525e-04 2.910363837145268917e-04 1.909042039187625051e-04
1.724475296214222908e-03 3.148796968162059784e-03 2.042186213657259941e-03 2.850084565579891205e-04 2.576531260274350643e-04 2.462929114699363708e-04
1.836719922721385956e-03 3.105694195255637169e-03 2.447670791298151016e-03 3.622873919084668159e-04 3.098160668741911650e-04 2.204002521466463804e-04
2.777947112917900085e-03 3.572621149942278862e-03 2.587788738310337067e-03 4.502170777413994074e-04 2.995113609358668327e-04 2.878723025787621737e-04
1.998552586883306503e-03 3.666505916044116020e-03 2.084111561998724937e-03 4.082897503394633532e-04 2.664818603079766035e-04 2.436861395835876465e-04
1.793907489627599716e-03 3.203112864866852760e-03 2.302188659086823463e-03 2.932683564722537994e-04 2.699041215237230062e-04 1.664141018409281969e-04
1.295269234105944633e-03 2.491894643753767014e-03 2.022395841777324677e-03 3.030556545127183199e-04 2.739553165156394243e-04 1.740535371936857700e-04
1.486130757257342339e-03 2.401715144515037537e-03 1.743911532685160637e-03 2.886441070586442947e-04 2.463848504703491926e-04 1.635133667150512338e-04
1.704618451185524464e-03 2.130996901541948318e-03 2.076850738376379013e-03 3.456397680565714836e-04 2.679197932593524456e-04 1.862454519141465425e-04
1.809749403037130833e-03 2.485067350789904594e-03 2.268109470605850220e-03 3.208540729247033596e-04 2.882276021409779787e-04 1.671417703619226813e-04
2.004431793466210365e-03 3.029318293556571007e-03 1.594525063410401344e-03 3.174083540216088295e-04 2.252775448141619563e-04 1.678080006968230009e-04
2.247826661914587021e-03 2.452019602060317993e-03 2.004029462113976479e-03 3.176940081175416708e-04 2.366144617553800344e-04 1.609320752322673798e-04
2.223136136308312416e-03 2.957357792183756828e-03 1.889416598714888096e-03 3.144463698845356703e-04 2.350636641494929790e-04 1.627616729820147157e-04
2.657383680343627930e-03 3.134691622108221054e-03 2.533303806558251381e-03 4.293732636142522097e-04 3.450231160968542099e-04 2.370082802372053266e-04
2.407423686236143112e-03 2.700762590393424034e-03 2.087999833747744560e-03 2.735072921495884657e-04 2.939661790151149035e-04 1.688394695520401001e-04
1.589444233104586601e-03 2.128282329067587852e-03 2.023377455770969391e-03 3.044208569917827845e-04 2.913800708483904600e-04 1.584259443916380405e-04
2.414118731394410133e-03 2.828382654115557671e-03 2.722424454987049103e-03 3.576542367227375507e-04 3.562672936823219061e-04 1.827628584578633308e-04
2.705876249819993973e-03 3.040308598428964615e-03 2.668400993570685387e-03 3.370484337210655212e-04 3.155193116981536150e-04 2.705980732571333647e-04
2.582510933279991150e-03 3.034029854461550713e-03 2.633227035403251648e-03 4.002003115601837635e-04 3.205648972652852535e-04 1.871328713605180383e-04
1.938232919201254845e-03 2.313343808054924011e-03 1.997190527617931366e-03 3.235854092054069042e-04 2.862618421204388142e-04 1.673501101322472095e-04
1.858972711488604546e-03 2.419118769466876984e-03 1.934343134053051472e-03 3.164377121720463037e-04 2.627429494168609381e-04 1.544940751045942307e-04
2.026086905971169472e-03 2.450519008561968803e-03 1.948164543136954308e-03 2.786634140647947788e-04 2.659521705936640501e-04 1.659948757151141763e-04
1.716725644655525684e-03 2.266453811898827553e-03 1.978351036086678505e-03 3.210482536815106869e-04 2.597078855615109205e-04 1.530601730337366462e-04
1.750654191710054874e-03 2.614312572404742241e-03 2.309479750692844391e-03 3.069463418796658516e-04 2.705738588701933622e-04 1.650301564950495958e-04
1.602321164682507515e-03 2.596675185486674309e-03 2.432870678603649139e-03 4.413095011841505766e-04 3.078902955166995525e-04 1.913337764563038945e-04
1.562874647788703442e-03 2.512539736926555634e-03 2.135762711986899376e-03 3.249394358135759830e-04 2.631663810461759567e-04 1.691613870207220316e-04
1.414628583006560802e-03 3.063495270907878876e-03 2.148462925106287003e-03 3.275758936069905758e-04 2.700395125430077314e-04 1.732248056214302778e-04
1.397975487634539604e-03 2.616904443129897118e-03 2.055231248959898949e-03 3.354104410391300917e-04 2.567283227108418941e-04 1.515885087428614497e-04
1.541340607218444347e-03 2.677164273336529732e-03 1.784068066626787186e-03 3.280224336776882410e-04 2.717000315897166729e-04 1.514342438895255327e-04
1.590481260791420937e-03 3.416476072743535042e-03 2.177571179345250130e-03 3.089198726229369640e-04 2.758255868684500456e-04 1.692540099611505866e-04
1.768437912687659264e-03 2.715853042900562286e-03 2.016243292018771172e-03 2.891687909141182899e-04 2.267133095301687717e-04 1.671532518230378628e-04
1.779530430212616920e-03 2.487008925527334213e-03 2.042502630501985550e-03 3.561433986760675907e-04 2.687820815481245518e-04 1.674661907600238919e-04
1.871025306172668934e-03 2.691379282623529434e-03 2.434441121295094490e-03 3.276476636528968811e-04 2.941948187071830034e-04 1.672305515967309475e-04
1.854272792115807533e-03 2.320186467841267586e-03 1.807316788472235203e-03 3.063955809921026230e-04 2.297241153428331017e-04 1.805134088499471545e-04
1.744660548865795135e-03 2.457250608131289482e-03 2.579062944278120995e-03 2.901251136790961027e-04 2.889292954932898283e-04 1.812196423998102546e-04
1.608626102097332478e-03 2.926048822700977325e-03 2.361846156418323517e-03 2.917438396252691746e-04 2.680480247363448143e-04 1.648759789532050490e-04
1.384313916787505150e-03 2.507779980078339577e-03 2.064230851829051971e-03 3.171580028720200062e-04 2.568584459368139505e-04 1.724197791190817952e-04
1.814496703445911407e-03 3.000984899699687958e-03 2.229612786322832108e-03 2.797919441945850849e-04 2.526697062421590090e-04 1.687785261310636997e-04
1.617513247765600681e-03 2.272548153996467590e-03 2.317836042493581772e-03 3.107864467892795801e-04 2.708674001041799784e-04 1.739750441629439592e-04
1.677094842307269573e-03 2.663853345438838005e-03 2.261425368487834930e-03 2.837107458617538214e-04 2.537635737098753452e-04 1.798236189642921090e-04
2.029607305303215981e-03 2.950312104076147079e-03 2.466831589117646217e-03 3.430892538744956255e-04 2.346976398257538676e-04 1.973267208086326718e-04
1.800678204745054245e-03 2.770674182102084160e-03 2.167767146602272987e-03 3.396480460651218891e-04 2.514381194487214088e-04 1.777982397470623255e-04
2.070906106382608414e-03 2.553727943450212479e-03 2.520482987165451050e-03 3.230032743886113167e-04 2.824009570758789778e-04 2.386341511737555265e-04
2.047352958470582962e-03 3.282794728875160217e-03 3.394559258595108986e-03 4.102837119717150927e-04 3.791063209064304829e-04 2.508064790163189173e-04
1.997230108827352524e-03 2.574629150331020355e-03 3.498317208141088486e-03 3.239047946408390999e-04 4.092751478310674429e-04 2.480493858456611633e-04
2.314650919288396835e-03 3.177447943016886711e-03 3.870591754093766212e-03 6.064995541237294674e-04 4.297895357012748718e-04 3.330195904709398746e-04
1.955514540895819664e-03 2.699727891013026237e-03 6.815329194068908691e-03 4.905873793177306652e-04 7.922817021608352661e-04 3.587302053347229958e-04
1.668501296080648899e-03 2.486266661435365677e-03 3.218017052859067917e-03 3.532131959218531847e-04 3.781146369874477386e-04 2.436989452689886093e-04
1.879506045952439308e-03 2.428269246593117714e-03 3.188860369846224785e-03 3.617088659666478634e-04 3.580097982194274664e-04 2.617712598294019699e-04
1.789658912457525730e-03 2.847155090421438217e-03 2.696512034162878990e-03 3.303410485386848450e-04 3.045375633519142866e-04 2.986001491080969572e-04
1.823907601647078991e-03 2.422174904495477676e-03 2.513370709493756294e-03 3.053820109926164150e-04 3.016308182850480080e-04 2.580980653874576092e-04
1.883383025415241718e-03 2.312565920874476433e-03 2.277760766446590424e-03 2.457848459016531706e-04 2.806712291203439236e-04 2.360798971494659781e-04
1.537027535960078239e-03 2.102587837725877762e-03 2.143537625670433044e-03 2.924524596892297268e-04 2.528286422602832317e-04 2.130841166945174336e-04
1.611493411473929882e-03 2.569486619904637337e-03 2.158690942451357841e-03 2.663139894139021635e-04 2.511633210815489292e-04 2.594793913885951042e-04
