3.027332015335559845e-03 4.225841723382472992e-03 2.814633306115865707e-03 5.867926520295441151e-04 3.641557996161282063e-04 4.496180918067693710e-04
3.260724013671278954e-03 4.068832378834486008e-03 2.306434093043208122e-03 4.041857901029288769e-04 2.961354621220380068e-04 3.924322663806378841e-04
3.380358219146728516e-03 3.675129264593124390e-03 1.860706601291894913e-03 4.069734131917357445e-04 2.343578671570867300e-04 5.199931329116225243e-04
2.828783355653285980e-03 3.300967859104275703e-03 1.999292289838194847e-03 3.871775988955050707e-04 2.516102686058729887e-04 3.780154802370816469e-04
3.635164815932512283e-03 3.574592061340808868e-03 2.354868920519948006e-03 3.490691597107797861e-04 2.977224648930132389e-04 3.672677557915449142e-04
4.448034334927797318e-03 3.827270818874239922e-03 2.008127747103571892e-03 5.488932365551590919e-04 2.687565574888139963e-04 4.308718489482998848e-04
3.891893895342946053e-03 3.682599635794758797e-03 2.629934577271342278e-03 5.123713635839521885e-04 3.768999304156750441e-04 4.602696863003075123e-04
3.986473195254802704e-03 3.562560537829995155e-03 2.107745967805385590e-03 4.209897306282073259e-04 2.876046928577125072e-04 4.461949574761092663e-04
3.575155744329094887e-03 3.972943406552076340e-03 1.791835762560367584e-03 3.599021874833852053e-04 2.369106659898534417e-04 4.333507386036217213e-04
2.989192260429263115e-03 3.242552047595381737e-03 2.221872797235846519e-03 4.132594331167638302e-04 2.805241965688765049e-04 3.831315261777490377e-04
4.545076750218868256e-03 4.058960359543561935e-03 2.566142007708549500e-03 3.594857116695493460e-04 3.501915198285132647e-04 4.224445438012480736e-04
2.534621628001332283e-03 3.271700115874409676e-03 1.949188532307744026e-03 3.038801660295575857e-04 2.378565113758668303e-04 3.554256109055131674e-04
3.224745858460664749e-03 3.327388549223542213e-03 1.958186971023678780e-03 2.429024461889639497e-04 2.692429989110678434e-04 3.063571348320692778e-04
3.827053587883710861e-03 3.660928225144743919e-03 3.113507293164730072e-03 3.659006906673312187e-04 3.791780909523367882e-04 3.852813097182661295e-04
4.064103122800588608e-03 3.909123130142688751e-03 3.180006053298711777e-03 4.716025141533464193e-04 4.524617979768663645e-04 4.571746103465557098e-04
5.088015459477901459e-03 3.731369273737072945e-03 3.212658455595374107e-03 4.991141613572835922e-04 4.609666066244244576e-04 5.893665947951376438e-04
4.770790226757526398e-03 3.835608018562197685e-03 2.817095955833792686e-03 4.030908166896551847e-04 3.329969767946749926e-04 4.345661145634949207e-04
2.554203616455197334e-03 2.972389105707406998e-03 2.685609972104430199e-03 3.802635765168815851e-04 3.230021102353930473e-04 3.248182765673846006e-04
3.227786393836140633e-03 3.613487817347049713e-03 2.210661536082625389e-03 3.939759335480630398e-04 3.055034903809428215e-04 3.956770524382591248e-04
3.945060074329376221e-03 3.540224628522992134e-03 2.014485653489828110e-03 3.222189843654632568e-04 2.381909289397299290e-04 3.584841906558722258e-04
3.153799800202250481e-03 3.401217050850391388e-03 2.512980485334992409e-03 4.166034050285816193e-04 3.007203631568700075e-04 3.945758217014372349e-04
3.361435374245047569e-03 2.988257678225636482e-03 2.766687655821442604e-03 4.459064803086221218e-04 3.662045055534690619e-04 3.430691431276500225e-04
3.830905305221676826e-03 4.163210745900869370e-03 2.599752740934491158e-03 3.579026088118553162e-04 3.128707176074385643e-04 2.310905838385224342e-04
3.602656768634915352e-03 3.491875948384404182e-03 2.626129658892750740e-03 3.855141985695809126e-04 3.257300995755940676e-04 4.075235920026898384e-04
3.160173771902918816e-03 3.811517031863331795e-03 2.694348804652690887e-03 5.091996863484382629e-04 3.959285386372357607e-04 4.575982165988534689e-04
3.228154499083757401e-03 3.947830293327569962e-03 2.366575645282864571e-03 3.384624433238059282e-04 3.038367722183465958e-04 4.054367309436202049e-04
3.213622840121388435e-03 3.794810967519879341e-03 2.655233489349484444e-03 5.666395300067961216e-04 3.344246360938996077e-04 4.716780094895511866e-04
4.296990577131509781e-03 4.206425044685602188e-03 2.415469614788889885e-03 3.960919275414198637e-04 3.296222421340644360e-04 4.650544142350554466e-04
2.319437218829989433e-03 2.756331814453005791e-03 2.461029682308435440e-03 5.425101262517273426e-04 3.009354113601148129e-04 3.192524309270083904e-04
2.491398714482784271e-03 4.594502504914999008e-03 1.749796094372868538e-03 3.381081623956561089e-04 2.316313039045780897e-04 2.149350621039047837e-04
