1.378410612232983112e-03 2.131993183866143227e-03 1.589652092661708593e-04 2.138899617420975119e-05 2.023891465796623379e-05 9.929300722433254123e-05
1.382415997795760632e-03 2.087235683575272560e-03 1.585707505000755191e-04 2.143213532690424472e-05 1.974559381778817624e-05 9.529339877190068364e-05
1.388222211971879005e-03 2.098382683470845222e-03 1.552340690977871418e-04 2.076955934171564877e-05 1.928329766087699682e-05 9.235539619112387300e-05
1.364404917694628239e-03 2.101120539009571075e-03 1.563877740409225225e-04 1.866386082838289440e-05 1.904025339172221720e-05 9.555300493957474828e-05
1.396935083903372288e-03 2.092018024995923042e-03 1.557608629809692502e-04 1.917748886626213789e-05 1.981722016353160143e-05 9.164988296106457710e-05
1.385428709909319878e-03 2.035030163824558258e-03 1.590966858202591538e-04 1.870467713160905987e-05 2.019759267568588257e-05 9.175309241982176900e-05
1.454525976441800594e-03 1.984338741749525070e-03 1.551502209622412920e-04 1.903839802253060043e-05 2.002380824706051499e-05 9.488299110671505332e-05
1.541909528896212578e-03 2.109635155647993088e-03 1.577729417476803064e-04 2.072814640996512026e-05 2.233464147138874978e-05 9.183369547827169299e-05
1.444118679501116276e-03 2.113675931468605995e-03 1.552205212647095323e-04 2.331360701646190137e-05 2.108520675392355770e-05 9.105679782805964351e-05
1.528710359707474709e-03 2.069860929623246193e-03 1.574383932165801525e-04 1.878080547612626106e-05 2.008107185247354209e-05 9.182197391055524349e-05
1.538280630484223366e-03 2.027101349085569382e-03 1.574188208905979991e-04 1.844737016654107720e-05 1.912227889988571405e-05 9.091430547414347529e-05
1.628834987059235573e-03 2.155007328838109970e-03 1.624966826057061553e-04 2.103684892063029110e-05 2.190074519603513181e-05 9.238828351953998208e-05
1.643994241021573544e-03 2.135703107342123985e-03 1.607979647815227509e-04 2.413284892099909484e-05 2.175880945287644863e-05 9.627066901884973049e-05
1.730564050376415253e-03 2.178009133785963058e-03 1.587227889103814960e-04 2.465014040353707969e-05 2.228200173703953624e-05 9.388756006956100464e-05
1.680134097114205360e-03 2.260243985801935196e-03 1.617241505300626159e-04 2.538020999054424465e-05 2.298296567460056394e-05 9.799096733331680298e-05
1.727928873151540756e-03 2.168573206290602684e-03 1.793069532141089439e-04 2.895215402531903237e-05 2.845164635800756514e-05 9.449761273572221398e-05
1.498904079198837280e-03 2.171970438212156296e-03 1.570766035001724958e-04 2.360077814955729991e-05 2.141490949725266546e-05 9.408429468749091029e-05
1.671708538196980953e-03 1.812325092032551765e-03 1.620791590539738536e-04 2.396965646767057478e-05 2.185233643103856593e-05 8.995147800305858254e-05
1.757127931341528893e-03 1.865072990767657757e-03 1.653818617342039943e-04 2.438438968965783715e-05 2.259703433082904667e-05 9.273452451452612877e-05
1.434881123714148998e-03 1.964837778359651566e-03 1.636024680919945240e-04 2.367105298617389053e-05 2.279073123645503074e-05 9.794776269700378180e-05
1.473857322707772255e-03 2.024508314207196236e-03 1.628952741157263517e-04 2.300535197719000280e-05 2.108829539793077856e-05 1.025543824653141201e-04
1.644383766688406467e-03 2.401946578174829483e-03 1.774143893271684647e-04 2.666091313585639000e-05 2.812086131598334759e-05 1.059191417880356312e-04
1.707745948806405067e-03 2.149406354874372482e-03 1.763270411174744368e-04 2.587380913610104471e-05 2.539783599786460400e-05 1.196774683194234967e-04
1.582155469805002213e-03 2.141372999176383018e-03 1.860358315752819180e-04 2.802868038997985423e-05 2.742706783465109766e-05 1.017188114929012954e-04
1.718243467621505260e-03 2.107758540660142899e-03 1.918195921462029219e-04 3.056115019717253745e-05 2.914400465670041740e-05 1.006180464173667133e-04
