-7.013435475528240204e-03 4.294214248657226562e-01 5.460179410874843597e-03 3.841076395474374294e-04 -6.294971099123358727e-04 -1.236890675500035286e-04
-6.001825444400310516e-03 4.037856161594390869e-01 -4.081226885318756104e-03 2.835731953382492065e-03 -1.876177964732050896e-03 -2.544940216466784477e-03
-6.774267181754112244e-03 4.170842766761779785e-01 8.448213920928537846e-04 9.851893410086631775e-04 -2.150207292288541794e-03 -1.138175575761124492e-04
-1.582870725542306900e-03 3.955879509449005127e-01 2.330016810446977615e-03 -2.515247790142893791e-03 -2.061638515442609787e-03 -1.888899947516620159e-03
1.465232577174901962e-02 3.922512233257293701e-01 5.805621854960918427e-03 -1.619736896827816963e-03 1.663261209614574909e-04 1.808543340303003788e-03
5.822367500513792038e-03 3.784543871879577637e-01 -3.421234898269176483e-03 2.452011452987790108e-03 2.014045836403965950e-03 1.432300079613924026e-03
1.715901866555213928e-02 3.354075849056243896e-01 5.180739099159836769e-04 1.222741440869867802e-03 2.479548566043376923e-03 -2.681999001652002335e-03
1.327523402869701385e-02 3.387854993343353271e-01 -3.299469826743006706e-04 -1.477127079851925373e-03 1.903427066281437874e-03 -3.794857533648610115e-03
-4.710536450147628784e-03 3.463386893272399902e-01 4.333839751780033112e-03 -2.741571050137281418e-03 5.265099462121725082e-04 -2.293268917128443718e-03
-8.042669855058193207e-03 3.531545698642730713e-01 1.752292853780090809e-03 -8.168926578946411610e-04 -2.243391005322337151e-03 -8.200261509045958519e-04
-9.388569742441177368e-03 3.216275572776794434e-01 -9.233593940734863281e-03 1.153964432887732983e-03 -4.032949917018413544e-03 8.696480654180049896e-04
-7.643222343176603317e-03 3.318327367305755615e-01 -2.570316661149263382e-03 -6.868402706459164619e-04 -2.979465294629335403e-03 1.091483631171286106e-03
-1.195514341816306114e-03 3.277659416198730469e-01 -2.817191183567047119e-03 -2.059896243736147881e-03 -4.497768532019108534e-04 -3.223131934646517038e-04
2.467778977006673813e-03 3.338845670223236084e-01 4.985274281352758408e-04 -2.013021614402532578e-03 1.995465252548456192e-03 4.640479164663702250e-05
2.069782279431819916e-02 3.085750937461853027e-01 2.004212699830532074e-03 -2.720523159950971603e-03 4.386990796774625778e-03 2.024319488555192947e-03
4.212510958313941956e-02 2.917445302009582520e-01 9.300935082137584686e-03 6.998248863965272903e-06 3.433913225308060646e-03 5.165832117199897766e-03
2.036689966917037964e-02 2.942526042461395264e-01 3.221985884010791779e-03 3.303080331534147263e-03 1.954263774678111076e-03 1.104213297367095947e-03
7.575080730020999908e-03 2.831801176071166992e-01 3.241589525714516640e-03 1.729761599563062191e-03 -9.765308932401239872e-04 -6.681785453110933304e-05
-1.080111041665077209e-02 2.412645965814590454e-01 9.603725629858672619e-04 1.659431378357112408e-03 -2.547414274886250496e-03 1.429942785762250423e-04
3.956455737352371216e-03 2.752121090888977051e-01 -7.054674439132213593e-03 1.005560741759836674e-03 -2.921396866440773010e-03 1.385473879054188728e-04
7.410902064293622971e-03 2.790628075599670410e-01 -2.175934379920363426e-03 5.328839179128408432e-04 -2.084530424326658249e-03 1.301728771068155766e-04
2.574782585725188255e-03 2.851442396640777588e-01 5.739997141063213348e-04 4.381080798339098692e-04 1.451522257411852479e-04 5.875651258975267410e-04
7.519948296248912811e-03 2.732339203357696533e-01 -6.467051571235060692e-04 -6.133164861239492893e-04 9.372726781293749809e-04 2.977303811348974705e-04
2.135747298598289490e-02 2.758368551731109619e-01 -2.203558105975389481e-03 1.075152307748794556e-03 1.500048674643039703e-03 6.488907383754849434e-04
2.236576937139034271e-02 2.612248063087463379e-01 1.318392110988497734e-03 1.309232320636510849e-03 9.445344912819564342e-04 2.899127081036567688e-03
1.964849606156349182e-02 2.936443388462066650e-01 -1.635101158171892166e-03 1.561347045935690403e-03 1.070904545485973358e-03 -1.082594157196581364e-03
8.693338371813297272e-03 2.454527765512466431e-01 -1.453448901884257793e-03 1.828796812333166599e-03 4.510208091232925653e-04 2.470548031851649284e-03
6.917689461261034012e-03 2.610906660556793213e-01 -6.928809918463230133e-03 1.268166583031415939e-03 -7.187594746937975287e-05 7.908449042588472366e-04
3.066048026084899902e-03 2.850760221481323242e-01 -3.035623813048005104e-03 -2.571023534983396530e-03 -2.336337347514927387e-04 1.208132365718483925e-03
1.053993590176105499e-02 2.847197949886322021e-01 3.061530878767371178e-04 -4.240437410771846771e-03 -6.854660459794104099e-04 9.615714079700410366e-04
