-2.002831082791090012e-03 1.248367503285408020e-02 -5.492701311595737934e-04 -2.720330121519509703e-05 -1.331557723460718989e-04 -1.637579844100400805e-04
1.705939794192090631e-04 6.446717772632837296e-03 -2.832524478435516357e-04 1.202441999339498580e-04 -2.213083935203030705e-04 3.556208685040473938e-04
-6.557487649843096733e-04 3.747818525880575180e-03 -1.708230003714561462e-03 6.476794369518756866e-04 -6.671756855212152004e-04 -2.577836494310759008e-05
4.475830064620822668e-04 8.996301330626010895e-03 -2.114490373060107231e-03 7.214342476800084114e-04 -1.016427297145128250e-03 -1.650600315770134330e-04
-3.099693218246102333e-03 2.012466453015804291e-02 -1.566364197060465813e-03 -3.246995038352906704e-04 -1.037702546454966068e-03 3.381021670065820217e-04
-4.123887047171592712e-03 2.386236190795898438e-02 -7.896002498455345631e-04 -8.328777621500194073e-04 -8.921331609599292278e-04 2.617805730551481247e-04
1.214638235978782177e-03 3.846592828631401062e-02 -1.809296547435224056e-03 -3.752634802367538214e-04 -7.459643529728055000e-04 2.846157585736364126e-04
-1.218802295625209808e-03 4.318314045667648315e-02 -1.809928799048066139e-03 -1.891872670967131853e-04 -7.917437469586730003e-04 2.947715984191745520e-04
-3.705057781189680099e-03 4.759917780756950378e-02 -2.061572158709168434e-03 -3.402463335078209639e-04 -1.182430656626820564e-03 2.440262178424745798e-04
-1.361184054985642433e-03 5.846526101231575012e-02 -2.280511427670717239e-03 -1.081794849596917629e-03 -1.153331133536994457e-03 8.913551573641598225e-04
-1.629915088415145874e-03 6.698206812143325806e-02 -1.824686420150101185e-03 -9.862331207841634750e-04 -4.742913006339222193e-04 8.908977615647017956e-04
-2.379677753197029233e-04 6.856571137905120850e-02 9.334711357951164246e-04 -2.156174159608781338e-04 4.771030507981777191e-04 6.089460293878801167e-05
5.197053775191307068e-03 7.231619954109191895e-02 2.638015896081924438e-03 1.096321619115769863e-03 1.407002331689000130e-03 -7.795536657795310020e-04
3.547141095623373985e-03 7.301964610815048218e-02 3.877979004755616188e-03 1.566816237755119801e-03 2.408633939921855927e-03 -3.673459868878126144e-04
7.716702762991189957e-03 8.109314739704132080e-02 3.530910471454262733e-03 1.603494980372488499e-03 3.582930425181984901e-03 -1.430795527994632721e-04
5.320078693330287933e-03 9.016031026840209961e-02 2.818386303260922432e-03 9.443146409466862679e-04 3.339712740853428841e-03 1.226358115673065186e-03
5.938696209341287613e-03 1.092149242758750916e-01 7.891143322922289371e-04 6.304695853032171726e-05 2.002432709559798241e-03 1.419495092704892159e-03
1.486119464971125126e-03 1.310292482376098633e-01 -1.498529454693198204e-03 -7.527854759246110916e-04 -1.272872905246913433e-04 1.899332972243428230e-03
-8.817574009299278259e-03 1.457227319478988647e-01 -3.884787671267986298e-03 -1.313632470555603504e-03 -1.870168955065310001e-03 2.189194085076451302e-03
-1.107330154627561569e-02 1.629612743854522705e-01 -6.444039288908243179e-03 -1.418522326275706291e-03 -3.164554946124553680e-03 2.945919986814260483e-03
-8.846696466207504272e-03 1.815298050642013550e-01 -5.608131177723407745e-03 -1.302085584029555321e-03 -3.474627621471881866e-03 3.324817167595028877e-03
-1.125033013522624969e-02 1.942784637212753296e-01 -4.603371489793062210e-03 -9.242089581675827503e-04 -2.531588310375809669e-03 3.145801369100809097e-03
-7.518547121435403824e-03 2.099072486162185669e-01 -2.817671978846192360e-03 -7.861583726480603218e-04 -7.469793781638145447e-04 3.118957392871379852e-03
-3.207749978173524141e-04 2.226096987724304199e-01 -7.176597137004137039e-04 -1.107985270209610462e-03 4.322961030993610620e-04 3.061497118324041367e-03
1.276854425668716431e-03 2.386735379695892334e-01 -5.168776260688900948e-04 -1.117377192713320255e-03 6.588606629520654678e-04 3.059991169720888138e-03
-3.571880515664815903e-03 2.583975791931152344e-01 -2.222354058176279068e-03 -1.310667255893349648e-03 1.466597779653966427e-03 4.384851083159446716e-03
-4.951787414029240608e-04 2.673643827438354492e-01 3.063967160414904356e-04 3.395601379452273250e-05 1.894160057418048382e-03 3.955909516662359238e-03
-1.113322679884731770e-03 2.811142206192016602e-01 1.929980004206299782e-03 1.271806075237691402e-03 1.467577967559918761e-04 4.189474042505025864e-03
-4.689910914748907089e-03 2.918380498886108398e-01 6.594639737159013748e-03 1.537294243462383747e-03 -8.637676364742219448e-04 4.292069934308528900e-03
-2.709176857024431229e-03 3.070642948150634766e-01 5.650227889418601990e-03 1.194047858007252216e-03 2.697053969313856214e-05 5.108670797199010849e-03
3.146830014884471893e-03 3.167187273502349854e-01 -1.757005229592323303e-04 2.222597831860184669e-03 1.776295946910977364e-03 4.325982648879289627e-03
-3.248434513807296753e-03 3.271143436431884766e-01 -5.944104865193367004e-03 5.857044365257024765e-03 1.807881781132891774e-04 2.118286443874239922e-03
-9.721635840833187103e-03 3.343853950500488281e-01 -2.430099062621593475e-02 5.809147842228412628e-03 -4.796842113137245178e-03 4.512230399996042252e-03
-2.812866121530532837e-03 3.620163798332214355e-01 -4.538203123956918716e-03 9.887653868645429611e-04 -7.122128736227750778e-04 5.437116138637065887e-03
-5.440448876470327377e-03 3.688237071037292480e-01 -2.491784282028675079e-03 1.582039985805749893e-03 -1.155796460807323456e-03 3.562557976692914963e-03
-4.965036641806364059e-03 3.854432404041290283e-01 -1.211438421159982681e-02 4.011302720755338669e-03 -3.945705480873584747e-03 2.610165858641266823e-03
-9.906691499054431915e-03 3.940421938896179199e-01 -1.575928181409835815e-02 3.674009349197149277e-03 -5.277515854686498642e-03 2.618747763335704803e-03
-8.116408251225948334e-03 4.117344617843627930e-01 -1.983466930687427521e-02 -3.800029517151415348e-04 -4.899998195469379425e-03 2.300261752679944038e-03
6.940924562513828278e-03 4.349794387817382812e-01 -7.134966552257537842e-03 -6.694678682833909988e-03 9.058442083187401295e-04 2.648483263328671455e-03
1.836108788847923279e-02 4.415670335292816162e-01 -4.724332247860729694e-04 -5.336145870387554169e-03 4.776673857122659683e-03 3.228840942028909922e-04
2.321853116154670715e-02 4.414139986038208008e-01 -5.017300136387348175e-03 -6.813425570726394653e-04 3.887841012328863144e-03 -3.226510889362543821e-04
6.306240335106849670e-03 4.338435828685760498e-01 3.729882184416055679e-03 4.305763635784387589e-03 1.898379880003631115e-03 8.490343461744487286e-04
9.499558247625827789e-03 4.135771095752716064e-01 -3.969424869865179062e-03 1.778965699486434460e-03 -1.295353635214269161e-03 1.549952081404626369e-03
1.668416080065071583e-03 4.765152931213378906e-01 -2.302703680470585823e-03 -3.517072414979338646e-03 -3.699047723785042763e-03 3.142606292385607958e-04
8.550234138965606689e-03 4.835926294326782227e-01 -9.545087814331054688e-03 -1.095924410037696362e-03 -2.993151079863309860e-03 -2.054336015135049820e-03
2.499964088201522827e-03 4.807563722133636475e-01 -8.602626621723175049e-03 1.226944965310394764e-03 -2.079608966596424580e-04 -1.773681491613388062e-03
7.374665699899196625e-03 4.824031293392181396e-01 -9.892860427498817444e-03 4.532515071332454681e-03 -1.204654923640191555e-03 -1.928000710904598236e-04
3.719093278050422668e-03 4.927859306335449219e-01 -3.826978616416454315e-03 4.579908680170774460e-03 -1.498810364864766598e-03 1.513457274995744228e-03
1.289413217455148697e-02 5.195577740669250488e-01 4.791223444044589996e-03 -4.523823154158890247e-04 9.923465549945831299e-04 6.685556727461516857e-04
1.638021878898143768e-02 5.308684706687927246e-01 3.370934864506125450e-03 -1.189567032270133495e-03 1.043688040226697922e-03 -3.520880825817584991e-03
1.784477382898330688e-03 5.212268829345703125e-01 -8.593199774622917175e-03 1.612513558939099312e-03 7.625552243553102016e-04 -4.409370943903923035e-03
7.788063026964664459e-03 5.370604991912841797e-01 -1.654771529138088226e-02 1.070678583346307278e-03 -7.029992411844432354e-04 -2.305988455191254616e-03
1.115604396909475327e-02 5.523036718368530273e-01 -2.280855365097522736e-02 -3.244662424549460411e-03 -2.386147156357765198e-03 -2.426125720376148820e-04
1.234477758407592773e-02 5.819125175476074219e-01 -1.587804965674877167e-02 -9.686920791864395142e-03 -1.033633830957114697e-03 -2.100452838931232691e-04
2.874732762575149536e-02 5.853501558303833008e-01 -5.746517330408096313e-03 -1.088026165962219238e-02 2.287241863086819649e-03 -3.177083795890212059e-03
1.110724173486232758e-02 5.798873901367187500e-01 -1.062510907649993896e-02 -8.532738313078880310e-03 4.533918108791112900e-04 -3.542821854352951050e-03
1.998049672693014145e-03 5.744578242301940918e-01 8.338407613337039948e-03 -3.163190092891454697e-03 -1.701421570032835007e-03 -2.531229984015226364e-03
-8.179915603250265121e-04 5.892544388771057129e-01 9.179349057376384735e-03 -3.497857367619872093e-03 -4.168831743299961090e-03 -1.109395059756934643e-03
7.204788736999034882e-03 5.998057723045349121e-01 5.388268036767840385e-04 -1.977463020011782646e-03 -2.023603301495313644e-03 -1.014873036183416843e-03
1.719263754785060883e-02 6.109259724617004395e-01 -7.539286278188228607e-03 2.272801473736763000e-03 -1.433051365893334150e-04 -2.349887741729617119e-03
1.811829209327697754e-02 6.227700114250183105e-01 -1.242028363049030304e-02 1.502955215983092785e-03 1.953185303136706352e-03 -3.948824945837259293e-03
1.491233240813016891e-02 6.327378153800964355e-01 -1.468451414257287979e-02 -1.704156165942549706e-03 2.171478467062115669e-03 -4.116649739444255829e-03
8.192328736186027527e-03 6.488487124443054199e-01 -4.958879668265581131e-03 -5.613922607153654099e-03 3.547786909621208906e-04 -3.683634102344512939e-03
1.773552037775516510e-02 6.597753763198852539e-01 -3.565929830074310303e-03 -3.653856227174401283e-03 -7.626636652275919914e-04 -2.732932800427079201e-03
1.660423167049884796e-02 6.524871587753295898e-01 -2.629757625982165337e-03 1.761001418344676495e-03 -4.122073878534138203e-04 -9.831294883042573929e-04
1.824317127466201782e-02 6.597445011138916016e-01 -1.018041279166936874e-03 1.107053831219673157e-03 8.678333833813667297e-04 -3.377687418833374977e-03
1.482369937002658844e-02 6.709097027778625488e-01 1.283564604818820953e-03 -4.418826429173350334e-04 1.816675183363258839e-03 -2.951099304482340813e-03
2.317451313138008118e-02 6.930534243583679199e-01 -2.414615126326680183e-03 -1.468685659347102046e-04 1.301904208958148956e-03 -3.173138946294784546e-03
1.968567259609699249e-02 7.029654383659362793e-01 -8.588916622102260590e-03 2.432717941701412201e-03 1.939494628459215164e-03 -3.638834692537784576e-03
2.433784678578376770e-02 7.006264925003051758e-01 -9.471522644162178040e-03 1.894171000458300114e-03 2.548647113144397736e-03 -2.885631984099745750e-03
2.239269018173217773e-02 7.163294553756713867e-01 -1.300642616115510464e-03 -5.482452106662094593e-04 1.741600804962217808e-03 -3.443373832851648331e-03
2.175647579133510590e-02 7.174442410469055176e-01 -3.645534161478281021e-05 -3.354130894877016544e-04 1.318670576438307762e-03 -3.689776174724102020e-03
1.989297755062580109e-02 7.214734554290771484e-01 -4.465814679861068726e-03 1.437243772670626640e-03 5.443395348265767097e-04 -3.908198792487382889e-03
1.777724549174308777e-02 7.378730773925781250e-01 -3.408870659768581390e-03 3.335477318614721298e-03 -3.235633485019207001e-04 -2.998738316819071770e-03
1.840031705796718597e-02 7.362142205238342285e-01 -5.241782404482364655e-03 2.264531096443533897e-03 -3.009264473803341389e-04 -2.735581248998641968e-03
1.898561231791973114e-02 7.496734857559204102e-01 -5.762694403529167175e-03 -5.543290171772241592e-06 -2.300241612829267979e-05 -3.563646227121353149e-03
2.115285396575927734e-02 7.652683258056640625e-01 -3.774517448619008064e-03 -2.451226813718676567e-03 2.163185505196452141e-03 -3.704775590449571609e-03
2.033488452434539795e-02 7.632108330726623535e-01 -6.835380569100379944e-03 -2.239697845652699471e-03 3.095265477895736694e-03 -2.688129432499408722e-03
2.213823422789573669e-02 7.663127183914184570e-01 1.094213512260466814e-04 -5.765001405961811543e-04 2.776498673483729362e-03 -2.694046357646584511e-03
1.235637813806533813e-02 7.683226466178894043e-01 -1.576475333422422409e-04 -1.352753752144053578e-04 6.571016274392604828e-04 -2.406200626865029335e-03
1.416045147925615311e-02 7.717337608337402344e-01 -7.813827833160758018e-04 -2.408360523986630142e-05 1.835769653553143144e-04 -1.157640479505062103e-03
1.566904596984386444e-02 7.847607731819152832e-01 -7.211165037006139755e-03 1.086559728719294071e-03 5.895453796256333590e-05 -5.225378554314374924e-04
1.632151380181312561e-02 7.957001924514770508e-01 -1.384723465889692307e-02 3.602571960072964430e-04 -7.749575888738036156e-04 2.654109266586601734e-06
1.098641101270914078e-02 8.155940175056457520e-01 -5.647221114486455917e-03 -1.534038688987493515e-03 -2.843464026227593422e-04 1.564822159707546234e-04
1.774690300226211548e-02 8.218915462493896484e-01 -4.177559167146682739e-03 -2.760855946689844131e-03 1.155367470346391201e-03 -6.867009797133505344e-04
1.245737820863723755e-02 8.140869736671447754e-01 -4.220209084451198578e-03 -3.136814339086413383e-04 2.358719357289373875e-04 -2.207926008850336075e-04
1.410121470689773560e-02 8.068807125091552734e-01 -2.607797505334019661e-03 1.255908748134970665e-03 -2.047869202215224504e-04 3.371683415025472641e-04
1.186287123709917068e-02 8.241647481918334961e-01 -6.886194925755262375e-03 1.054635038599371910e-03 -8.232096442952752113e-04 2.258642343804240227e-04
1.007366180419921875e-02 8.377648591995239258e-01 -3.316254355013370514e-03 3.418365085963159800e-04 -2.504433505237102509e-04 -1.473299489589408040e-04
1.380086317658424377e-02 8.393710255622863770e-01 -1.269266242161393166e-03 -9.036189294420182705e-05 5.726536619476974010e-04 -3.410931676626205444e-04
1.218259893357753754e-02 8.278642296791076660e-01 -3.490626811981201172e-03 -4.934384487569332123e-04 1.127999421441927552e-04 -9.299395605921745300e-05
1.952025480568408966e-02 8.481405377388000488e-01 -8.535059168934822083e-03 1.083632116205990314e-03 1.106783398427069187e-03 -6.893260288052260876e-04
1.453815586864948273e-02 8.353472352027893066e-01 -3.720812266692519188e-03 1.335338456556200981e-03 4.474134766496717930e-04 -1.724617759464308619e-04
7.224455941468477249e-03 8.643099069595336914e-01 3.357785986736416817e-03 -8.490363834425806999e-04 -1.015515881590545177e-03 4.155469941906630993e-04
1.207639835774898529e-02 8.577394485473632812e-01 -1.870948472060263157e-05 -3.936794120818376541e-03 -1.097739441320300102e-03 2.928225439973175526e-04
1.871949620544910431e-02 8.638494014739990234e-01 -4.431793466210365295e-03 -2.086470602080225945e-03 1.032165251672267914e-03 -3.266860148869454861e-04
1.838556118309497833e-02 8.629623055458068848e-01 -8.652959018945693970e-03 7.843603962101042271e-04 -7.144130358938127756e-05 3.097226726822555065e-05
1.467875856906175613e-02 8.666543960571289062e-01 -5.856517236679792404e-03 3.871670924127101898e-03 1.370027603115886450e-04 -1.707945368252694607e-03
5.443879403173923492e-03 8.843741416931152344e-01 -1.026535592973232269e-02 1.854725996963679790e-03 -1.866198261268436909e-03 -7.491446449421346188e-04
1.061327196657657623e-02 8.739332556724548340e-01 -5.934810265898704529e-03 -1.221669139340519905e-03 -1.316544949077069759e-03 2.784583921311423182e-05
