9.292546310462057590e-04 1.026268349960446358e-03 1.488467096351087093e-04 -6.117397333582630381e-06 7.824162821634672582e-06 4.739038558909669518e-05
-6.836430111434310675e-05 -1.054196851328015327e-03 2.182058815378695726e-04 -7.050944986985996366e-06 -3.316660240670898929e-06 -1.691001816652715206e-04
-2.925313892774283886e-04 1.008567982353270054e-03 -3.125829389318823814e-04 2.373344614170491695e-07 -3.228665082133375108e-05 1.860460179159417748e-05
-6.534808198921382427e-05 -6.647240952588617802e-04 -2.241913462057709694e-04 -4.993879883841145784e-06 -2.383470018685329705e-05 7.150651072151958942e-05
-6.943292100913822651e-04 -4.748268402181565762e-04 9.214090532623231411e-04 3.630170976975932717e-05 8.722620259504765272e-05 -1.477212936151772738e-04
8.814155007712543011e-04 -1.225547312060371041e-04 -1.145610702224075794e-03 -2.292185672558844090e-05 -6.049225703463889658e-05 7.057815673761069775e-05
-2.018256636802107096e-04 6.372005445882678032e-04 5.334452725946903229e-04 -3.933793050236999989e-05 1.839008291426580399e-05 -5.390795195125974715e-05
-6.523728370666503906e-04 3.223950334358960390e-04 5.595639813691377640e-04 3.079108864767476916e-05 4.536971391644328833e-05 -6.147206295281648636e-05
6.713217007927596569e-04 -1.754623837769031525e-03 -9.145176736637949944e-04 2.770989885902963579e-05 -6.713846960337832570e-05 1.269442436750978231e-04
-1.258620904991403222e-04 8.380515500903129578e-04 3.828734916169196367e-04 -4.288228410587180406e-06 -1.448419970984105021e-05 -3.301212564110755920e-05
-2.765060926321893930e-04 -9.869461064226925373e-05 -1.460351049900054932e-04 -7.092161013133591041e-06 -4.476942922337912023e-05 -9.224626410286873579e-05
3.673062601592391729e-04 -1.280721742659807205e-03 -8.927221642807126045e-05 1.113583857659250498e-05 5.862203761353157461e-05 1.330811664956854656e-05
7.961816154420375824e-04 1.220628910232335329e-04 -8.332617289852350950e-05 -2.489610051270574331e-05 -5.074342334410175681e-05 4.118293509236536920e-05
-6.139029574114829302e-05 2.559037820901721716e-04 -3.413333615753799677e-04 3.468258000793866813e-05 1.980278466362506151e-05 -1.232772592629771680e-05
-5.339457420632243156e-04 1.173689495772123337e-03 8.297386812046170235e-04 4.570496912492671981e-06 -1.047407749865669757e-05 1.853078174463007599e-05
-7.163469854276627302e-05 1.872008724603801966e-04 5.083968790131621063e-05 -4.302924207877367735e-05 3.685177580337040126e-05 -1.237779797520488501e-04
4.426769737619906664e-04 -1.385621493682265282e-03 -5.620740703307092190e-04 3.593316796468570828e-05 -3.278842996223829687e-05 1.564379781484603882e-04
-8.934594225138425827e-04 1.734161050990223885e-03 1.095465151593089104e-03 -3.656501939985901117e-05 4.673640432883985341e-05 -1.031529973261058331e-05
-4.201985575491562486e-05 -3.192103467881679535e-04 1.435677258996292949e-04 5.031574983149766922e-05 -6.052046956028789282e-06 -3.342332638567313552e-05
1.350703882053494453e-03 -1.554974936880171299e-03 -1.233242102898657322e-03 -6.255349580897018313e-05 -2.797763409034814686e-05 4.104403342353180051e-05
-1.546147861517965794e-03 1.602704753167927265e-03 5.363789969123899937e-04 1.251633511856198311e-05 2.356271943426690996e-05 -3.507375731715001166e-05
3.638320486061275005e-04 -1.423684763722121716e-03 -7.463963993359357119e-05 2.576032420620322227e-05 1.147918192145880312e-05 -8.657598664285615087e-05
3.938658919651061296e-04 3.636571636889129877e-05 5.654447595588862896e-04 -4.223144060233607888e-05 -1.933515250129858032e-06 2.035047873505391181e-05
-2.267210802529007196e-04 -2.829220611602067947e-04 -1.530472072772681713e-04 3.343575008329935372e-05 -2.710029002628289163e-05 9.722349932417273521e-05
-4.657731042243540287e-04 -1.208864705404266715e-04 -2.643945335876196623e-04 4.916424950351938605e-05 2.422874786134343594e-05 -3.925942291971296072e-05
4.587354487739503384e-05 1.471891067922115326e-03 -1.740338630042970181e-04 -2.573315941845066845e-05 -1.607843660167418420e-05 2.172060485463589430e-04
9.086833451874554157e-04 -2.596907434053719044e-04 -1.473640259064268321e-05 2.915725963248405606e-05 -5.651150786434300244e-06 -5.358288763090968132e-05
-1.404018548782914877e-04 -5.007442086935043335e-04 -6.244221731321886182e-05 -3.594518784666433930e-05 8.834129403112456203e-06 -1.348322548437863588e-04
-4.892561119049787521e-04 9.854019153863191605e-04 -2.106940373778343201e-04 1.093819264497142285e-05 -3.778349855565465987e-05 8.046881703194230795e-05
8.914234931580722332e-04 -7.168647716753184795e-04 -2.071517155854962766e-05 -2.126960680470801890e-06 -1.031606007018126547e-05 3.260076482547447085e-05
-1.019493443891406059e-03 5.693492712453007698e-04 6.578598986379802227e-04 -1.884103539850912057e-06 8.779984636930748820e-05 -7.079372880980372429e-05
4.589515156112611294e-04 -7.990052690729498863e-04 -5.222585168667137623e-04 8.371764124603942037e-05 -2.023048364208079875e-05 -1.870525011327117682e-06
-2.801754162646830082e-04 5.605487604043446481e-05 -1.554983173264190555e-04 -1.084414034266956151e-04 -1.114162023441167548e-05 6.882849447720218450e-06
9.583481587469577789e-04 2.082992141367867589e-04 3.801076672971248627e-06 7.560939411632716656e-05 -3.542464401107281446e-05 2.574718018877319992e-05
2.754990418907254934e-04 -1.776604622136801481e-04 -3.353689098730683327e-04 -5.464327841764315963e-05 -7.381688647001283243e-06 3.901550007867626846e-05
-7.215264486148953438e-04 2.228777157142758369e-04 1.273482921533286572e-03 6.905200734763639048e-06 3.638947964645922184e-05 -1.170692630694247782e-04
6.721192621625959873e-04 -7.257217657752335072e-04 -1.013491419143974781e-03 7.162958354456350207e-05 4.534289473667740822e-05 1.559493684908375144e-04
1.081408699974417686e-04 -1.782718754839152098e-04 1.692919759079813957e-04 -2.695384318940341473e-05 -6.607024988625198603e-05 -3.713330806931480765e-05
-1.000546617433428764e-04 6.672224117210134864e-05 4.272311343811452389e-05 5.317455816111760214e-06 2.074223993986379355e-05 -6.236718036234378815e-06
3.460585139691829681e-04 -8.654377888888120651e-04 -1.065541364368982613e-04 -3.175378878950141370e-05 8.679253937771136407e-08 1.044077871483750641e-04
-3.236225165892392397e-04 9.865063475444912910e-04 -1.531163870822638273e-04 2.602093809400685132e-05 -3.732647383003495634e-05 -1.279738207813352346e-04
-9.699090151116251945e-04 1.274548005312681198e-03 5.199055303819477558e-04 6.663274689344689250e-06 5.271862391964532435e-05 1.035968743963167071e-04
3.034278634004294872e-04 2.356254262849688530e-04 1.302425080211833119e-04 -1.712981975288130343e-05 -8.094061922747641802e-05 1.700726425042375922e-04
4.729277279693633318e-04 -7.890823180787265301e-04 -2.771919535007327795e-04 -2.374213727307505906e-05 3.249759538448415697e-05 -1.601903350092470646e-04
-7.626763544976711273e-04 8.913921192288398743e-04 5.295310984365642071e-04 9.862615115707740188e-06 -1.980029082915280014e-05 -5.855635026819072664e-05
1.476106815971434116e-03 -2.983814105391502380e-03 -9.029894717969000340e-04 3.027013008249923587e-05 3.243671380914747715e-05 -8.781427459325641394e-05
-1.406182302162051201e-03 1.184090971946716309e-03 -6.931319949217140675e-04 -1.483416690462036058e-05 -3.869768625008873641e-05 6.461188604589551687e-05
1.618131529539823532e-03 -1.135686063207685947e-03 4.114745534025132656e-04 -2.868304363801144063e-05 -4.238618566887453198e-05 -1.196650919155217707e-05
-1.419554464519023895e-03 1.698680920526385307e-03 5.526522290892899036e-04 2.488296559022273868e-05 8.463046106044203043e-05 5.657986548612825572e-06
-9.301117097493261099e-05 -2.766476245597004890e-04 3.069402300752699375e-04 -3.526186992530710995e-05 -4.769605584442615509e-05 5.746710667153820395e-05
7.375310524366796017e-04 -9.421318536624312401e-04 -5.642049945890903473e-04 8.684450222062878311e-06 6.926645255589392036e-06 -6.533139821840450168e-05
-1.676336978562176228e-04 1.501967199146747589e-03 -1.767784669937100261e-05 2.739953743002843112e-05 1.476115721743553877e-05 1.826196530601009727e-04
5.698126042261719704e-04 -8.142671431414783001e-04 -2.807659329846501350e-04 -3.297952571301721036e-05 -7.904382073320448399e-05 -2.047470479737967253e-05
-1.092297374270856380e-03 -6.643053493462502956e-04 1.663002185523509979e-04 -3.234986434108577669e-05 6.909891817485913634e-05 -8.292488928418606520e-05
-4.911327268928289413e-04 2.328142523765563965e-03 -2.500581285858061165e-05 1.629296457394957542e-05 2.679994940990582108e-05 1.470217393944039941e-04
-8.794722089078277349e-05 -4.730785149149596691e-04 1.806861837394535542e-05 1.484699441789416596e-05 -3.644721437012776732e-05 -6.262979877647012472e-05
-2.360663202125579119e-04 -4.960796213708817959e-04 4.164467100054025650e-04 -4.665052074415143579e-06 5.843212784384377301e-05 6.912689423188567162e-05
9.721933747641742229e-05 -4.651518247555941343e-04 -6.444848258979618549e-04 2.148569910787045956e-05 -4.019763946416787803e-05 -1.450667768949642777e-04
-1.598566886968910694e-04 1.733025186695158482e-03 -1.731972151901572943e-04 -8.256613909907173365e-06 -2.606836642371490598e-05 1.422778004780411720e-04
-7.601715624332427979e-04 -6.272259051911532879e-04 6.667149718850851059e-04 -3.966733493143692613e-05 5.919295654166489840e-05 1.256055402336642146e-04
-6.339153042063117027e-04 -5.484432913362979889e-04 -1.391875557601451874e-04 1.593414526723790914e-05 1.239789708051830530e-05 -3.614113666117191315e-06
-1.535375718958675861e-03 1.704297377727925777e-03 -3.397654509171843529e-04 1.067892389983171597e-05 -5.204210538067854941e-05 1.387496595270931721e-04
-2.251263067591935396e-04 8.340859785676002502e-04 1.652003556955605745e-04 8.936535778047982603e-07 4.006093513453379273e-05 1.834722206695005298e-04
-9.416907560080289841e-04 2.375477342866361141e-04 -4.102705861441791058e-04 1.824929427129973192e-06 -4.534105028142221272e-05 -7.387164077954366803e-05
1.033633248880505562e-03 -5.276524461805820465e-04 5.596753908321261406e-04 -1.717660234135109931e-05 6.073112308513373137e-05 -2.204746306233573705e-05
-1.894306478789076209e-05 3.985576331615447998e-04 -4.591151373460888863e-04 -8.296436135424301028e-06 -7.965170516399666667e-05 -1.312960812356323004e-04
-3.919806331396102905e-04 1.115696155466139317e-03 1.684411254245787859e-04 3.627098976721754298e-08 1.019366391119547188e-05 8.617385174147784710e-05
8.891440811567008495e-04 -1.109487842768430710e-03 -1.785013737389817834e-04 -2.183035940106492490e-05 3.970354100601980463e-06 -1.113259277190081775e-04
7.783112814649939537e-04 -1.032918691635131836e-03 -5.178748979233205318e-04 3.119703978882171214e-05 -4.177038499619811773e-05 3.024143552465829998e-06
-5.614706315100193024e-04 1.075702835805714130e-03 1.233025221154093742e-03 -6.039200161467306316e-05 -8.999653800856322050e-06 -1.795593416318297386e-04
-4.541396920103579760e-04 4.695362295024096966e-04 3.412693913560360670e-04 3.505464337649755180e-05 2.981208854180295020e-05 8.333184814546257257e-05
2.319231629371643066e-03 -7.692829240113496780e-04 -1.073863240890204906e-03 2.977808253490366042e-05 -7.493980228900909424e-05 -7.981005182955414057e-05
-1.167732698377221823e-04 7.245811866596341133e-05 8.127376786433160305e-04 1.354855703539215028e-05 5.447774674394167960e-05 -2.624538610689342022e-04
4.076067125424742699e-04 3.744904242921620607e-04 -1.016220543533563614e-03 2.576219230832066387e-05 3.478600774542428553e-05 8.694096322869881988e-05
-1.349591184407472610e-04 1.510135130956768990e-03 1.733602402964606881e-04 -4.227973840897902846e-05 -3.801263301284052432e-05 5.904764475417323411e-05
3.224193642381578684e-04 -6.297257496044039726e-04 2.245738141937181354e-04 2.249525641673244536e-05 -6.340543041005730629e-05 -7.886353705544024706e-05
2.518995024729520082e-04 4.381680628284811974e-04 1.437718310626223683e-04 -9.028929525811690837e-06 1.181033294415101409e-04 6.561703048646450043e-05
6.900161388330161572e-04 1.033199368976056576e-03 -3.145477676298469305e-04 2.421518001938238740e-05 -1.462694635847583413e-04 -3.225888067390769720e-04
-1.743732427712529898e-04 1.209846959682181478e-04 8.068968600127846003e-05 1.429963140253676102e-05 7.876213203417137265e-05 -7.303929123736452311e-07
3.706058487296104431e-04 -2.414232731098309159e-04 -1.840789809648413211e-05 -2.765711542451754212e-05 -2.260716246382799000e-05 -1.972712198039516807e-05
3.803518775384873152e-04 -4.248318145982921124e-05 -3.293132467661052942e-04 2.290217162226326764e-05 -6.369195762090384960e-05 -8.171268564183264971e-05
-4.002296482212841511e-04 -1.272655208595097065e-04 -3.210506110917776823e-04 5.291021443554200232e-05 -4.185358193353749812e-05 -1.169200841104611754e-04
-6.160586490295827389e-04 6.523163174279034138e-04 -9.224910172633826733e-04 1.054158474289579317e-05 -3.922784890164621174e-05 6.757913070032373071e-06
5.621188902296125889e-04 -5.041061085648834705e-04 -7.527430425398051739e-04 2.652351213328074664e-05 2.599538493086583912e-05 -1.498429628554731607e-04
-1.409089658409357071e-03 1.802631071768701077e-03 1.092347200028598309e-03 -1.156079088104888797e-05 2.055134791589807719e-05 -8.004889969015493989e-05
7.715997635386884212e-04 -9.789715986698865891e-04 -1.026564976200461388e-03 2.460311952745541930e-05 -2.647506880748551339e-05 1.370766131003620103e-05
-3.358690300956368446e-04 8.071375486906617880e-05 -8.964544394984841347e-05 -2.379876605118624866e-05 5.986169708194211125e-05 -4.418841854203492403e-05
3.864011960104107857e-04 -1.000031479634344578e-04 -1.236114621860906482e-04 1.503685780335217714e-05 -1.318502909271046519e-04 -2.685347280930727720e-04
-1.532757771201431751e-03 1.981266308575868607e-03 8.367418777197599411e-04 3.870132331940112635e-06 1.477601745136780664e-05 8.679814345669001341e-05
1.466876710765063763e-03 -6.738372612744569778e-04 -4.664387670345604420e-04 4.116774289286695421e-05 3.664154064608737826e-05 -5.675174907082691789e-05
-1.000380725599825382e-03 5.485339788720011711e-04 -1.947530399775132537e-04 -4.477058246266096830e-05 -4.910669667879119515e-05 2.917227357102092355e-05
1.035688401316292584e-04 -9.376811794936656952e-04 3.910491359420120716e-04 3.694112092489376664e-05 3.640105205704458058e-05 -1.914530294016003609e-04
7.209356990642845631e-04 -1.539613003842532635e-04 5.520184640772640705e-05 -2.430598215141799301e-05 -4.243906732881441712e-05 1.008041181194130331e-06
-5.952849751338362694e-04 1.952880120370537043e-04 7.837055018171668053e-04 -5.630949817714281380e-05 2.950071575469337404e-06 4.601552063832059503e-05
2.569007046986371279e-04 -4.446664243005216122e-04 2.243057533632963896e-04 1.021288881020154804e-05 -1.604532553756143898e-05 -2.088284672936424613e-04
-6.872628000564873219e-04 -4.357568395789712667e-04 1.575169881107285619e-04 2.001393659156747162e-05 8.527444151695817709e-06 -1.375938736600801349e-04
1.355766580672934651e-04 -6.245654658414423466e-04 -9.098438313230872154e-04 -1.656855238252319396e-05 -5.055553629063069820e-05 4.698894554167054594e-05
6.328187300823628902e-04 -2.491174382157623768e-04 7.074786117300391197e-05 3.330275649204850197e-05 4.791116589331068099e-05 -1.512778108008205891e-04
-5.197077989578247070e-04 -7.600208045914769173e-04 5.064539072918705642e-05 -4.517036359175108373e-06 -1.057849476637784392e-05 5.975008753011934459e-05
4.180440446361899376e-04 -1.785895874490961432e-04 -2.307395479874685407e-04 3.776188532356172800e-05 8.509882172802463174e-05 1.529839391878340393e-05
-5.454536294564604759e-04 -1.186426379717886448e-03 4.230785416439175606e-04 -3.735776044777594507e-05 -4.794219057657755911e-05 -2.339408820262178779e-04
-1.040700357407331467e-03 -9.395966771990060806e-04 -4.709280619863420725e-04 2.670755566214211285e-05 2.167816091969143599e-05 -1.000916454358957708e-04
3.214509051758795977e-04 -7.782643660902976990e-04 2.687884989427402616e-05 1.880040326796006411e-05 -5.187013448448851705e-05 -2.870413591153919697e-04
4.971806774847209454e-04 -1.579410047270357609e-03 1.664306764723733068e-04 -2.592453893157653511e-05 -4.408481618156656623e-05 4.065718530910089612e-05
1.914495078381150961e-04 -1.132704637711867690e-04 5.655118729919195175e-05 -3.295827355032088235e-06 2.950750786112621427e-05 9.335002687294036150e-06
2.472880296409130096e-04 -5.325856036506593227e-04 8.372445154236629605e-05 2.144770405720919371e-06 1.329446422460023314e-05 -1.350882848782930523e-05
2.422861143713817000e-05 -2.964877348858863115e-04 -2.194838889408856630e-04 -2.914665674325078726e-05 -6.906295311637222767e-05 -6.681329250568524003e-05
-1.698626321740448475e-03 1.737357233650982380e-03 9.810250485315918922e-04 -2.925861190306022763e-05 7.531958544859662652e-05 4.098064891877584159e-05
1.068166224285960197e-03 -3.015705151483416557e-03 -9.566950611770153046e-04 4.816705768462270498e-05 -9.168910037260502577e-05 -2.326242429262492806e-05
-1.116759143769741058e-03 9.921547025442123413e-04 -4.331149684730917215e-04 5.047138984082266688e-06 1.838790376496035606e-05 -3.608652332331985235e-05
1.396592007949948311e-03 -8.752199355512857437e-04 -1.356360153295099735e-04 5.562095793720800430e-06 -5.114475425216369331e-05 -6.239127105800434947e-05
-1.247583306394517422e-03 4.168657178524881601e-04 1.347032724879682064e-03 -2.574466270743869245e-05 9.199682972393929958e-05 -9.544589556753635406e-05
1.196711440570652485e-03 -4.990505403839051723e-04 -9.596354793757200241e-04 2.810428486554883420e-05 -7.755709521006792784e-05 -5.155926191946491599e-05
-6.573095452040433884e-04 -1.227531698532402515e-03 1.017094473354518414e-03 -1.264483307750197127e-05 1.090627483790740371e-05 -1.480663049733266234e-04
6.693135364912450314e-04 -2.563142916187644005e-04 -1.185591681860387325e-03 1.893148873932659626e-05 8.814929969958029687e-06 2.272325364174321294e-04
5.116820102557539940e-04 -1.066416036337614059e-03 1.939801732078194618e-04 2.732294888119213283e-05 3.257210119045339525e-05 -9.003281593322753906e-05
-1.956858905032277107e-03 1.924173673614859581e-03 7.358312141150236130e-04 -3.286153878434561193e-05 6.392118666553869843e-05 -1.450328636565245688e-05
1.665150979533791542e-03 -6.174010341055691242e-04 -6.405001040548086166e-04 -2.796715307340491563e-05 -1.304342440562322736e-04 -6.807589215895859525e-06
-2.503952709957957268e-04 5.407255375757813454e-04 1.042822492308914661e-03 -1.814464303606655449e-05 1.385653449688106775e-04 7.143829861888661981e-05
1.869014085968956351e-04 -1.225767889991402626e-03 -1.022846205160021782e-03 3.148663745378144085e-05 -1.631245249882340431e-04 -5.416840576799586415e-05
-1.287679886445403099e-03 1.127085997723042965e-03 -1.011048443615436554e-04 -1.435325975762680173e-05 9.291916285292245448e-06 -7.219990948215126991e-05
-5.171559751033782959e-04 -1.136433100327849388e-03 -6.530943792313337326e-04 2.431517714285291731e-05 2.406010025879368186e-06 -1.773672411218285561e-04
-1.811374968383461237e-04 -8.946335874497890472e-04 9.771216718945652246e-05 -2.338520243938546628e-05 1.987284485949203372e-05 -1.104007460526190698e-04
-4.977739881724119186e-04 -1.324678771197795868e-03 2.161072770832106471e-04 1.669063021836336702e-05 -4.069022907060571015e-05 -1.881458738353103399e-04
5.317019531503319740e-04 -6.655639153905212879e-04 -3.341870324220508337e-04 -9.353048881166614592e-06 -3.393965471332194284e-06 -1.689635828370228410e-04
-8.795143803581595421e-04 -3.051692619919776917e-04 1.372963597532361746e-04 1.422725563315907493e-05 -2.239391142211388797e-05 -1.408102398272603750e-04
-7.991192978806793690e-05 -1.045936834998428822e-03 -1.187091256724670529e-04 -1.392560261592734605e-05 1.797487311705481261e-05 -1.303394383285194635e-04
-9.424948948435485363e-04 5.050718318670988083e-04 5.297239986248314381e-04 -1.159716157417278737e-05 -2.171441883547231555e-05 -2.092329232254996896e-04
-5.583988968282938004e-04 1.191989751532673836e-03 1.491329021519050002e-04 3.288445077487267554e-05 -1.100651570595800877e-05 -5.927997699473053217e-05
-8.004401024663820863e-06 -6.699898513033986092e-04 -9.554568678140640259e-04 7.810553142917342484e-06 -2.089779627567622811e-05 9.316539035353343934e-06
1.997811632463708520e-04 -1.290985092055052519e-04 1.549262902699410915e-03 -1.477606565458700061e-05 1.306894409935921431e-04 -1.992392390093300492e-05
-2.256821026094257832e-04 -1.594266504980623722e-03 -6.153733120299875736e-04 7.096675290085840970e-06 -5.564547973335720599e-05 -1.466842950321733952e-04
8.548299229005351663e-05 1.596998772583901882e-04 -9.018256096169352531e-04 2.370621132286032662e-06 -7.003055361565202475e-05 1.244517916347831488e-04
-1.337789930403232574e-03 1.292678411118686199e-03 1.574758673086762428e-03 -2.419540396658703685e-05 1.323668402619659901e-04 -1.251977810170501471e-04
9.812469361349940300e-04 -6.472443346865475178e-04 -1.507880166172981262e-03 1.240944038727320731e-05 -1.493858144385740161e-04 -1.243562728632241488e-04
-1.031967112794518471e-03 1.894576242193579674e-03 1.421908964402973652e-03 2.437302828184328973e-05 8.920719119487330317e-05 1.474741438869386911e-04
6.717385986121371388e-05 -9.434024104848504066e-04 -6.750518805347383022e-04 2.599282197479624301e-06 -1.805097417673096061e-05 -5.442969268187880516e-05
9.032464004121720791e-04 9.279654477722942829e-05 -5.547038745135068893e-05 1.001412238110788167e-05 1.701789915387053043e-05 8.741506462683901191e-05
-9.743621340021491051e-04 -1.068413257598876953e-05 1.343409239780157804e-04 -1.600151153979822993e-05 -1.596298716322053224e-05 -1.330510567640885711e-04
-4.689645720645785332e-04 4.134687769692391157e-04 -2.281424822285771370e-04 2.135084105248097330e-05 4.319605432101525366e-05 5.996034087729640305e-05
3.250761947128921747e-04 -3.104197094216942787e-04 2.464573190081864595e-04 -2.969150227727368474e-05 2.924616273958235979e-05 3.871060835081152618e-05
6.705375853925943375e-04 -8.735861629247665405e-04 -4.671160131692886353e-04 7.175624887167941779e-06 2.964523810078389943e-05 -4.267666008672676980e-05
-3.219986974727362394e-04 9.335786453448235989e-04 7.483629160560667515e-04 2.279091313539538532e-05 5.543776569538749754e-05 1.135499624069780111e-04
-1.855157752288505435e-04 4.480929055716842413e-05 -6.088509107939898968e-04 -4.589158197632059455e-05 5.786617475678212941e-05 -6.468297942774370313e-05
-3.819211560767143965e-04 1.340969232842326164e-03 8.986138273030519485e-04 2.527107062633149326e-05 -4.532175080385059118e-05 3.508706140564754605e-05
4.820176400244235992e-04 -1.317963353358209133e-03 -6.224739481694996357e-04 5.566397703660186380e-06 6.892769306432455778e-05 5.893298293813131750e-08
-9.932050306815654039e-05 8.676823345012962818e-04 -1.122040157497394830e-05 -3.332640289954724722e-06 -1.517750752100255340e-05 2.211407081631477922e-05
4.781504685524851084e-05 -2.077880344586446881e-04 -1.836989249568432570e-04 -1.291121498070424423e-05 -9.737777872942388058e-07 -5.943447104073129594e-05
-4.012476711068302393e-04 -2.659334859345108271e-04 2.829977311193943024e-04 -4.647753030440071598e-06 -4.852405982092022896e-05 1.166330766864120960e-04
-8.972744399216026068e-05 1.480080070905387402e-03 -3.196627076249569654e-04 1.420512307959143072e-05 -5.093423897051252425e-05 5.321896242094226182e-05
-5.343846278265118599e-04 -2.573214878793805838e-04 1.708085328573361039e-04 -3.699213993968442082e-05 1.021978550852509215e-05 -4.810807149624451995e-05
2.151566441170871258e-04 1.119173015467822552e-03 8.083488210104405880e-04 1.569273308632546104e-06 4.156234717811457813e-05 -5.587825944530777633e-05
3.356874804012477398e-04 -1.604476012289524078e-03 -9.444893803447484970e-04 5.554697781917639077e-05 5.130793579155579209e-05 8.839944348437711596e-05
-2.780193171929568052e-04 1.264347461983561516e-03 2.292951685376465321e-04 -2.852215584425721318e-05 1.648246507102157921e-05 -1.299096911679953337e-04
-1.214913791045546532e-04 -1.660258392803370953e-03 5.973249426460824907e-05 6.204917895047401544e-07 -3.735670179594308138e-05 7.357556023634970188e-05
2.391141460975632071e-04 5.416084604803472757e-05 -6.296136998571455479e-04 -9.793899153009988368e-06 -4.971193993696942925e-05 -1.743427492328919470e-05
-5.603812169283628464e-04 1.359493617201223969e-04 1.015093061141669750e-03 5.712965503334999084e-06 5.854568371432833374e-05 -1.292062370339408517e-04
5.522236460819840431e-04 -1.971451332792639732e-03 -7.424010545946657658e-04 2.101727295666933060e-05 -1.938267814693972468e-06 1.943760435096919537e-04
9.230562136508524418e-04 -6.774466601200401783e-04 -3.688302967930212617e-06 -1.498315941717009991e-05 3.923270196537487209e-05 -1.288169441977515817e-04
-1.142401481047272682e-03 -1.513139344751834869e-03 5.002371617592871189e-04 3.407683834666386247e-05 -9.439935092814266682e-05 -9.329683962278068066e-05
3.090135578531771898e-04 -1.629475038498640060e-03 2.609640359878540039e-04 -7.069000275805592537e-05 5.561696889344602823e-05 -6.542939809150993824e-05
-2.553424856159836054e-04 -3.728052601218223572e-03 3.042655298486351967e-04 3.017688686668407172e-05 -2.199509071942884475e-05 -7.913738954812288284e-05
1.792206894606351852e-04 -8.840201422572135925e-03 -5.397535278461873531e-04 1.678348780842497945e-05 -4.209337203064933419e-05 -4.736252012662589550e-04
8.517916430719196796e-04 -1.379459071904420853e-02 2.499753609299659729e-04 4.764629557030275464e-05 4.800568058271892369e-05 -5.010477616451680660e-04
-3.038089780602604151e-04 -4.490343853831291199e-03 -3.619435301516205072e-04 -9.417549881618469954e-05 6.076015779399313033e-07 1.154789060819894075e-04
-1.035832683555781841e-03 6.999063771218061447e-06 -2.885761787183582783e-04 2.838545333361253142e-05 -9.658133785706013441e-05 2.438848896417766809e-04
-9.941456373780965805e-04 -9.026433690451085567e-04 1.004346762783825397e-03 1.087144119082950056e-05 7.664642907911911607e-05 1.116531857405789196e-04
-1.586771104484796524e-03 -2.435076050460338593e-03 -1.275681133847683668e-04 1.260817225556820631e-05 -1.186957088066264987e-04 8.699852332938462496e-05
-2.200264018028974533e-03 -1.043175696395337582e-03 2.954320283606648445e-03 1.860801276052370667e-04 5.249427049420773983e-04 3.631234867498278618e-04
3.629290964454412460e-03 -6.531765311956405640e-02 -1.649007666856050491e-03 3.014262183569371700e-04 -1.394421706208959222e-04 -1.627031015232205391e-04
2.697319956496357918e-03 -6.103211268782615662e-02 -5.680246977135539055e-04 -2.369649791944539174e-06 -3.523477353155612946e-04 -3.872427041642367840e-04
-8.227666257880628109e-04 9.177234023809432983e-03 7.788014481775462627e-04 -1.304600882576778531e-04 -2.163969111279584467e-05 6.065539128030650318e-05
1.612524283700622618e-05 9.388554841279983521e-03 -1.802893530111759901e-04 -8.561270806239917874e-05 5.067519668955355883e-05 2.340816572541370988e-04
-1.100444234907627106e-03 1.504111103713512421e-02 1.014166744425892830e-03 7.199670653790235519e-05 2.576114784460514784e-04 1.943385723279789090e-04
1.123141846619546413e-03 1.685265637934207916e-02 -1.171362353488802910e-03 -7.387755613308399916e-05 1.569997111801058054e-04 3.778640821110457182e-04
3.705913433805108070e-03 -4.591423273086547852e-02 1.500548562034964561e-03 -4.719206845038570464e-05 2.796883345581591129e-04 1.764836197253316641e-04
-7.921023643575608730e-04 2.586149610579013824e-02 2.350117545574903488e-03 3.102112386841326952e-04 7.829498499631881714e-04 2.809287398122251034e-04
2.975551178678870201e-03 2.679895609617233276e-02 1.593232620507478714e-03 4.598566447384655476e-04 5.551834474317729473e-04 3.752329212147742510e-04
-6.109355017542839050e-04 3.290242701768875122e-02 2.935629338026046753e-03 5.599549622274935246e-04 8.034365600906312466e-04 5.213046679273247719e-04
3.723249770700931549e-03 4.077918827533721924e-02 1.198872574605047703e-03 7.135815685614943504e-04 8.523953147232532501e-04 5.970099591650068760e-04
-2.325149253010749817e-03 5.306384339928627014e-02 3.295495873317122459e-03 9.565384243614971638e-04 4.730964428745210171e-04 4.853996506426483393e-04
2.664694329723715782e-04 6.273788958787918091e-02 1.115943770855665207e-03 9.460241999477148056e-04 1.404503273079171777e-04 2.955584786832332611e-04
-8.651395910419523716e-05 7.318485528230667114e-02 -1.620127237401902676e-03 9.906736668199300766e-04 7.930878200568258762e-05 2.313843287993222475e-04
2.951734641101211309e-04 8.580955117940902710e-02 -2.518959343433380127e-03 1.071051228791475296e-03 -3.113156417384743690e-04 6.661849329248070717e-05
3.272334579378366470e-03 1.011269539594650269e-01 -2.989392494782805443e-03 6.753013003617525101e-04 -1.090340316295623779e-03 -7.887249230407178402e-04
4.257188644260168076e-03 1.135422363877296448e-01 -2.327442634850740433e-03 5.841718666488304734e-05 -4.624289576895534992e-04 -1.430131611414253712e-03
8.462193654850125313e-04 1.281665116548538208e-01 4.366935463622212410e-04 1.035562672768719494e-04 6.586673407582566142e-05 -9.726992575451731682e-04
4.169312305748462677e-03 1.413557380437850952e-01 -1.662354334257543087e-04 2.585776674095541239e-04 1.177375088445842266e-05 -8.992896182462573051e-04
6.924875080585479736e-03 1.495474427938461304e-01 -1.662930590100586414e-03 9.713146719150245190e-04 3.739509556908160448e-04 -1.833814196288585663e-03
4.391877446323633194e-03 1.648987978696823120e-01 -2.385627245530486107e-03 1.147146453149616718e-03 5.534052033908665180e-04 -2.216936089098453522e-03
7.023887243121862411e-03 1.754758954048156738e-01 -2.374027157202363014e-03 1.259713433682918549e-03 -1.875614980235695839e-04 -3.227903274819254875e-03
7.335223723202943802e-03 1.868163347244262695e-01 -2.428305102512240410e-03 9.055054397322237492e-04 -7.862921920605003834e-04 -3.262080950662493706e-03
1.038791518658399582e-02 1.942059695720672607e-01 -6.276743486523628235e-03 1.065604970790445805e-03 -1.417822437360882759e-03 -3.710534656420350075e-03
7.040663622319698334e-03 2.187876552343368530e-01 -9.296235628426074982e-03 1.120406552217900753e-03 -1.803497900255024433e-03 -4.533201921731233597e-03
1.095544081181287766e-02 2.337472289800643921e-01 -9.329527616500854492e-03 2.891638432629406452e-04 -1.694999402388930321e-03 -5.852302536368370056e-03
9.897413663566112518e-03 2.235820889472961426e-01 -4.738558549433946609e-03 -5.154900718480348587e-04 -1.431292505003511906e-03 -6.809476297348737717e-03
1.070665474981069565e-02 2.491496205329895020e-01 -4.838479682803153992e-03 -6.536510190926492214e-04 -2.128509571775794029e-03 -5.925153847783803940e-03
9.943573735654354095e-03 2.716377377510070801e-01 -1.636797562241554260e-03 -8.066284353844821453e-04 -2.520615933462977409e-03 -6.507437676191329956e-03
1.367108523845672607e-02 2.822706997394561768e-01 -2.960018347948789597e-03 -7.819408783689141273e-04 -2.743577118963003159e-03 -8.101768791675567627e-03
1.776791177690029144e-02 2.915668487548828125e-01 6.419260171242058277e-04 -1.898984774015843868e-03 -1.925998134538531303e-03 -1.046383287757635117e-02
1.990681514143943787e-02 2.953602969646453857e-01 5.725633818656206131e-03 -1.837869756855070591e-03 -1.180458231829106808e-03 -1.147214043885469437e-02
2.112497016787528992e-02 2.909587919712066650e-01 -9.781562257558107376e-04 -1.413915833836654201e-05 -1.896080444566905499e-03 -1.183070428669452667e-02
2.501751482486724854e-02 3.068733811378479004e-01 -3.412299789488315582e-03 -8.869003504514694214e-04 -1.757678808644413948e-03 -1.283325068652629852e-02
3.076530061662197113e-02 3.176068961620330811e-01 -1.193743431940674782e-03 -1.515322364866733551e-03 -5.658225854858756065e-04 -1.501537673175334930e-02
3.288727253675460815e-02 3.214091062545776367e-01 -2.077307784929871559e-03 -1.075658248737454414e-03 -2.097314572893083096e-04 -1.692789234220981598e-02
3.439667075872421265e-02 3.275282382965087891e-01 1.830614171922206879e-03 -1.301858923397958279e-03 -1.049313461408019066e-03 -1.694140210747718811e-02
3.058013133704662323e-02 3.368724286556243896e-01 1.106890849769115448e-03 -1.160817220807075500e-03 -2.086923923343420029e-03 -1.797438785433769226e-02
2.910774946212768555e-02 3.300003707408905029e-01 1.704316237010061741e-04 2.954071387648582458e-04 -4.480410832911729813e-03 -1.874081417918205261e-02
3.339615091681480408e-02 3.410607874393463135e-01 -4.561097361147403717e-03 3.905231133103370667e-04 -5.033300258219242096e-03 -1.963014341890811920e-02
3.605067729949951172e-02 3.536777198314666748e-01 -4.041665233671665192e-03 -2.837103238562121987e-06 -3.595815505832433701e-03 -2.167296223342418671e-02
4.333730414509773254e-02 3.585347831249237061e-01 -2.851772354915738106e-03 5.684178631781833246e-06 -1.037206675391644239e-04 -2.416044101119041443e-02
5.373077467083930969e-02 3.465411067008972168e-01 -3.364001750014722347e-04 3.375064698047935963e-04 2.021610271185636520e-03 -2.342204749584197998e-02
5.165120586752891541e-02 3.589351773262023926e-01 1.834285445511341095e-03 1.730556250549852848e-03 1.592413522303104401e-03 -2.482930943369865417e-02
4.824722930788993835e-02 3.613522648811340332e-01 -3.356067754793912172e-04 2.109220251441001892e-03 -1.588110928423702717e-03 -2.655404433608055115e-02
4.450444504618644714e-02 3.779560029506683350e-01 -5.718029569834470749e-04 2.408450964139774442e-04 -2.902078675106167793e-03 -2.875930070877075195e-02
4.903306066989898682e-02 3.838121294975280762e-01 -8.767592953518033028e-04 -3.454257675912231207e-04 -2.131968736648559570e-03 -3.051144629716873169e-02
5.649402737617492676e-02 3.707815110683441162e-01 -4.144643433392047882e-03 4.550786397885531187e-04 -2.886684145778417587e-03 -3.002875298261642456e-02
4.590618237853050232e-02 3.761785030364990234e-01 -1.751028175931423903e-04 2.044888911768794060e-03 -3.010126994922757149e-03 -2.759547159075737000e-02
5.275263637304306030e-02 3.876734972000122070e-01 -2.307231305167078972e-03 6.108885281719267368e-04 -2.936542034149169922e-03 -3.097382374107837677e-02
6.278257071971893311e-02 4.032162725925445557e-01 -4.155260976403951645e-03 -2.067883731797337532e-03 -2.786064986139535904e-03 -3.213696926832199097e-02
5.655033141374588013e-02 4.067112207412719727e-01 -4.565284121781587601e-03 -1.340482849627733231e-03 -3.082219511270523071e-03 -3.360848501324653625e-02
6.057542935013771057e-02 3.981595039367675781e-01 -7.231070660054683685e-03 -5.857180221937596798e-04 -1.733402255922555923e-03 -3.393347188830375671e-02
8.817397058010101318e-02 4.069733619689941406e-01 -5.328728817403316498e-03 -2.434198744595050812e-03 1.962472219020128250e-03 -3.423338383436203003e-02
7.932350039482116699e-02 4.284057915210723877e-01 -3.807553788647055626e-03 -3.285621525719761848e-03 4.433176945894956589e-03 -3.686807677149772644e-02
9.064560383558273315e-02 4.174962341785430908e-01 -3.374441061168909073e-03 -1.306755002588033676e-03 5.922706797719001770e-03 -3.773671016097068787e-02
8.622123301029205322e-02 4.094208478927612305e-01 -1.035556197166442871e-03 -8.637113496661186218e-04 2.327722497284412384e-03 -3.616049140691757202e-02
7.751575112342834473e-02 3.940315544605255127e-01 1.832258189097046852e-03 -9.792601922526955605e-04 -7.188614108599722385e-04 -3.448872268199920654e-02
6.312323361635208130e-02 4.362653791904449463e-01 4.801713861525058746e-03 -1.742161810398101807e-03 -2.373876748606562614e-03 -3.806179761886596680e-02
9.133242070674896240e-02 4.225626587867736816e-01 5.144210066646337509e-03 -7.139911176636815071e-04 -3.805943997576832771e-03 -3.786480799317359924e-02
6.518921256065368652e-02 4.169824123382568359e-01 -4.535753279924392700e-03 2.551092999055981636e-03 -4.571964032948017120e-03 -4.013012722134590149e-02
5.741705745458602905e-02 4.366955161094665527e-01 -3.915814217180013657e-03 6.910922238603234291e-04 -6.657627411186695099e-03 -4.177177697420120239e-02
5.490256473422050476e-02 4.443730413913726807e-01 -1.981408800929784775e-03 -9.409461636096239090e-04 -4.382932558655738831e-03 -4.242467135190963745e-02
7.526516169309616089e-02 4.433640241622924805e-01 -1.261048763990402222e-02 2.716224116738885641e-04 6.847101612947881222e-04 -4.009525477886199951e-02
6.468005478382110596e-02 4.536609053611755371e-01 -1.585706323385238647e-02 2.270685043185949326e-03 3.157225903123617172e-03 -4.189067706465721130e-02
8.300019055604934692e-02 4.380714893341064453e-01 -1.227156911045312881e-02 4.789938102476298809e-04 4.089310765266418457e-03 -4.313380643725395203e-02
8.029834181070327759e-02 4.559756815433502197e-01 -7.344135083258152008e-04 -2.494989428669214249e-03 3.423551330342888832e-03 -4.333734139800071716e-02
7.051987946033477783e-02 4.662870466709136963e-01 3.053756081499159336e-04 -1.605516416020691395e-03 2.396545372903347015e-03 -4.326537996530532837e-02
5.231137201189994812e-02 4.556687772274017334e-01 -6.901779212057590485e-03 4.346035420894622803e-04 1.634590793401002884e-03 -4.197796806693077087e-02
5.507274344563484192e-02 4.577356576919555664e-01 -4.774586763232946396e-03 3.008691128343343735e-04 9.868642082437872887e-04 -3.594895452260971069e-02
5.859780684113502502e-02 4.684807956218719482e-01 -8.310273289680480957e-03 4.155557326157577336e-05 5.128025659359991550e-04 -3.435662388801574707e-02
5.128317698836326599e-02 4.840829670429229736e-01 -7.238200400024652481e-03 -7.062298245728015900e-04 5.155939143151044846e-04 -3.382338210940361023e-02
4.614199325442314148e-02 5.094124674797058105e-01 -7.526844739913940430e-03 -1.274709473364055157e-03 1.079071429558098316e-03 -3.422970697283744812e-02
4.748494550585746765e-02 5.198038220405578613e-01 -3.225063905119895935e-03 -1.064759446308016777e-03 1.246719621121883392e-03 -3.168076276779174805e-02
3.956107422709465027e-02 5.369828939437866211e-01 -4.776462912559509277e-03 -4.402878112159669399e-04 1.225296524353325367e-03 -2.905955724418163300e-02
3.470202907919883728e-02 5.331057906150817871e-01 -4.410983994603157043e-03 -7.144713890738785267e-05 1.420817454345524311e-03 -2.559188939630985260e-02
4.112382978200912476e-02 5.290458202362060547e-01 -3.566522384062409401e-03 -5.813342286273837090e-04 1.486932276748120785e-03 -2.066130749881267548e-02
3.223017975687980652e-02 5.579529404640197754e-01 -5.124012008309364319e-03 -1.601693686097860336e-03 2.456312999129295349e-03 -1.939017325639724731e-02
2.833029441535472870e-02 5.606483221054077148e-01 -5.868128500878810883e-03 -6.887188646942377090e-05 2.646240172907710075e-03 -1.688722893595695496e-02
2.236300520598888397e-02 5.849113464355468750e-01 -7.530543487519025803e-03 5.202470856602303684e-05 7.075200555846095085e-04 -1.531131565570831299e-02
1.902261376380920410e-02 5.905915498733520508e-01 -6.456383969634771347e-03 9.731173486215993762e-05 1.971462916117161512e-04 -1.243782229721546173e-02
1.419871952384710312e-02 6.015572547912597656e-01 -2.335559576749801636e-03 -3.840483841486275196e-04 4.422441415954381227e-04 -9.231577627360820770e-03
1.750649325549602509e-02 6.082576513290405273e-01 2.649791713338345289e-04 -5.973650258965790272e-04 1.226970925927162170e-03 -7.280371617525815964e-03
2.032474242150783539e-02 6.035760045051574707e-01 -6.078165955841541290e-03 9.635919122956693172e-04 3.028645645827054977e-03 -4.814945627003908157e-03
2.156458050012588501e-02 6.400384902954101562e-01 -5.976554006338119507e-03 1.292581320740282536e-03 2.387177664786577225e-03 -3.091286169365048409e-03
1.466403529047966003e-02 6.308863162994384766e-01 -9.405866265296936035e-03 4.751557717099785805e-04 1.193588832393288612e-03 -1.911475323140621185e-03
1.727666333317756653e-02 6.508769989013671875e-01 -3.843592014163732529e-03 -1.303303753957152367e-03 -3.015478723682463169e-04 -9.411049541085958481e-04
1.300410740077495575e-02 6.500070691108703613e-01 1.018012640997767448e-03 -1.571274828165769577e-03 -7.092129671946167946e-04 -2.929748734459280968e-04
1.606629602611064911e-02 6.564338207244873047e-01 -4.548175726085901260e-03 1.337958150543272495e-03 -4.202453128527849913e-04 -1.114945480367168784e-04
8.150752633810043335e-03 6.783068180084228516e-01 -5.241182167083024979e-03 9.115687571465969086e-04 -1.878969051176682115e-04 -4.676071694120764732e-04
1.676612347364425659e-02 6.861515641212463379e-01 -3.130414057523012161e-03 4.014716614619828761e-05 9.220296051353216171e-04 9.671955485828220844e-04
1.118030957877635956e-02 6.992275714874267578e-01 -2.757462207227945328e-03 -2.857863728422671556e-04 1.747844158671796322e-03 1.493498333729803562e-03
1.622087694704532623e-02 7.088354229927062988e-01 -5.232682451605796814e-04 -1.991795608773827553e-03 9.285387932322919369e-04 2.612451091408729553e-03
7.853075861930847168e-03 7.033435106277465820e-01 -4.090469796210527420e-03 -1.520912046544253826e-03 9.736241190694272518e-05 3.459666389971971512e-03
8.458450436592102051e-03 7.294539213180541992e-01 -1.492096576839685440e-03 -8.249481907114386559e-04 -3.374116204213351011e-05 3.159345826134085655e-03
6.268262397497892380e-03 7.346194386482238770e-01 -7.040341384708881378e-03 9.919448057189583778e-04 3.231264126952737570e-04 3.176150145009160042e-03
4.658312071114778519e-03 7.370997071266174316e-01 -6.557958200573921204e-03 5.911398329772055149e-04 -4.500885261222720146e-04 3.382790833711624146e-03
8.577902801334857941e-03 7.383761405944824219e-01 4.961477592587471008e-03 -1.687764422968029976e-03 -3.346596786286681890e-04 3.209930844604969025e-03
7.939208298921585083e-03 7.338755130767822266e-01 -3.028718056157231331e-03 1.126106435549445450e-04 -4.329835064709186554e-04 3.506548004224896431e-03
5.770073272287845612e-03 7.522684335708618164e-01 -7.404346019029617310e-03 1.144891721196472645e-03 8.683957275934517384e-04 3.195904660969972610e-03
1.021638140082359314e-02 7.718284726142883301e-01 -3.162807319313287735e-03 1.072915270924568176e-03 3.078955924138426781e-04 3.014182671904563904e-03
4.736605100333690643e-03 7.729390859603881836e-01 -3.411330981180071831e-03 9.249587310478091240e-04 5.002512261853553355e-05 3.072407795116305351e-03
7.483103778213262558e-03 7.688054442405700684e-01 -2.905790694057941437e-03 4.247303586453199387e-04 -1.344008887826930732e-05 3.324514022096991539e-03
7.713250350207090378e-03 7.693057656288146973e-01 -4.416676703840494156e-03 5.773564917035400867e-04 -3.356482484377920628e-04 3.417188534513115883e-03
5.674771033227443695e-03 7.884700298309326172e-01 -4.325992893427610397e-03 -1.834040507674217224e-03 -1.349715748801827431e-03 2.766628749668598175e-03
4.806569311767816544e-03 8.070635199546813965e-01 -2.689124783501029015e-03 -1.464430592022836208e-03 1.888050610432401299e-04 3.191708121448755264e-03
1.101711858063936234e-02 8.084105253219604492e-01 -3.472825512290000916e-03 -6.828429177403450012e-04 4.150175664108246565e-04 2.413322450593113899e-03
5.424664355814456940e-03 8.055811524391174316e-01 -4.468278493732213974e-03 2.421772223897278309e-04 -4.917407059110701084e-04 2.075932687148451805e-03
4.470750689506530762e-03 7.990948557853698730e-01 -1.152756274677813053e-03 7.949847495183348656e-04 -1.031606152537278831e-04 1.372352708131074905e-03
1.158254407346248627e-02 8.167115449905395508e-01 -4.341649822890758514e-03 9.008068009279668331e-04 -8.198543800972402096e-04 5.454327911138534546e-04
9.670836851000785828e-03 8.298870325088500977e-01 -6.154700182378292084e-03 4.553054750431329012e-04 -1.244703191332519054e-03 8.044967544265091419e-04
1.282920595258474350e-02 8.375256657600402832e-01 -2.896507794503122568e-05 -1.708445139229297638e-03 -1.345860422588884830e-03 3.292037872597575188e-04
1.225935667753219604e-02 8.250856995582580566e-01 4.527184355538338423e-04 -2.328236587345600128e-03 1.359781454084441066e-04 4.121059610042721033e-04
1.519318297505378723e-02 8.217166066169738770e-01 5.285206134431064129e-04 -4.026285605505108833e-04 1.063887611962854862e-03 5.575447721639648080e-05
1.264063268899917603e-02 8.219646215438842773e-01 -3.862192388623952866e-03 2.820117806550115347e-04 -3.228426794521510601e-04 4.750255902763456106e-04
1.350003387778997421e-02 8.285364508628845215e-01 -6.771450396627187729e-03 4.515339242061600089e-06 2.577172745077405125e-05 1.727352209854871035e-04
1.294586155563592911e-02 8.368918299674987793e-01 -1.937548397108912468e-03 1.931074220919981599e-04 -1.027948092087171972e-04 2.225800744781736284e-05
1.247731037437915802e-02 8.304506540298461914e-01 -2.678693039342761040e-03 6.054971527191810310e-05 -3.629634156823158264e-04 9.201486682286486030e-05
1.363714970648288727e-02 8.156954050064086914e-01 -3.987608361057937145e-04 -1.581402262672781944e-03 -7.991844904609024525e-04 2.995666000060737133e-04
1.313025690615177155e-02 8.376670479774475098e-01 -3.670023987069725990e-03 -1.384405186399817467e-03 -1.308559876633808017e-04 -1.792361581465229392e-04
1.295048929750919342e-02 8.289087414741516113e-01 -4.722981713712215424e-03 2.506214659661054611e-04 -6.262992974370718002e-04 3.914326371159404516e-04
1.690394990146160126e-02 7.585358619689941406e-01 -2.576015423983335495e-03 -1.596264075487852097e-03 -3.809648333117365837e-04 5.470105097629129887e-04
1.387373264878988266e-02 8.349896073341369629e-01 3.865625709295272827e-03 -1.089690253138542175e-03 1.302076154388487339e-03 -3.497097059153020382e-04
1.653198152780532837e-02 9.006087183952331543e-01 5.218758014962077141e-04 1.638892106711864471e-03 1.616991707123816013e-03 -1.232574111782014370e-03
1.544166728854179382e-02 8.203787803649902344e-01 -3.610038198530673981e-03 2.748291473835706711e-03 1.119650783948600292e-03 -5.326487007550895214e-04
1.462191063910722733e-02 8.193390965461730957e-01 -6.493718829005956650e-03 1.899324473924934864e-03 8.014645572984591126e-05 -1.298537245020270348e-05
5.248704925179481506e-03 7.872281074523925781e-01 -4.218348767608404160e-03 3.359600668773055077e-04 -1.202983083203434944e-03 1.065172022208571434e-03
3.152955556288361549e-03 8.065547943115234375e-01 -2.427409635856747627e-03 -1.575687085278332233e-03 -1.119174645282328129e-03 -1.543189631775021553e-03
1.134245935827493668e-02 9.125968813896179199e-01 1.968011260032653809e-03 -8.490342879667878151e-04 8.000588422873988748e-05 2.644770720507949591e-04
9.861093014478683472e-03 8.465948700904846191e-01 -5.609387997537851334e-03 7.374631240963935852e-04 1.003924175165593624e-03 -1.032896805554628372e-03
1.521573681384325027e-02 8.232021331787109375e-01 -1.263451948761940002e-02 9.372541098855435848e-04 8.976099779829382896e-04 -9.220176434610038996e-05
1.527332607656717300e-02 7.785813212394714355e-01 -6.887586787343025208e-03 -1.863066223450005054e-03 -2.946866734419018030e-04 4.698134725913405418e-04
8.852163329720497131e-03 8.362253904342651367e-01 6.064976565539836884e-03 -1.631127786822617054e-03 -1.092178164981305599e-03 4.479706985875964165e-04
6.261645816266536713e-03 9.022718071937561035e-01 7.468950934708118439e-03 -2.844896225724369287e-04 -2.056811237707734108e-03 1.573514891788363457e-04
5.849351175129413605e-03 7.569637894630432129e-01 -3.327955491840839386e-03 3.194875549525022507e-03 -2.621040213853120804e-03 1.504795043729245663e-03
-1.149582909420132637e-03 7.668377757072448730e-01 -1.338398922234773636e-02 8.324965019710361958e-04 -2.343901433050632477e-03 9.302443359047174454e-04
2.159474976360797882e-02 8.426451086997985840e-01 -7.729133591055870056e-03 -2.723288955166935921e-03 4.084536340087652206e-03 -1.013875240460038185e-03
2.074254862964153290e-02 7.642412781715393066e-01 1.248231856152415276e-03 -3.381707938387989998e-03 3.738363739103078842e-03 2.074273361358791590e-04
1.047290302813053131e-02 7.994819879531860352e-01 1.648579165339469910e-02 -2.008113544434309006e-03 8.138461853377521038e-04 9.753028280101716518e-06
3.859384683892130852e-03 8.407443165779113770e-01 9.440847672522068024e-03 4.412019625306129456e-03 -4.434212576597929001e-03 -1.412272453308105469e-03
4.064978566020727158e-03 8.227022290229797363e-01 -2.113129384815692902e-02 9.639667347073554993e-03 -1.568656531162559986e-03 4.020029737148433924e-04
1.515198778361082077e-02 7.616680264472961426e-01 -2.940125204622745514e-02 1.378767890855669975e-03 8.705913787707686424e-04 1.137129380367696285e-03
1.674476265907287598e-02 8.513201475143432617e-01 8.536278270184993744e-03 -8.202661760151386261e-03 7.679496193304657936e-04 -9.287986904382705688e-05
8.402755483984947205e-03 8.441072702407836914e-01 1.261902693659067154e-02 -5.164069123566150665e-03 4.397546406835317612e-03 -7.766507915221154690e-04
1.769659854471683502e-02 9.236765503883361816e-01 2.875757403671741486e-03 4.105404950678348541e-03 3.478224156424403191e-03 -1.057405024766921997e-03
2.977601543534547091e-04 8.293564319610595703e-01 -7.094903383404016495e-03 5.111774429678916931e-03 -3.960382309742271900e-05 -7.846340886317193508e-04
1.011067721992731094e-02 8.361247181892395020e-01 -3.749125637114048004e-03 2.420808421447873116e-03 -4.205669742077589035e-03 6.693357136100530624e-04
3.795513184741139412e-03 7.598629593849182129e-01 -3.176237456500530243e-03 -1.588571321917697787e-04 -2.374178729951381683e-03 1.104005379602313042e-03
1.329987403005361557e-02 8.370206356048583984e-01 1.453736564144492149e-03 -3.042687429115176201e-03 -1.043849159032106400e-03 4.853412683587521315e-04
1.503002643585205078e-02 8.480671048164367676e-01 1.232531969435513020e-03 -1.500397920608520508e-03 1.248970860615372658e-03 -3.069796075578778982e-04
1.366543024778366089e-02 8.435972332954406738e-01 -1.044943463057279587e-02 -5.244273343123495579e-04 3.439676947891712189e-04 -5.977000109851360321e-04
5.801372230052947998e-03 8.393229842185974121e-01 -2.484488068148493767e-04 -3.256541676819324493e-04 -3.163286892231553793e-04 8.400810766033828259e-04
3.005551407113671303e-03 8.454514145851135254e-01 3.019851865246891975e-03 -5.220683524385094643e-04 -2.637458092067390680e-04 -1.377909327857196331e-03
1.056335959583520889e-02 8.335821628570556641e-01 2.050859766313806176e-04 2.501882845535874367e-03 7.275097887031733990e-04 -4.753616522066295147e-04
1.277738902717828751e-02 8.377505540847778320e-01 -7.906519807875156403e-03 4.629475530236959457e-03 9.586904197931289673e-04 -1.653970219194889069e-03
8.731495589017868042e-03 8.331111669540405273e-01 -9.557957760989665985e-03 4.102378617972135544e-03 -3.262788231950253248e-04 -5.131048383191227913e-04
1.406849268823862076e-02 7.448241114616394043e-01 -2.451180014759302139e-03 -6.619434570893645287e-04 -1.024210010655224323e-03 1.662747189402580261e-02
1.145052444189786911e-02 8.418051600456237793e-01 1.859334530308842659e-03 -3.894861089065670967e-03 -6.097600562497973442e-04 5.521932616829872131e-04
1.185348350554704666e-02 8.403629660606384277e-01 1.301230979152023792e-03 -8.800824871286749840e-04 6.668875575996935368e-04 3.187262918800115585e-04
2.432149462401866913e-02 8.372635245323181152e-01 -8.976573124527931213e-03 1.432156888768076897e-03 2.529539400711655617e-03 -1.575178350321948528e-03
1.974528096616268158e-02 8.392049074172973633e-01 -5.148786585777997971e-04 2.392574533587321639e-04 1.843724166974425316e-03 -5.638577858917415142e-04
-4.953243769705295563e-03 8.083297014236450195e-01 -6.310806144028902054e-03 7.293661474250257015e-04 -7.070924621075391769e-04 2.765821292996406555e-03
-4.875885788351297379e-03 8.257769346237182617e-01 -2.438928466290235519e-03 6.552056875079870224e-04 -1.658790512010455132e-03 2.340442733839154243e-03
-5.383018404245376587e-03 8.078900575637817383e-01 1.639008289203047752e-03 -1.807562541216611862e-03 -1.599631854332983494e-03 3.546838415786623955e-03
1.731831766664981842e-02 8.467024564743041992e-01 -1.629294711165130138e-03 -6.344865687424317002e-05 7.350078667514026165e-04 -1.095118859666399658e-04
7.816020399332046509e-03 8.350141048431396484e-01 -1.302891131490468979e-02 2.609399612993001938e-03 5.246554501354694366e-04 -7.091056322678923607e-04
7.146547548472881317e-03 8.245298862457275391e-01 -3.733491059392690659e-03 -3.891015658155083656e-04 -8.120482088997960091e-04 1.102411304600536823e-03
1.343216747045516968e-02 8.317950963973999023e-01 -4.689492925535887480e-05 -2.511417726054787636e-03 -6.082332693040370941e-04 3.485462511889636517e-04
2.399181947112083435e-03 8.451430797576904297e-01 1.791924587450921535e-03 -1.411676406860351562e-03 -8.169512148015201092e-05 6.401955033652484417e-04
8.168053813278675079e-03 8.347288966178894043e-01 -2.228087279945611954e-03 7.466360693797469139e-04 -3.220558573957532644e-04 -8.972442446975037456e-05
1.937518268823623657e-02 8.157336115837097168e-01 -4.369005095213651657e-03 2.171936648664996028e-05 6.688520079478621483e-05 2.366902073845267296e-03
1.534293126314878464e-02 8.340218663215637207e-01 -1.594599685631692410e-03 -2.335848112124949694e-04 5.557085387408733368e-04 -3.798942780122160912e-04
2.231770008802413940e-02 8.128571510314941406e-01 1.878750976175069809e-03 -9.898680727928876877e-04 7.981546805240213871e-04 3.046588972210884094e-03
1.624334789812564850e-02 8.359619379043579102e-01 1.264347694814205170e-03 -1.043676165863871574e-03 4.332351090852171183e-05 2.018121740547940135e-04
7.354642264544963837e-03 8.174997568130493164e-01 -5.993218161165714264e-03 1.192910829558968544e-03 -2.995239337906241417e-04 -1.185938381240703166e-04
2.254723012447357178e-02 8.259987831115722656e-01 -6.011802237480878830e-03 1.116876490414142609e-03 -1.792255061445757747e-04 2.945190353784710169e-04
2.820814400911331177e-02 7.845460772514343262e-01 -1.545896520838141441e-03 -4.093125171493738890e-04 1.324682089034467936e-04 6.465470418334007263e-03
1.796307042241096497e-02 8.033989667892456055e-01 -1.047996920533478260e-03 -7.918707560747861862e-04 1.548088039271533489e-04 8.712788112461566925e-04
1.786376535892486572e-02 8.038244247436523438e-01 1.321395859122276306e-03 -4.761714371852576733e-04 1.249947235919535160e-04 2.471962012350559235e-03
1.342174410820007324e-02 7.997089624404907227e-01 -3.106693970039486885e-03 -8.742255886318162084e-05 2.139514836017042398e-04 3.141464840155094862e-04
1.081078685820102692e-02 8.074897527694702148e-01 -6.238177884370088577e-03 8.530660124961286783e-05 5.879049422219395638e-04 -1.595213834661990404e-04
1.448179036378860474e-02 8.033188581466674805e-01 1.879545277915894985e-03 -1.506031840108335018e-04 3.894726978614926338e-04 -3.211685179849155247e-05
1.294299587607383728e-02 7.967017889022827148e-01 -1.573894522152841091e-03 2.085436972265597433e-05 -2.774942840915173292e-04 -1.180600665975362062e-04
1.447788812220096588e-02 7.906797528266906738e-01 -6.639651255682110786e-04 3.617604379542171955e-04 -1.256761461263522506e-04 8.594001701567322016e-05
1.233711093664169312e-02 7.851198315620422363e-01 -4.796713124960660934e-03 1.298955292440950871e-03 -5.446709110401570797e-04 -5.035193753428757191e-04
4.746451508253812790e-03 7.832902073860168457e-01 -5.837471224367618561e-03 7.281354046426713467e-04 -6.244641263037919998e-04 1.093907398171722889e-03
1.153072994202375412e-02 7.853302359580993652e-01 2.813844708725810051e-03 -1.813139300793409348e-03 2.240725734736770391e-04 2.504950622096657753e-03
7.688346318900585175e-03 7.734103202819824219e-01 -2.856765058822929859e-04 -1.912808860652148724e-03 -9.162352653220295906e-04 1.531009795144200325e-03
5.074822809547185898e-03 7.784047722816467285e-01 -2.115866634994745255e-03 -3.799654659815132618e-04 3.734230995178222656e-04 -2.946139429695904255e-04
8.615156635642051697e-03 7.683564424514770508e-01 -5.271941889077425003e-03 2.145503414794802666e-03 9.877987904474139214e-04 6.976752774789929390e-04
1.593920961022377014e-02 7.670170068740844727e-01 -6.859251298010349274e-04 -2.391985617578029633e-04 -4.419607575982809067e-04 6.763841956853866577e-04
1.539533026516437531e-02 7.709205746650695801e-01 -3.022829303517937660e-03 -1.115965191274881363e-03 -3.171424614265561104e-04 1.032772124744951725e-03
8.100753650069236755e-03 7.696800827980041504e-01 -3.521821694448590279e-03 4.292473022360354662e-04 -1.198145328089594841e-04 8.945088484324514866e-04
1.045422907918691635e-02 7.616680264472961426e-01 -1.289115898543968797e-04 7.041004719212651253e-04 -1.081849448382854462e-03 4.873142170254141092e-04
1.040469016879796982e-02 7.622932791709899902e-01 -5.198231432586908340e-03 9.411857463419437408e-04 -1.414832891896367073e-03 1.350295380689203739e-03
1.970775797963142395e-02 7.521697282791137695e-01 4.982755985110998154e-03 -9.999227477237582207e-04 9.086221107281744480e-04 1.200123340822756290e-03
1.850578188896179199e-02 7.315816283226013184e-01 -6.274503655731678009e-03 2.003450645133852959e-03 1.065622316673398018e-03 1.699737273156642914e-03
1.056222990155220032e-02 7.369524836540222168e-01 -6.771249230951070786e-03 2.493730862624943256e-04 -1.047922123689204454e-04 2.476659603416919708e-03
1.047620642930269241e-02 7.254182696342468262e-01 1.387208816595375538e-03 -3.176371101289987564e-03 -9.468437638133764267e-04 3.089294303208589554e-03
5.122649483382701874e-03 7.547578811645507812e-01 7.475047605112195015e-04 -3.025527694262564182e-04 -1.317022717557847500e-03 1.321788760833442211e-03
6.537820212543010712e-03 7.426935434341430664e-01 -8.137502009049057961e-04 1.021651551127433777e-03 -7.676858222112059593e-04 2.849161974154412746e-04
1.206730119884014130e-02 7.359431982040405273e-01 -5.402051843702793121e-03 9.847379988059401512e-04 7.991670863702893257e-04 1.099530840292572975e-03
1.379321143031120300e-02 7.398073077201843262e-01 1.574276015162467957e-03 9.651530126575380564e-05 1.173830358311533928e-03 9.216402395395562053e-05
1.195113826543092728e-02 7.287226915359497070e-01 -3.561173100024461746e-03 4.194521461613476276e-04 1.444344175979495049e-03 4.598539089784026146e-04
2.929676137864589691e-02 6.985516548156738281e-01 -2.117244759574532509e-03 1.629520265851169825e-04 8.745108498260378838e-04 2.665214939042925835e-03
1.572828739881515503e-02 7.132960557937622070e-01 -9.628651314415037632e-04 -4.778933653142303228e-04 2.255366707686334848e-04 8.374561439268290997e-04
1.809677667915821075e-02 7.032276391983032227e-01 -1.437642378732562065e-03 -2.772489679045975208e-04 2.228876110166311264e-04 1.695814076811075211e-03
2.489430084824562073e-02 6.892778873443603516e-01 -2.290591946803033352e-04 -1.505715772509574890e-04 2.180358162149786949e-03 1.999875297769904137e-03
1.920776627957820892e-02 6.888118982315063477e-01 -2.810128964483737946e-03 8.803808013908565044e-04 9.956633439287543297e-04 4.977327189408242702e-04
2.069767005741596222e-02 6.762973666191101074e-01 -3.540443489328026772e-03 -2.090251073241233826e-03 -8.831407176330685616e-04 3.938514273613691330e-03
1.951518468558788300e-02 6.783913969993591309e-01 -4.107871558517217636e-03 -2.926359418779611588e-03 -5.117938271723687649e-04 2.084831940010190010e-03
1.268830522894859314e-02 6.718499660491943359e-01 4.897400503978133202e-04 -4.897937760688364506e-04 -9.623456862755119801e-04 1.308645470999181271e-03
4.202014766633510590e-03 6.708874106407165527e-01 1.879636314697563648e-03 1.513742143288254738e-03 -5.661285831592977047e-04 4.558830987662076950e-04
1.843923144042491913e-02 6.673380136489868164e-01 6.115446798503398895e-03 1.004095771349966526e-03 5.459381500259041786e-04 1.102129113860428333e-03
1.634476333856582642e-02 6.506268978118896484e-01 6.462675519287586212e-03 -1.818296295823529363e-04 1.738416147418320179e-03 1.080183312296867371e-03
1.575873419642448425e-02 6.437192559242248535e-01 -2.234555315226316452e-03 1.972435507923364639e-03 8.894234633771702647e-05 1.014417939586564898e-04
1.314756553620100021e-02 6.274666190147399902e-01 -1.470005419105291367e-02 3.788335015997290611e-03 -8.207169012166559696e-04 6.231442093849182129e-04
4.596615955233573914e-02 5.370932221412658691e-01 -5.642176605761051178e-03 -7.915702881291508675e-04 -1.889245817437767982e-03 1.081401389092206955e-02
1.941389776766300201e-02 6.189407110214233398e-01 7.830455433577299118e-05 -5.139213521033525467e-03 -2.549896249547600746e-03 3.272111993283033371e-03
5.681505426764488220e-03 6.379777193069458008e-01 8.822666481137275696e-03 -1.905351411551237106e-03 -1.341796014457941055e-04 -2.381512022111564875e-04
1.216368656605482101e-02 6.080517172813415527e-01 5.092876963317394257e-04 1.484254840761423111e-03 1.035897294059395790e-03 -1.381865877192467451e-05
1.834088563919067383e-02 5.824649930000305176e-01 -3.706796327605843544e-03 2.519893459975719452e-03 9.519773884676396847e-04 1.275993767194449902e-03
2.158235572278499603e-02 5.556898713111877441e-01 -1.404279028065502644e-03 6.728575099259614944e-04 6.833212100900709629e-04 3.760524559766054153e-03
1.221475657075643539e-02 5.824374556541442871e-01 -5.842508981004357338e-04 -7.909637060947716236e-04 5.766766262240707874e-04 9.989410173147916794e-04
1.119994558393955231e-02 5.748965144157409668e-01 9.854731615632772446e-06 -2.765284734778106213e-04 -2.244200441054999828e-04 9.719459339976310730e-04
8.711387403309345245e-03 5.634012818336486816e-01 -3.175701713189482689e-03 2.013353863731026649e-03 -1.025642734020948410e-03 9.961590694729238749e-05
8.608531206846237183e-03 5.495328307151794434e-01 -5.237891338765621185e-03 2.145103178918361664e-03 -1.319104339927434921e-03 8.727612439543008804e-04
4.816807340830564499e-03 5.521050095558166504e-01 -3.318438073620200157e-03 -6.313628400675952435e-04 -3.704022150486707687e-03 1.647292287088930607e-03
7.228596135973930359e-03 5.598254203796386719e-01 1.058721914887428284e-03 -2.459633396938443184e-03 -1.043258002027869225e-03 5.601560696959495544e-04
1.488260272890329361e-02 5.354125499725341797e-01 -4.194180946797132492e-03 3.895417030435055494e-04 3.186902496963739395e-03 5.258649471215903759e-04
1.240471564233303070e-02 5.179735422134399414e-01 -6.768000312149524689e-03 1.092559541575610638e-03 2.956991316750645638e-03 -4.260161367710679770e-04
1.337066851556301117e-02 5.332391858100891113e-01 -8.218353614211082458e-04 -2.616781042888760567e-03 3.432489465922117233e-04 1.642191316932439804e-03
1.119552738964557648e-02 5.379803180694580078e-01 -3.221412887796759605e-03 -2.218425972387194633e-03 4.523414245340973139e-04 8.939332328736782074e-04
9.616733528673648834e-03 5.456259250640869141e-01 2.651826478540897369e-03 -4.687267821282148361e-03 7.855733856558799744e-04 1.378344604745507240e-04
-1.332220854237675667e-04 5.320862531661987305e-01 1.975255087018013000e-03 -5.787803092971444130e-04 -2.042626496404409409e-03 -1.322235330007970333e-03
1.669965102337300777e-03 5.245776772499084473e-01 -8.955047465860843658e-03 1.947995740920305252e-03 -3.050246508792042732e-03 -1.084391609765589237e-03
1.206298358738422394e-02 5.247560739517211914e-01 1.534025534056127071e-03 -2.213384490460157394e-03 -1.578593975864350796e-03 2.693758113309741020e-03
9.292068891227245331e-03 5.302179455757141113e-01 7.790387608110904694e-03 -2.717653522267937660e-03 1.183764194138348103e-03 1.505808322690427303e-03
1.450596563518047333e-02 5.306931734085083008e-01 2.647943561896681786e-03 4.875411395914852619e-04 3.215160220861434937e-03 -4.721721634268760681e-04
1.457585673779249191e-02 5.216887593269348145e-01 -5.978784058243036270e-03 3.379630390554666519e-03 2.828111872076988220e-03 -1.407582545652985573e-03
1.059076655656099319e-02 5.237838625907897949e-01 -6.161939352750778198e-03 1.959024462848901749e-03 8.197856950573623180e-04 -8.004102273844182491e-04
6.475531030446290970e-03 5.310215950012207031e-01 1.211200375109910965e-03 -1.751918578520417213e-03 -1.814885297790169716e-03 7.236080127768218517e-04
6.131344009190797806e-03 5.311455130577087402e-01 2.786347642540931702e-03 -1.824329956434667110e-05 -1.343253883533179760e-03 8.019709493964910507e-04
7.616082672029733658e-03 5.308248400688171387e-01 -8.246258832514286041e-03 2.462690230458974838e-03 2.639021258801221848e-04 -9.643078374210745096e-05
8.719851262867450714e-03 5.298242568969726562e-01 -4.536616615951061249e-03 1.193246222101151943e-03 -9.776467049960047007e-05 -6.490524392575025558e-04
8.756112307310104370e-03 5.316523313522338867e-01 -2.065872307866811752e-03 -9.517690632492303848e-04 -8.105448796413838863e-05 -7.638597162440419197e-05
9.392697364091873169e-03 5.328158736228942871e-01 1.298231421969830990e-03 -8.968971087597310543e-04 -7.594113703817129135e-04 7.020187331363558769e-04
8.778098039329051971e-03 5.366421341896057129e-01 -3.507714252918958664e-03 3.972674603573977947e-04 4.156835493631660938e-04 7.630323525518178940e-04
1.344091072678565979e-02 5.384569168090820312e-01 -4.101677332073450089e-03 7.879565237089991570e-04 1.609438098967075348e-03 6.232458399608731270e-04
1.202709600329399109e-02 5.488740801811218262e-01 -3.597607370465993881e-03 -5.769169074483215809e-04 1.061640679836273193e-03 8.039965905481949449e-05
1.114648580551147461e-02 5.516915917396545410e-01 -7.321906741708517075e-04 -7.854684954509139061e-04 2.851850877050310373e-04 -5.469984898809343576e-06
8.750361390411853790e-03 5.545300245285034180e-01 -2.560475375503301620e-03 -8.111063652904704213e-05 -2.335958270123228431e-04 6.346785812638700008e-04
9.842163883149623871e-03 5.588681697845458984e-01 -3.506221342831850052e-03 5.386621924117207527e-04 -2.081663405988365412e-04 1.457822392694652081e-03
1.005608960986137390e-02 5.638236999511718750e-01 -2.209367696195840836e-03 5.174348480068147182e-04 3.203821834176778793e-04 9.880455909296870232e-04
1.149648241698741913e-02 5.762538313865661621e-01 -5.365560762584209442e-03 6.265546544454991817e-04 2.367792476434260607e-04 4.226167802698910236e-04
9.982303716242313385e-03 5.813432335853576660e-01 -4.994179122149944305e-03 -1.914757740451022983e-04 3.744649584405124187e-04 1.502705708844587207e-04
1.195121929049491882e-02 5.774738788604736328e-01 -2.536947838962078094e-03 -9.150601690635085106e-04 1.018789771478623152e-04 9.173147846013307571e-04
1.158662512898445129e-02 5.899558663368225098e-01 -2.450150437653064728e-03 -3.489176160655915737e-04 -1.348219520878046751e-04 8.216730784624814987e-04
8.200968615710735321e-03 5.906340479850769043e-01 -6.330518983304500580e-03 6.860313587822020054e-04 1.356018619844689965e-04 5.344449891708791256e-04
7.776591926813125610e-03 5.415329933166503906e-01 -5.523896776139736176e-03 -4.672276554629206657e-04 -7.398205343633890152e-04 5.963793373666703701e-04
1.073179021477699280e-02 5.997897386550903320e-01 2.326926914975047112e-04 -1.300247269682586193e-03 -4.312248493079096079e-04 6.542719202116131783e-04
9.626932442188262939e-03 6.063068509101867676e-01 -6.909598596394062042e-03 3.266652929596602917e-04 2.833198523148894310e-04 3.988155513070523739e-04
1.289466302841901779e-02 6.181331276893615723e-01 -4.240098875015974045e-03 5.108573241159319878e-04 4.244892916176468134e-04 3.052679821848869324e-04
1.020425278693437576e-02 6.185224652290344238e-01 -4.979567136615514755e-03 5.543802399188280106e-04 -3.399001434445381165e-04 4.052628064528107643e-04
9.239659644663333893e-03 6.335631608963012695e-01 -5.284593207761645317e-04 -3.876410482916980982e-04 -5.700936890207231045e-04 5.932330968789756298e-04
1.073570922017097473e-02 6.335191726684570312e-01 -1.945179072208702564e-03 -4.445023660082370043e-04 -5.178865394555032253e-04 6.391198257915675640e-04
1.056696660816669464e-02 6.352456808090209961e-01 -4.007103852927684784e-03 1.900970091810449958e-04 -1.708638446871191263e-04 4.524156101979315281e-04
1.210004184395074844e-02 6.415889859199523926e-01 -3.978129476308822632e-03 6.145688821561634541e-04 -7.368535734713077545e-04 6.424974417313933372e-04
1.034599170088768005e-02 6.522340178489685059e-01 -1.613749307580292225e-03 -8.818531205179169774e-05 -9.038420976139605045e-04 7.873455178923904896e-04
9.901463985443115234e-03 6.563118100166320801e-01 -3.389814402908086777e-03 -3.945048956666141748e-04 -5.915354704484343529e-04 1.178063568659126759e-03
1.287094969302415848e-02 6.630463004112243652e-01 -3.808361478149890900e-03 1.001794938929378986e-03 4.911536234430968761e-04 7.982579991221427917e-04
8.641696535050868988e-03 6.670431494712829590e-01 -8.310988545417785645e-03 8.572880178689956665e-04 -8.300913032144308090e-05 5.908845923840999603e-04
9.579700417816638947e-03 6.683474183082580566e-01 -1.274899346753954887e-03 -4.877399769611656666e-04 -8.217348367907106876e-04 1.352028688415884972e-03
1.244358345866203308e-02 6.992083191871643066e-01 -2.289568539708852768e-03 -3.018590505234897137e-04 8.455332135781645775e-05 5.485391593538224697e-04
9.903029538691043854e-03 6.747796535491943359e-01 -8.718224242329597473e-03 1.603182288818061352e-03 1.787985791452229023e-03 8.843849645927548409e-04
1.049043145030736923e-02 6.954280138015747070e-01 -6.603779736906290054e-03 1.900566974654793739e-03 -7.315429975278675556e-04 8.311435231007635593e-04
8.555189706385135651e-03 7.005773186683654785e-01 -3.210178983863443136e-04 2.709208929445594549e-04 -1.783318584784865379e-03 9.875264950096607208e-04
1.341397780925035477e-02 7.058525085449218750e-01 -3.125127172097563744e-03 5.531912320293486118e-04 -4.175195936113595963e-04 1.043265219777822495e-03
1.044279243797063828e-02 7.096081376075744629e-01 -8.204638026654720306e-03 1.407957635819911957e-03 -1.292680167352955323e-06 5.015846691094338894e-04
1.237171422690153122e-02 7.158656120300292969e-01 -6.531046237796545029e-03 5.844134138897061348e-04 -6.576791638508439064e-04 1.585010031703859568e-04
1.328866556286811829e-02 7.192677259445190430e-01 4.353507887572050095e-03 -1.442974549718201160e-03 -2.549131750129163265e-04 3.403508453629910946e-04
1.411498617380857468e-02 7.257373332977294922e-01 -2.055627293884754181e-03 -3.731206525117158890e-04 -7.724724709987640381e-04 3.062032046727836132e-04
1.137960795313119888e-02 7.310116291046142578e-01 -6.537154316902160645e-03 7.594672497361898422e-04 -1.353841857053339481e-03 3.498169535305351019e-04
5.879152566194534302e-03 7.252274155616760254e-01 -2.512818900868296623e-03 1.572522567585110664e-03 -2.197546651586890221e-03 1.157702878117561340e-03
7.529712282121181488e-03 7.350669503211975098e-01 -6.714723072946071625e-03 2.129750093445181847e-03 -8.631928358227014542e-04 8.568806806579232216e-04
1.595163159072399139e-02 7.431018352508544922e-01 -1.990099670365452766e-03 -1.674453844316303730e-03 -2.924450091086328030e-04 5.093090585432946682e-04
1.336960587650537491e-02 7.439517974853515625e-01 -4.534168168902397156e-03 -1.460688654333353043e-03 -1.036715111695230007e-03 7.099851500242948532e-04
1.038027741014957428e-02 7.554953098297119141e-01 -5.457597319036722183e-03 -1.283088815398514271e-03 -1.774711534380912781e-03 4.701960133388638496e-04
3.973379731178283691e-03 7.549648880958557129e-01 -3.719958476722240448e-03 -1.665366813540458679e-03 -1.358178211376070976e-03 6.031985394656658173e-04
8.205606602132320404e-03 7.626854181289672852e-01 5.663504358381032944e-03 -3.373140469193458557e-03 -5.302138742990791798e-04 1.570355816511437297e-04
1.898797042667865753e-02 7.641710042953491211e-01 -2.351135248318314552e-03 -8.661346510052680969e-04 2.311714924871921539e-04 4.171732580289244652e-04
2.247643843293190002e-02 7.689954042434692383e-01 -7.319168187677860260e-03 1.955593004822731018e-03 -6.881632143631577492e-04 -1.117670093663036823e-03
6.179373711347579956e-03 7.700713276863098145e-01 -7.871312089264392853e-03 3.674997715279459953e-04 -4.777078866027295589e-04 -9.566656081005930901e-04
5.572405643761157990e-03 7.758481502532958984e-01 -2.609964460134506226e-03 -4.817495588213205338e-03 7.180508109740912914e-04 -4.643098800443112850e-04
1.862918026745319366e-02 7.858612537384033203e-01 -2.451950218528509140e-03 -3.786902176216244698e-03 1.639444846659898758e-03 -3.745385765796527267e-05
1.362440269440412521e-02 7.840475440025329590e-01 -2.611613366752862930e-03 -2.351757604628801346e-03 1.118377549573779106e-03 9.335983486380428076e-05
1.783611439168453217e-02 7.931091785430908203e-01 -1.837621908634901047e-03 -3.326758742332458496e-03 8.939851541072130203e-04 -4.644427099265158176e-04
1.231021620333194733e-02 7.983911633491516113e-01 4.100415389984846115e-03 -8.854374173097312450e-04 1.570627558976411819e-03 -1.255498616956174374e-03
1.615726202726364136e-02 7.938135266304016113e-01 -3.065141383558511734e-03 1.610078848898410797e-03 1.580424723215401173e-03 -4.589276504702866077e-04
1.569028012454509735e-02 8.021612763404846191e-01 -2.121160971000790596e-03 2.322754124179482460e-03 2.130974782630801201e-03 -3.582952194847166538e-05
1.573722064495086670e-01 5.340644717216491699e-01 1.749364892020821571e-04 2.376535558141767979e-04 1.728313160128891468e-03 1.957343146204948425e-02
1.848130673170089722e-02 8.030776381492614746e-01 -7.951953448355197906e-03 2.834029262885451317e-03 1.348014804534614086e-03 1.417434832546859980e-04
1.981111057102680206e-02 7.998478412628173828e-01 -1.822304353117942810e-02 -1.336764777079224586e-03 1.989693613722920418e-03 1.370487618260085583e-03
1.874450407922267914e-02 8.244850635528564453e-01 -5.250527989119291306e-03 -2.215111628174781799e-03 1.174929318949580193e-03 1.015777350403368473e-03
1.395897287875413895e-02 8.769371509552001953e-01 1.722371554933488369e-03 -9.615797316655516624e-04 5.908767343498766422e-04 7.931830477900803089e-04
1.483156811445951462e-02 8.261854648590087891e-01 3.217833349481225014e-03 8.767956751398742199e-04 1.670962781645357609e-03 7.807512884028255939e-05
1.557939499616622925e-02 8.334096670150756836e-01 -7.479625288397073746e-03 8.854850893840193748e-04 7.463539368472993374e-04 9.267811547033488750e-04
1.442071422934532166e-02 8.428449034690856934e-01 -4.669359885156154633e-03 1.918132533319294453e-03 -6.843505543656647205e-04 1.220125821419060230e-03
1.108069811016321182e-02 8.400703668594360352e-01 -3.270082641392946243e-03 8.299114415422081947e-04 -1.638721092604100704e-03 1.034416054608300328e-04
1.405407954007387161e-02 8.568443059921264648e-01 -9.484955226071178913e-04 -5.900025134906172752e-04 8.716594893485307693e-04 9.498934377916157246e-04
1.529430504888296127e-02 8.658822774887084961e-01 6.107961293309926987e-03 7.017389725660905242e-05 1.166446483694016933e-03 1.388203701935708523e-03
1.649787835776805878e-02 8.269155025482177734e-01 -7.683159783482551575e-03 2.908154856413602829e-03 -3.574933507479727268e-04 2.024707617238163948e-03
1.144531648606061935e-02 8.574261665344238281e-01 -8.103655651211738586e-03 2.295163227245211601e-03 -1.147107337601482868e-03 9.579022298566997051e-04
1.394445355981588364e-02 8.638073801994323730e-01 -3.259235527366399765e-03 -1.033108565025031567e-03 -1.222620601765811443e-03 5.680441390722990036e-04
1.740174554288387299e-02 8.673563599586486816e-01 -4.229166079312562943e-03 -1.509295776486396790e-03 1.263812766410410404e-03 -1.600580144440755248e-04
1.936147175729274750e-02 8.820763826370239258e-01 5.949252285063266754e-03 -2.278618747368454933e-03 4.226879100315272808e-04 -1.419974432792514563e-04
1.848263666033744812e-02 8.697800636291503906e-01 3.020208794623613358e-03 -1.499030156992375851e-03 -4.889645497314631939e-04 8.198479772545397282e-04
1.252737268805503845e-02 8.782430291175842285e-01 -6.736187264323234558e-03 2.818552078679203987e-03 -1.412168203387409449e-04 5.171525990590453148e-04
1.733275316655635834e-02 8.790073394775390625e-01 -9.061159566044807434e-03 1.839798642322421074e-03 3.546132356859743595e-04 -7.089141581673175097e-05
1.765330135822296143e-02 8.923349976539611816e-01 2.022132510319352150e-03 -1.564004924148321152e-03 -2.374986070208251476e-05 -4.250680794939398766e-04
1.842894963920116425e-02 8.998959064483642578e-01 3.540706587955355644e-03 -2.335361903533339500e-03 4.995659692212939262e-04 -4.846818628720939159e-04
2.061344869434833527e-02 8.870150446891784668e-01 -2.649339847266674042e-03 5.215398268774151802e-04 9.917881106957793236e-04 8.427814464084804058e-05
2.052138373255729675e-02 8.929396271705627441e-01 -9.597538039088249207e-03 2.537416992709040642e-03 1.203239778988063335e-03 2.129906351910904050e-04
1.730913668870925903e-02 8.932327628135681152e-01 -5.724965594708919525e-03 1.263853046111762524e-03 6.779511750210076571e-05 3.091945254709571600e-04
2.093653008341789246e-02 8.942100405693054199e-01 -2.372484887018799782e-04 -7.078319322317838669e-04 -8.023086702451109886e-04 -2.725954982452094555e-04
2.112293615937232971e-02 9.152384400367736816e-01 4.153944551944732666e-03 -2.498754533007740974e-03 1.400058245053514838e-04 3.057939466089010239e-04
1.142487581819295883e-02 9.126916527748107910e-01 -7.641767733730375767e-04 -1.985806273296475410e-03 -4.496754263527691364e-05 1.029885024763643742e-03
1.498668547719717026e-02 9.182344675064086914e-01 -6.740386132150888443e-03 -3.184712113579735160e-05 -7.017514435574412346e-04 8.837031782604753971e-04
1.446322817355394363e-02 9.166670441627502441e-01 -4.790742881596088409e-03 -1.180288149043917656e-03 -4.824218631256371737e-04 1.406115479767322540e-04
1.458910107612609863e-02 9.181805253028869629e-01 4.405134823173284531e-03 -1.610509236343204975e-03 -2.825458650477230549e-04 3.861478180624544621e-04
1.093837898224592209e-02 9.265712499618530273e-01 -6.080571562051773071e-03 2.252427162602543831e-03 1.280492870137095451e-03 1.705181057332083583e-04
