1.643405528739094734e-03 1.691152574494481087e-03 2.262159250676631927e-04 3.062548057641834021e-05 4.396501026349142194e-05 1.574454363435506821e-04
1.681851805187761784e-03 1.662418828345835209e-03 2.145432954421266913e-04 2.941391539934556931e-05 4.262126458343118429e-05 1.536982745165005326e-04
1.780356164090335369e-03 1.531002460978925228e-03 2.260196633869782090e-04 3.496319550322368741e-05 4.610745236277580261e-05 1.953907049028202891e-04
1.591212581843137741e-03 1.383449183776974678e-03 2.218420850113034248e-04 3.497880970826372504e-05 4.625703149940818548e-05 1.633945357752963901e-04
1.553595298901200294e-03 1.133899204432964325e-03 2.131187211489304900e-04 3.376454333192668855e-05 4.517367051448673010e-05 1.497911143815144897e-04
1.395203056745231152e-03 1.299424096941947937e-03 2.235962165286764503e-04 3.437562190811149776e-05 4.462257129489444196e-05 1.669223565841093659e-04
1.382774207741022110e-03 1.292463508434593678e-03 2.319262566743418574e-04 3.660879156086593866e-05 4.657260069507174194e-05 1.434387668268755078e-04
1.498175319284200668e-03 1.309368060901761055e-03 2.214385312981903553e-04 3.629630373325198889e-05 4.583123518386855721e-05 1.505577092757448554e-04
1.391610014252364635e-03 1.310862950049340725e-03 2.251650294056162238e-04 3.736449070856906474e-05 4.599854946718551219e-05 1.482088555349037051e-04
1.423794426955282688e-03 1.287594554014503956e-03 2.171451196772977710e-04 3.526148066157475114e-05 4.483604789129458368e-05 1.417462626704946160e-04
1.278047915548086166e-03 1.387497759424149990e-03 2.135794056812301278e-04 3.441968874540179968e-05 4.433848880580626428e-05 1.881136704469099641e-04
1.333676162175834179e-03 1.407744828611612320e-03 2.290835982421413064e-04 3.682617898448370397e-05 4.735111360787414014e-05 1.887714752228930593e-04
1.101545058190822601e-03 1.436236081644892693e-03 2.273337304359301925e-04 3.451864540693350136e-05 4.653653013519942760e-05 1.977215870283544064e-04
1.087102224119007587e-03 1.382072339765727520e-03 2.223589835921302438e-04 3.331378320581279695e-05 4.526134944171644747e-05 1.412497367709875107e-04
1.280286465771496296e-03 1.445392146706581116e-03 2.197959984187036753e-04 3.273887705290690064e-05 4.501119474298320711e-05 1.904537493828684092e-04
1.185106928460299969e-03 1.402541412971913815e-03 2.231403486803174019e-04 3.374449806869961321e-05 4.447367246029898524e-05 1.474643358960747719e-04
1.348124817013740540e-03 1.383196096867322922e-03 2.259040047647431493e-04 3.466413181740790606e-05 4.527977216639555991e-05 1.421715714968740940e-04
1.480460166931152344e-03 1.361838774755597115e-03 2.367011038586497307e-04 3.549612665665335953e-05 4.653015275835059583e-05 1.494782482041046023e-04
1.600140123628079891e-03 1.431599957868456841e-03 2.338566991966217756e-04 3.554693830665200949e-05 4.641954365069977939e-05 1.494732714490965009e-04
1.613053027540445328e-03 1.598443603143095970e-03 2.513888757675886154e-04 3.840897625195793808e-05 4.968990833731368184e-05 1.800170430215075612e-04
1.609303988516330719e-03 1.540054101496934891e-03 2.420827222522348166e-04 3.748714880202896893e-05 4.754489782499149442e-05 1.977984356926754117e-04
1.689264085143804550e-03 1.742918859235942364e-03 2.403580438112840056e-04 3.680708687170408666e-05 4.708469714387319982e-05 2.223022747784852982e-04
1.565299928188323975e-03 1.594834495335817337e-03 2.410151937510818243e-04 3.713052865350618958e-05 4.573607657221145928e-05 1.997445942834019661e-04
1.661673188209533691e-03 1.687671174295246601e-03 2.434127964079380035e-04 3.615982495830394328e-05 4.456626993487589061e-05 1.989359152503311634e-04
1.562086399644613266e-03 1.493592048063874245e-03 2.355285832891240716e-04 3.364256190252490342e-05 5.120859714224934578e-05 1.836783776525408030e-04
1.491305418312549591e-03 1.645063282921910286e-03 2.214418782386928797e-04 3.156689854222349823e-05 4.979755249223671854e-05 2.108578482875600457e-04
1.499317353591322899e-03 1.668659970164299011e-03 2.278204046888276935e-04 3.330015169922262430e-05 5.171494922251440585e-05 2.050666807917878032e-04
1.143983448855578899e-03 1.417849096469581127e-03 2.549369819462299347e-04 3.668687350000254810e-05 5.400494774221442640e-05 1.711259974399581552e-04
1.512433169409632683e-03 1.941242255270481110e-03 2.585683832876384258e-04 3.812269642367027700e-05 5.562878141063265502e-05 1.896498288260772824e-04
1.629184233024716377e-03 1.729005016386508942e-03 2.668774395715445280e-04 3.744344576261937618e-05 5.949069964117370546e-05 1.888333645183593035e-04
1.596231129951775074e-03 1.752923475578427315e-03 2.813510654959827662e-04 4.116158015676774085e-05 6.384047446772456169e-05 2.034931967500597239e-04
1.758553204126656055e-03 1.963218906894326210e-03 2.760880161076784134e-04 4.178208473604172468e-05 5.738938853028230369e-05 2.241150941699743271e-04
1.307990285567939281e-03 1.776845892891287804e-03 2.800960210151970387e-04 4.169745079707354307e-05 5.819198122480884194e-05 1.743668108247220516e-04
1.507898094132542610e-03 1.500242273323237896e-03 2.727713435888290405e-04 3.907978680217638612e-05 5.588443309534341097e-05 1.631456107133999467e-04
1.910429215058684349e-03 1.491348026320338249e-03 2.661852340679615736e-04 3.896798807545565069e-05 5.613968460238538682e-05 1.647617464186623693e-04
1.756096142344176769e-03 1.511562033556401730e-03 2.737862523645162582e-04 4.068995258421637118e-05 5.765639070887118578e-05 1.817785087041556835e-04
1.694886013865470886e-03 2.198135480284690857e-03 2.990875509567558765e-04 4.177996743237599730e-05 5.905828948016278446e-05 2.696235605981200933e-04
1.510801026597619057e-03 1.635947963222861290e-03 3.284144331701099873e-04 4.608663584804162383e-05 5.827691711601801217e-05 2.053349599009379745e-04
1.311074360273778439e-03 1.443045213818550110e-03 3.556806477718055248e-04 5.962844079476781189e-05 6.156754534458741546e-05 1.637629757169634104e-04
1.465309178456664085e-03 1.682225381955504417e-03 3.246382984798401594e-04 5.286883242661133409e-05 5.405981573858298361e-05 2.004297130042687058e-04
1.573476241901516914e-03 2.112680114805698395e-03 3.595870803110301495e-04 6.383284926414489746e-05 5.364637399907223880e-05 2.671010734047740698e-04
1.495934790000319481e-03 1.423315028659999371e-03 3.347973688505589962e-04 6.000907524139620364e-05 5.341436553862877190e-05 1.682500442257151008e-04
1.642839750275015831e-03 1.715131336823105812e-03 3.306218422949314117e-04 6.270728772506117821e-05 5.179647268960252404e-05 1.907757541630417109e-04
1.596353831700980663e-03 1.816037693060934544e-03 2.506657328922301531e-04 3.502126128296367824e-05 5.071971099823713303e-05 2.212358522228896618e-04
1.555885421112179756e-03 1.909444341436028481e-03 2.485319273546338081e-04 3.709335578605532646e-05 4.993187030777335167e-05 2.381526282988488674e-04
1.547472551465034485e-03 1.683494891040027142e-03 2.554846869315952063e-04 3.867168561555445194e-05 5.106636672280728817e-05 1.846997620305046439e-04
1.360343187116086483e-03 1.539229066111147404e-03 2.597779093775898218e-04 4.076064942637458444e-05 5.243184932623989880e-05 1.805084757506847382e-04
1.753534539602696896e-03 1.644765259698033333e-03 2.884553978219628334e-04 5.708943353965878487e-05 5.357218469725921750e-05 1.809617388062179089e-04
1.841692603193223476e-03 1.677153166383504868e-03 2.913112402893602848e-04 5.914688517805188894e-05 5.362028605304658413e-05 2.000519452849403024e-04
1.461179926991462708e-03 1.353100175037980080e-03 2.945351589005440474e-04 5.893983325222507119e-05 5.471139593282714486e-05 1.720499276416376233e-04
1.582999480888247490e-03 1.734325196593999863e-03 2.865612623281776905e-04 5.254033021628856659e-05 5.242992847342975438e-05 2.070974587695673108e-04
1.604834105819463730e-03 1.500589773058891296e-03 2.844374394044280052e-04 5.347303158487193286e-05 5.262727063382044435e-05 1.998259103856980801e-04
1.461233128793537617e-03 1.374224550090730190e-03 2.396650816081091762e-04 4.281748624634929001e-05 2.864268753910437226e-05 1.751939853420481086e-04
1.485788961872458458e-03 1.791564398445188999e-03 2.407207357464358211e-04 4.180412724963389337e-05 3.076800203416496515e-05 1.788480876712128520e-04
1.602476113475859165e-03 2.030004980042576790e-03 2.702666679397225380e-04 4.643700958695262671e-05 4.989406806998886168e-05 2.336168108740821481e-04
1.228099456056952477e-03 1.705123460851609707e-03 2.811225131154060364e-04 4.368599547888152301e-05 4.877687388216145337e-05 1.987889845622703433e-04
1.295778551138937473e-03 1.821426907554268837e-03 2.864012785721570253e-04 4.675708260037936270e-05 5.036968650529161096e-05 2.407116990070790052e-04
1.263582264073193073e-03 1.710331765934824944e-03 2.538514672778546810e-04 4.478412665775977075e-05 3.352678686496801674e-05 1.994309423025697470e-04
1.306702033616602421e-03 1.760896295309066772e-03 2.733396249823272228e-04 4.254478335496969521e-05 4.728928615804761648e-05 1.991558092413470149e-04
1.316950190812349319e-03 1.580843934789299965e-03 2.920002152677625418e-04 4.167834413237869740e-05 5.442417023004963994e-05 1.921840594150125980e-04
1.538626267574727535e-03 1.592584303580224514e-03 3.092616098001599312e-04 3.685113188112154603e-05 5.639249866362661123e-05 2.026906877290457487e-04
1.583502744324505329e-03 1.567409373819828033e-03 2.856273495126515627e-04 3.907849895767867565e-05 5.193481774767860770e-05 2.046118315774947405e-04
1.950429403223097324e-03 1.582652679644525051e-03 2.877736696973443031e-04 3.910225495928898454e-05 5.473571218317374587e-05 2.048828318947926164e-04
2.238682936877012253e-03 1.720906468108296394e-03 3.182371729053556919e-04 4.195147630525752902e-05 6.036073682480491698e-05 2.039052633335813880e-04
1.830204389989376068e-03 1.533615752123296261e-03 2.854466147255152464e-04 4.325278860051184893e-05 5.552314178203232586e-05 1.796112192096188664e-04
2.651849528774619102e-03 2.191496547311544418e-03 2.412985486444085836e-04 3.043053584406152368e-05 5.094723019283264875e-05 2.532769867684692144e-04
3.342426149174571037e-03 3.708999138325452805e-03 2.852088655345141888e-04 3.966640724684111774e-05 5.573513408307917416e-05 4.609267634805291891e-04
2.564810682088136673e-03 1.872236374765634537e-03 2.771757135633379221e-04 3.022794408025220037e-05 5.247798981145024300e-05 2.133253437932580709e-04
2.048945985734462738e-03 2.066553104668855667e-03 3.044971090275794268e-04 4.074294702149927616e-05 5.659792805090546608e-05 2.158511488232761621e-04
2.087544882670044899e-03 2.014980651438236237e-03 3.101730835624039173e-04 5.290447006700560451e-05 5.724097718484699726e-05 1.865107915364205837e-04
5.093507934361696243e-03 3.723059082403779030e-03 2.870731696020811796e-04 4.944423199049197137e-05 5.481409243657253683e-05 8.854045299813151360e-04
2.178810304030776024e-03 1.811003428883850574e-03 2.925392182078212500e-04 5.007435174775309861e-05 5.524432344827800989e-05 2.114358794642612338e-04
2.134795300662517548e-03 2.163532888516783714e-03 2.675589639693498611e-04 3.965851647080853581e-05 4.635999357560649514e-05 2.042813284788280725e-04
2.396239899098873138e-03 2.327656606212258339e-03 2.845871495082974434e-04 4.736630216939374804e-05 5.283683276502415538e-05 2.184413024224340916e-04
2.220586873590946198e-03 2.313537988811731339e-03 3.249235451221466064e-04 6.239114736672490835e-05 5.933476495556533337e-05 2.403658436378464103e-04
1.961149508133530617e-03 2.716729883104562759e-03 2.804190153256058693e-04 3.868487692670896649e-05 5.547493128688074648e-05 2.074082731269299984e-04
1.693493919447064400e-03 2.479150658473372459e-03 3.041230374947190285e-04 3.797250246861949563e-05 5.733730722567997873e-05 1.621473784325644374e-04
1.672707847319543362e-03 3.132630372419953346e-03 2.958849654532968998e-04 4.382362021715380251e-05 5.944830991211347282e-05 1.654554944252595305e-04
1.967262476682662964e-03 2.318583428859710693e-03 3.057991852983832359e-04 4.560626257443800569e-05 6.005680188536643982e-05 1.790683309081941843e-04
2.025202149525284767e-03 2.927384339272975922e-03 3.071357496082782745e-04 4.168576560914516449e-05 5.910370236961171031e-05 2.202571195084601641e-04
2.375741954892873764e-03 1.173453219234943390e-02 3.332298656459897757e-04 5.830311783938668668e-05 6.228940765140578151e-05 3.743473498616367579e-04
1.779919606633484364e-03 2.795881358906626701e-03 3.316028160043060780e-04 5.701100235455669463e-05 5.908801176701672375e-05 2.183338365284726024e-04
1.936182961799204350e-03 1.926130033098161221e-03 3.049715887755155563e-04 3.432512312429025769e-05 5.852431058883666992e-05 1.969629374798387289e-04
1.873767119832336903e-03 2.058123704046010971e-03 2.919597609434276819e-04 2.838822729245293885e-05 5.482419510371983051e-05 2.532028884161263704e-04
2.099986653774976730e-03 2.164463279768824577e-03 3.138786705676466227e-04 4.593427001964300871e-05 5.744361260440200567e-05 2.069873589789494872e-04
2.241936977952718735e-03 2.802481409162282944e-03 3.129705437459051609e-04 2.847767791536170989e-05 5.889902604394592345e-05 2.948642359115183353e-04
1.788854482583701611e-03 2.702250611037015915e-03 3.371725033503025770e-04 6.126140215201303363e-05 5.706088268198072910e-05 2.654769632499665022e-04
1.760363113135099411e-03 2.510070567950606346e-03 3.206952242180705070e-04 6.178995681693777442e-05 5.359318311093375087e-05 2.277200546814128757e-04
1.977169420570135117e-03 2.309223636984825134e-03 3.105999494437128305e-04 5.290611443342640996e-05 5.302691715769469738e-05 1.839875330915674567e-04
1.598708797246217728e-03 2.340478124096989632e-03 3.095019492320716381e-04 6.160495831863954663e-05 5.400340523920021951e-05 2.032961783697828650e-04
1.267369487322866917e-03 2.084558131173253059e-03 2.994172973558306694e-04 6.177206523716449738e-05 5.324438461684621871e-05 1.479609200032427907e-04
1.595161971636116505e-03 2.489856444299221039e-03 2.932060160674154758e-04 4.915559838991612196e-05 5.034192145103588700e-05 2.019653038587421179e-04
1.554641639813780785e-03 2.287869341671466827e-03 2.922831627074629068e-04 4.807699224329553545e-05 4.867123061558231711e-05 1.821536279749125242e-04
1.895859721116721630e-03 2.380248624831438065e-03 3.076298453379422426e-04 4.874479054706171155e-05 5.138750202604569495e-05 2.254495921079069376e-04
1.363678369671106339e-03 2.078053075820207596e-03 2.828180731739848852e-04 5.194136247155256569e-05 4.745625847135670483e-05 2.202686300734058022e-04
1.395757310092449188e-03 2.027939772233366966e-03 2.929962938651442528e-04 5.291929846862331033e-05 5.057255475549027324e-05 1.531041925773024559e-04
1.369918812997639179e-03 2.842494985088706017e-03 2.894657372962683439e-04 4.116134005016647279e-05 4.772201646119356155e-05 2.769224520307034254e-04
1.267955638468265533e-03 1.830420340411365032e-03 3.033999819308519363e-04 5.413665348896756768e-05 5.262813647277653217e-05 1.458841725252568722e-04
1.356820110231637955e-03 2.387533430010080338e-03 3.094132116530090570e-04 5.635858178720809519e-05 5.412015889305621386e-05 3.387828473933041096e-04
1.289315870963037014e-03 1.720204483717679977e-03 3.178659244440495968e-04 5.400185909820720553e-05 4.027731483802199364e-05 1.699348649708554149e-04
