3.820512676611542702e-03 1.365680131129920483e-03 1.416173181496560574e-04 2.655842035892419517e-05 2.385970401519443840e-05 6.140561163192614913e-05
3.783544059842824936e-03 1.406494877301156521e-03 1.688764605205506086e-04 3.190892675775103271e-05 2.880298598029185086e-05 6.148386455606669188e-05
4.385926295071840286e-03 1.585683203302323818e-03 1.687527692411094904e-04 3.226977059966884553e-05 2.873462653951719403e-05 6.986285734456032515e-05
4.003155045211315155e-03 1.411874778568744659e-03 1.694884558673948050e-04 3.201618892489932477e-05 2.874835445254575461e-05 9.029438660945743322e-05
3.336698515340685844e-03 1.249939901754260063e-03 1.686214964138343930e-04 3.168741386616602540e-05 2.848121766874101013e-05 8.673599950270727277e-05
3.824919695034623146e-03 1.480950159020721912e-03 1.699423009995371103e-04 3.236595512134954333e-05 2.879413295886479318e-05 7.218115206342190504e-05
4.154796246439218521e-03 1.617243862710893154e-03 1.685066818026825786e-04 3.217317498638294637e-05 2.828700780810322613e-05 9.010925714392215014e-05
4.197204951196908951e-03 1.645747921429574490e-03 1.705569738987833261e-04 3.296376598882488906e-05 2.855360071407631040e-05 8.741220517549663782e-05
3.913808148354291916e-03 1.620617229491472244e-03 1.734858524287119508e-04 3.348019527038559318e-05 2.918766404036432505e-05 8.711902046343311667e-05
3.652879269793629646e-03 1.530324807390570641e-03 1.697749394224956632e-04 3.289628148195333779e-05 2.871398464776575565e-05 8.246011566370725632e-05
4.062266554683446884e-03 1.626259298063814640e-03 1.703982707113027573e-04 3.280627788626588881e-05 2.874402889574412256e-05 1.071930091711692512e-04
3.879388328641653061e-03 1.590440748259425163e-03 1.710330107016488910e-04 3.365385782672092319e-05 2.868710544134955853e-05 1.140278181992471218e-04
2.962682396173477173e-03 1.219875644892454147e-03 1.724303583614528179e-04 3.471447416814044118e-05 2.889924508053809404e-05 1.046560282702557743e-04
1.998846651986241341e-03 1.112108817324042320e-03 1.713019591988995671e-04 3.470028605079278350e-05 2.840882552845869213e-05 9.196260361932218075e-05
2.158815506845712662e-03 1.236591371707618237e-03 1.735821278998628259e-04 3.501775063341483474e-05 2.883577326429076493e-05 1.032248401315882802e-04
4.207116551697254181e-03 1.830992405302822590e-03 1.734994002617895603e-04 3.514173295116052032e-05 2.866481554519850761e-05 1.187727102660574019e-04
3.812183625996112823e-03 1.806952059268951416e-03 1.740334409987553954e-04 3.550112523953430355e-05 2.887473783630412072e-05 1.218233810504898429e-04
1.843869104050099850e-03 1.416942803189158440e-03 1.748557842802256346e-04 3.539478711900301278e-05 2.895020043069962412e-05 8.746158709982410073e-05
3.603491466492414474e-03 1.611476065590977669e-03 1.738396676955744624e-04 3.468199429335072637e-05 2.893954660976305604e-05 1.283050660276785493e-04
3.147751791402697563e-03 1.600010786205530167e-03 1.752807729644700885e-04 3.477522477624006569e-05 2.845521339622791857e-05 9.812923963181674480e-05
3.599751740694046021e-03 1.747247530147433281e-03 1.773069379851222038e-04 3.479256338323466480e-05 2.882887565647251904e-05 1.190089315059594810e-04
2.444542711600661278e-03 1.419830485247075558e-03 1.794865675037726760e-04 3.486866626190021634e-05 2.910184048232622445e-05 1.092141901608556509e-04
1.930616330355405807e-03 1.156780053861439228e-03 1.822039484977722168e-04 3.496232966426759958e-05 2.871871402021497488e-05 8.248243830166757107e-05
1.921865390613675117e-03 1.150086638517677784e-03 1.812815171433612704e-04 3.526685759425163269e-05 2.889635652536526322e-05 8.724413055460900068e-05
1.698277075774967670e-03 1.271065790206193924e-03 1.803906052373349667e-04 3.465599002083763480e-05 2.914494143624324352e-05 9.923503967002034187e-05
1.856249873526394367e-03 1.289344974793493748e-03 1.815506839193403721e-04 3.516298238537274301e-05 2.918179052358027548e-05 8.146420441335067153e-05
2.434405731037259102e-03 1.485695480369031429e-03 1.770452363416552544e-04 3.426844341447576880e-05 2.864234920707531273e-05 1.065595060936175287e-04
2.025848021730780602e-03 1.218838966451585293e-03 1.797446166165173054e-04 3.457404454820789397e-05 2.890972064051311463e-05 7.983792602317407727e-05
2.197043970227241516e-03 1.203750027343630791e-03 1.747191126924008131e-04 3.331589323352091014e-05 2.879298881452996284e-05 9.273228351958096027e-05
2.245480660349130630e-03 1.309750950895249844e-03 1.754756085574626923e-04 3.393234146642498672e-05 2.855388811440207064e-05 1.001325290417298675e-04
2.693773945793509483e-03 1.340796356089413166e-03 1.789718517102301121e-04 3.439508873270824552e-05 2.897788908740039915e-05 1.230560592375695705e-04
2.429093467071652412e-03 1.292346394620835781e-03 1.787101209629327059e-04 3.431721779634244740e-05 2.906167537730652839e-05 1.005782323773019016e-04
2.689788816496729851e-03 1.558722229674458504e-03 1.777385477907955647e-04 3.451971133472397923e-05 2.841921923391055316e-05 1.032797226798720658e-04
2.566095208749175072e-03 1.572441542521119118e-03 1.832423877203837037e-04 3.525100692058913410e-05 2.871342803700827062e-05 1.039850612869486213e-04
2.913330215960741043e-03 1.553368638269603252e-03 1.795718562789261341e-04 3.414359889575280249e-05 2.887248228944372386e-05 1.412170386174693704e-04
2.931641181930899620e-03 1.674019149504601955e-03 1.831209374358877540e-04 3.539402678143233061e-05 2.900480103562586010e-05 1.287389313802123070e-04
2.570630749687552452e-03 1.494886470027267933e-03 1.834800059441477060e-04 3.566739542293362319e-05 2.918047539424151182e-05 1.226064632646739483e-04
4.222241695970296860e-03 1.620526891201734543e-03 1.854328584158793092e-04 3.600117997848428786e-05 2.908201895479578525e-05 1.595016219653189182e-04
4.020417109131813049e-03 1.542522571980953217e-03 1.864516671048477292e-04 3.580583143047988415e-05 2.877141741919331253e-05 1.617143716430291533e-04
3.119854722172021866e-03 1.568246749229729176e-03 1.838237367337569594e-04 3.545479921740479767e-05 2.882007902371697128e-05 1.599572569830343127e-04
3.183376975357532501e-03 1.562641467899084091e-03 1.832299021771177649e-04 3.580660268198698759e-05 2.875052996387239546e-05 1.438869949197396636e-04
2.846000250428915024e-03 1.639600843191146851e-03 1.825318031478673220e-04 3.555468720151111484e-05 2.849319207598455250e-05 1.276124530704692006e-04
3.502534236758947372e-03 1.513714320026338100e-03 1.850970002124086022e-04 3.619481503847055137e-05 2.884107198042329401e-05 1.511203445261344314e-04
4.692291840910911560e-03 1.682350179180502892e-03 1.832055277191102505e-04 3.578955147531814873e-05 2.882404442061670125e-05 2.336646866751834750e-04
3.836995922029018402e-03 1.690382137894630432e-03 1.840590557549148798e-04 3.604646190069615841e-05 2.906712688854895532e-05 1.533599133836105466e-04
4.938891157507896423e-03 1.448487280867993832e-03 1.838453899836167693e-04 3.505915810819715261e-05 2.895945181080605835e-05 2.178267168346792459e-04
3.546749474480748177e-03 1.589870778843760490e-03 1.855484879342839122e-04 3.598067269194871187e-05 2.899781793530564755e-05 2.382275270065292716e-04
3.448887960985302925e-03 1.732603297568857670e-03 1.819765893742442131e-04 3.539928729878738523e-05 2.889069037337321788e-05 1.738217106321826577e-04
4.096420016139745712e-03 1.670413068495690823e-03 1.833778951549902558e-04 3.585489685065113008e-05 2.862608198483940214e-05 1.756497222231701016e-04
4.296634811908006668e-03 1.750734518282115459e-03 1.807533262763172388e-04 3.471728632575832307e-05 2.876350117730908096e-05 1.735340192681178451e-04
4.933400545269250870e-03 1.682221540249884129e-03 1.850654080044478178e-04 3.572809509932994843e-05 2.916911580541636795e-05 2.197331778006628156e-04
4.682853352278470993e-03 1.611007144674658775e-03 1.853046414908021688e-04 3.580993870855309069e-05 2.928552930825389922e-05 1.818966702558100224e-04
6.220473442226648331e-03 1.802867045626044273e-03 1.829515967983752489e-04 3.541940532159060240e-05 2.904092616518028080e-05 2.218024601461365819e-04
2.949368907138705254e-03 1.620100578293204308e-03 1.803146151360124350e-04 3.500765888020396233e-05 2.872385630325879902e-05 1.574066991452127695e-04
3.077963832765817642e-03 1.616397639736533165e-03 1.799409801606088877e-04 3.486703644739463925e-05 2.869020318030379713e-05 1.634146901778876781e-04
4.291207995265722275e-03 1.851735054515302181e-03 1.802413753466680646e-04 3.522476617945358157e-05 2.861913708329666406e-05 2.244309143861755729e-04
3.731473814696073532e-03 1.793543808162212372e-03 1.813600683817639947e-04 3.549293614923954010e-05 2.876658618333749473e-05 1.686208706814795732e-04
4.926805850118398666e-03 1.750468974933028221e-03 1.801813050406053662e-04 3.554932118277065456e-05 2.856543869711458683e-05 2.231900580227375031e-04
5.106246098875999451e-03 1.815124182030558586e-03 1.836130104493349791e-04 3.578657560865394771e-05 2.931147537310607731e-05 2.142089797416701913e-04
5.358541850000619888e-03 1.889911363832652569e-03 1.830410037655383348e-04 3.566816667444072664e-05 2.874292113119736314e-05 2.287311654072254896e-04
2.887951210141181946e-03 1.805950538255274296e-03 1.856641320046037436e-04 3.585068407119251788e-05 2.955310446850489825e-05 1.563499245094135404e-04
6.066550500690937042e-03 1.735709956847131252e-03 1.880002673715353012e-04 3.694527549669146538e-05 2.983992271765600890e-05 2.164713660022243857e-04
5.461315624415874481e-03 1.657939283177256584e-03 1.887904218165203929e-04 3.667020428110845387e-05 3.002032644872087985e-05 1.903033698908984661e-04
5.250829271972179413e-03 1.820940524339675903e-03 1.932667510118335485e-04 3.822562575805932283e-05 2.948901419586036354e-05 1.895083987619727850e-04
5.989086348563432693e-03 1.788523746654391289e-03 1.929519785335287452e-04 3.891710002790205181e-05 2.984356433444190770e-05 2.100831188727170229e-04
3.317456459626555443e-03 1.285023055970668793e-03 1.945349795278161764e-04 3.966174335801042616e-05 3.040140836674254388e-05 1.371629332425072789e-04
3.613087814301252365e-03 1.350091886706650257e-03 1.902187359519302845e-04 3.973390630562789738e-05 2.961700556625146419e-05 1.467738911742344499e-04
4.474534653127193451e-03 1.251924666576087475e-03 1.890590210678055882e-04 3.993221616838127375e-05 2.950802809209562838e-05 1.686955365585163236e-04
2.989601111039519310e-03 1.343862852081656456e-03 1.918931520776823163e-04 4.214267391944304109e-05 2.933914765890222043e-05 1.348831574432551861e-04
2.834750805050134659e-03 1.102078356780111790e-03 1.927217526827007532e-04 4.281042492948472500e-05 2.920698716479819268e-05 1.350372331216931343e-04
2.182625466957688332e-03 1.131946337409317493e-03 1.907014666358008981e-04 4.226680539431981742e-05 2.900490653701126575e-05 1.534627808723598719e-04
2.329366281628608704e-03 1.085854601114988327e-03 1.912317093228921294e-04 4.188626553514041007e-05 2.932878851424902678e-05 1.526778796687722206e-04
3.055339446291327477e-03 1.291018328629434109e-03 1.931088190758600831e-04 4.105089465156197548e-05 2.988296364492271096e-05 1.303961907979100943e-04
2.904352033510804176e-03 1.140159554779529572e-03 1.941268710652366281e-04 4.106510459678247571e-05 3.034454130101948977e-05 1.434534642612561584e-04
2.247861819341778755e-03 1.484484178945422173e-03 1.945357507793232799e-04 4.054751479998230934e-05 2.979896635224577039e-05 1.721304288366809487e-04
3.583292709663510323e-03 1.706908806227147579e-03 2.013779594562947750e-04 4.148224252276122570e-05 3.062304676859639585e-05 1.753540855133906007e-04
3.374757478013634682e-03 1.783784711733460426e-03 1.964427792700007558e-04 3.897431452060118318e-05 3.042909884243272245e-05 2.089655317831784487e-04
3.199520520865917206e-03 1.693058409728109837e-03 1.924365060403943062e-04 3.723460031324066222e-05 2.971468347823247313e-05 1.354010164504870772e-04
3.630320308730006218e-03 1.714219688437879086e-03 1.882794167613610625e-04 3.681722228066064417e-05 3.005837425007484853e-05 2.119676355505362153e-04
2.849087351933121681e-03 1.879299990832805634e-03 1.903301017591729760e-04 3.709578595589846373e-05 2.981016041303519160e-05 2.259453322039917111e-04
2.397424308583140373e-03 1.917578745633363724e-03 1.842143683461472392e-04 3.588602703530341387e-05 2.888759263441897929e-05 2.242849441245198250e-04
2.831922145560383797e-03 1.752582378685474396e-03 1.820027391659095883e-04 3.528600427671335638e-05 2.882389344449620694e-05 2.399771910859271884e-04
2.751074498519301414e-03 1.882760901935398579e-03 1.916132168844342232e-04 3.728904630406759679e-05 2.982429759867954999e-05 2.377727359998971224e-04
3.181608859449625015e-03 1.948470831848680973e-03 1.832565030781552196e-04 3.487388312350958586e-05 2.908600981754716486e-05 1.487705303588882089e-04
2.090325579047203064e-03 2.047952730208635330e-03 1.828444510465487838e-04 3.499734521028585732e-05 2.910199145844671875e-05 2.370235160924494267e-04
2.310663461685180664e-03 2.184210112318396568e-03 1.807553635444492102e-04 3.514164563966915011e-05 2.910739203798584640e-05 1.220897684106603265e-04
2.442949451506137848e-03 2.079082187265157700e-03 1.785308268154039979e-04 3.411494981264695525e-05 2.875899008358828723e-05 1.635474036447703838e-04
2.244821283966302872e-03 2.059501362964510918e-03 1.765133056323975325e-04 3.358275353093631566e-05 2.867161310859955847e-05 1.970065204659476876e-04
2.535099396482110023e-03 2.227003686130046844e-03 1.747760397847741842e-04 3.330046092742122710e-05 2.893431155825965106e-05 1.699280692264437675e-04
2.447998849675059319e-03 2.299099229276180267e-03 1.726789341773837805e-04 3.318405288155190647e-05 2.854306512745097280e-05 1.804525527404621243e-04
3.081592964008450508e-03 2.350371330976486206e-03 1.736711856210604310e-04 3.300300886621698737e-05 2.907901580329053104e-05 1.875725574791431427e-04
2.608140697702765465e-03 2.228271681815385818e-03 1.708680065348744392e-04 3.199725688318721950e-05 2.896965088439173996e-05 1.958405482582747936e-04
3.513399744406342506e-03 2.446638420224189758e-03 1.718168496154248714e-04 3.247449421905912459e-05 2.902578853536397219e-05 2.141640288755297661e-04
3.551168367266654968e-03 2.224587835371494293e-03 1.716372644295915961e-04 3.218082201783545315e-05 2.906670124502852559e-05 2.268931857543066144e-04
3.470961702987551689e-03 2.456700894981622696e-03 1.690310164121910930e-04 3.124144495814107358e-05 2.924081127275712788e-05 2.206198259955272079e-04
2.937647979706525803e-03 2.557475119829177856e-03 1.679452980170026422e-04 3.128575554001145065e-05 2.899344872275833040e-05 1.875458256108686328e-04
3.244298510253429413e-03 2.123683923855423927e-03 1.655145460972562432e-04 3.071283208555541933e-05 2.902091728174127638e-05 2.263337228214368224e-04
3.243506420403718948e-03 2.542286645621061325e-03 1.649325276957824826e-04 3.063948315684683621e-05 2.896795558626763523e-05 2.143520541721954942e-04
2.196917543187737465e-03 2.225873991847038269e-03 1.669735356699675322e-04 3.077241490245796740e-05 2.908809256041422486e-05 1.610037143109366298e-04
3.585283178836107254e-03 2.451379550620913506e-03 1.644578296691179276e-04 3.034930341527797282e-05 2.904631401179358363e-05 3.208714479114860296e-04
3.249920904636383057e-03 2.334177494049072266e-03 1.662105787545442581e-04 3.075545828323811293e-05 2.904694156313780695e-05 2.518176333978772163e-04
2.894593868404626846e-03 2.355721546337008476e-03 1.645964803174138069e-04 3.032862332474905998e-05 2.876523831218946725e-05 2.320372732356190681e-04
2.201032591983675957e-03 2.318396233022212982e-03 1.641015842324122787e-04 3.023931822099257261e-05 2.901114930864423513e-05 1.599914685357362032e-04
2.278207335621118546e-03 2.434915630146861076e-03 1.689323398750275373e-04 3.146033850498497486e-05 2.926064371422398835e-05 8.248622907558456063e-05
2.072930335998535156e-03 2.336243400350213051e-03 1.673432998359203339e-04 3.121577901765704155e-05 2.878911436710041016e-05 1.079823559848591685e-04
3.015179419890046120e-03 2.322720596566796303e-03 1.650975755183026195e-04 3.065466080443002284e-05 2.865436181309632957e-05 1.402042107656598091e-04
2.874610945582389832e-03 2.368821064010262489e-03 1.658237597439438105e-04 3.103142080362886190e-05 2.857734216377139091e-05 1.815534196794033051e-04
2.748716622591018677e-03 2.225806936621665955e-03 1.657667744439095259e-04 3.071127139264717698e-05 2.846037750714458525e-05 1.480714709032326937e-04
2.848635194823145866e-03 2.275096019729971886e-03 1.662714930716902018e-04 3.100156754953786731e-05 2.871205651899799705e-05 1.623574935365468264e-04
2.424255246296525002e-03 2.138306386768817902e-03 1.711573131615296006e-04 3.200315404683351517e-05 2.876070357160642743e-05 1.788258086889982224e-04
1.977792009711265564e-03 1.743645290844142437e-03 1.675540261203423142e-04 3.114111314062029123e-05 2.862311339413281530e-05 1.479958009440451860e-04
3.091350663453340530e-03 2.517997752875089645e-03 1.695881219347938895e-04 3.231585287721827626e-05 2.819528344844002277e-05 1.884820812847465277e-04
2.986506791785359383e-03 2.495415043085813522e-03 1.700775319477543235e-04 3.235905751353129745e-05 2.828368087648414075e-05 2.045826549874618649e-04
2.629550173878669739e-03 2.404434606432914734e-03 1.692782389000058174e-04 3.191536598023958504e-05 2.849372140190098435e-05 1.942733942996710539e-04
2.807071898132562637e-03 2.105232561007142067e-03 1.691896177362650633e-04 3.196885154466144741e-05 2.811598460539244115e-05 2.701770572457462549e-04
2.125416649505496025e-03 1.776006771251559258e-03 1.689459313638508320e-04 3.215732431272044778e-05 2.831931487889960408e-05 1.913387241074815392e-04
2.553409431129693985e-03 1.885486184619367123e-03 1.710482029011473060e-04 3.253533577662892640e-05 2.884488094423431903e-05 2.387149143032729626e-04
2.643161918967962265e-03 1.841159537434577942e-03 1.699654385447502136e-04 3.216122422600165009e-05 2.856821083696559072e-05 2.213317784480750561e-04
3.337454749271273613e-03 2.324849367141723633e-03 1.712368393782526255e-04 3.254626062698662281e-05 2.858960942830890417e-05 2.228449011454358697e-04
1.942465431056916714e-03 1.656664768233895302e-03 1.720627624308690429e-04 3.284254853497259319e-05 2.865461647161282599e-05 1.525656844023615122e-04
2.055769786238670349e-03 1.594549044966697693e-03 1.711345976218581200e-04 3.294330235803499818e-05 2.842437061190139502e-05 1.812599657569080591e-04
2.591410651803016663e-03 2.130920533090829849e-03 1.783769112080335617e-04 3.412268779356963933e-05 2.925960870925337076e-05 1.740267616696655750e-04
3.150600241497159004e-03 1.893603359349071980e-03 1.739096478559076786e-04 3.306979488115757704e-05 2.908582973759621382e-05 3.567191597539931536e-04
2.079270780086517334e-03 2.420575590804219246e-03 1.748969953041523695e-04 3.356175875524058938e-05 2.881605178117752075e-05 1.568005973240360618e-04
