3.707039058208465576e-01 6.126078311353921890e-03 -8.167558349668979645e-03 8.403661195188760757e-04 2.446789294481277466e-03 5.351566243916749954e-03
3.990024626255035400e-01 1.299862563610076904e-02 -1.161472313106060028e-02 4.972871975041925907e-04 2.071871422231197357e-03 6.541545968502759933e-03
3.698699176311492920e-01 9.975451044738292694e-03 -5.180691834539175034e-03 -3.415779501665383577e-04 1.904843840748071671e-03 7.274865638464689255e-03
3.996889591217041016e-01 4.778590518981218338e-03 -8.863086812198162079e-03 -2.754542510956525803e-04 1.101179863326251507e-03 6.207731086760759354e-03
4.073429405689239502e-01 1.153628621250391006e-02 -9.306823834776878357e-03 3.170638592564500868e-05 1.773638185113668442e-03 7.447109092026948929e-03
3.933053910732269287e-01 1.583319529891014099e-02 -2.310527488589286804e-02 -3.017652197740972042e-04 -1.576931448653340340e-03 7.296948228031396866e-03
4.884690940380096436e-01 -1.369113847613334656e-02 -3.740242496132850647e-02 -6.753416382707655430e-04 -5.236328579485416412e-04 1.040444709360599518e-02
4.548267424106597900e-01 8.369345217943191528e-03 -3.062408976256847382e-02 -6.808230536989867687e-04 -1.465999637730419636e-03 1.164300553500652313e-02
4.744098484516143799e-01 -4.252498969435691833e-03 -3.517779335379600525e-02 -1.754774246364831924e-03 -4.588219744618982077e-04 1.215381268411874771e-02
4.337514936923980713e-01 2.202690392732620239e-02 -8.556890301406383514e-03 -3.805781016126275063e-04 6.091690156608819962e-04 1.157996710389852524e-02
4.313810467720031738e-01 2.038650028407573700e-02 -5.678220186382532120e-03 -1.550375600345432758e-06 1.064220559783279896e-03 1.112056151032447815e-02
5.848534703254699707e-01 3.848776104860007763e-04 -3.443794697523117065e-02 -1.591610256582498550e-03 -5.978366243652999401e-04 1.343524549156427383e-02
4.459801912307739258e-01 1.333693042397499084e-02 -2.409316785633563995e-02 -1.379136811010539532e-03 -9.796188678592443466e-04 1.130972243845462799e-02
4.448138177394866943e-01 2.206793986260890961e-02 -8.612086065113544464e-03 7.359401206485927105e-05 1.188144669868052006e-03 1.114069204777479172e-02
4.276680350303649902e-01 2.232552319765090942e-02 -1.313315704464912415e-02 6.558265158673748374e-05 4.467669059522449970e-04 1.219900697469711304e-02
4.187895655632019043e-01 2.742169983685016632e-02 -8.733318187296390533e-03 9.738767403177917004e-06 1.191710704006254673e-03 1.331571955233812332e-02
4.747895300388336182e-01 1.430094521492719650e-02 -3.167882189154624939e-02 -8.702496998012065887e-04 -1.104045193642377853e-03 1.245197094976902008e-02
4.870587885379791260e-01 1.307602971792221069e-02 -1.031491253525018692e-02 9.399402188137173653e-04 5.394286708906292915e-04 1.501556113362312317e-02
4.878496825695037842e-01 2.519721724092960358e-02 -2.462995983660221100e-02 -2.666080254130065441e-04 -1.524589752079918981e-04 1.580781117081642151e-02
4.765840768814086914e-01 2.477329224348068237e-02 -3.216806054115295410e-02 -4.184799618087708950e-04 -3.191984142176806927e-04 1.406982168555259705e-02
4.811053574085235596e-01 1.930237375199794769e-02 -7.233079057186841965e-03 -1.931151200551539660e-04 9.826146997511386871e-04 1.413308829069137573e-02
4.694292843341827393e-01 1.716991141438484192e-02 -3.753780573606491089e-02 -8.256082073785364628e-04 8.457146759610623121e-05 1.276326365768909454e-02
4.550452232360839844e-01 1.750048622488975525e-02 -7.038217503577470779e-03 6.887416820973157883e-04 1.009258412523195148e-04 1.276257447898387909e-02
4.951368272304534912e-01 2.074136584997177124e-02 -1.291942503303289413e-02 -9.269539150409400463e-04 -2.121276338584721088e-05 1.398079749196767807e-02
5.133212804794311523e-01 3.742880374193191528e-02 -1.539880223572254181e-02 -1.435250043869018555e-03 4.269823257345706224e-04 1.631799153983592987e-02
5.017963051795959473e-01 1.983401365578174591e-02 -4.887755028903484344e-03 -5.728155374526977539e-04 1.504971063695847988e-03 1.440786384046077728e-02
4.797792732715606689e-01 1.315733045339584351e-02 -1.975737325847148895e-02 -1.609170460142195225e-03 -2.585004549473524094e-04 1.412646565586328506e-02
4.701779782772064209e-01 3.254950791597366333e-02 -9.246630361303687096e-05 -8.357657934539020061e-04 1.819362631067633629e-03 1.322378590703010559e-02
5.060726404190063477e-01 1.252393797039985657e-02 -2.936788275837898254e-02 2.045394066954031587e-04 -1.019282266497612000e-03 1.348535995930433273e-02
4.896607398986816406e-01 1.460909564048051834e-02 -6.101999897509813309e-03 -6.735093193128705025e-04 1.057162648066878319e-03 1.271998044103384018e-02
5.085151791572570801e-01 2.024512179195880890e-02 -1.959847658872604370e-02 -1.005744561553001404e-03 2.249639510409906507e-04 1.503445394337177277e-02
5.368710756301879883e-01 2.021459862589836121e-02 -1.694490388035774231e-02 -1.042773219523951411e-04 4.071853763889521360e-04 1.361354533582925797e-02
4.857363700866699219e-01 2.371918223798274994e-02 -9.665504097938537598e-03 -2.563034649938344955e-04 9.201143984682857990e-04 1.335693709552288055e-02
4.869222044944763184e-01 1.426476053893566132e-02 -5.605570971965789795e-03 1.052579318638890982e-05 8.277544984593987465e-04 1.399515103548765182e-02
4.492489993572235107e-01 2.245026268064975739e-02 -1.510358694940805435e-02 -4.719778953585773706e-04 -6.543211929965764284e-05 1.376849133521318436e-02
4.917828738689422607e-01 2.419504337012767792e-02 -1.332512684166431427e-02 -4.163280827924609184e-04 3.291604225523769855e-04 1.318930368870496750e-02
5.161345005035400391e-01 2.419407665729522705e-02 -5.398862995207309723e-03 -6.694777403026819229e-04 1.981167821213603020e-03 1.241193804889917374e-02
5.093240141868591309e-01 2.074058353900909424e-02 -1.946475915610790253e-02 -8.213673718273639679e-04 -5.467946175485849380e-05 1.266567502170801163e-02
5.183532834053039551e-01 9.803631342947483063e-03 -1.570707373321056366e-02 -1.314977649599313736e-03 4.406111256685107946e-04 1.423641573637723923e-02
5.177848935127258301e-01 1.508114300668239594e-02 -1.838267967104911804e-02 -7.029017433524131775e-04 1.071057398803532124e-03 1.427043601870536804e-02
4.922532141208648682e-01 2.438776940107345581e-02 -2.893605455756187439e-02 -1.288899511564522982e-04 -1.168083748780190945e-03 1.334979757666587830e-02
3.986342847347259521e-01 1.584424078464508057e-02 -8.239099755883216858e-03 -5.709552788175642490e-04 1.838157768361270428e-03 7.594455033540725708e-03
6.350696682929992676e-01 1.157029345631599426e-02 -3.351891785860061646e-02 -4.325634799897670746e-04 -6.284257397055625916e-04 1.593185029923915863e-02
4.902729392051696777e-01 2.207797951996326447e-02 -1.714583858847618103e-02 -9.670980507507920265e-04 -1.485354732722043991e-05 1.102896220982074738e-02
5.239597558975219727e-01 2.268845401704311371e-02 -2.310318127274513245e-02 -6.643974338658154011e-04 1.985831186175346375e-04 1.297144312411546707e-02
4.868349134922027588e-01 1.853377558290958405e-02 -1.154150813817977905e-02 -9.162601782009005547e-04 9.460491710342466831e-04 1.038408186286687851e-02
4.207164049148559570e-01 2.058775722980499268e-02 -1.628334820270538330e-02 -2.950027737824711949e-05 2.945977030321955681e-04 1.150101330131292343e-02
4.779982566833496094e-01 1.643832214176654816e-02 -2.311033569276332855e-02 -1.181351137347519398e-03 6.802572170272469521e-04 1.060972176492214203e-02
4.902418851852416992e-01 1.094112172722816467e-02 -1.472367811948060989e-02 -9.531828691251575947e-04 1.682559610344469547e-03 8.992579765617847443e-03
4.853183925151824951e-01 8.201224729418754578e-03 -2.712587453424930573e-02 -7.423011120408773422e-04 3.058146830881014466e-05 9.807432070374488831e-03
4.141276478767395020e-01 9.195815771818161011e-03 -8.197098970413208008e-03 -5.589313805103302002e-04 1.186519395560026169e-03 6.646413821727037430e-03
5.341529846191406250e-01 1.387436315417289734e-02 -2.718946337699890137e-02 -1.194117474369704723e-03 8.431345340795814991e-04 9.121686220169067383e-03
3.539737761020660400e-01 -4.980483092367649078e-03 -2.165196649730205536e-02 -8.422404062002897263e-04 -6.898741703480482101e-04 9.433018974959850311e-03
-9.834573268890380859e-01 -2.099613845348358154e-01 -2.355679869651794434e-02 -2.752168802544474602e-05 -7.806294597685337067e-04 1.636522240005433559e-03
5.379091501235961914e-01 9.794469922780990601e-03 -2.738728374242782593e-02 -1.091724028810858727e-03 9.975247085094451904e-04 1.099175121635198593e-02
5.046596527099609375e-01 9.219471365213394165e-03 -2.958894893527030945e-02 -1.151246251538395882e-03 5.835723713971674442e-04 9.833660908043384552e-03
4.520195126533508301e-01 1.558692287653684616e-02 -1.839116960763931274e-02 -9.836456738412380219e-04 -8.863763650879263878e-05 8.653016760945320129e-03
4.915518164634704590e-01 1.374569535255432129e-02 -1.157983765006065369e-02 -8.426434360444545746e-04 1.880017574876546860e-03 7.986423559486865997e-03
5.439858436584472656e-01 2.298125438392162323e-02 -3.666492179036140442e-03 5.610894295386970043e-04 1.864592428319156170e-03 7.195456884801387787e-03
4.726887345314025879e-01 5.097050685435533524e-03 -7.538536563515663147e-03 -1.285506295971572399e-04 6.005688337609171867e-04 7.815497927367687225e-03
4.920584857463836670e-01 1.115408167243003845e-02 -1.476079877465963364e-02 -1.348490826785564423e-03 -8.582737063989043236e-04 9.183945134282112122e-03
4.866073429584503174e-01 8.578834123909473419e-03 -1.270708255469799042e-02 -1.283623627386987209e-03 5.984347080811858177e-04 8.321077562868595123e-03
5.540002584457397461e-01 2.574555343016982079e-03 -1.860640011727809906e-02 -7.389714592136442661e-04 -1.024954181048087776e-04 8.065811358392238617e-03
4.921792447566986084e-01 2.233380265533924103e-02 -1.021507848054170609e-02 -1.756607962306588888e-04 1.108947093598544598e-03 9.363498538732528687e-03
5.656582713127136230e-01 1.208021864295005798e-02 -2.210715971887111664e-02 -5.071109626442193985e-04 -1.045630488079041243e-04 8.992861956357955933e-03
4.444746375083923340e-01 1.297247409820556641e-02 -7.943513803184032440e-03 -4.701345169451087713e-04 1.847064122557640076e-03 7.478429935872554779e-03
4.350629746913909912e-01 1.311593782156705856e-02 -3.929113969206809998e-03 -1.327736099483445287e-04 1.465744921006262302e-03 7.014005910605192184e-03
4.712632298469543457e-01 6.352133117616176605e-03 -3.236896544694900513e-02 -1.862519304268062115e-03 5.258256569504737854e-04 7.836132310330867767e-03
5.002637505531311035e-01 6.257097236812114716e-03 -1.857873797416687012e-02 -9.594993316568434238e-04 3.343358112033456564e-04 7.883181795477867126e-03
5.596382617950439453e-01 2.584992721676826477e-02 1.907577551901340485e-02 8.575698011554777622e-04 9.576821321388706565e-05 7.041664328426122665e-03
5.270356535911560059e-01 -2.733233617618680000e-03 -1.861539110541343689e-02 -1.214579329825937748e-03 2.928842441178858280e-04 7.054293528199195862e-03
4.991398155689239502e-01 4.668256267905235291e-03 -1.008947193622589111e-02 -2.563706220826134086e-05 1.214881544001400471e-03 6.254681386053562164e-03
4.840867817401885986e-01 5.296722985804080963e-03 -1.459375023841857910e-02 -9.298844961449503899e-04 -1.941002206876873970e-03 6.237188819795846939e-03
4.843605756759643555e-01 5.811712704598903656e-03 -1.656727679073810577e-02 -1.242908183485269547e-03 -6.131932605057954788e-05 9.417792782187461853e-03
3.989520370960235596e-01 -1.752203446812927723e-03 -8.991984650492668152e-03 -3.674263716675341129e-04 4.109133151359856129e-04 7.743680849671363831e-03
3.275543749332427979e-01 -1.343967858701944351e-02 -2.344732359051704407e-02 -1.004633260890841484e-03 -1.960708992555737495e-03 1.007126830518245697e-02
4.360498189926147461e-01 5.138670094311237335e-03 -1.080280076712369919e-02 -5.586572297033853829e-05 5.050205509178340435e-04 8.260270580649375916e-03
4.665164351463317871e-01 9.203328751027584076e-03 -8.338264189660549164e-03 4.782983742188662291e-04 1.054766820743680000e-03 5.645538214594125748e-03
4.887610077857971191e-01 1.004624459892511368e-02 -2.335826121270656586e-02 -7.992227911017835140e-04 -7.211359916254878044e-04 6.965801585465669632e-03
4.730350971221923828e-01 -1.691725105047225952e-03 -7.151286583393812180e-03 -2.448669401928782463e-04 1.552617875859141350e-03 6.811276078224182129e-03
4.582818150520324707e-01 1.565589010715484619e-02 -1.684611896052956581e-03 -1.233060465892776847e-04 1.767728943377733231e-03 8.149278350174427032e-03
4.728944301605224609e-01 5.301457364112138748e-03 -2.195527544245123863e-03 -3.092310798820108175e-04 1.223714440129697323e-03 6.157424300909042358e-03
5.282050967216491699e-01 1.217075996100902557e-02 -2.719905460253357887e-03 -2.652053954079747200e-04 2.790392376482486725e-03 6.585914175957441330e-03
1.850682310760021210e-02 -1.298429258167743683e-02 7.525848224759101868e-03 2.763133961707353592e-04 -7.766787894070148468e-04 4.168689483776688576e-04
2.933016419410705566e-01 1.693952269852161407e-02 -1.135081285610795021e-03 3.700465313158929348e-04 9.585134102962911129e-04 2.765916287899017334e-03
4.960331916809082031e-01 2.860704669728875160e-03 -4.042762797325849533e-03 -2.354841626583947800e-06 1.425287104211747646e-03 6.391006521880626678e-03
5.090246200561523438e-01 1.930911652743816376e-02 -3.790128277614712715e-03 4.838112799916416407e-04 2.265526447445154190e-03 5.182621069252490997e-03
5.011440515518188477e-01 7.559034973382949829e-03 -3.381340764462947845e-03 3.589040716178715229e-05 1.542637590318918228e-03 5.757434293627738953e-03
5.448137521743774414e-01 1.768839731812477112e-02 -1.099550863727927208e-03 4.262901202309876680e-04 1.468254602514207363e-03 6.717303302139043808e-03
4.946752786636352539e-01 3.088685311377048492e-02 -2.609847579151391983e-03 4.327062633819878101e-04 1.628564321435987949e-03 7.151480764150619507e-03
4.860369563102722168e-01 1.727529056370258331e-02 -6.265803240239620209e-03 2.506168093532323837e-04 1.818145043216645718e-03 8.105876855552196503e-03
-4.333309233188629150e-01 -3.221483901143074036e-02 5.027624778449535370e-03 -4.207415622659027576e-04 -1.941036200150847435e-03 -6.972786039113998413e-03
4.895198345184326172e-01 2.222954295575618744e-02 -2.198041416704654694e-03 2.855694037862122059e-04 2.516148146241903305e-03 7.351588923484086990e-03
4.926684498786926270e-01 3.729939088225364685e-02 9.356192313134670258e-04 4.359236627351492643e-04 1.878274139016866684e-03 7.467405870556831360e-03
3.636272549629211426e-01 3.012331575155258179e-02 -8.388280868530273438e-03 -3.143523354083299637e-04 5.846047424711287022e-04 5.772192962467670441e-03
4.850082695484161377e-01 9.706181474030017853e-03 -8.065604604780673981e-03 5.077711539342999458e-04 2.779629779979586601e-03 7.999248802661895752e-03
4.619489908218383789e-01 3.688717260956764221e-04 -4.193604458123445511e-03 -2.048281021416187286e-04 1.593969762325286865e-03 8.532358333468437195e-03
4.646651744842529297e-01 2.513334155082702637e-02 -3.947346704080700874e-04 -3.387920514796860516e-05 1.410851604305207729e-03 6.659168750047683716e-03
4.849876761436462402e-01 1.810518652200698853e-02 -6.445913575589656830e-03 -2.441075484966859221e-04 1.955663785338401794e-03 8.132936432957649231e-03
4.585120975971221924e-01 -4.754875320941209793e-03 -1.066420599818229675e-02 1.744064065860584378e-04 1.887970138341188431e-03 7.350827567279338837e-03
4.953027069568634033e-01 2.700474672019481659e-02 -8.978513069450855255e-03 4.128321888856589794e-04 8.959880215115845203e-04 8.791660889983177185e-03
4.766710996627807617e-01 8.719488978385925293e-03 -8.887631818652153015e-03 7.050024578347802162e-04 1.832918846048414707e-03 6.330646108835935593e-03
4.830696582794189453e-01 3.405800089240074158e-03 -8.369680494070053101e-03 1.771223469404503703e-04 2.582734450697898865e-03 6.986313965171575546e-03
4.933514595031738281e-01 1.002585887908935547e-02 -7.003527600318193436e-03 -1.111394958570599556e-04 1.755289500579237938e-03 7.513517048209905624e-03
4.377435445785522461e-01 -3.215365577489137650e-03 -9.066258557140827179e-03 1.340073795290663838e-04 1.623987220227718353e-03 8.310804143548011780e-03
4.936653673648834229e-01 3.069177828729152679e-02 -6.546516902744770050e-03 1.417464372934773564e-04 2.044612541794776917e-03 7.284005172550678253e-03
5.003086924552917480e-01 7.077115587890148163e-03 -5.201480351388454437e-03 2.975473762489855289e-04 2.223839052021503448e-03 7.519918493926525116e-03
5.051950216293334961e-01 6.288477219641208649e-03 -1.336721237748861313e-02 8.880578679963946342e-04 1.318053109571337700e-03 6.408541928976774216e-03
4.902762770652770996e-01 2.119214832782745361e-02 -1.605631597340106964e-02 6.921114982105791569e-04 1.486357650719583035e-03 6.109511014074087143e-03
5.186600089073181152e-01 5.336687900125980377e-03 -1.211003866046667099e-02 3.155410813633352518e-04 1.721988664939999580e-03 4.494975320994853973e-03
4.905555546283721924e-01 -9.407008066773414612e-03 -3.230702597647905350e-03 -1.296535774599760771e-04 2.557172905653715134e-03 7.762134075164794922e-03
5.085770487785339355e-01 1.462605129927396774e-02 -1.396157126873731613e-02 4.492208827286958694e-04 2.016720827668905258e-03 9.049617685377597809e-03
4.669767320156097412e-01 -2.285007759928703308e-02 -1.516605168581008911e-02 9.062714525498449802e-04 2.474079374223947525e-03 4.042382817715406418e-03
4.844582974910736084e-01 -8.237951551564037800e-04 -5.598937161266803741e-03 -5.666094693879131228e-06 1.846932573243975639e-03 9.743825532495975494e-03
4.807744026184082031e-01 1.135587412863969803e-02 -1.052579097449779510e-02 5.263075581751763821e-05 2.055428223684430122e-03 7.172442972660064697e-03
4.820450842380523682e-01 3.377888118848204613e-03 -1.089939475059509277e-02 3.153309080516919494e-05 2.135550370439887047e-03 6.526854354888200760e-03
4.760361313819885254e-01 3.045744821429252625e-02 -1.156182400882244110e-02 7.846268126741051674e-04 3.136232495307922363e-03 6.965442560613155365e-03
4.904429912567138672e-01 1.801725011318922043e-03 -1.806653290987014771e-02 -1.604088814929127693e-03 -7.846952939871698618e-05 6.078775972127914429e-03
4.827763438224792480e-01 9.345599450170993805e-03 -1.030063070356845856e-02 1.919571950566023588e-04 2.451755106449127197e-03 6.858550477772951126e-03
4.845056533813476562e-01 3.083391813561320305e-03 -2.310290001332759857e-02 1.641616458073258400e-03 2.433959627524018288e-03 6.994937546551227570e-03
4.796670675277709961e-01 8.923107758164405823e-03 -1.233331486582756042e-02 5.607772036455571651e-04 2.939432393759489059e-03 6.533944979310035706e-03
4.999738335609436035e-01 5.805056542158126831e-03 -1.155035570263862610e-02 -1.811880152672529221e-03 -9.916946291923522949e-04 6.916784681379795074e-03
4.843317568302154541e-01 -2.569993026554584503e-03 -4.345871973782777786e-03 -3.847009502351284027e-04 2.083040075376629829e-03 6.359951570630073547e-03
4.591897130012512207e-01 1.758730039000511169e-02 -1.853832975029945374e-02 1.368011580780148506e-03 3.251866204664111137e-03 3.423967631533741951e-03
