3.477725684642791748e-01 7.590441964566707611e-03 5.817457102239131927e-03 -2.216415741713717580e-04 4.173650871962308884e-03 1.446428522467613220e-02
3.244269788265228271e-01 1.915179379284381866e-02 7.909392938017845154e-03 -2.151564513042103499e-05 9.941486641764640808e-03 1.128475833684206009e-02
2.809787690639495850e-01 2.291594631969928741e-02 1.659056358039379120e-02 -2.876123879104852676e-03 8.416935801506042480e-03 1.204591058194637299e-02
2.891282737255096436e-01 1.199940778315067291e-02 9.000236168503761292e-03 -8.469168678857386112e-04 9.020149591378867626e-04 1.352008059620857239e-02
3.001016378402709961e-01 2.898528426885604858e-02 9.621787816286087036e-03 -9.915550472214818001e-04 -2.343085128813982010e-03 1.383551862090826035e-02
3.134624361991882324e-01 1.137309335172176361e-02 3.990746103227138519e-03 2.200290560722351074e-03 -2.045864006504416466e-03 1.270350255072116852e-02
3.147569298744201660e-01 8.469632826745510101e-03 1.130762696266174316e-02 -3.737814258784055710e-04 -2.597652841359376907e-03 1.236655469983816147e-02
3.096137344837188721e-01 1.197411026805639267e-02 2.404290949925780296e-03 -2.810233039781451225e-03 -3.282310208305716515e-03 1.128271594643592834e-02
3.094167113304138184e-01 2.305308356881141663e-02 6.465751212090253830e-04 -3.888143459334969521e-03 -2.144553232938051224e-03 1.172493491321802139e-02
3.056214153766632080e-01 1.888139918446540833e-02 -1.507231499999761581e-02 5.982460570521652699e-04 -6.242191419005393982e-03 1.234548632055521011e-02
3.066365420818328857e-01 -1.240514451637864113e-03 -7.972635328769683838e-03 1.450080890208482742e-03 -8.997938130050897598e-04 1.203123200684785843e-02
3.065010607242584229e-01 1.146232895553112030e-02 3.968053031712770462e-03 2.705011051148176193e-03 4.206390585750341415e-03 1.065526716411113739e-02
3.049722015857696533e-01 -2.143374644219875336e-03 1.164300739765167236e-02 7.259698468260467052e-04 2.851527882739901543e-03 1.131712831556797028e-02
2.938812375068664551e-01 -2.693850547075271606e-03 5.452807527035474777e-03 1.356541528366506100e-03 -1.385986222885549068e-03 1.142194680869579315e-02
2.969503402709960938e-01 2.623861283063888550e-02 9.689906612038612366e-03 -5.217290017753839493e-04 2.144934696843847632e-04 1.107132248580455780e-02
2.907557487487792969e-01 -1.061292923986911774e-02 5.145340226590633392e-03 -1.734678167849779129e-03 3.149881958961486816e-03 9.555917233228683472e-03
2.970868945121765137e-01 1.257967203855514526e-02 6.539569236338138580e-03 -2.503207884728908539e-03 -4.469105973839759827e-03 1.073360908776521683e-02
2.622142434120178223e-01 2.322537591680884361e-03 5.594241898506879807e-03 -6.399118574336171150e-04 -9.171209298074245453e-03 7.595595438033342361e-03
2.659988701343536377e-01 7.144080940634012222e-03 -4.391680471599102020e-03 2.689602551981806755e-03 -8.521832525730133057e-03 7.803539279848337173e-03
3.066433072090148926e-01 -2.833682345226407051e-03 -4.526863340288400650e-03 5.103865638375282288e-03 -5.480368155986070633e-03 1.226936746388673782e-02
3.150894641876220703e-01 5.351847037672996521e-03 -6.294933147728443146e-03 1.331266947090625763e-03 1.712397788651287556e-03 1.187107898294925690e-02
3.219085037708282471e-01 5.387462675571441650e-03 1.506742206402122974e-03 -1.987551571801304817e-03 5.395894870162010193e-03 1.202375441789627075e-02
3.278779685497283936e-01 8.191278204321861267e-03 -2.572494791820645332e-03 -1.738672843202948570e-03 3.564233658835291862e-03 1.218836102634668350e-02
3.183343112468719482e-01 -1.824435032904148102e-02 -1.512530492618680000e-03 1.041087234625592828e-04 -9.798435494303703308e-04 1.189975626766681671e-02
3.321873247623443604e-01 1.047311536967754364e-02 3.850070992484688759e-03 -1.899721217341721058e-03 8.077706443145871162e-04 1.230223383754491806e-02
3.368741273880004883e-01 1.340151298791170120e-02 1.564263366162776947e-02 -3.784461878240108490e-03 8.411450311541557312e-03 1.411717571318149567e-02
2.986174225807189941e-01 -3.278404474258422852e-03 1.167559903115034103e-02 -1.330221712123602629e-04 6.565873045474290848e-03 1.189651992172002792e-02
3.142729103565216064e-01 -1.276369206607341766e-02 1.042127888649702072e-02 6.381450220942497253e-03 1.573771354742348194e-03 1.156727410852909088e-02
2.940444946289062500e-01 -1.939460076391696930e-02 5.152000579982995987e-03 5.560217890888452530e-03 -1.806331914849579334e-03 1.142495498061180115e-02
3.140927255153656006e-01 -9.631705470383167267e-03 7.234715856611728668e-03 2.695899922400712967e-03 -7.081648218445479870e-04 1.227616239339113235e-02
3.065990209579467773e-01 -8.404105901718139648e-04 2.407827647402882576e-03 -6.685480475425720215e-03 -1.072927494533360004e-03 1.086468156427145004e-02
3.241793215274810791e-01 2.864107023924589157e-03 -5.484119523316621780e-03 -5.363118834793567657e-03 -2.045484725385904312e-03 1.222048699855804443e-02
3.241886198520660400e-01 -1.338241063058376312e-02 -6.800783332437276840e-03 2.578465035185217857e-03 -1.075478852726519108e-03 1.237163320183753967e-02
3.498762547969818115e-01 -9.907637722790241241e-03 6.137036252766847610e-03 5.818638950586318970e-03 1.974679762497544289e-03 1.218038890510797501e-02
3.624159693717956543e-01 2.148356288671493530e-03 9.417629800736904144e-03 1.665612333454191685e-03 3.875163849443197250e-03 1.289587095379829407e-02
3.609299063682556152e-01 1.109382510185241699e-02 5.595569964498281479e-03 -3.429833566769957542e-03 3.307262202724814415e-03 1.379666384309530258e-02
3.584348559379577637e-01 -1.188099943101406097e-02 3.737524850293993950e-03 -3.946767537854611874e-04 -9.757707011885941029e-04 1.403088215738534927e-02
3.713611960411071777e-01 -6.607607007026672363e-03 5.878974683582782745e-03 1.969657751033082604e-05 -2.944903215393424034e-03 1.471901405602693558e-02
3.803212344646453857e-01 5.792565643787384033e-04 3.574804868549108505e-03 -4.391202528495341539e-04 -1.982521498575806618e-03 1.460169721394777298e-02
4.071240723133087158e-01 -7.621969096362590790e-03 -2.666441723704338074e-03 2.258221618831157684e-03 -1.859161304309964180e-03 1.636885851621627808e-02
4.074437022209167480e-01 -1.219824771396815777e-03 -2.394264563918113708e-03 4.752268549054861069e-03 -2.693047747015953064e-03 1.697202399373054504e-02
4.091357886791229248e-01 3.105897922068834305e-04 4.272035323083400726e-03 2.255836036056280136e-03 -3.663382958620786667e-03 1.637989655137062073e-02
4.234153628349304199e-01 6.872692611068487167e-03 2.418116666376590729e-03 -5.349356681108474731e-03 -2.701332559809088707e-03 1.792950741946697235e-02
4.348519444465637207e-01 7.766826078295707703e-03 1.911946572363376617e-03 -4.704111721366643906e-03 -1.452889555366709828e-04 2.022289671003818512e-02
4.293356239795684814e-01 -1.317311078310012817e-02 -1.192586030811071396e-03 -4.619692044798284769e-04 6.110287504270672798e-04 1.984543167054653168e-02
4.403990209102630615e-01 -6.552292965352535248e-03 4.459083545953035355e-03 1.870892243459820747e-03 1.062847208231687546e-03 1.943435333669185638e-02
4.323752820491790771e-01 -1.081450004130601883e-02 6.443243473768234253e-03 1.329671824350953102e-03 5.133657250553369522e-04 1.867117546498775482e-02
4.278468191623687744e-01 8.313070982694625854e-03 7.912800647318363190e-03 -8.679775055497884750e-04 1.110194600187242031e-03 1.764003746211528778e-02
4.456642270088195801e-01 7.282862439751625061e-03 6.143669132143259048e-03 -1.446195528842508793e-03 1.268198131583631039e-03 1.863436587154865265e-02
4.358144402503967285e-01 1.026566233485937119e-02 6.125126965343952179e-03 -1.942805713042616844e-03 8.762661600485444069e-04 1.771175488829612732e-02
4.366883933544158936e-01 8.458062075078487396e-03 3.870241809636354446e-03 -1.539388787932693958e-03 2.415633643977344036e-04 1.765978895127773285e-02
4.333142042160034180e-01 7.716006599366664886e-03 6.592680234462022781e-03 -1.315004075877368450e-03 -5.847214924870058894e-05 1.653862558305263519e-02
4.282494485378265381e-01 8.339805528521537781e-03 6.199464201927185059e-03 -1.534809242002665997e-03 -2.820065710693597794e-04 1.607094146311283112e-02
4.327560663223266602e-01 8.430754765868186951e-03 5.683499854058027267e-03 -1.634116633795201778e-03 6.952389958314597607e-04 1.513501536101102829e-02
4.254097044467926025e-01 6.208744365721940994e-03 4.438848234713077545e-03 -9.902794845402240753e-04 2.516167005524039268e-04 1.433811616152524948e-02
4.151536822319030762e-01 9.518632665276527405e-03 4.982038401067256927e-03 -9.071007370948791504e-04 -2.320032799616456032e-04 1.295476313680410385e-02
4.180695414543151855e-01 7.322108373045921326e-03 5.258683115243911743e-03 -4.519689246080815792e-04 4.312784003559499979e-04 1.177631318569183350e-02
4.157850742340087891e-01 6.328543182462453842e-03 7.427545730024576187e-03 -8.811384905129671097e-04 1.249595545232295990e-03 1.088183000683784485e-02
4.003679752349853516e-01 4.250942729413509369e-03 5.541495047509670258e-03 -7.732561207376420498e-04 3.493486728984862566e-04 8.772485889494419098e-03
3.967241048812866211e-01 7.154177874326705933e-03 7.516558747738599777e-03 -9.639299241825938225e-04 -4.646565939765423536e-04 7.816001772880554199e-03
4.038846790790557861e-01 4.945770837366580963e-03 5.657515488564968109e-03 -9.285348351113498211e-04 -1.855974696809425950e-04 6.101592443883419037e-03
3.975304961204528809e-01 1.704854308627545834e-03 6.265148520469665527e-03 -2.624428598210215569e-04 2.760704664979130030e-04 4.191230982542037964e-03
3.936212360858917236e-01 2.441813703626394272e-03 5.578716751188039780e-03 2.501044073142111301e-04 -1.862676435848698020e-04 2.594285411760210991e-03
3.925803601741790771e-01 3.367289900779724121e-03 6.978170014917850494e-03 5.499554681591689587e-04 -5.276665324345231056e-04 1.433973666280508041e-03
3.853446543216705322e-01 2.561187837272882462e-03 5.053847096860408783e-03 -3.174298326484858990e-04 -1.310698688030242920e-03 -7.303088204935193062e-04
3.828963041305541992e-01 -9.557523299008607864e-04 4.433713853359222412e-03 -2.543119990150444210e-06 -2.067143330350518227e-03 -2.580207539722323418e-03
3.893903195858001709e-01 1.607750891707837582e-03 5.498729646205902100e-03 3.253681352362036705e-04 -3.199917729943990707e-03 -3.747580572962760925e-03
3.930177986621856689e-01 -2.561800181865692139e-03 1.723859459161758423e-03 4.405223298817873001e-04 -3.404923947528004646e-03 -6.265184842050075531e-03
4.037126302719116211e-01 -7.307143532671034336e-04 1.866615377366542816e-03 1.557254581712186337e-04 -9.387076715938746929e-04 -7.941160351037979126e-03
4.123138189315795898e-01 1.154921483248472214e-03 2.690199995413422585e-03 -8.187015773728489876e-04 1.706743030808866024e-03 -9.334612637758255005e-03
4.119409024715423584e-01 3.682558424770832062e-03 4.285112954676151276e-03 -2.232199301943182945e-03 2.210910432040691376e-03 -1.143379043787717819e-02
4.031694233417510986e-01 1.172909629531204700e-03 6.762572098523378372e-03 -2.378980396315455437e-03 1.812967704609036446e-03 -1.379009056836366653e-02
4.020655751228332520e-01 -3.848006948828697205e-03 9.523373097181320190e-03 -7.225759909488260746e-04 9.735486819408833981e-04 -1.548575423657894135e-02
3.957423865795135498e-01 -6.504188291728496552e-03 7.346413098275661469e-03 -7.065202808007597923e-04 -4.750635707750916481e-04 -1.647144369781017303e-02
3.878886699676513672e-01 -8.867298020049929619e-04 6.657571531832218170e-03 -1.994878548430278897e-04 -1.327055972069501877e-03 -1.880625262856483459e-02
3.939910829067230225e-01 4.452650900930166245e-03 5.691228434443473816e-03 -1.374909072183072567e-03 -1.264036516658961773e-03 -2.024258486926555634e-02
3.930330872535705566e-01 2.950969384983181953e-03 4.762611351907253265e-03 -2.987782470881938934e-03 -1.122214365750551224e-03 -2.109083533287048340e-02
3.776238858699798584e-01 -9.732601232826709747e-03 -1.383924856781959534e-03 -2.736247377470135689e-03 -1.318094553425908089e-03 -2.110460400581359863e-02
3.817560970783233643e-01 -1.037982944399118423e-02 1.543306047096848488e-03 1.417736755684018135e-03 -1.413791673257946968e-03 -2.179225347936153412e-02
3.833205103874206543e-01 -1.172210462391376495e-02 5.479259416460990906e-03 6.344918510876595974e-04 -1.048719394020736217e-03 -2.257111668586730957e-02
3.864605724811553955e-01 -7.102388422936201096e-03 4.984181374311447144e-03 -6.001712754368782043e-04 -1.571697997860610485e-03 -2.365337684750556946e-02
3.798665702342987061e-01 -4.983201622962951660e-03 2.086036605760455132e-03 2.625266206450760365e-04 -1.949831610545516014e-03 -2.361826039850711823e-02
3.848051726818084717e-01 -1.493808440864086151e-02 7.050486165098845959e-04 2.533976454287767410e-03 -5.483240820467472076e-04 -2.455596439540386200e-02
4.079595208168029785e-01 -1.746219024062156677e-02 3.391734790056943893e-03 3.245417494326829910e-03 3.279129741713404655e-04 -2.515630796551704407e-02
4.039890468120574951e-01 -1.429097726941108704e-02 5.420731380581855774e-03 1.983753871172666550e-03 6.153074791654944420e-04 -2.549743279814720154e-02
4.052875041961669922e-01 -1.246432121843099594e-02 7.577636279165744781e-03 -2.228556550107896328e-04 2.628069778438657522e-04 -2.533993124961853027e-02
4.145050644874572754e-01 -1.133988425135612488e-02 7.387346588075160980e-03 -2.279398730024695396e-03 1.498189158155582845e-05 -2.520943433046340942e-02
4.069318771362304688e-01 -1.636223122477531433e-02 2.329842885956168175e-03 -1.851843670010566711e-03 1.350474049104377627e-04 -2.469953708350658417e-02
4.219884574413299561e-01 -2.232328429818153381e-02 1.352346152998507023e-03 1.725598587654531002e-03 1.466440444346517324e-04 -2.485530078411102295e-02
4.236173629760742188e-01 -6.309196818619966507e-03 4.561685957014560699e-03 2.703940030187368393e-03 3.278385847806930542e-04 -2.458893135190010071e-02
4.228995740413665771e-01 1.604023855179548264e-04 5.859544966369867325e-03 -2.259559259982779622e-04 2.880496031139045954e-04 -2.396613918244838715e-02
4.263941645622253418e-01 -6.976809352636337280e-03 2.427107887342572212e-03 -2.223757095634937286e-03 2.707621024455875158e-05 -2.318468876183032990e-02
4.347613155841827393e-01 -5.853823851794004440e-03 2.493995008990168571e-03 -1.252497895620763302e-03 9.480267181061208248e-04 -2.324853464961051941e-02
4.434784054756164551e-01 -1.358478330075740814e-03 8.883938193321228027e-03 -1.411710400134325027e-03 2.082621678709983826e-03 -2.387313358485698700e-02
4.542544782161712646e-01 -3.852092195302248001e-04 8.914271369576454163e-03 -3.065728815272450447e-03 9.872028604149818420e-04 -2.396862953901290894e-02
4.541572034358978271e-01 4.785341676324605942e-03 5.725807510316371918e-03 -3.796576289460062981e-03 -2.788677229546010494e-04 -2.444858849048614502e-02
4.509988725185394287e-01 4.205532604828476906e-04 3.203997854143381119e-03 -3.258256008848547935e-03 -3.599049814511090517e-04 -2.446658164262771606e-02
4.710784554481506348e-01 -2.816708292812108994e-03 -1.856330898590385914e-03 -5.706413066945970058e-04 -7.940726936794817448e-05 -2.544215507805347443e-02
4.751631021499633789e-01 -1.514025498181581497e-03 5.447561852633953094e-03 -7.025130908004939556e-04 8.077954989857971668e-04 -2.506629750132560730e-02
4.893454313278198242e-01 -5.316128488630056381e-03 1.412955927662551403e-03 -1.212853123433887959e-03 1.624100725166499615e-03 -2.548540011048316956e-02
5.003324747085571289e-01 -1.095523592084646225e-03 7.897635921835899353e-03 -1.722772256471216679e-03 2.062415936961770058e-03 -2.474424615502357483e-02
5.077748894691467285e-01 -8.631366072222590446e-04 6.679885089397430420e-03 -2.008556155487895012e-03 1.961179543286561966e-03 -2.414281852543354034e-02
5.188902616500854492e-01 -3.591642947867512703e-03 6.471870932728052139e-03 -1.107253832742571831e-03 1.159381703473627567e-03 -2.373641543090343475e-02
5.221135616302490234e-01 -3.546115709468722343e-03 6.236245855689048767e-03 -1.094153267331421375e-03 -2.072913048323243856e-04 -2.374906279146671295e-02
5.256648659706115723e-01 -3.344594966620206833e-03 3.094529733061790466e-03 -4.922263906337320805e-04 -6.878974963910877705e-04 -2.435472421348094940e-02
5.413373708724975586e-01 -2.633487805724143982e-03 3.974427934736013412e-03 -5.050613544881343842e-04 2.116160976584069431e-05 -2.420224994421005249e-02
5.438352823257446289e-01 -1.409367192536592484e-03 2.486953744664788246e-03 -7.581121171824634075e-04 1.243083897861652076e-05 -2.378585748374462128e-02
5.585580468177795410e-01 5.296739982441067696e-04 3.087938064709305763e-03 -8.806968107819557190e-04 -1.897414949780795723e-05 -2.294479310512542725e-02
5.571064352989196777e-01 -1.571068074554204941e-03 4.851824603974819183e-03 -5.802667001262307167e-04 8.032884798012673855e-04 -2.213306352496147156e-02
5.705077648162841797e-01 8.623253088444471359e-04 6.066329777240753174e-03 -5.208560614846646786e-04 1.698482083156704903e-03 -2.225047536194324493e-02
5.804700851440429688e-01 3.987384494394063950e-03 7.335005328059196472e-03 2.199372829636558890e-06 1.967864809557795525e-03 -2.257864177227020264e-02
5.643017888069152832e-01 3.816418349742889404e-03 6.257032044231891632e-03 2.320159110240638256e-04 1.780802733264863491e-03 -2.180440351366996765e-02
5.619780421257019043e-01 -2.773132873699069023e-03 7.440079003572463989e-03 8.854367188178002834e-04 1.372493803501129150e-03 -2.119964919984340668e-02
5.630196332931518555e-01 -4.399785306304693222e-03 7.966223172843456268e-03 3.137798921670764685e-04 4.443727084435522556e-04 -1.972039602696895599e-02
5.803427696228027344e-01 -8.350078947842121124e-03 6.987759843468666077e-03 9.836292592808604240e-04 -1.372653350699692965e-04 -1.817756146192550659e-02
5.689061880111694336e-01 -6.853651721030473709e-03 6.089861504733562469e-03 -3.849730710498988628e-04 -4.861766065005213022e-04 -1.811202615499496460e-02
5.720033645629882812e-01 -5.109327845275402069e-03 5.384398158639669418e-03 -5.969282356090843678e-04 -8.857079665176570415e-04 -1.828820072114467621e-02
5.768229961395263672e-01 -4.285613074898719788e-03 5.181578453630208969e-03 2.356394543312489986e-04 -7.811415707692503929e-04 -1.824350468814373016e-02
5.807138085365295410e-01 -3.002822399139404297e-03 5.932256113737821579e-03 1.199952792376279831e-03 1.547347710584290326e-05 -1.799399964511394501e-02
5.669997930526733398e-01 -1.462643966078758240e-03 6.892295554280281067e-03 7.582027465105056763e-04 3.968938544858247042e-04 -1.858594641089439392e-02
5.738903284072875977e-01 1.536163501441478729e-03 6.875493098050355911e-03 -6.254855543375015259e-04 4.699687124229967594e-04 -1.824806071817874908e-02
5.789597034454345703e-01 1.500255777500569820e-03 7.280380465090274811e-03 -3.461384912952780724e-04 7.280638674274086952e-04 -1.841298118233680725e-02
5.822187066078186035e-01 -2.887438051402568817e-03 6.701540667563676834e-03 1.757952850311994553e-03 5.585990729741752148e-04 -1.811923831701278687e-02
5.867383480072021484e-01 -5.875143222510814667e-03 8.184107951819896698e-03 4.225749056786298752e-03 6.753934430889785290e-04 -1.794819161295890808e-02
5.861123204231262207e-01 -9.246855042874813080e-03 6.583321839570999146e-03 5.541340913623571396e-03 1.065486692823469639e-03 -1.799826137721538544e-02
5.874262452125549316e-01 -8.409576490521430969e-03 6.370353046804666519e-03 5.400069057941436768e-03 1.113443518988788128e-03 -1.658261753618717194e-02
5.865436792373657227e-01 -1.054735109210014343e-02 7.324480917304754257e-03 6.473750341683626175e-03 8.985103922896087170e-04 -1.555407792329788208e-02
5.853074193000793457e-01 -1.332080364227294922e-02 6.431550253182649612e-03 6.804395001381635666e-03 2.874933416023850441e-04 -1.139320619404315948e-02
5.919818282127380371e-01 -1.470677740871906281e-02 9.033361449837684631e-03 7.240149658173322678e-03 -2.421696408418938518e-04 -7.805008441209793091e-03
5.848352313041687012e-01 -1.291741430759429932e-02 6.911493837833404541e-03 5.894582252949476242e-03 -8.651561802253127098e-04 -5.478798877447843552e-03
6.070183515548706055e-01 -6.823569536209106445e-03 5.270338151603937149e-03 5.900597665458917618e-03 -1.278870040550827980e-03 -2.757940907031297684e-03
5.977437496185302734e-01 -9.048005566000938416e-03 3.953211940824985504e-03 5.095698405057191849e-03 -1.284494879655539989e-03 -2.927937312051653862e-04
6.178143620491027832e-01 -1.416603452526032925e-03 9.130766615271568298e-03 4.222827963531017303e-03 -3.539936733432114124e-05 2.427879953756928444e-03
6.267071366310119629e-01 3.452277043834328651e-03 7.656955625861883163e-03 8.165921899490058422e-04 2.251627156510949135e-03 5.742233712226152420e-03
6.222954392433166504e-01 2.038985257968306541e-03 6.999134086072444916e-03 5.856459611095488071e-04 3.940477035939693451e-03 8.069635368883609772e-03
6.275908946990966797e-01 -2.011267933994531631e-03 5.674352403730154037e-03 2.275659237056970596e-03 3.716706298291683197e-03 1.049331575632095337e-02
6.308403611183166504e-01 -5.321975331753492355e-03 1.260720938444137573e-02 4.573259968310594559e-03 3.525395179167389870e-03 1.240898855030536652e-02
6.292695403099060059e-01 8.589226752519607544e-03 1.925081014633178711e-02 -7.310227374546229839e-04 2.529150340706110001e-03 1.401056721806526184e-02
6.354136466979980469e-01 1.094445213675498962e-02 3.607384394854307175e-03 -2.972211455926299095e-03 -5.558388656936585903e-04 1.446319930255413055e-02
6.437399983406066895e-01 9.366600774228572845e-03 3.095998428761959076e-03 -2.087046392261981964e-03 -1.404058886691927910e-03 1.541129872202873230e-02
6.431481838226318359e-01 2.868937095627188683e-03 1.333245309069752693e-03 1.289115869440138340e-03 -1.657078741118311882e-03 1.597728952765464783e-02
6.534435153007507324e-01 9.318911470472812653e-03 1.073819957673549652e-02 -3.869837091770023108e-04 -5.243519553914666176e-04 1.466613821685314178e-02
6.492738723754882812e-01 1.135206129401922226e-02 1.924408250488340855e-03 -2.486058510839939117e-03 -7.635381189174950123e-04 1.469741947948932648e-02
6.195546984672546387e-01 7.190799806267023087e-03 5.512344185262918472e-03 -3.289079293608665466e-03 -4.880042397417128086e-04 1.477889902889728546e-02
6.563693881034851074e-01 8.239147253334522247e-03 5.814611446112394333e-03 -2.161038341000676155e-03 7.064095698297023773e-04 1.395992375910282135e-02
6.639876961708068848e-01 8.377330377697944641e-03 9.110029786825180054e-03 -1.288032741285860538e-03 1.784777385182678699e-03 1.333793811500072479e-02
6.774321794509887695e-01 7.616589777171611786e-03 1.096947118639945984e-02 -2.457088558003306389e-03 2.574742073193192482e-03 1.329228468239307404e-02
6.747777462005615234e-01 5.582627840340137482e-03 7.370115257799625397e-03 -1.778161968104541302e-03 1.953304745256900787e-03 1.215137634426355362e-02
6.807931065559387207e-01 9.688574820756912231e-03 7.475784514099359512e-03 -9.790481999516487122e-05 -1.416820450685918331e-04 1.167888939380645752e-02
6.790788173675537109e-01 5.689480807632207870e-03 7.167644333094358444e-03 -4.579298838507384062e-04 -2.536830725148320198e-03 1.040643081068992615e-02
