2.873536432161927223e-03 1.851908746175467968e-03 5.301217315718531609e-04 1.484546373831108212e-04 1.057126137311570346e-04 2.802522794809192419e-04
2.925884211435914040e-03 2.087140921503305435e-03 4.125142877455800772e-04 1.718651037663221359e-04 7.501983054680749774e-05 4.045197565574198961e-04
1.915629953145980835e-03 1.861412776634097099e-03 3.578499890863895416e-04 1.098828070098534226e-04 6.732836482115089893e-05 2.370635338593274355e-04
2.064723754301667213e-03 1.779831945896148682e-03 4.717751580756157637e-04 1.342671166639775038e-04 9.349769243272021413e-05 2.562992158345878124e-04
2.984917024150490761e-03 2.011906821280717850e-03 5.601502489298582077e-04 1.655911619309335947e-04 1.018001421471126378e-04 3.642311494331806898e-04
3.100260160863399506e-03 1.894072513096034527e-03 7.431129342876374722e-04 1.912877487484365702e-04 1.559024676680564880e-04 3.179032646585255861e-04
7.739300839602947235e-03 2.318569691851735115e-03 8.506121812388300896e-04 2.613852557260543108e-04 1.726182526908814907e-04 5.938041722401976585e-04
2.114807255566120148e-03 1.631052931770682335e-03 8.422086248174309731e-04 2.435819333186373115e-04 1.345277705695480108e-04 3.003262681886553764e-04
2.565858187153935432e-03 1.936784596182405949e-03 8.009584271349012852e-04 1.933740131789818406e-04 1.448845869163051248e-04 2.608771319501101971e-04
2.251072321087121964e-03 1.557947020046412945e-03 7.240413688123226166e-04 2.384603576501831412e-04 1.452659780625253916e-04 2.213266707258298993e-04
5.027859471738338470e-03 2.494964050129055977e-03 6.730056484229862690e-04 1.195179575006477535e-04 1.320417213719338179e-04 3.694664046633988619e-04
2.875757869333028793e-03 2.347695641219615936e-03 7.618581294082105160e-04 1.810480171116068959e-04 1.253912341780960560e-04 2.454820787534117699e-04
1.959836808964610100e-03 2.020750427618622780e-03 7.018084288574755192e-04 1.543699763715267181e-04 1.237016986124217510e-04 1.992228062590584159e-04
1.814526505768299103e-03 1.999474130570888519e-03 7.011140696704387665e-04 2.158168645109981298e-04 1.320090668741613626e-04 2.216321881860494614e-04
1.653299666941165924e-03 1.973853912204504013e-03 5.263850325718522072e-04 1.951590675162151456e-04 9.659444185672327876e-05 1.839474716689437628e-04
1.550644636154174805e-03 1.869574538432061672e-03 6.207587430253624916e-04 9.425222378922626376e-05 1.145840142271481454e-04 1.790317328413948417e-04
1.924480544403195381e-03 2.251683501526713371e-03 6.711905007250607014e-04 1.787149667507037520e-04 1.204842628794722259e-04 2.005890128202736378e-04
2.173496410250663757e-03 2.213869476690888405e-03 5.581303266808390617e-04 1.292079541599377990e-04 1.042325457092374563e-04 2.195584675064310431e-04
1.601686468347907066e-03 1.969914883375167847e-03 4.927067784592509270e-04 9.406480239704251289e-05 9.480470180278643966e-05 1.415638253092765808e-04
1.948662567883729935e-03 2.152936300262808800e-03 6.265823030844330788e-04 1.497419871157035232e-04 1.155870559159666300e-04 1.948966382769867778e-04
1.798441400751471519e-03 2.336960984393954277e-03 6.013771635480225086e-04 1.591348845977336168e-04 1.124935515690594912e-04 1.748530921759083867e-04
2.184662502259016037e-03 2.101060468703508377e-03 5.132640944793820381e-04 6.989222310949116945e-05 1.091379745048470795e-04 2.707145467866212130e-04
2.030617324635386467e-03 2.249879762530326843e-03 5.695211002603173256e-04 1.447754184482619166e-04 1.041510258801281452e-04 2.099806297337636352e-04
2.438893308863043785e-03 2.011955250054597855e-03 4.218331305310130119e-04 1.681381254456937313e-04 8.484267164021730423e-05 2.604518376756459475e-04
3.170453244820237160e-03 2.277992200106382370e-03 4.338975122664123774e-04 1.159185630967840552e-04 8.403651736443862319e-05 3.017297713086009026e-04
2.002885797992348671e-03 2.070063026621937752e-03 4.581041866913437843e-04 6.709888839395716786e-05 9.479303844273090363e-05 2.180590672651305795e-04
2.714854432269930840e-03 1.810734625905752182e-03 4.260462883394211531e-04 9.298624354414641857e-05 7.916714821476489305e-05 1.875558664323762059e-04
2.173495478928089142e-03 1.947872457094490528e-03 4.928848939016461372e-04 7.966250268509611487e-05 9.652919834479689598e-05 2.046030713245272636e-04
2.189689315855503082e-03 2.084554173052310944e-03 4.262292641215026379e-04 1.480669452575966716e-04 8.845615229802206159e-05 2.547142794355750084e-04
2.163017168641090393e-03 2.064562635496258736e-03 5.411157617345452309e-04 9.542830230202525854e-05 1.172618940472602844e-04 2.116402611136436462e-04
2.278921660035848618e-03 1.811499125324189663e-03 5.147141055203974247e-04 1.520518271718174219e-04 1.008045510388910770e-04 2.498147077858448029e-04
2.425202867016196251e-03 2.034068340435624123e-03 5.908149760216474533e-04 1.945615658769384027e-04 1.107338393921963871e-04 2.448949671816080809e-04
2.681512385606765747e-03 1.993343466892838478e-03 5.249808891676366329e-04 1.704081078059971333e-04 1.020206473185680807e-04 2.761981450021266937e-04
3.128722775727510452e-03 2.529157325625419617e-03 5.832951865158975124e-04 1.732727687340229750e-04 1.036589455907233059e-04 3.119342727586627007e-04
2.255441853776574135e-03 2.138016046956181526e-03 4.457517934497445822e-04 1.315861154580488801e-04 9.161281195702031255e-05 2.451067557558417320e-04
3.063951386138796806e-03 2.045603934675455093e-03 4.532110469881445169e-04 1.454117009416222572e-04 1.006452293950133026e-04 2.940187114290893078e-04
1.964045455679297447e-03 1.988955307751893997e-03 4.869786789640784264e-04 1.077083070413209498e-04 7.025842205621302128e-05 2.383769751759245992e-04
2.671979600563645363e-03 2.095612464472651482e-03 5.191806703805923462e-04 1.624281721888110042e-04 8.096973033389076591e-05 2.765239041764289141e-04
2.268080133944749832e-03 2.393276663497090340e-03 5.958987749181687832e-04 2.180572773795574903e-04 9.102564217755571008e-05 2.866086724679917097e-04
2.895295619964599609e-03 1.969943055883049965e-03 5.010602762922644615e-04 1.370109966956079006e-04 9.984886128222569823e-05 2.838438376784324646e-04
3.514135489240288734e-03 2.120284829288721085e-03 4.502123047132045031e-04 8.311235433211550117e-05 8.370258728973567486e-05 4.203720600344240665e-04
2.203861717134714127e-03 1.993714133277535439e-03 5.538291879929602146e-04 2.086455351673066616e-04 9.584482904756441712e-05 2.777407644316554070e-04
1.762843225151300430e-03 1.730176038108766079e-03 4.797629371751099825e-04 1.055362736224196851e-04 1.015164598356932402e-04 2.298861509189009666e-04
1.673436607234179974e-03 1.641977229155600071e-03 4.273593076504766941e-04 6.544162170030176640e-05 9.895653056446462870e-05 2.076222590403631330e-04
2.209628000855445862e-03 2.015016507357358932e-03 4.746080085169523954e-04 6.513719563372433186e-05 1.172298580058850348e-04 2.667449589353054762e-04
3.036177484318614006e-03 2.162251388654112816e-03 5.068955942988395691e-04 2.126867620972916484e-04 9.533103002468124032e-05 3.906076017301529646e-04
2.171389758586883545e-03 1.657468150369822979e-03 4.325341433286666870e-04 1.666420284891501069e-04 8.072017226368188858e-05 2.350882132304832339e-04
1.750372699461877346e-03 1.745745656080543995e-03 4.761478048749268055e-04 9.953504195436835289e-05 9.182556095765903592e-05 2.490465703886002302e-04
1.595709472894668579e-03 1.544043421745300293e-03 4.469414416234940290e-04 9.389813931193202734e-05 9.076978312805294991e-05 2.208335063187405467e-04
1.721305190585553646e-03 1.888861414045095444e-03 5.010277382098138332e-04 1.850406260928139091e-04 9.140017937170341611e-05 2.692503912840038538e-04
7.548406254500150681e-03 1.853040419518947601e-03 4.705223836936056614e-04 2.282693603774532676e-04 9.401050192536786199e-05 4.417168092913925648e-04
5.661987699568271637e-03 2.369374968111515045e-03 5.578983691520988941e-04 2.726261736825108528e-04 1.050576393026858568e-04 4.857127205468714237e-04
9.926767088472843170e-03 2.450827974826097488e-03 5.657185101881623268e-04 1.605747092980891466e-04 1.099957662518136203e-04 3.783561114687472582e-04
2.426348859444260597e-03 1.438712351955473423e-03 6.124210194684565067e-04 2.226199139840900898e-04 1.203979991259984672e-04 2.918888349086046219e-04
2.771978965029120445e-03 1.670357421971857548e-03 5.597409326583147049e-04 1.546772400615736842e-04 9.823227446759119630e-05 2.761897922027856112e-04
3.780502127483487129e-03 1.978710293769836426e-03 4.919357015751302242e-04 2.347314148209989071e-04 9.603474609320983291e-05 4.640838888008147478e-04
2.189098391681909561e-03 1.455257297493517399e-03 6.150785484351217747e-04 2.377125929342582822e-04 1.174070785054937005e-04 3.124160866718739271e-04
2.343927044421434402e-03 1.451706397347152233e-03 5.785999237559735775e-04 2.327448164578527212e-04 1.094421022571623325e-04 2.315656456630676985e-04
2.539709676057100296e-03 1.844987506046891212e-03 5.178166902624070644e-04 2.590097428765147924e-04 9.541379404254257679e-05 2.943999425042420626e-04
1.568617532029747963e-03 1.421681838110089302e-03 4.713832749985158443e-04 2.292148128617554903e-04 9.007163316709920764e-05 2.404234983259811997e-04
3.720674430951476097e-03 2.207230310887098312e-03 8.678417652845382690e-04 3.136006998829543591e-04 1.761841122061014175e-04 4.288135969545692205e-04
2.974950009956955910e-03 2.109099645167589188e-03 7.646352169103920460e-04 1.321997697232291102e-04 1.486685650888830423e-04 3.899075964000076056e-04
3.108860924839973450e-03 2.431690692901611328e-03 8.105657179839909077e-04 1.498901692684739828e-04 1.574315247125923634e-04 5.345541285350918770e-04
1.827932894229888916e-03 1.580126350745558739e-03 5.651253159157931805e-04 1.170882896985858679e-04 1.142707915278151631e-04 2.459281822666525841e-04
3.352724015712738037e-03 2.433050656691193581e-03 5.118093104101717472e-04 1.941125665325671434e-04 9.412418148713186383e-05 4.074675962328910828e-04
1.700997003354132175e-03 1.370695652440190315e-03 5.930485785938799381e-04 1.843676145654171705e-04 1.206734668812714517e-04 1.605193538125604391e-04
2.950459253042936325e-03 1.574425259605050087e-03 5.211640382185578346e-04 1.430455158697441220e-04 1.087518176063895226e-04 3.278788062743842602e-04
2.772470936179161072e-03 2.122352598235011101e-03 6.055962294340133667e-04 1.362271286780014634e-04 1.187257803394459188e-04 2.865647838916629553e-04
1.739226980134844780e-03 1.292060478590428829e-03 4.312846576794981956e-04 1.175697034341283143e-04 8.782478835200890899e-05 2.077444805763661861e-04
1.650805934332311153e-03 1.330907805822789669e-03 4.193386412225663662e-04 1.374237763229757547e-04 8.563184383092448115e-05 2.397521893726661801e-04
2.509551588445901871e-03 1.994386082515120506e-03 4.891322460025548935e-04 1.517854398116469383e-04 9.883448365144431591e-05 4.355353594291955233e-04
1.477197627536952496e-03 1.489156042225658894e-03 4.399509052745997906e-04 9.610669076209887862e-05 8.670800889376550913e-05 2.169230137951672077e-04
1.971224788576364517e-03 1.152008073404431343e-03 4.254321102052927017e-04 9.447890624869614840e-05 8.776209142524749041e-05 2.204843476647511125e-04
1.866313046775758266e-03 1.479281578212976456e-03 4.699161218013614416e-04 1.780105230864137411e-04 9.573643183102831244e-05 2.158718416467308998e-04
3.634249558672308922e-03 2.040310297161340714e-03 4.188264429103583097e-04 1.318043068749830127e-04 8.745601371629163623e-05 3.162263019476085901e-04
3.322461154311895370e-03 1.577747752889990807e-03 4.017304163426160812e-04 1.413240825058892369e-04 8.366184192709624767e-05 3.995592996943742037e-04
1.714112353511154652e-03 1.225446816533803940e-03 4.679166595451533794e-04 1.810754329198971391e-04 9.697757923277094960e-05 2.238707093056291342e-04
4.360495600849390030e-03 1.786875887773931026e-03 5.302414647303521633e-04 1.928534766193479300e-04 1.155988647951744497e-04 3.828263143077492714e-04
1.215696684084832668e-03 1.227437634952366352e-03 4.788341757375746965e-04 1.566044084029272199e-04 9.063536708708852530e-05 1.717248524073511362e-04
2.008145675063133240e-03 1.565815764479339123e-03 4.333900578785687685e-04 1.712804660201072693e-04 8.523310680175200105e-05 2.090921771014109254e-04
3.356212051585316658e-03 1.879194169305264950e-03 4.902538494206964970e-04 1.652781502343714237e-04 9.681869414635002613e-05 3.357104724273085594e-04
1.675963518209755421e-03 1.435208134353160858e-03 5.313255242072045803e-04 2.161238808184862137e-04 1.025405072141438723e-04 2.751334977801889181e-04
1.493396237492561340e-03 1.316621783189475536e-03 5.076717934571206570e-04 1.767825888236984611e-04 9.463985770707949996e-05 2.083332801703363657e-04
1.345845987088978291e-03 1.243175007402896881e-03 4.904842353425920010e-04 1.873146829893812537e-04 9.555920405546203256e-05 1.923911186167970300e-04
1.736720325425267220e-03 1.462202053517103195e-03 3.430415235925465822e-04 1.583739212946966290e-04 7.721409929217770696e-05 1.912849693326279521e-04
1.824577106162905693e-03 1.409886637702584267e-03 3.456785634625703096e-04 1.478693884564563632e-04 6.965309876250103116e-05 2.004549751291051507e-04
1.824125065468251705e-03 1.602023956365883350e-03 4.738638526760041714e-04 1.735599944368004799e-04 9.713779581943526864e-05 2.515823580324649811e-04
1.857178984209895134e-03 1.587313367053866386e-03 5.348855629563331604e-04 1.456088211853057146e-04 1.206815286423079669e-04 2.184795448556542397e-04
1.936546992510557175e-03 1.592564047314226627e-03 3.898917348124086857e-04 1.234712690347805619e-04 7.972365710884332657e-05 2.160131843993440270e-04
7.605438120663166046e-03 2.299874555319547653e-03 4.316898703109472990e-04 1.039555863826535642e-04 1.001377968350425363e-04 5.544055020436644554e-04
2.324676606804132462e-03 1.705232774838805199e-03 3.684026305563747883e-04 6.643945380346849561e-05 7.690094935242086649e-05 3.303108096588402987e-04
1.721727312542498112e-03 1.553922076709568501e-03 3.451123775448650122e-04 6.031786688254214823e-05 8.399999933317303658e-05 1.984121336136013269e-04
1.512237126007676125e-03 1.533799339085817337e-03 3.753535856958478689e-04 4.750025618704967201e-05 7.526249100919812918e-05 1.901396317407488823e-04
2.142288954928517342e-03 1.989153912290930748e-03 3.982403140980750322e-04 8.495622023474425077e-05 7.916203321656212211e-05 2.056991215795278549e-04
1.996188657358288765e-03 1.730153453536331654e-03 4.572116595227271318e-04 9.991159458877518773e-05 1.100742811104282737e-04 2.649304224178195000e-04
2.235971856862306595e-03 1.738615334033966064e-03 3.712364996317774057e-04 5.787406189483590424e-05 8.808469283394515514e-05 2.345868560951203108e-04
2.402276964858174324e-03 1.884975703433156013e-03 6.392816430889070034e-04 8.547511242795735598e-05 1.468504342483356595e-04 2.830682205967605114e-04
2.298489445820450783e-03 1.505057560279965401e-03 5.672677652910351753e-04 7.507757982239127159e-05 1.265991159016266465e-04 2.521745336707681417e-04
3.785143373534083366e-03 2.233331324532628059e-03 4.097956989426165819e-04 9.234213939635083079e-05 8.513034117640927434e-05 3.238983335904777050e-04
3.471554256975650787e-03 2.492951927706599236e-03 5.838035722263157368e-04 1.355720160063356161e-04 1.147248112829402089e-04 3.303958219476044178e-04
4.779111128300428391e-03 2.498009242117404938e-03 4.788280639331787825e-04 1.388450473314151168e-04 9.188020339934155345e-05 4.911037394776940346e-04
1.848223269917070866e-03 1.589514897204935551e-03 4.724207392428070307e-04 8.258991147158667445e-05 8.669449016451835632e-05 2.092520298901945353e-04
2.313085598871111870e-03 1.833148417063057423e-03 5.810781731270253658e-04 2.137678820872679353e-04 1.058892739820294082e-04 2.877489023376256227e-04
2.129206433892250061e-03 1.502962200902402401e-03 5.075530498288571835e-04 1.755531702656298876e-04 9.270591544918715954e-05 2.304985246155411005e-04
2.164350124076008797e-03 1.278832089155912399e-03 4.870860720984637737e-04 1.294000103371217847e-04 9.597399184713140130e-05 2.007067378144711256e-04
2.570651937276124954e-03 1.972244121134281158e-03 4.963626270182430744e-04 1.563635742058977485e-04 9.380339179188013077e-05 3.361204580869525671e-04
1.787854940630495548e-03 1.618041424080729485e-03 4.584513371810317039e-04 1.211712224176153541e-04 9.118533489527180791e-05 2.688399690669029951e-04
1.545636099763214588e-03 1.329309423454105854e-03 5.180892767384648323e-04 1.266170002054423094e-04 1.061083239619620144e-04 2.187435602536424994e-04
1.941721653565764427e-03 1.179864746518433094e-03 4.822593473363667727e-04 1.596187503309920430e-04 9.247635171050205827e-05 2.213627594755962491e-04
2.109984634444117546e-03 1.214131596498191357e-03 4.948395071551203728e-04 1.939844369189813733e-04 9.023265010910108685e-05 3.131707780994474888e-04
1.669265562668442726e-03 9.810925694182515144e-04 4.648767935577780008e-04 1.483638479840010405e-04 8.976719254860654473e-05 2.190076775150373578e-04
1.524570281617343426e-03 1.124679809436202049e-03 4.829571989830583334e-04 2.058175159618258476e-04 8.818642527330666780e-05 2.582693705335259438e-04
1.548701082356274128e-03 1.074827159754931927e-03 5.045480793341994286e-04 2.503565046936273575e-04 9.292282629758119583e-05 2.544292656239122152e-04
1.685747993178665638e-03 1.124836970120668411e-03 4.961795639246702194e-04 2.216762804891914129e-04 8.949308539740741253e-05 2.005705900955945253e-04
1.464544562622904778e-03 1.021648058667778969e-03 4.928383859805762768e-04 1.634020154597237706e-04 9.402189607499167323e-05 2.451011678203940392e-04
1.333080930635333061e-03 8.609279175288975239e-04 5.137774278409779072e-04 2.390939480392262340e-04 1.011664571706205606e-04 2.697283343877643347e-04
1.584832090884447098e-03 9.451011428609490395e-04 4.663022409658879042e-04 2.383740211371332407e-04 9.101992327487096190e-05 2.919869148172438145e-04
1.497583230957388878e-03 7.675275555811822414e-04 4.498410853557288647e-04 2.356914483243599534e-04 9.294423944083973765e-05 2.994663955178111792e-04
1.327144331298768520e-03 7.150779711082577705e-04 5.172432865947484970e-04 2.040936378762125969e-04 1.059136920957826078e-04 1.966847630683332682e-04
1.534258713945746422e-03 5.627153441309928894e-04 4.996618372388184071e-04 2.038124221144244075e-04 1.030314451782032847e-04 2.327054244233295321e-04
1.569881918840110302e-03 4.982214304618537426e-04 4.978852812200784683e-04 2.417060895822942257e-04 1.037041583913378417e-04 3.002595331054180861e-04
1.678266329690814018e-03 5.737484316341578960e-04 5.180687876418232918e-04 2.724468358792364597e-04 1.075455438694916666e-04 3.140505286864936352e-04
1.908127684146165848e-03 6.035148398950695992e-04 4.869617405347526073e-04 2.474419598001986742e-04 9.045253682415932417e-05 2.555449900683015585e-04
1.805391395464539528e-03 7.044975063763558865e-04 5.404325784184038639e-04 2.538630214985460043e-04 9.845256863627582788e-05 2.756614994723349810e-04
1.904682838357985020e-03 8.154911920428276062e-04 5.133331287652254105e-04 2.006358117796480656e-04 9.965521894628182054e-05 2.839060907717794180e-04
2.258372260257601738e-03 9.241469670087099075e-04 5.291418056003749371e-04 1.972058526007458568e-04 1.003690340439788997e-04 3.252130409236997366e-04
1.735570840537548065e-03 1.010678941383957863e-03 4.955476033501327038e-04 1.485159882577136159e-04 1.040012648445554078e-04 3.048828803002834320e-04
2.068771747872233391e-03 1.261122291907668114e-03 5.394245381467044353e-04 2.010710304602980614e-04 1.014734662021510303e-04 3.167779359500855207e-04
1.960077788680791855e-03 1.262608799152076244e-03 5.936680827289819717e-04 2.112507499987259507e-04 1.138960142270661891e-04 2.973357914015650749e-04
1.725598354823887348e-03 1.430287957191467285e-03 5.280407494865357876e-04 2.017902443185448647e-04 9.964097262127324939e-05 2.924967557191848755e-04
1.810007728636264801e-03 1.767281792126595974e-03 5.527163739316165447e-04 1.958566572284325957e-04 9.824738663155585527e-05 2.955330128315836191e-04
2.253004582598805428e-03 1.632523024454712868e-03 5.224733613431453705e-04 1.261807337868958712e-04 9.575745207257568836e-05 2.737313043326139450e-04
3.503288375213742256e-03 2.027773531153798103e-03 5.244308267720043659e-04 1.302664604736492038e-04 9.175317973131313920e-05 3.387925680726766586e-04
2.832502825185656548e-03 2.231955062597990036e-03 5.067787133157253265e-04 1.411484990967437625e-04 8.682264160597696900e-05 2.149230858776718378e-04
3.703235415741801262e-03 2.107698936015367508e-03 4.894653684459626675e-04 1.912980224005877972e-04 8.519092807546257973e-05 3.900207520928233862e-04
4.650609567761421204e-03 1.902450923807919025e-03 4.384928033687174320e-04 2.012426120927557349e-04 7.624654244864359498e-05 3.737882943823933601e-04
3.700288012623786926e-03 2.066967077553272247e-03 4.427533713169395924e-04 1.419123582309111953e-04 7.473135337932035327e-05 3.959850582759827375e-04
3.326221369206905365e-03 1.985049340873956680e-03 4.387933295220136642e-04 1.778187142917886376e-04 7.328016363317146897e-05 3.180786152370274067e-04
7.438930217176675797e-03 2.389309694990515709e-03 4.762545286212116480e-04 2.478004607837647200e-04 9.082041651709005237e-05 6.288561271503567696e-04
1.060779485851526260e-02 2.254388760775327682e-03 4.320742737036198378e-04 2.327715483261272311e-04 6.967158697079867125e-05 3.673230239655822515e-04
4.787180107086896896e-03 2.434616442769765854e-03 5.013387999497354031e-04 2.516759559512138367e-04 8.298344619106501341e-05 5.614458932541310787e-04
3.181363455951213837e-03 2.291596960276365280e-03 4.466859973035752773e-04 1.453895820304751396e-04 7.538621866842731833e-05 4.024680529255419970e-04
4.637494217604398727e-03 2.360344864428043365e-03 4.977139760740101337e-04 2.390518930042162538e-04 8.577662811148911715e-05 4.286572802811861038e-04
3.853894071653485298e-03 2.233889652416110039e-03 5.022790282964706421e-04 2.257413725601509213e-04 8.569710189476609230e-05 3.811914066318422556e-04
3.360108239576220512e-03 2.484855474904179573e-03 5.024872370995581150e-04 3.056865534745156765e-04 8.575557876611128449e-05 4.507686826400458813e-04
3.460967447608709335e-03 2.465963363647460938e-03 5.091563798487186432e-04 1.846008381107822061e-04 8.238269219873473048e-05 3.925984783563762903e-04
4.561466630548238754e-03 2.506770659238100052e-03 5.375515320338308811e-04 2.708280517254024744e-04 8.885929855750873685e-05 3.540838079061359167e-04
1.915103290230035782e-03 1.823759521357715130e-03 4.449363623280078173e-04 1.960767694981768727e-04 7.830499816918745637e-05 2.594727266114205122e-04
3.121259156614542007e-03 2.548507181927561760e-03 5.507308524101972580e-04 1.323541073361411691e-04 1.030238199746236205e-04 5.169089999981224537e-04
3.290899563580751419e-03 2.010871656239032745e-03 5.646303761750459671e-04 2.752366708591580391e-04 1.053723754012025893e-04 4.658548568841069937e-04
