3.520582318305969238e-01 4.054060205817222595e-03 -9.923331439495086670e-03 7.791179232299327850e-04 2.597734273876994848e-04 1.562188751995563507e-02
3.399359583854675293e-01 8.837358094751834869e-03 -1.463387627154588699e-02 9.649173589423298836e-04 1.851912471465766430e-03 1.296439580619335175e-02
3.422945737838745117e-01 8.005398325622081757e-03 -3.678134642541408539e-03 -3.866771003231406212e-04 2.233454724773764610e-03 1.338248606771230698e-02
3.280079662799835205e-01 9.934781119227409363e-03 1.009409502148628235e-02 2.831431338563561440e-04 3.476405981928110123e-04 1.338378060609102249e-02
3.221508860588073730e-01 7.492310367524623871e-03 5.945390556007623672e-03 -5.270980764180421829e-04 -6.248063873499631882e-04 1.280126348137855530e-02
3.214307427406311035e-01 8.026052266359329224e-03 1.696086488664150238e-02 -8.819747017696499825e-04 -1.614260952919721603e-03 1.257366035133600235e-02
3.182278871536254883e-01 8.252544328570365906e-03 1.025244779884815216e-02 -1.025383127853274345e-03 -1.061808085069060326e-03 1.258517894893884659e-02
3.153143823146820068e-01 1.832062005996704102e-02 1.348852831870317459e-02 -2.991948742419481277e-03 -2.126962877810001373e-03 1.184110995382070541e-02
3.160707652568817139e-01 1.263461820781230927e-02 8.608084172010421753e-03 -2.287182724103331566e-05 1.708434720057994127e-04 1.164739020168781281e-02
3.143416345119476318e-01 7.527124602347612381e-03 1.634132117033004761e-02 4.620483960025012493e-04 -1.823141472414135933e-03 1.167845819145441055e-02
3.163166344165802002e-01 1.002234406769275665e-02 7.018490694463253021e-03 8.949630428105592728e-04 -1.178159844130277634e-03 1.253826357424259186e-02
3.159897625446319580e-01 9.011944755911827087e-03 -7.031190209090709686e-03 8.622754830867052078e-04 -2.129817730747163296e-04 1.213255990296602249e-02
3.152698278427124023e-01 4.137409850955009460e-03 -6.086304783821105957e-03 2.860124688595533371e-03 2.569089701864868402e-06 1.189826987683773041e-02
3.118732571601867676e-01 2.369930036365985870e-03 -1.055772649124264717e-03 2.909610047936439514e-03 1.066486933268606663e-03 1.200806628912687302e-02
3.079509735107421875e-01 1.131244562566280365e-02 -2.151753054931759834e-03 9.309412562288343906e-04 4.503536911215633154e-05 1.221796032041311264e-02
3.124962747097015381e-01 5.480471532791852951e-03 5.972539540380239487e-03 1.889393432065844536e-03 1.756882877089083195e-03 1.150867715477943420e-02
3.100813329219818115e-01 1.332511007785797119e-02 3.318637143820524216e-03 1.216684584505856037e-03 4.658036923501640558e-04 1.102588046342134476e-02
3.060421347618103027e-01 2.177748829126358032e-02 2.060081064701080322e-02 -1.388961798511445522e-03 -1.796968979761004448e-03 1.105745695531368256e-02
3.103991746902465820e-01 5.724289920181035995e-03 2.860659267753362656e-03 1.255749142728745937e-03 -1.136976643465459347e-03 1.169782504439353943e-02
3.166878223419189453e-01 2.412791736423969269e-02 -4.426326975226402283e-02 4.748018400277942419e-04 4.487159312702715397e-04 1.205760426819324493e-02
3.194575309753417969e-01 1.194428838789463043e-02 -4.672995582222938538e-02 -3.498486941680312157e-03 -6.584427319467067719e-04 1.291404385119676590e-02
3.287516236305236816e-01 1.793843880295753479e-02 -3.999632596969604492e-02 -2.579724881798028946e-03 -7.454039296135306358e-04 1.333046611398458481e-02
3.285180330276489258e-01 1.861749403178691864e-02 9.188153780996799469e-04 3.038259746972471476e-04 -1.393971469951793551e-04 1.253039389848709106e-02
3.247901201248168945e-01 1.052628923207521439e-02 2.570837922394275665e-02 -7.572310278192162514e-04 -7.178449304774403572e-04 1.194385811686515808e-02
3.253332078456878662e-01 1.504083443433046341e-02 -1.546536572277545929e-02 -1.959193963557481766e-03 -3.624925157055258751e-04 1.164423953741788864e-02
3.345299661159515381e-01 9.596397168934345245e-03 3.564085345715284348e-03 -2.737476257607340813e-03 -8.474136120639741421e-04 1.389242056757211685e-02
3.235252201557159424e-01 7.887505926191806793e-03 1.027857791632413864e-02 5.271316040307283401e-04 2.116017276421189308e-03 1.232788152992725372e-02
3.257466256618499756e-01 -1.732853939756751060e-03 9.208887815475463867e-03 3.273327136412262917e-03 2.766013494692742825e-04 1.116483658552169800e-02
3.216601312160491943e-01 -3.039379138499498367e-03 -9.547780267894268036e-03 -4.470019484870135784e-04 -3.710949386004358530e-05 1.282254792749881744e-02
3.270719647407531738e-01 -6.827916949987411499e-04 -1.122631970793008804e-02 -6.523496704176068306e-04 -1.229573535965755582e-04 1.249912381172180176e-02
3.330054581165313721e-01 1.941161975264549255e-02 3.276106901466846466e-03 -2.217004541307687759e-03 -1.864245859906077385e-04 1.231721043586730957e-02
3.329235315322875977e-01 1.758673600852489471e-02 -5.860269069671630859e-03 -2.503460040315985680e-03 -4.439349868334829807e-04 1.329413335770368576e-02
3.454990983009338379e-01 1.377801597118377686e-02 1.345388963818550110e-02 -2.023133682087063789e-03 -1.166604459285736084e-03 1.399750355631113052e-02
3.511875867843627930e-01 -7.030724082142114639e-04 1.608140207827091217e-02 1.068032928742468357e-03 -1.017674105241894722e-03 1.356954313814640045e-02
3.729070425033569336e-01 1.038772799074649811e-02 -1.215260382741689682e-02 -3.989729157183319330e-04 1.665654941461980343e-03 1.355344709008932114e-02
3.733019232749938965e-01 1.737605780363082886e-02 -7.312474772334098816e-03 -4.107610438950359821e-04 2.667997498065233231e-03 1.505687553435564041e-02
3.819003999233245850e-01 1.529256813228130341e-02 7.399776950478553772e-05 2.712613786570727825e-04 -2.460230025462806225e-04 1.451315078884363174e-02
3.850694596767425537e-01 1.368657406419515610e-02 9.695030748844146729e-03 1.111687859520316124e-03 -8.373208693228662014e-04 1.510850060731172562e-02
4.006964564323425293e-01 1.458580233156681061e-02 -2.210778417065739632e-03 3.787095483858138323e-04 -1.796851633116602898e-03 1.562051940709352493e-02
4.129045009613037109e-01 1.148498430848121643e-02 -3.467787755653262138e-04 1.580161158926784992e-03 5.005657294532284141e-05 1.686598360538482666e-02
4.196223318576812744e-01 4.766790196299552917e-03 -3.968678414821624756e-03 2.454293193295598030e-03 7.408903911709785461e-04 1.768200658261775970e-02
4.281800389289855957e-01 1.565850526094436646e-02 3.315029898658394814e-03 8.041630499064922333e-04 -4.283012822270393372e-04 1.789323426783084869e-02
4.396070539951324463e-01 2.492774464190006256e-02 6.133358459919691086e-03 -1.723943045362830162e-03 1.382800983265042305e-03 1.843763142824172974e-02
4.478093683719635010e-01 2.527998574078083038e-02 -3.630933118984103203e-03 -9.306070860475301743e-04 1.873147208243608475e-03 1.935350149869918823e-02
4.512843191623687744e-01 1.850474439561367035e-02 -1.991319283843040466e-02 1.814653514884412289e-03 -1.497899997048079967e-03 2.020353637635707855e-02
4.537194967269897461e-01 1.232332549989223480e-02 -2.916926052421331406e-03 1.163720153272151947e-03 -1.203516963869333267e-03 2.057530358433723450e-02
4.501427710056304932e-01 1.510788314044475555e-02 -8.035480044782161713e-03 8.175155380740761757e-04 -2.041444415226578712e-03 2.073863334953784943e-02
4.563040733337402344e-01 2.043120749294757843e-02 -8.685283362865447998e-03 -5.773731973022222519e-04 -2.103620208799839020e-03 1.977393962442874908e-02
4.526670575141906738e-01 2.042680792510509491e-02 -1.179928053170442581e-02 -6.192589062266051769e-04 -1.127625117078423500e-03 1.930809393525123596e-02
4.491120874881744385e-01 2.068363316357135773e-02 -1.231798529624938965e-02 -6.037722923792898655e-04 -1.030898536555469036e-03 1.859831623733043671e-02
4.475478529930114746e-01 1.914335601031780243e-02 -1.731803268194198608e-02 2.386686392128467560e-04 -2.460074145346879959e-03 1.839888095855712891e-02
4.463570117950439453e-01 1.728465035557746887e-02 -1.071977522224187851e-02 7.238497491925954819e-04 -1.726532471366226673e-03 1.685516722500324249e-02
4.386543333530426025e-01 1.846166513860225677e-02 -4.292194265872240067e-03 1.122147543355822563e-03 -1.985135255381464958e-03 1.675794646143913269e-02
4.413498640060424805e-01 1.730234175920486450e-02 -5.834535695612430573e-03 2.120811259374022484e-04 -1.958641223609447479e-03 1.502428669482469559e-02
4.338268041610717773e-01 1.531710568815469742e-02 -3.670914564281702042e-03 -3.212329465895891190e-05 -2.996945986524224281e-03 1.447877101600170135e-02
4.329732060432434082e-01 1.717728376388549805e-02 -5.398716777563095093e-03 -4.837827582377940416e-04 -5.161224980838596821e-04 1.337966322898864746e-02
4.323807358741760254e-01 1.185076870024204254e-02 1.686716801486909389e-03 -1.135790138505399227e-03 4.129431035835295916e-04 1.249890308827161789e-02
4.308162331581115723e-01 1.059380825608968735e-02 -7.259186357259750366e-03 4.583927511703222990e-04 7.788470247760415077e-05 1.038314029574394226e-02
4.253129065036773682e-01 1.019374467432498932e-02 -1.020062062889337540e-02 2.262602793052792549e-03 2.009468618780374527e-03 9.923070669174194336e-03
4.213408529758453369e-01 4.319092724472284317e-03 -7.281900849193334579e-03 1.369986333884298801e-03 -1.158814295195043087e-03 8.532233536243438721e-03
4.158163964748382568e-01 7.908944040536880493e-03 -9.639009833335876465e-03 2.938083838671445847e-03 1.242690254002809525e-03 6.634169723838567734e-03
4.154120981693267822e-01 3.004531143233180046e-03 -7.011567708104848862e-03 2.140523400157690048e-03 -1.790025853551924229e-04 4.425236955285072327e-03
4.074601233005523682e-01 2.103433711454272270e-03 4.778923466801643372e-03 -4.523507668636739254e-04 1.337443711236119270e-03 3.485568333417177200e-03
4.039848744869232178e-01 4.664260195568203926e-04 1.648502657189965248e-04 1.118445536121726036e-03 7.647309103049337864e-04 1.579924719408154488e-03
4.020053148269653320e-01 -1.600533258169889450e-03 -3.940263297408819199e-03 9.158497559837996960e-04 -3.286407736595720053e-04 -4.760733572766184807e-04
3.973200619220733643e-01 -1.261724159121513367e-03 -1.851048669777810574e-03 4.857272724620997906e-04 -1.018100883811712265e-03 -2.048592781648039818e-03
3.966652750968933105e-01 -4.608004353940486908e-03 -3.053184773307293653e-04 9.704462136141955853e-04 -1.953212311491370201e-03 -3.675146494060754776e-03
4.034540057182312012e-01 -7.197131402790546417e-03 -1.060696900822222233e-03 -9.190858690999448299e-05 -1.271856599487364292e-03 -5.692230071872472763e-03
4.078716933727264404e-01 -6.738255266100168228e-03 5.006687715649604797e-04 1.218912875629030168e-04 -8.460750104859471321e-04 -7.640151772648096085e-03
4.169105291366577148e-01 -5.852823611348867416e-03 -6.535718683153390884e-03 8.572368096793070436e-05 6.772279739379882812e-04 -9.828672744333744049e-03
4.152953922748565674e-01 -4.398259334266185760e-03 -7.877090014517307281e-03 3.187399124726653099e-04 1.161609543487429619e-03 -1.112926658242940903e-02
4.104815125465393066e-01 -6.927397102117538452e-03 -7.087589241564273834e-03 -2.465492289047688246e-04 4.034593002870678902e-04 -1.324385125190019608e-02
4.105542302131652832e-01 -8.775361813604831696e-03 -6.987475790083408356e-03 1.618537789909169078e-04 1.999832689762115479e-03 -1.497793756425380707e-02
4.085895717144012451e-01 -1.155315525829792023e-02 7.265188731253147125e-03 3.896619018632918596e-04 -3.556231968104839325e-05 -1.632910780608654022e-02
4.004830718040466309e-01 -4.752728622406721115e-03 8.471421897411346436e-03 4.523780080489814281e-04 -6.041891174390912056e-04 -1.856158673763275146e-02
4.045910835266113281e-01 -9.490001946687698364e-03 -1.023089606314897537e-02 7.119255024008452892e-04 6.826752214692533016e-04 -2.030139788985252380e-02
4.023273289203643799e-01 -8.113126270473003387e-03 -8.427539840340614319e-03 1.674483879469335079e-03 -5.681779002770781517e-04 -2.116435393691062927e-02
3.980738520622253418e-01 -8.889504708349704742e-03 7.131632883101701736e-04 8.943338179960846901e-04 -7.035675225779414177e-04 -2.150504291057586670e-02
3.955628275871276855e-01 -1.659407652914524078e-02 -6.505582015961408615e-03 2.371572656556963921e-03 -2.351281000301241875e-03 -2.179901674389839172e-02
3.945947289466857910e-01 -1.642904430627822876e-02 -2.841473557054996490e-03 -4.849517426919192076e-05 -1.081051770597696304e-03 -2.278822660446166992e-02
3.975756764411926270e-01 -1.410731114447116852e-02 2.590561052784323692e-04 -4.525178228504955769e-04 -7.546165725216269493e-04 -2.404018677771091461e-02
4.001549482345581055e-01 -1.519799046218395233e-02 -5.852407310158014297e-03 -1.112722093239426613e-03 -9.921768214553594589e-04 -2.412775903940200806e-02
4.037675559520721436e-01 -1.578531786799430847e-02 3.789017908275127411e-03 8.780275238677859306e-04 2.632235409691929817e-04 -2.482053823769092560e-02
4.117837846279144287e-01 -2.048756927251815796e-02 1.406811084598302841e-02 1.402945024892687798e-03 -1.713580422801896930e-04 -2.568197064101696014e-02
4.165692925453186035e-01 -1.842910423874855042e-02 6.975258700549602509e-03 2.764234523056074977e-05 4.198560491204261780e-04 -2.551617473363876343e-02
4.193055331707000732e-01 -1.548406668007373810e-02 -5.573633592575788498e-03 3.386148717254400253e-03 -1.455858873669058084e-04 -2.588358148932456970e-02
4.246255755424499512e-01 -1.578555069863796234e-02 -1.169336773455142975e-02 2.887569135054945946e-03 -5.581803270615637302e-04 -2.587086521089076996e-02
4.255541563034057617e-01 -1.224213745445013046e-02 -1.943184994161128998e-02 1.545522594824433327e-03 1.129662268795073032e-03 -2.535434439778327942e-02
4.310601055622100830e-01 -2.147422172129154205e-02 -1.264254562556743622e-02 2.701952820643782616e-03 1.159112434834241867e-03 -2.491244301199913025e-02
4.346843957901000977e-01 -2.179978787899017334e-02 1.102258544415235519e-02 3.663639537990093231e-03 -1.133408513851463795e-03 -2.458894439041614532e-02
4.379342496395111084e-01 -1.575376279652118683e-02 6.546525983139872551e-04 1.897326204925775528e-03 -2.055426128208637238e-03 -2.481393516063690186e-02
4.444397687911987305e-01 -1.447916682809591293e-02 -8.800678886473178864e-03 2.167301485314965248e-03 -1.677184365689754486e-03 -2.447306178510189056e-02
4.477486908435821533e-01 -1.372478902339935303e-02 3.673866158351302147e-04 2.089567482471466064e-03 -9.565360378473997116e-04 -2.390712313354015350e-02
4.582032561302185059e-01 -1.592499390244483948e-02 9.854556992650032043e-03 2.321330597624182701e-03 2.894266799557954073e-04 -2.405394241213798523e-02
4.632957875728607178e-01 -1.058439351618289948e-02 -4.083304665982723236e-03 4.019010812044143677e-04 3.610155545175075531e-04 -2.388972416520118713e-02
4.628987312316894531e-01 -6.650556810200214386e-03 -1.074232161045074463e-02 -1.677403633948415518e-04 7.217773236334323883e-04 -2.442903071641921997e-02
4.679373502731323242e-01 -1.242932118475437164e-02 -9.687585756182670593e-03 1.303597004152834415e-03 -8.245608187280595303e-04 -2.447124943137168884e-02
4.737755060195922852e-01 -1.781294308602809906e-02 -5.392861086875200272e-03 1.884404628071933985e-04 -3.641780640464276075e-04 -2.456272765994071960e-02
4.840961992740631104e-01 -1.590580679476261139e-02 -7.672455161809921265e-03 6.199830677360296249e-04 5.448589217849075794e-04 -2.537927776575088501e-02
4.895603060722351074e-01 -1.767237856984138489e-02 -4.314445424824953079e-03 -1.455016899853944778e-03 1.471913303248584270e-03 -2.474560216069221497e-02
4.945139288902282715e-01 -1.347733009606599808e-02 -1.114338822662830353e-02 -1.417700550518929958e-04 3.827418666332960129e-03 -2.513759210705757141e-02
5.021705627441406250e-01 -1.149849034845829010e-02 -7.179518695920705795e-03 -1.355735468678176403e-03 3.675950574688613415e-04 -2.375422976911067963e-02
5.138136148452758789e-01 -1.434642821550369263e-02 -6.881907582283020020e-03 -3.771306946873664856e-04 8.969960617832839489e-04 -2.268038503825664520e-02
5.222232341766357422e-01 -1.602381654083728790e-02 -1.484354259446263313e-03 -8.855264168232679367e-04 1.802072802092880011e-05 -2.300909161567687988e-02
5.253074169158935547e-01 -1.961156353354454041e-02 8.040839806199073792e-03 -4.883920191787183285e-04 -1.995209022425115108e-04 -2.335478551685810089e-02
5.386525988578796387e-01 -1.617330871522426605e-02 -1.255069859325885773e-02 5.204582121223211288e-04 -6.565379444509744644e-04 -2.417350001633167267e-02
5.480717420578002930e-01 -1.535961218178272247e-02 -1.757019432261586189e-03 -1.715052523650228977e-03 -2.977289841510355473e-04 -2.287349291145801544e-02
5.416937470436096191e-01 -1.424986403435468674e-02 1.141684828326106071e-03 -9.662428637966513634e-04 -9.138752939179539680e-04 -2.268905378878116608e-02
5.548743605613708496e-01 -1.816698722541332245e-02 1.290811784565448761e-02 -1.918327994644641876e-03 4.398492164909839630e-04 -2.182509563863277435e-02
5.666601061820983887e-01 -1.732030883431434631e-02 -5.004512146115303040e-03 1.686644856818020344e-03 1.477317768149077892e-03 -2.247318997979164124e-02
5.525449514389038086e-01 -1.546741835772991180e-02 -1.694788970053195953e-02 4.523566924035549164e-03 2.698851167224347591e-04 -2.218610979616641998e-02
5.658497810363769531e-01 -1.625641435384750366e-02 -6.388523615896701813e-03 2.589807612821459770e-03 8.970515918917953968e-04 -2.149025537073612213e-02
5.630051493644714355e-01 -2.138728462159633636e-02 -8.065461879596114159e-04 1.829774118959903717e-03 1.557207549922168255e-03 -2.227499522268772125e-02
5.688920617103576660e-01 -1.476144511252641678e-02 2.082255110144615173e-02 -4.006089875474572182e-04 2.158012939617037773e-03 -2.050624415278434753e-02
5.877039432525634766e-01 -1.514638774096965790e-02 1.889139600098133087e-02 1.787310931831598282e-03 1.425118069164454937e-03 -1.687397062778472900e-02
5.818989872932434082e-01 -1.190046686679124832e-02 2.066468819975852966e-02 -1.716471742838621140e-03 1.935145119205117226e-03 -1.812055334448814392e-02
5.700119733810424805e-01 -1.169669069349765778e-02 5.992491729557514191e-03 -2.559436019510030746e-03 -6.925122579559683800e-05 -1.894908025860786438e-02
5.803139805793762207e-01 -1.415125653147697449e-02 2.896599099040031433e-02 -1.273534027859568596e-03 -2.342124469578266144e-03 -1.828441768884658813e-02
5.861638188362121582e-01 -1.320568565279245377e-02 1.920304819941520691e-02 6.286242860369384289e-04 -5.013857036828994751e-03 -1.755965687334537506e-02
5.768145322799682617e-01 -8.808408863842487335e-03 1.729756034910678864e-02 -1.676318584941327572e-03 -2.556137042120099068e-03 -1.770413666963577271e-02
5.811932086944580078e-01 -5.983541719615459442e-03 1.187557633966207504e-02 -8.019144879654049873e-04 1.382320420816540718e-03 -1.721194200217723846e-02
5.788776278495788574e-01 -7.532966788858175278e-03 1.186138857156038284e-02 -8.741972269490361214e-04 -2.355538308620452881e-04 -1.758447848260402679e-02
5.798411369323730469e-01 -1.300082542002201080e-02 1.212936546653509140e-02 -2.356641634833067656e-04 1.029746781568974257e-04 -1.725795678794384003e-02
5.853636860847473145e-01 -1.445647422224283218e-02 2.041146717965602875e-02 8.581022848375141621e-04 -1.075818436220288277e-03 -1.716644689440727234e-02
5.951969027519226074e-01 -1.502004824578762054e-02 4.581815563142299652e-03 6.811509229009971023e-05 -1.852887216955423355e-03 -1.557216141372919083e-02
5.926529765129089355e-01 -1.376819610595703125e-02 2.043603546917438507e-02 7.904233643785119057e-04 -1.105941482819616795e-03 -1.560054160654544830e-02
5.923584103584289551e-01 -2.013265527784824371e-02 1.194590050727128983e-02 1.077926717698574066e-03 -1.394124585203826427e-03 -1.485292427241802216e-02
5.919786095619201660e-01 -1.774796284735202789e-02 -7.357685361057519913e-03 -5.694590508937835693e-04 -2.349417190998792648e-04 -1.117113605141639709e-02
5.988274812698364258e-01 -1.249663438647985458e-02 9.664302342571318150e-04 -1.980373344849795103e-04 -1.030083047226071358e-03 -7.409851066768169403e-03
6.027135252952575684e-01 2.262164838612079620e-03 -2.447459381073713303e-03 8.472736226394772530e-05 -8.260334143415093422e-04 -6.246768869459629059e-03
5.963658690452575684e-01 -8.847113698720932007e-03 -9.285000152885913849e-03 -1.368676777929067612e-03 -1.198470126837491989e-03 -3.617763519287109375e-03
6.082395315170288086e-01 -1.823468483053147793e-03 1.565412036143243313e-03 1.232897164300084114e-03 -9.220176725648343563e-04 -5.199962179176509380e-04
6.088832616806030273e-01 1.196985132992267609e-03 1.155216898769140244e-02 8.119908161461353302e-04 -9.966602083295583725e-04 2.619527745991945267e-03
6.211349368095397949e-01 5.596257746219635010e-03 3.007818013429641724e-04 3.577090392354875803e-04 -5.279653705656528473e-04 5.566471256315708160e-03
6.341181993484497070e-01 1.440306194126605988e-02 -1.456466782838106155e-02 -3.493131953291594982e-05 -2.470476552844047546e-03 9.208520874381065369e-03
6.208819150924682617e-01 2.432649023830890656e-02 1.840071007609367371e-02 2.297116909176111221e-03 -3.477160935290157795e-04 1.065104454755783081e-02
6.392142176628112793e-01 5.814610049128532410e-03 -6.506500765681266785e-03 1.147040282376110554e-03 1.267667510546743870e-03 1.247143652290105820e-02
6.436631679534912109e-01 4.458209872245788574e-02 -1.234007440507411957e-02 1.824924373067915440e-03 -5.033214110881090164e-04 1.588354818522930145e-02
6.438494920730590820e-01 4.576580971479415894e-02 -2.322303876280784607e-02 2.416436560451984406e-03 4.699210985563695431e-04 1.611900702118873596e-02
6.436722278594970703e-01 1.815609820187091827e-02 5.517906509339809418e-03 2.448346232995390892e-03 -2.977674012072384357e-04 1.538052223622798920e-02
6.368539333343505859e-01 1.634128764271736145e-02 -1.056542899459600449e-02 3.356361528858542442e-03 -1.484610489569604397e-03 1.535946875810623169e-02
6.453024744987487793e-01 1.762863248586654663e-02 5.276936572045087814e-03 2.162337303161621094e-03 -7.088924758136272430e-05 1.498234551399946213e-02
6.614506840705871582e-01 1.512256171554327011e-02 -2.392664784565567970e-03 6.082084728404879570e-04 -4.397769807837903500e-04 1.464075129479169846e-02
6.592748761177062988e-01 1.997601427137851715e-02 -7.371384184807538986e-03 1.601312891580164433e-03 5.563234444707632065e-04 1.573671586811542511e-02
6.666658520698547363e-01 1.178428716957569122e-02 5.702959839254617691e-03 2.225280622951686382e-04 -1.874719746410846710e-03 1.429402269423007965e-02
6.644917130470275879e-01 -5.837991368025541306e-03 -3.013543784618377686e-02 -1.778805046342313290e-03 -2.542262896895408630e-03 1.355991046875715256e-02
6.737083792686462402e-01 1.773250289261341095e-02 1.683661714196205139e-02 3.010098589584231377e-03 2.085033338516950607e-03 1.394149661064147949e-02
6.814612746238708496e-01 2.550579234957695007e-02 5.494103953242301941e-02 -4.103837418369948864e-04 1.950164558365941048e-03 1.432472933083772659e-02
6.903456449508666992e-01 1.008073240518569946e-02 8.214582502841949463e-02 4.346141591668128967e-03 2.465071156620979309e-03 1.291612349450588226e-02
6.693938374519348145e-01 1.368859317153692245e-02 8.089952170848846436e-03 1.431196229532361031e-03 5.964581505395472050e-04 1.069129072129726410e-02
