1.724461675621569157e-03 1.677280757576227188e-03 4.909180570393800735e-04 1.546085841255262494e-04 9.282107203034684062e-05 2.002769615501165390e-04
1.589149120263755322e-03 1.547588035464286804e-03 5.408876459114253521e-04 1.587635197211056948e-04 9.919214789988473058e-05 1.961914531420916319e-04
1.734234276227653027e-03 1.626187702640891075e-03 6.007238989695906639e-04 1.744907931424677372e-04 1.115316845243796706e-04 1.954729814315214753e-04
1.903560012578964233e-03 1.546575105749070644e-03 7.314780377782881260e-04 2.127486513927578926e-04 1.435337326256558299e-04 2.299300685990601778e-04
1.586109166964888573e-03 1.476947800256311893e-03 7.891517598181962967e-04 2.276384620927274227e-04 1.266346807824447751e-04 2.244358911411836743e-04
2.019870327785611153e-03 1.770178321748971939e-03 7.152070757001638412e-04 1.797229633666574955e-04 1.269947242690250278e-04 2.021449327003210783e-04
1.478868187405169010e-03 1.419424079358577728e-03 7.302930462174117565e-04 2.154806279577314854e-04 1.402410562150180340e-04 1.707749761408194900e-04
1.761045656166970730e-03 1.637687324546277523e-03 7.011813577264547348e-04 1.167691443697549403e-04 1.399775501340627670e-04 1.825343206292018294e-04
1.522611710242927074e-03 1.612436608411371708e-03 7.023708894848823547e-04 1.629859616514295340e-04 1.198112076963298023e-04 1.986995484912768006e-04
1.511527923867106438e-03 1.665187184698879719e-03 6.598231266252696514e-04 1.516810589237138629e-04 1.160500396508723497e-04 1.537390344310551882e-04
1.353456522338092327e-03 1.674502040259540081e-03 6.232873420231044292e-04 1.898318296298384666e-04 1.199147809529677033e-04 1.585185091244056821e-04
1.436906401067972183e-03 1.688979333266615868e-03 5.236728466115891933e-04 9.774987120181322098e-05 8.946878369897603989e-05 1.575900532770901918e-04
1.351976883597671986e-03 1.742893247865140438e-03 6.143773789517581463e-04 9.276066703023388982e-05 1.147288639913313091e-04 1.515916956122964621e-04
1.460359431803226471e-03 1.812452217563986778e-03 6.586127565242350101e-04 1.769437803886830807e-04 1.203683277708478272e-04 1.664679148234426975e-04
1.419191132299602032e-03 1.740362378768622875e-03 5.302380886860191822e-04 1.248206099262461066e-04 9.640502685215324163e-05 1.604553544893860817e-04
1.404100912623107433e-03 1.835168106481432915e-03 4.956343909725546837e-04 1.056679684552364051e-04 8.791458822088316083e-05 1.410279219271615148e-04
1.409204443916678429e-03 1.973787555471062660e-03 5.905960570089519024e-04 1.301436568610370159e-04 1.018502807710319757e-04 1.415869483025744557e-04
1.571226515807211399e-03 1.958445180207490921e-03 5.888594896532595158e-04 1.228143519256263971e-04 1.095822808565571904e-04 1.589088788023218513e-04
1.550228567793965340e-03 1.814168528653681278e-03 5.318091716617345810e-04 7.475367601728066802e-05 1.077592751244083047e-04 1.759744918672367930e-04
1.533854752779006958e-03 1.913287211209535599e-03 5.378937348723411560e-04 2.135142567567527294e-04 9.943114127963781357e-05 1.723485329421237111e-04
1.638181391172111034e-03 1.837584888562560081e-03 4.130013112444430590e-04 5.165714173926971853e-05 8.121242717606946826e-05 1.963340182555839419e-04
1.650197547860443592e-03 1.783688436262309551e-03 4.360177554190158844e-04 5.088575562695041299e-05 8.354979217983782291e-05 1.734996476443484426e-04
1.615405664779245853e-03 1.809212961234152317e-03 5.446694558486342430e-04 7.055328023852780461e-05 1.115572595153935254e-04 1.620609109522774816e-04
1.718112966045737267e-03 1.641262671910226345e-03 4.025888629257678986e-04 8.386894478462636471e-05 7.669324986636638641e-05 1.521262311143800616e-04
1.638152636587619781e-03 1.711033633910119534e-03 3.944436029996722937e-04 7.494249439332634211e-05 7.637021917616948485e-05 1.665952149778604507e-04
1.551646506413817406e-03 1.657889806665480137e-03 4.198954848106950521e-04 1.405643706675618887e-04 8.851019811118021607e-05 1.715960679575800896e-04
1.547213410958647728e-03 1.796958269551396370e-03 5.212279502302408218e-04 9.516716090729460120e-05 1.124853297369554639e-04 1.761812600307166576e-04
1.618062146008014679e-03 1.662599155679345131e-03 4.812936531379818916e-04 1.338208530796691775e-04 7.371570245595648885e-05 1.813000708352774382e-04
1.666126772761344910e-03 1.709527103230357170e-03 5.614992114715278149e-04 1.788620429579168558e-04 1.065834658220410347e-04 1.800340251065790653e-04
1.775385229848325253e-03 1.705856528133153915e-03 4.843047936446964741e-04 1.689622877165675163e-04 9.537322330288589001e-05 1.818415184970945120e-04
2.186605241149663925e-03 1.715227612294256687e-03 5.139881977811455727e-04 1.392032718285918236e-04 1.023438817355781794e-04 2.217329747509211302e-04
1.716026803478598595e-03 1.709056203253567219e-03 4.175666545052081347e-04 7.934810855658724904e-05 8.560465357732027769e-05 1.882446813397109509e-04
1.996414735913276672e-03 1.709812902845442295e-03 4.428969405125826597e-04 1.270852371817454696e-04 9.591260459274053574e-05 2.079362893709912896e-04
1.573474146425724030e-03 1.645372714847326279e-03 4.444732621777802706e-04 1.011812855722382665e-04 6.500605377368628979e-05 1.843783975346013904e-04
2.013898687437176704e-03 1.797271543182432652e-03 5.022812401875853539e-04 1.679580745985731483e-04 7.333761459449306130e-05 2.234012790722772479e-04
1.455364166758954525e-03 1.742167631164193153e-03 5.640888703055679798e-04 1.976256753550842404e-04 8.749061089474707842e-05 2.002416440518572927e-04
1.999802188947796822e-03 1.711078686639666557e-03 5.216792342253029346e-04 1.287511986447498202e-04 1.009876068565063179e-04 2.155230613425374031e-04
1.464158413000404835e-03 1.520810532383620739e-03 4.369912203401327133e-04 7.990419544512405992e-05 7.914409798104315996e-05 1.805343781597912312e-04
1.443023793399333954e-03 1.722592278383672237e-03 5.275988369248807430e-04 1.795489661162719131e-04 9.067917562788352370e-05 2.065065636998042464e-04
1.531140645965933800e-03 1.588837360031902790e-03 4.778925213031470776e-04 1.044890450430102646e-04 9.935483103618025780e-05 1.856809540186077356e-04
1.463468885049223900e-03 1.525197643786668777e-03 4.268857883289456367e-04 6.309160380624234676e-05 1.000230040517635643e-04 1.733685057843104005e-04
1.555684022605419159e-03 1.583067234605550766e-03 4.666973836719989777e-04 6.226295954547822475e-05 1.155740974354557693e-04 2.088112814817577600e-04
1.620771829038858414e-03 1.835009665228426456e-03 5.080690025351941586e-04 2.457452937960624695e-04 9.193146979669108987e-05 2.540862187743186951e-04
1.637331792153418064e-03 1.530734705738723278e-03 4.062084190081804991e-04 1.987387950066477060e-04 7.478251063730567694e-05 2.421499521005898714e-04
1.297068432904779911e-03 1.274750451557338238e-03 4.276664403732866049e-04 9.106915968004614115e-05 8.475077629555016756e-05 1.813702983781695366e-04
1.431248267181217670e-03 1.305291079916059971e-03 4.451125278137624264e-04 9.010883513838052750e-05 8.753694419283419847e-05 1.952086313394829631e-04
1.477102981880307198e-03 1.443789689801633358e-03 4.677988181356340647e-04 1.707513292785733938e-04 8.837757923174649477e-05 2.319437626283615828e-04
2.166681922972202301e-03 1.463304623030126095e-03 4.804400668945163488e-04 1.946885167853906751e-04 9.198046609526500106e-05 2.355761389480903745e-04
1.631458755582571030e-03 1.345094176940619946e-03 5.376467597670853138e-04 2.347264235140755773e-04 9.767011943040415645e-05 1.974872429855167866e-04
1.341922907158732414e-03 1.271838089451193810e-03 4.985806299373507500e-04 1.392093836329877377e-04 1.041169525706209242e-04 1.318463764619082212e-04
1.602946082130074501e-03 1.243428676389157772e-03 6.090162205509841442e-04 2.067162713501602411e-04 1.182710111606866121e-04 2.117883268510922790e-04
1.498980214819312096e-03 1.234679133631289005e-03 5.518774269148707390e-04 1.473165611969307065e-04 9.988440433517098427e-05 1.831261179177090526e-04
1.518151955679059029e-03 1.339864684268832207e-03 4.474634770303964615e-04 1.707334158709272742e-04 8.498189708916470408e-05 1.948410354088991880e-04
1.669681631028652191e-03 1.338677131570875645e-03 5.847832071594893932e-04 2.096086100209504366e-04 1.112663594540208578e-04 2.146592887584120035e-04
1.691867015324532986e-03 1.178329112008213997e-03 5.448804004117846489e-04 1.982627582037821412e-04 1.058678171830251813e-04 1.945146650541573763e-04
1.667748903855681419e-03 1.322695636190474033e-03 4.870975099038332701e-04 2.141162403859198093e-04 9.127394878305494785e-05 2.021574182435870171e-04
1.245016464963555336e-03 1.214710995554924011e-03 4.343842156231403351e-04 2.023248962359502912e-04 8.233881089836359024e-05 1.814407733036205173e-04
1.775861252099275589e-03 1.273701083846390247e-03 7.871476118452847004e-04 2.319499617442488670e-04 1.599655079189687967e-04 2.264564100187271833e-04
1.346395583823323250e-03 1.102352631278336048e-03 6.774599896743893623e-04 1.205301450681872666e-04 1.361648464808240533e-04 1.765399356372654438e-04
1.362531795166432858e-03 1.283216755837202072e-03 5.085256416350603104e-04 1.058446359820663929e-04 1.042766016325913370e-04 1.890359853859990835e-04
1.353982603177428246e-03 1.104726106859743595e-03 5.122811999171972275e-04 1.108396390918642282e-04 1.087977798306383193e-04 1.815094292396679521e-04
1.644563744775950909e-03 1.252084854058921337e-03 4.361349274404346943e-04 1.675193343544378877e-04 8.418258948950096965e-05 1.891560968942940235e-04
1.291290158405900002e-03 1.105363597162067890e-03 5.528458859771490097e-04 1.719635329209268093e-04 1.148243027273565531e-04 1.429424592060968280e-04
1.170861767604947090e-03 1.099765533581376076e-03 4.671502392739057541e-04 1.237827382283285260e-04 9.759299427969381213e-05 1.672082435106858611e-04
1.668414217419922352e-03 1.310111838392913342e-03 5.314856534823775291e-04 1.237730757566168904e-04 1.138687803177163005e-04 2.120392164215445518e-04
1.189013477414846420e-03 1.116322237066924572e-03 4.029309493489563465e-04 1.089525394490920007e-04 8.267931843874976039e-05 1.642509596422314644e-04
1.100775552913546562e-03 1.108561526052653790e-03 3.952779225073754787e-04 1.315370755037292838e-04 8.063063432928174734e-05 1.775038836058229208e-04
1.243568141944706440e-03 1.308422302827239037e-03 4.514803877100348473e-04 9.165568189928308129e-05 9.026774932863190770e-05 2.004972338909283280e-04
1.150994445197284222e-03 1.151577802374958992e-03 4.124543629586696625e-04 8.992852235678583384e-05 8.287658420158550143e-05 1.784997439244762063e-04
1.601277268491685390e-03 1.050471793860197067e-03 4.081593651790171862e-04 8.931450429372489452e-05 8.393744064960628748e-05 1.939402864081785083e-04
1.450476818718016148e-03 1.192430965602397919e-03 4.391603870317339897e-04 1.664922456257045269e-04 8.926152804633602500e-05 1.842539932113140821e-04
1.212967326864600182e-03 1.023119664750993252e-03 4.013034049421548843e-04 1.246201718458905816e-04 8.422312384936958551e-05 1.803573977667838335e-04
1.446542562916874886e-03 1.030827523209154606e-03 3.920727758668363094e-04 1.352764811599627137e-04 7.833685958757996559e-05 1.999328524107113481e-04
1.361523754894733429e-03 1.106524374336004257e-03 4.469053819775581360e-04 1.691546494839712977e-04 9.320233220933005214e-05 1.850411354098469019e-04
1.827553729526698589e-03 1.186102163046598434e-03 5.003289552405476570e-04 1.735562254907563329e-04 1.056313631124794483e-04 2.088075998472049832e-04
1.118342392146587372e-03 1.164753688499331474e-03 4.535541520453989506e-04 1.489861169829964638e-04 8.692382107255980372e-05 1.498521596658974886e-04
1.509030465967953205e-03 1.290977001190185547e-03 4.065641842316836119e-04 1.568404695717617869e-04 8.083986904239282012e-05 1.599764655111357570e-04
1.312805223278701305e-03 1.275035087019205093e-03 4.614581994246691465e-04 1.575173955643549562e-04 8.853077451931312680e-05 1.807555963750928640e-04
1.294521498493850231e-03 1.268353196792304516e-03 5.224530468694865704e-04 2.074171497952193022e-04 9.938026778399944305e-05 1.937712368089705706e-04
1.284881029278039932e-03 1.203771214932203293e-03 4.848561948165297508e-04 1.681687717791646719e-04 9.013115050038322806e-05 1.687072654021903872e-04
1.285860431380569935e-03 1.207624445669353008e-03 4.421237390488386154e-04 1.611932093510404229e-04 8.865225390763953328e-05 1.793550618458539248e-04
1.391659141518175602e-03 1.299753319472074509e-03 3.188657865393906832e-04 1.343974145129323006e-04 7.000291952863335609e-05 1.613626955077052116e-04
1.334124361164867878e-03 1.252685789950191975e-03 3.411031793802976608e-04 1.440262858523055911e-04 6.872737139929085970e-05 1.639070687815546989e-04
1.470724702812731266e-03 1.449357951059937477e-03 4.527894489001482725e-04 1.485557440901175141e-04 9.160478657577186823e-05 2.016371727222576737e-04
1.543978927657008171e-03 1.371018355712294579e-03 4.986142739653587341e-04 1.341013412456959486e-04 1.124668997363187373e-04 1.768208167050033808e-04
1.475933589972555637e-03 1.394358463585376740e-03 3.818398108705878258e-04 1.210206901305355132e-04 7.807216752553358674e-05 1.887117832666262984e-04
1.657152781262993813e-03 1.573225134052336216e-03 4.139399097766727209e-04 1.130997407017275691e-04 8.720683399587869644e-05 1.942624949151650071e-04
1.317736576311290264e-03 1.340098795481026173e-03 3.730130265466868877e-04 7.489379640901461244e-05 7.261100108735263348e-05 1.652774517424404621e-04
1.464772387407720089e-03 1.384110073558986187e-03 3.397323889657855034e-04 6.023528476362116635e-05 8.174621325451880693e-05 1.812860427889972925e-04
1.374590676277875900e-03 1.435642363503575325e-03 3.715971542987972498e-04 4.821939728572033346e-05 7.469816773664206266e-05 1.737328275339677930e-04
1.414352911524474621e-03 1.580393640324473381e-03 3.901162126567214727e-04 9.919315925799310207e-05 7.733969687251374125e-05 1.580744283273816109e-04
1.390952267684042454e-03 1.449503470212221146e-03 4.215088556520640850e-04 9.715867054183036089e-05 9.984073403757065535e-05 1.758784783305600286e-04
1.505614374764263630e-03 1.525014056824147701e-03 4.347233916632831097e-04 7.356273272307589650e-05 8.723550854483619332e-05 1.781913015292957425e-04
1.875597401522099972e-03 1.601054333150386810e-03 5.151965306140482426e-04 1.209656693390570581e-04 1.008461549645289779e-04 1.880117051769047976e-04
1.492086914367973804e-03 1.292711705900728703e-03 5.512167117558419704e-04 7.504883251385763288e-05 1.213937430293299258e-04 1.700638968031853437e-04
1.687840907834470272e-03 1.465251436457037926e-03 4.008403047919273376e-04 1.349588419543579221e-04 8.074311335803940892e-05 1.895671302918344736e-04
1.392724225297570229e-03 1.605169498361647129e-03 5.244432832114398479e-04 1.306327758356928825e-04 1.024169250740669668e-04 1.772331452229991555e-04
1.655273721553385258e-03 1.786770997568964958e-03 4.222897405270487070e-04 1.322766474913805723e-04 7.795973942847922444e-05 2.231074467999860644e-04
1.752254320308566093e-03 1.549217384308576584e-03 4.305725451558828354e-04 8.825034456094726920e-05 7.996839849511161447e-05 2.227575605502352118e-04
1.557197887450456619e-03 1.509713008999824524e-03 5.425615818239748478e-04 2.005468413699418306e-04 9.851872164290398359e-05 2.177534624934196472e-04
1.480107079260051250e-03 1.327193807810544968e-03 4.717051633633673191e-04 1.660861453274264932e-04 8.734661241760477424e-05 1.894816959975287318e-04
1.556879840791225433e-03 1.168376649729907513e-03 5.009865853935480118e-04 1.961712114280089736e-04 9.274574404116719961e-05 1.715108082862570882e-04
1.512447255663573742e-03 1.460323110222816467e-03 4.794294363819062710e-04 1.716374245006591082e-04 8.926667214836925268e-05 2.120788849424570799e-04
1.682900823652744293e-03 1.363708637654781342e-03 4.410725377965718508e-04 1.509348221588879824e-04 8.182541205314919353e-05 2.133189555024728179e-04
1.489906455390155315e-03 1.282271812669932842e-03 5.133924423716962337e-04 1.562670659041032195e-04 1.009650441119447351e-04 2.083219151245430112e-04
1.577444374561309814e-03 1.121016219258308411e-03 4.814268904738128185e-04 1.706635666778311133e-04 8.954017539508640766e-05 1.909066486405208707e-04
1.615290879271924496e-03 1.057919464074075222e-03 4.866842937190085649e-04 1.819890312617644668e-04 8.867096039466559887e-05 2.179053408326581120e-04
1.400724402628839016e-03 9.554663556627929211e-04 4.604613641276955605e-04 1.420508488081395626e-04 8.927458839025348425e-05 1.987957948585972190e-04
1.392191508784890175e-03 1.022666692733764648e-03 4.588623123709112406e-04 1.895110763143748045e-04 8.372969023184850812e-05 2.215133281424641609e-04
1.472557429224252701e-03 8.108635665848851204e-04 4.659232217818498611e-04 2.171437226934358478e-04 8.770028216531500220e-05 2.304778608959168196e-04
1.636921195313334465e-03 9.894018294289708138e-04 5.347495898604393005e-04 2.270283148391172290e-04 9.671548468759283423e-05 2.299259067513048649e-04
1.253480208106338978e-03 8.845505653880536556e-04 4.720418946817517281e-04 1.522130478406324983e-04 9.136621520156040788e-05 2.198606234742328525e-04
1.304979319684207439e-03 8.461406105197966099e-04 4.994118353351950645e-04 1.900457136798650026e-04 9.814374789129942656e-05 2.365201362408697605e-04
1.365170464850962162e-03 6.348607712425291538e-04 4.484617093112319708e-04 1.787786313798278570e-04 8.928421448217704892e-05 2.267132076667621732e-04
1.321944291703402996e-03 5.834394250996410847e-04 4.297258856240659952e-04 2.091019123326987028e-04 8.894238999346271157e-05 2.254958089906722307e-04
1.173095544800162315e-03 5.608837236650288105e-04 4.912985605187714100e-04 2.334596647415310144e-04 1.005682424874976277e-04 1.746890629874542356e-04
1.384483417496085167e-03 5.022702971473336220e-04 4.786674689967185259e-04 1.865712838480249047e-04 1.033144581015221775e-04 1.855246082413941622e-04
1.387915574014186859e-03 4.809481324627995491e-04 4.857172607444226742e-04 2.266561350552365184e-04 1.032781947287730873e-04 2.784375392366200686e-04
1.507418579421937466e-03 4.564324917737394571e-04 4.542143142316490412e-04 2.123342128470540047e-04 9.285924170399084687e-05 1.826489315135404468e-04
1.464015687815845013e-03 4.762218159157782793e-04 4.623655986506491899e-04 2.136695984518155456e-04 8.932567288866266608e-05 1.982707472052425146e-04
1.504666404798626900e-03 5.808782298117876053e-04 4.962263046763837337e-04 2.280906192027032375e-04 9.296286589233204722e-05 2.250337856821715832e-04
1.679069828242063522e-03 6.870136130601167679e-04 4.979704390279948711e-04 1.833927381085231900e-04 9.824342123465612531e-05 2.680023026186972857e-04
1.713688485324382782e-03 8.342748042196035385e-04 4.942269297316670418e-04 2.010653697652742267e-04 8.980556594906374812e-05 2.560668508522212505e-04
2.174112480133771896e-03 1.168743125163018703e-03 5.367196863517165184e-04 2.554614620748907328e-04 9.445245814276859164e-05 3.140975604765117168e-04
1.842282479628920555e-03 1.230558729730546474e-03 4.728592757601290941e-04 1.803828199626877904e-04 8.767328836256638169e-05 2.904800348915159702e-04
1.565570943057537079e-03 1.137647195719182491e-03 5.649750819429755211e-04 1.747403002809733152e-04 1.086052288883365691e-04 2.303665532963350415e-04
1.437081024050712585e-03 1.232834765687584877e-03 4.942555679008364677e-04 1.825741637730970979e-04 9.065538324648514390e-05 2.297299506608396769e-04
1.661609858274459839e-03 1.585955149494111538e-03 4.828553646802902222e-04 1.649833138799294829e-04 8.643502951599657536e-05 2.401988313067704439e-04
1.984473550692200661e-03 1.364238560199737549e-03 4.843775241170078516e-04 1.130844175349920988e-04 8.710179099580273032e-05 2.234700514236465096e-04
2.104810671880841255e-03 1.647504628635942936e-03 4.879004554823040962e-04 9.903661702992394567e-05 8.626224735053256154e-05 2.451255859341472387e-04
2.114694332703948021e-03 1.572973560541868210e-03 4.627274174708873034e-04 1.286470942432060838e-04 7.996478234417736530e-05 1.721067819744348526e-04
2.415542025119066238e-03 1.715287216939032078e-03 4.442537319846451283e-04 1.640621048863977194e-04 7.227900641737505794e-05 2.100685233017429709e-04
2.818253822624683380e-03 1.706724055111408234e-03 4.058171471115201712e-04 1.336182467639446259e-04 6.836337706772610545e-05 2.697943418752402067e-04
2.535481937229633331e-03 1.708928379230201244e-03 4.032904689665883780e-04 1.120612068916670978e-04 6.433612725231796503e-05 1.930863218149170280e-04
2.439453266561031342e-03 1.682542148046195507e-03 3.930876555386930704e-04 1.288575440412387252e-04 6.462939199991524220e-05 2.283687208546325564e-04
3.086703130975365639e-03 1.944706775248050690e-03 4.190909967292100191e-04 1.575930946273729205e-04 7.043171353871002793e-05 3.137279418297111988e-04
2.970836125314235687e-03 1.910613966174423695e-03 4.582012188620865345e-04 1.864990626927465200e-04 6.930805830052122474e-05 2.171244850615039468e-04
2.310141222551465034e-03 1.861857832409441471e-03 4.470321000553667545e-04 1.902393123600631952e-04 6.533643318107351661e-05 2.363528037676587701e-04
1.994798658415675163e-03 1.757527701556682587e-03 4.439475305844098330e-04 1.413693389622494578e-04 7.112989987945184112e-05 1.499899663031101227e-04
1.969114411622285843e-03 1.610239152796566486e-03 4.609082243405282497e-04 1.892215368570759892e-04 7.612188346683979034e-05 1.846408413257449865e-04
1.973111880943179131e-03 1.533127622678875923e-03 4.675770469475537539e-04 1.951846206793561578e-04 8.011193858692422509e-05 2.554484526626765728e-04
2.159305382519960403e-03 1.477462821640074253e-03 4.498497874010354280e-04 2.235194842796772718e-04 7.622013799846172333e-05 2.738907642196863890e-04
1.748145674355328083e-03 1.801837934181094170e-03 4.748835926875472069e-04 1.736709818942472339e-04 7.661230483790859580e-05 2.194638218497857451e-04
1.855927053838968277e-03 1.774747390300035477e-03 4.787126381415873766e-04 2.132135705323889852e-04 8.072157652350142598e-05 2.454383648000657558e-04
1.694093458354473114e-03 1.753980410285294056e-03 4.454709705896675587e-04 1.905879616970196366e-04 7.741952867945656180e-05 2.211833343608304858e-04
1.769043505191802979e-03 1.958227949216961861e-03 5.115903331898152828e-04 1.333110412815585732e-04 9.542139014229178429e-05 2.685659565031528473e-04
1.707008923403918743e-03 1.127689843997359276e-03 5.324085941538214684e-04 1.986165007110685110e-04 9.864928142633289099e-05 1.991157769225537777e-04
1.707152929157018661e-03 1.168687362223863602e-03 5.033018533140420914e-04 1.561243698233738542e-04 9.610536653781309724e-05 2.561564033385366201e-04
1.646682620048522949e-03 1.109891803935170174e-03 4.687504551839083433e-04 1.847214443841949105e-04 8.123283623717725277e-05 1.817837182898074389e-04
1.827737782150506973e-03 1.235228264704346657e-03 5.318605108186602592e-04 2.035841753240674734e-04 9.751677134772762656e-05 2.448390005156397820e-04
