3.550998568534851074e-01 6.135749630630016327e-03 5.859402474015951157e-03 -2.277809689985588193e-04 4.215774126350879669e-03 1.402676757425069809e-02
3.688134849071502686e-01 1.220666430890560150e-02 9.882813319563865662e-03 -1.126245479099452496e-04 1.021789945662021637e-02 1.319672726094722748e-02
3.353348970413208008e-01 9.979859925806522369e-03 1.959948241710662842e-02 -2.780728274956345558e-03 8.794320747256278992e-03 1.515383087098598480e-02
3.137718439102172852e-01 5.177703686058521271e-03 1.045418530702590942e-02 -8.205980411730706692e-04 1.040294067934155464e-03 1.351655181497335434e-02
3.227319121360778809e-01 1.169663667678833008e-02 1.020478457212448120e-02 -9.932328248396515846e-04 -2.389594214037060738e-03 1.338056568056344986e-02
3.239463269710540771e-01 3.821730846539139748e-03 4.152578301727771759e-03 2.231803257018327713e-03 -1.876210561022162437e-03 1.278831344097852707e-02
3.171727061271667480e-01 7.911216467618942261e-03 1.167406886816024780e-02 -4.838460881728678942e-04 -2.565419068560004234e-03 1.273560058325529099e-02
3.181088864803314209e-01 1.587935350835323334e-02 2.524597337469458580e-03 -2.794629894196987152e-03 -3.163052489981055260e-03 1.175918523222208023e-02
3.102030456066131592e-01 1.563407108187675476e-02 6.973058916628360748e-04 -3.870924701914191246e-03 -2.131983172148466110e-03 1.174042560160160065e-02
3.082436025142669678e-01 1.688468456268310547e-02 -1.482117269188165665e-02 6.529639358632266521e-04 -6.026485469192266464e-03 1.209823228418827057e-02
3.108486235141754150e-01 5.177538841962814331e-04 -8.252404630184173584e-03 1.463137450627982616e-03 -1.104227500036358833e-03 1.170007791370153427e-02
2.967765927314758301e-01 -1.843463745899498463e-03 4.261674359440803528e-03 2.783505711704492569e-03 4.467934370040893555e-03 8.673209697008132935e-03
3.184389770030975342e-01 -1.013300009071826935e-02 1.210771314799785614e-02 7.938005146570503712e-04 3.012995468452572823e-03 1.273530721664428711e-02
3.056853711605072021e-01 -1.440526917576789856e-03 4.360164050012826920e-03 1.275702845305204391e-03 -1.626633456908166409e-03 1.204430591315031052e-02
2.977358698844909668e-01 3.387303650379180908e-02 1.078131515532732010e-02 -3.984201175626367331e-04 8.380944927921518683e-05 1.100851409137248993e-02
2.956377565860748291e-01 -1.713065430521965027e-02 4.080577753484249115e-03 -1.703898771665990353e-03 2.924222731962800026e-03 9.554893709719181061e-03
3.050642609596252441e-01 8.612893521785736084e-03 5.626181140542030334e-03 -2.568427240476012230e-03 -4.864477552473545074e-03 1.145473960787057877e-02
2.916728258132934570e-01 1.262127701193094254e-02 5.527483765035867691e-03 -5.382446688599884510e-04 -9.143148548901081085e-03 1.076071243733167648e-02
3.020352721214294434e-01 -1.437823101878166199e-02 -5.859042517840862274e-03 2.780221635475754738e-03 -8.815056644380092621e-03 1.077950000762939453e-02
3.085464239120483398e-01 -1.139802974648773670e-03 -4.273867700248956680e-03 4.969714675098657608e-03 -5.299695301800966263e-03 1.213427912443876266e-02
3.145237863063812256e-01 4.414331167936325073e-03 -5.377285182476043701e-03 1.239709206856787205e-03 2.059582155197858810e-03 1.177770737558603287e-02
3.279385566711425781e-01 -2.026145346462726593e-03 2.379437442868947983e-03 -2.118239412084221840e-03 5.673691164702177048e-03 1.226498279720544815e-02
3.339203596115112305e-01 2.481342479586601257e-02 -2.826039213687181473e-03 -1.682962290942668915e-03 3.689664881676435471e-03 1.201770082116127014e-02
3.231785893440246582e-01 -4.429853288456797600e-04 -8.475068607367575169e-04 1.288279308937489986e-04 -6.592607242055237293e-04 1.160531956702470779e-02
2.979342937469482422e-01 1.892057829536497593e-03 5.409578792750835419e-03 -2.409815089777112007e-03 1.491520320996642113e-03 1.013826485723257065e-02
3.487324118614196777e-01 2.779810875654220581e-02 1.822670735418796539e-02 -4.046245943754911423e-03 8.866379037499427795e-03 1.354327332228422165e-02
3.113654851913452148e-01 3.280555363744497299e-03 1.095001585781574249e-02 -4.223812720738351345e-04 6.544335745275020599e-03 1.084638759493827820e-02
3.132537603378295898e-01 -1.210221182554960251e-02 1.027962844818830490e-02 6.410447880625724792e-03 1.599643379449844360e-03 1.105649955570697784e-02
3.123459219932556152e-01 -9.269386529922485352e-03 4.348395857959985733e-03 5.444400012493133545e-03 -1.771202776581048965e-03 1.176443137228488922e-02
3.261439800262451172e-01 -8.253010921180248260e-03 8.069428615272045135e-03 2.773795276880264282e-03 -5.811695009469985962e-04 1.215539872646331787e-02
3.252749145030975342e-01 9.766728617250919342e-03 2.939574187621474266e-03 -6.761220749467611313e-03 -1.166901085525751114e-03 1.190620101988315582e-02
3.319353163242340088e-01 6.530065089464187622e-03 -5.520500708371400833e-03 -5.475302226841449738e-03 -2.177134854719042778e-03 1.256641093641519547e-02
3.368897438049316406e-01 -6.989834364503622055e-03 -6.931687705218791962e-03 2.359112957492470741e-03 -8.284610230475664139e-04 1.260420680046081543e-02
3.571020364761352539e-01 -1.237569935619831085e-02 6.663640495389699936e-03 5.810709204524755478e-03 1.957603963091969490e-03 1.296400558203458786e-02
3.682774901390075684e-01 3.818812780082225800e-03 9.659855626523494720e-03 1.715330639854073524e-03 3.893534885719418526e-03 1.343800127506256104e-02
3.714622557163238525e-01 9.488470852375030518e-03 5.501600913703441620e-03 -3.444151487201452255e-03 2.964384388178586960e-03 1.396579295396804810e-02
3.679509758949279785e-01 7.332031615078449249e-03 3.343436634168028831e-03 -3.456736158113926649e-04 -9.797762613743543625e-04 1.323742512613534927e-02
3.831876516342163086e-01 3.976565785706043243e-03 5.705306306481361389e-03 1.066457116394303739e-05 -3.003217279911041260e-03 1.496746949851512909e-02
3.949647843837738037e-01 1.221212558448314667e-02 3.593908622860908508e-03 -4.179816751275211573e-04 -1.976810395717620850e-03 1.483326498419046402e-02
4.099366962909698486e-01 3.631292842328548431e-03 -2.767884172499179840e-03 2.506160875782370567e-03 -1.973860664293169975e-03 1.661060564219951630e-02
4.161578118801116943e-01 2.887798473238945007e-03 -2.369275083765387535e-03 4.751068539917469025e-03 -2.650331240147352219e-03 1.702184975147247314e-02
4.284941554069519043e-01 1.371368207037448883e-02 5.122480448335409164e-03 2.494831103831529617e-03 -3.508345223963260651e-03 1.624721847474575043e-02
4.439385533332824707e-01 1.248660311102867126e-02 3.296263515949249268e-03 -5.457626190036535263e-03 -2.420237055048346519e-03 1.956892944872379303e-02
4.474349915981292725e-01 1.208868529647588730e-02 1.868484192527830601e-03 -4.702744539827108383e-03 -1.290614745812490582e-04 1.998426578938961029e-02
4.508049786090850830e-01 -1.934605883434414864e-03 -1.228439505212008953e-03 -5.328107508830726147e-04 5.033219349570572376e-04 2.098174393177032471e-02
4.556814134120941162e-01 1.296445028856396675e-03 4.702621605247259140e-03 1.810949645005166531e-03 1.074972446076571941e-03 1.976765878498554230e-02
4.532274007797241211e-01 2.509354613721370697e-03 6.528513506054878235e-03 1.347684767097234726e-03 6.635948084294795990e-04 1.934454962611198425e-02
4.480617046356201172e-01 8.017822168767452240e-03 8.261658251285552979e-03 -8.689980604685842991e-04 1.257697236724197865e-03 1.864198781549930573e-02
4.540700018405914307e-01 9.237105026841163635e-03 6.188496481627225876e-03 -1.446484471671283245e-03 1.365754287689924240e-03 1.898028515279293060e-02
4.521641731262207031e-01 1.042602676898241043e-02 6.318186409771442413e-03 -2.002782654017210007e-03 1.139480969868600368e-03 1.866978593170642853e-02
4.497300684452056885e-01 1.049027219414710999e-02 4.074872005730867386e-03 -1.563208759762346745e-03 4.006509552709758282e-04 1.796409301459789276e-02
4.454977512359619141e-01 9.683004580438137054e-03 6.470622960478067398e-03 -1.262778067030012608e-03 1.442190696252509952e-04 1.683925278484821320e-02
4.426384270191192627e-01 1.068297587335109711e-02 6.325541995465755463e-03 -1.458074548281729221e-03 -1.507263514213263988e-04 1.600436307489871979e-02
4.380326867103576660e-01 1.084335148334503174e-02 5.878684576600790024e-03 -1.596394460648298264e-03 8.880088571459054947e-04 1.513040065765380859e-02
4.364641308784484863e-01 8.621612563729286194e-03 4.543909803032875061e-03 -1.007531769573688507e-03 3.659917565528303385e-04 1.438704971224069595e-02
4.289154708385467529e-01 1.039564609527587891e-02 5.332219880074262619e-03 -9.081827593035995960e-04 -1.719708234304562211e-04 1.339340768754482269e-02
4.273286163806915283e-01 7.890852168202400208e-03 5.296302028000354767e-03 -4.254824598319828510e-04 3.951255348511040211e-04 1.199568808078765869e-02
4.270428121089935303e-01 7.753100711852312088e-03 7.701978553086519241e-03 -7.412040722556412220e-04 1.357770874164998531e-03 1.093386486172676086e-02
4.257048070430755615e-01 8.028498850762844086e-03 6.349740084260702133e-03 -7.389184902422130108e-04 5.335478344932198524e-04 9.703459218144416809e-03
4.146282672882080078e-01 6.858668755739927292e-03 7.141168694943189621e-03 -7.783272885717451572e-04 -4.191664629615843296e-04 8.208485320210456848e-03
4.134317040443420410e-01 6.934673059731721878e-03 5.228387191891670227e-03 -9.258525096811354160e-04 -2.006849827012047172e-04 6.503293756395578384e-03
4.084385037422180176e-01 5.910475738346576691e-03 6.223539821803569794e-03 -1.452980650356039405e-04 3.597719187382608652e-04 4.467248450964689255e-03
4.077762067317962646e-01 3.188494360074400902e-03 5.277927033603191376e-03 1.330698578385636210e-04 1.283298188354820013e-04 3.321546828374266624e-03
4.029110968112945557e-01 1.761438557878136635e-03 6.940871477127075195e-03 6.419657729566097260e-04 -4.416460287757217884e-04 1.540192752145230770e-03
3.959248363971710205e-01 3.000919008627533913e-03 4.856840707361698151e-03 -2.828766882885247469e-04 -1.189936068840324879e-03 -5.244622007012367249e-04
3.956630229949951172e-01 6.232606247067451477e-04 4.580711014568805695e-03 2.034825593000277877e-04 -1.985444454476237297e-03 -2.345121698454022408e-03
3.945286870002746582e-01 1.290180720388889313e-03 5.632854998111724854e-03 2.505238226149231195e-04 -3.156282007694244385e-03 -3.814429743215441704e-03
3.981592655181884766e-01 2.082515275105834007e-04 1.218519173562526703e-03 3.838952106889337301e-04 -3.373099956661462784e-03 -6.236455868929624557e-03
4.060305953025817871e-01 1.767344423569738865e-03 1.841657562181353569e-03 4.162602126598358154e-04 -6.410006899386644363e-04 -7.581920363008975983e-03
4.122019708156585693e-01 2.139723859727382660e-03 2.742464886978268623e-03 -7.199968677014112473e-04 1.888748491182923317e-03 -8.869995363056659698e-03
4.142889678478240967e-01 4.073504358530044556e-03 4.503372125327587128e-03 -1.997748622670769691e-03 2.386138308793306351e-03 -1.156567875295877457e-02
4.119313061237335205e-01 1.426642644219100475e-03 6.985159125179052353e-03 -2.115188166499137878e-03 2.023418201133608818e-03 -1.392264664173126221e-02
4.106257557868957520e-01 -1.362534938380122185e-03 1.026009302586317062e-02 -3.165899252053350210e-04 1.062150462530553341e-03 -1.522351335734128952e-02
4.063391983509063721e-01 -5.447019822895526886e-03 7.357786409556865692e-03 -5.233193514868617058e-04 -3.548503736965358257e-04 -1.645410060882568359e-02
4.002996683120727539e-01 -7.737677078694105148e-04 6.558996159583330154e-03 -9.122044139076024294e-05 -1.325043616816401482e-03 -1.843635365366935730e-02
4.007843136787414551e-01 4.453159053809940815e-04 5.784132983535528183e-03 -1.338583300821483135e-03 -1.272927154786884785e-03 -1.995565742254257202e-02
3.952035307884216309e-01 1.466664369218051434e-03 4.968012217432260513e-03 -2.863842295482754707e-03 -1.031586318276822567e-03 -2.072226256132125854e-02
3.811577558517456055e-01 -9.600471705198287964e-03 -1.086330390535295010e-03 -2.523188944905996323e-03 -1.142923836596310139e-03 -2.078942582011222839e-02
3.900702893733978271e-01 -1.156092993915081024e-02 1.315424917265772820e-03 1.317396410740911961e-03 -1.331632258370518684e-03 -2.187489718198776245e-02
3.894553184509277344e-01 -9.561242535710334778e-03 5.593303591012954712e-03 7.252445793710649014e-04 -9.616562165319919586e-04 -2.231025509536266327e-02
3.909279108047485352e-01 -7.532652001827955246e-03 5.294045433402061462e-03 -6.315013743005692959e-04 -1.432236982509493828e-03 -2.341637946665287018e-02
3.820699453353881836e-01 -9.907881729304790497e-03 1.942830625921487808e-03 8.818708010949194431e-05 -1.689551165327429771e-03 -2.188465185463428497e-02
3.988954722881317139e-01 -1.163272932171821594e-02 4.822105984203517437e-04 2.604441018775105476e-03 -5.686014192178845406e-04 -2.466410398483276367e-02
4.088198542594909668e-01 -1.596430502831935883e-02 3.313933499157428741e-03 3.260274184867739677e-03 3.735711798071861267e-04 -2.523908391594886780e-02
4.115101695060729980e-01 -9.685242548584938049e-03 5.161461420357227325e-03 2.002951921895146370e-03 6.314929341897368431e-04 -2.484136261045932770e-02
4.161219894886016846e-01 -7.813277654349803925e-03 7.695434149354696274e-03 -1.787531509762629867e-04 2.933791256509721279e-04 -2.517571300268173218e-02
4.234837889671325684e-01 -3.818928031250834465e-03 7.445870898663997650e-03 -2.202429575845599174e-03 1.690451244940049946e-05 -2.569127641618251801e-02
4.207573831081390381e-01 -6.527890916913747787e-03 2.341277664527297020e-03 -1.701504108496010303e-03 1.121962050092406571e-04 -2.520940266549587250e-02
4.262033998966217041e-01 -1.652648858726024628e-02 1.333419466391205788e-03 1.919094938784837723e-03 1.067068078555166721e-04 -2.494519017636775970e-02
4.347530603408813477e-01 -9.882880374789237976e-03 4.657621495425701141e-03 2.750707557424902916e-03 3.522516926750540733e-04 -2.461561188101768494e-02
4.391223490238189697e-01 -5.008616019040346146e-03 5.891481414437294006e-03 -3.580966731533408165e-04 3.199063066858798265e-04 -2.477438375353813171e-02
4.432434439659118652e-01 -2.565384143963456154e-03 2.451853826642036438e-03 -2.242601010948419571e-03 1.648014731472358108e-04 -2.421872876584529877e-02
4.494694769382476807e-01 -4.013330210000276566e-03 2.153734443709254265e-03 -1.163975219242274761e-03 8.918443927541375160e-04 -2.375954389572143555e-02
4.528370201587677002e-01 -8.636995335109531879e-04 9.187609888613224030e-03 -1.384506118483841419e-03 2.132649300619959831e-03 -2.358568832278251648e-02
4.615567922592163086e-01 2.290608128532767296e-03 1.014799345284700394e-02 -3.170347772538661957e-03 1.180545310489833355e-03 -2.392256073653697968e-02
4.612890481948852539e-01 4.009819123893976212e-03 6.048501934856176376e-03 -3.815915668383240700e-03 -2.510840422473847866e-04 -2.448646165430545807e-02
4.660321474075317383e-01 -1.890125800855457783e-03 2.895859535783529282e-03 -3.196125850081443787e-03 -4.852074780501425266e-04 -2.451331168413162231e-02
4.702754318714141846e-01 -5.094545893371105194e-03 -2.019980922341346741e-03 -6.017474806867539883e-04 -3.534704592311754823e-05 -2.486291527748107910e-02
4.813980460166931152e-01 -5.303986370563507080e-03 5.714839790016412735e-03 -7.338671130128204823e-04 8.510458283126354218e-04 -2.515039592981338501e-02
4.846280217170715332e-01 -6.600336637347936630e-03 1.291867927648127079e-03 -1.255906652659177780e-03 1.689637429080903530e-03 -2.516482397913932800e-02
4.964703321456909180e-01 6.753167835995554924e-04 7.852613925933837891e-03 -1.682707341387867928e-03 2.170696854591369629e-03 -2.476439811289310455e-02
5.023201704025268555e-01 2.830159501172602177e-04 6.466269027441740036e-03 -2.036420861259102821e-03 1.949709374457597733e-03 -2.390217222273349762e-02
5.162336826324462891e-01 -3.579140175133943558e-03 6.173682399094104767e-03 -1.113174366764724255e-03 1.107253716327250004e-03 -2.334946021437644958e-02
5.202587842941284180e-01 -3.633033484220504761e-03 6.153490860015153885e-03 -1.060212263837456703e-03 -1.045959070324897766e-04 -2.353376336395740509e-02
5.220017433166503906e-01 -2.747854683548212051e-03 2.881768159568309784e-03 -5.019917734898626804e-04 -6.256110500544309616e-04 -2.420216612517833710e-02
5.408499240875244141e-01 -3.047947073355317116e-03 4.103386774659156799e-03 -4.791701503563672304e-04 2.057693054666742682e-04 -2.403149753808975220e-02
5.443791747093200684e-01 -1.087819109670817852e-03 2.767367986962199211e-03 -7.579150842502713203e-04 1.694412640063092113e-04 -2.377876453101634979e-02
5.510392785072326660e-01 -2.217514673247933388e-03 3.387536853551864624e-03 -9.008428896777331829e-04 7.943668606458231807e-05 -2.237297408282756805e-02
5.603179931640625000e-01 -2.735301852226257324e-03 3.983208443969488144e-03 -6.052632234059274197e-04 1.120101544074714184e-03 -2.169348485767841339e-02
5.696820616722106934e-01 8.219247683882713318e-05 5.872843787074089050e-03 -4.047629190608859062e-04 1.968242693692445755e-03 -2.207309193909168243e-02
5.744042396545410156e-01 -2.980005694553256035e-03 7.163956295698881149e-03 -1.212911301990970969e-04 2.167087746784090996e-03 -2.211245335638523102e-02
5.715196728706359863e-01 -3.133057150989770889e-03 5.740337539464235306e-03 3.581357013899832964e-04 1.915754750370979309e-03 -2.139751426875591278e-02
5.666452646255493164e-01 -6.019786931574344635e-03 7.470350246876478195e-03 9.700551745481789112e-04 1.347208744846284389e-03 -2.077087201178073883e-02
5.720415711402893066e-01 -5.321461241692304611e-03 8.770385757088661194e-03 2.020144311245530844e-04 6.026083137840032578e-04 -1.981540396809577942e-02
5.771226882934570312e-01 -7.811243645846843719e-03 7.801960688084363937e-03 9.360843687318265438e-04 -1.936663102242164314e-05 -1.852269843220710754e-02
5.704101920127868652e-01 -5.150252021849155426e-03 6.745663005858659744e-03 -2.571629593148827553e-04 -3.944099007640033960e-04 -1.822347752749919891e-02
5.718572735786437988e-01 -3.960693255066871643e-03 6.373291835188865662e-03 -6.641472573392093182e-04 -7.811311515979468822e-04 -1.814534701406955719e-02
5.749447345733642578e-01 -2.663885476067662239e-03 5.961287766695022583e-03 9.648418927099555731e-05 -4.874712321907281876e-04 -1.813044212758541107e-02
5.741876363754272461e-01 -3.915250767022371292e-03 7.489204872399568558e-03 9.779011597856879234e-04 2.968837216030806303e-04 -1.816271245479583740e-02
5.656593441963195801e-01 -2.530068159103393555e-03 7.419843692332506180e-03 6.239008507691323757e-04 4.995152703486382961e-04 -1.847199350595474243e-02
5.699470639228820801e-01 -1.169501338154077530e-04 7.692082319408655167e-03 -7.845732034184038639e-04 5.566129693761467934e-04 -1.838992349803447723e-02
5.748456716537475586e-01 1.283319434151053429e-03 7.408438716083765030e-03 -3.599103365559130907e-04 7.632769993506371975e-04 -1.817445643246173859e-02
5.820764303207397461e-01 -2.157270908355712891e-03 7.191374897956848145e-03 1.583079807460308075e-03 6.512354011647403240e-04 -1.811284199357032776e-02
5.854085683822631836e-01 -5.355943460017442703e-03 8.226059377193450928e-03 3.996864426881074905e-03 8.099043625406920910e-04 -1.773866266012191772e-02
5.858510136604309082e-01 -8.113342337310314178e-03 6.984692532569169998e-03 5.365650635212659836e-03 1.224648789502680302e-03 -1.772412471473217010e-02
5.876184701919555664e-01 -9.012848138809204102e-03 6.730578839778900146e-03 5.344710778445005417e-03 1.192136551253497601e-03 -1.692027412354946136e-02
5.872823596000671387e-01 -1.030398719012737274e-02 7.537466939538717270e-03 6.425431929528713226e-03 9.558851597830653191e-04 -1.547290105372667313e-02
5.872694253921508789e-01 -1.238953415304422379e-02 6.671942304819822311e-03 6.791116669774055481e-03 4.717049014288932085e-04 -1.117022149264812469e-02
5.897701978683471680e-01 -1.431077439337968826e-02 8.583860471844673157e-03 7.134370040148496628e-03 2.812643469951581210e-05 -7.730924524366855621e-03
5.911239981651306152e-01 -8.743414655327796936e-03 7.056711241602897644e-03 5.831630434840917587e-03 -4.927920526824891567e-04 -5.729513242840766907e-03
6.037443876266479492e-01 -4.246797878295183182e-03 5.494121927767992020e-03 5.868537817150354385e-03 -1.041952404193580151e-03 -2.471667015925049782e-03
6.029201745986938477e-01 -8.775341324508190155e-03 4.196648485958576202e-03 5.063148215413093567e-03 -1.262140227481722832e-03 -4.666460736189037561e-04
6.116985082626342773e-01 -4.451918881386518478e-03 9.009336121380329132e-03 4.204161465167999268e-03 -9.388948819832876325e-05 1.959516433998942375e-03
6.180479526519775391e-01 9.409752092324197292e-04 7.737025618553161621e-03 7.789278170093894005e-04 2.216765657067298889e-03 5.356532521545886993e-03
6.091341972351074219e-01 -2.067359630018472672e-03 7.021263241767883301e-03 5.955991800874471664e-04 3.950834274291992188e-03 8.145092986524105072e-03
6.207467317581176758e-01 -3.271364606916904449e-03 5.675101652741432190e-03 2.243147697299718857e-03 3.717734245583415031e-03 1.044017821550369263e-02
6.262151002883911133e-01 -4.978169687092304230e-03 1.262235082685947418e-02 4.483181983232498169e-03 3.533467184752225876e-03 1.263701077550649643e-02
6.215105652809143066e-01 7.825524546205997467e-03 1.902469992637634277e-02 -7.493633893318474293e-04 2.555589890107512474e-03 1.383646111935377121e-02
6.409102082252502441e-01 1.286624837666749954e-02 3.362495917826890945e-03 -3.069306025281548500e-03 -5.630451487377285957e-04 1.383851934224367142e-02
6.422685384750366211e-01 1.044636964797973633e-02 3.388606011867523193e-03 -2.059196354821324348e-03 -1.239777426235377789e-03 1.543682254850864410e-02
6.477513909339904785e-01 5.094245541840791702e-03 1.328731887042522430e-03 1.286425394937396049e-03 -1.556456438265740871e-03 1.632708683609962463e-02
6.512345671653747559e-01 9.894467890262603760e-03 1.157773286104202271e-02 -9.336842776974663138e-05 -3.116888983640819788e-04 1.512204855680465698e-02
6.571682095527648926e-01 1.256998162716627121e-02 2.025146270170807838e-03 -2.542516449466347694e-03 -7.728628697805106640e-04 1.488586235791444778e-02
6.538347005844116211e-01 9.619581513106822968e-03 5.087760742753744125e-03 -3.127770265564322472e-03 -1.050700593623332679e-04 1.536016073077917099e-02
6.572220325469970703e-01 9.067002683877944946e-03 4.977820906788110733e-03 -2.053687348961830139e-03 9.572366252541542053e-04 1.410300005227327347e-02
6.683578491210937500e-01 5.340029485523700714e-03 9.335631504654884338e-03 -1.283175195567309856e-03 1.849441672675311565e-03 1.352172903716564178e-02
6.843354105949401855e-01 9.552062489092350006e-03 1.107918098568916321e-02 -2.391593297943472862e-03 2.626323141157627106e-03 1.328889559954404831e-02
6.809037327766418457e-01 1.047680433839559555e-02 7.112967781722545624e-03 -1.661460148170590401e-03 2.137727802619338036e-03 1.222159899771213531e-02
6.841496229171752930e-01 8.272664621472358704e-03 7.609226275235414505e-03 -7.492307486245408654e-05 -1.046498946379870176e-04 1.199500542134046555e-02
6.785445213317871094e-01 9.855112992227077484e-03 5.934527143836021423e-03 1.127607538364827633e-05 -2.165085170418024063e-03 1.133930217474699020e-02
