3.611033856868743896e-01 6.995479576289653778e-03 -4.160847049206495285e-03 -6.474786205217242241e-04 -2.626653993502259254e-03 1.438655145466327667e-02
3.574160039424896240e-01 1.291659846901893616e-02 -5.500094033777713776e-03 -1.689336262643337250e-03 -1.722468994557857513e-03 1.273257285356521606e-02
3.443315923213958740e-01 1.212148275226354599e-02 3.872031811624765396e-03 2.748808590695261955e-03 3.246708773076534271e-03 1.371716335415840149e-02
2.763180434703826904e-01 8.670149371027946472e-03 -4.118270054459571838e-02 -1.175933983176946640e-03 1.644090749323368073e-03 1.178824715316295624e-02
3.158900737762451172e-01 1.623279042541980743e-02 5.613612011075019836e-03 -3.795872908085584641e-04 -1.069476595148444176e-03 1.295026391744613647e-02
3.232919871807098389e-01 1.240635942667722702e-02 -9.160886518657207489e-03 9.917542338371276855e-04 1.062438241206109524e-03 1.348471082746982574e-02
3.081436753273010254e-01 6.870240438729524612e-03 -1.003254111856222153e-02 2.945947227999567986e-03 -1.849811756983399391e-03 1.211188733577728271e-02
3.148564994335174561e-01 2.147110365331172943e-02 -1.087874453514814377e-02 -3.883163444697856903e-04 -1.122472342103719711e-03 1.160400826483964920e-02
3.169034421443939209e-01 1.569379307329654694e-02 3.248261660337448120e-02 -3.030069172382354736e-03 5.381918163038790226e-04 1.148711331188678741e-02
3.154892027378082275e-01 -7.651364430785179138e-04 4.717378318309783936e-02 -2.211551909567788243e-04 2.242185873910784721e-03 1.170711871236562729e-02
2.994624376296997070e-01 -2.934176847338676453e-02 -3.793257102370262146e-02 -3.099292982369661331e-03 -9.272414608858525753e-04 1.285874005407094955e-02
3.194178044795989990e-01 9.271225426346063614e-04 -1.247590128332376480e-02 2.214924897998571396e-03 1.212416216731071472e-03 1.197768189013004303e-02
2.482524961233139038e-01 -1.565018855035305023e-02 2.100961282849311829e-02 -1.057662442326545715e-02 5.707465112209320068e-03 1.151851937174797058e-02
2.981128692626953125e-01 1.443826779723167419e-02 9.122037328779697418e-03 2.038906677626073360e-05 6.786677986383438110e-04 1.229014620184898376e-02
3.109289109706878662e-01 1.943427603691816330e-03 5.801091901957988739e-03 -1.447320217266678810e-03 -3.986631985753774643e-03 1.217318139970302582e-02
3.118257820606231689e-01 4.366349894553422928e-03 2.406399548053741455e-01 4.934328608214855194e-03 1.436302252113819122e-02 1.149094011634588242e-02
3.102285861968994141e-01 1.723691262304782867e-02 5.905926693230867386e-03 -1.378639717586338520e-03 -1.351165818050503731e-03 1.111575961112976074e-02
3.051334619522094727e-01 1.181878242641687393e-02 -1.345320697873830795e-02 -3.730116804945282638e-05 -9.498308645561337471e-04 1.144040748476982117e-02
3.031233549118041992e-01 -3.230151720345020294e-03 -6.545395404100418091e-02 -4.139726981520652771e-03 5.672243889421224594e-03 1.217078603804111481e-02
3.087760806083679199e-01 -1.209642179310321808e-02 -9.112430363893508911e-02 -7.083002477884292603e-03 1.098139211535453796e-02 1.220569107681512833e-02
3.100804090499877930e-01 -3.290728200227022171e-03 6.589608266949653625e-03 2.207205106969922781e-04 4.313840530812740326e-03 1.208025310188531876e-02
3.191553056240081787e-01 1.729163527488708496e-02 3.733199462294578552e-02 -6.713094655424356461e-03 3.327158046886324883e-03 1.394809875637292862e-02
2.615078389644622803e-01 -2.511433511972427368e-02 -3.911441937088966370e-02 -1.016353443264961243e-02 1.759039238095283508e-02 8.682537823915481567e-03
3.192794322967529297e-01 1.081116031855344772e-02 -2.286285161972045898e-03 -4.570731252897530794e-04 3.960439935326576233e-04 1.199148688465356827e-02
3.234611153602600098e-01 1.216063089668750763e-02 4.468075931072235107e-04 -7.268994231708347797e-04 1.641112612560391426e-04 1.115655899047851562e-02
3.484111428260803223e-01 1.019522547721862793e-02 -2.450237981975078583e-02 -2.304458990693092346e-03 -3.996979503426700830e-04 1.337397564202547073e-02
3.326761424541473389e-01 1.970439590513706207e-02 7.188678253442049026e-03 8.750209235586225986e-04 -1.012893189908936620e-04 1.210139971226453781e-02
3.210505843162536621e-01 8.573536761105060577e-04 -8.906166069209575653e-03 3.117881482467055321e-03 6.290195742622017860e-04 1.160347741097211838e-02
3.213326930999755859e-01 -3.356454195454716682e-03 4.361579567193984985e-02 3.782517509534955025e-03 7.996747735887765884e-04 1.216353103518486023e-02
3.195205330848693848e-01 -7.588526699692010880e-03 -8.142515085637569427e-03 -4.715285031124949455e-04 -1.938386005349457264e-03 1.199624594300985336e-02
3.232525587081909180e-01 1.354029309004545212e-02 -9.676410816609859467e-03 -5.246138898655772209e-04 -2.521554415579885244e-04 1.247412152588367462e-02
3.356671929359436035e-01 1.188078429549932480e-02 -1.867453753948211670e-02 -4.176333080977201462e-03 6.482098251581192017e-04 1.318997889757156372e-02
3.360297083854675293e-01 -9.634067304432392120e-03 -1.000521890819072723e-02 -1.231177244335412979e-03 -3.008384373970329762e-05 1.393121667206287384e-02
3.389602303504943848e-01 -3.617644682526588440e-02 -1.206400468945503235e-01 -1.681932061910629272e-02 8.962376974523067474e-03 1.233664434403181076e-02
3.429717421531677246e-01 -2.326778322458267212e-02 -2.237246371805667877e-03 2.041005296632647514e-03 -2.495297696441411972e-03 1.500175148248672485e-02
3.763752579689025879e-01 1.463254913687705994e-02 8.254230022430419922e-03 -4.893371078651398420e-05 2.587620983831584454e-04 1.490121148526668549e-02
3.377130925655364990e-01 -6.673889700323343277e-03 8.514536172151565552e-02 2.069158246740698814e-03 2.227758523076772690e-05 1.513839047402143478e-02
3.885602355003356934e-01 3.547639120370149612e-03 2.212223224341869354e-02 -3.608295810408890247e-04 -7.393276318907737732e-04 1.513216551393270493e-02
4.031414389610290527e-01 1.339721027761697769e-02 7.534054107964038849e-03 2.435390488244593143e-04 -3.110484220087528229e-03 1.540217455476522446e-02
4.175713360309600830e-01 2.331081079319119453e-03 -2.661358937621116638e-02 -3.176300087943673134e-04 -4.063996486365795135e-03 1.669109053909778595e-02
4.207876920700073242e-01 8.549703052267432213e-04 -9.554756805300712585e-03 -3.623285738285630941e-04 6.825880846008658409e-04 1.727815158665180206e-02
4.250224232673645020e-01 6.849642377346754074e-03 1.841133646667003632e-02 -1.344980904832482338e-03 -1.068560872226953506e-03 1.740221492946147919e-02
4.384739696979522705e-01 1.983647979795932770e-02 2.283159457147121429e-02 2.793929888866841793e-04 1.680508255958557129e-03 1.862922869622707367e-02
4.284978806972503662e-01 5.683483183383941650e-02 4.598484635353088379e-01 4.616242647171020508e-02 -2.747987024486064911e-02 2.196349389851093292e-02
4.108740985393524170e-01 1.820260658860206604e-02 1.213093250989913940e-01 -1.542720198631286621e-02 2.631296031177043915e-02 2.191059105098247528e-02
4.569204151630401611e-01 4.247493110597133636e-03 8.205558173358440399e-03 7.051951251924037933e-05 1.628613681532442570e-03 1.984140649437904358e-02
4.585788846015930176e-01 -2.426683204248547554e-03 -1.031011249870061874e-02 2.584974514320492744e-03 -4.509251448325812817e-05 1.996825821697711945e-02
4.542571306228637695e-01 1.187976542860269547e-02 -4.385842010378837585e-03 -1.708977360976859927e-04 1.242394442670047283e-03 1.894254237413406372e-02
4.223500788211822510e-01 8.610161021351814270e-03 -5.772255361080169678e-03 -1.178750535473227501e-04 2.352347597479820251e-03 1.848619058728218079e-02
4.548531472682952881e-01 2.097185887396335602e-02 4.982551094144582748e-03 -5.453418125398457050e-04 -4.661917919293045998e-04 1.842956617474555969e-02
4.271781146526336670e-01 1.236835680902004242e-02 8.476238697767257690e-03 -6.532425177283585072e-04 -2.033052151091396809e-04 1.754963211715221405e-02
4.317866563796997070e-01 8.415671996772289276e-03 -2.174125239253044128e-02 -8.508236496709287167e-04 1.318142749369144440e-04 1.705213636159896851e-02
4.325088262557983398e-01 1.266048662364482880e-02 4.173491522669792175e-02 -1.891640014946460724e-03 -2.841106615960597992e-03 1.583859324455261230e-02
4.312255978584289551e-01 1.192305982112884521e-02 -3.527205437421798706e-02 -6.160245742648839951e-03 6.812025327235460281e-03 1.437740400433540344e-02
4.349586069583892822e-01 8.707882836461067200e-03 1.793022267520427704e-02 -9.601490455679595470e-05 -3.025364130735397339e-03 1.426017936319112778e-02
4.252895712852478027e-01 1.163602154701948166e-02 -3.049460239708423615e-02 4.869861295446753502e-04 -1.355729182250797749e-03 1.306592579931020737e-02
4.036710262298583984e-01 1.142865139991044998e-02 2.468202114105224609e-01 2.253612875938415527e-02 -6.853591650724411011e-03 1.104977540671825409e-02
4.269888401031494141e-01 1.209673285484313965e-02 6.332626193761825562e-02 -3.019419265910983086e-03 -8.108709938824176788e-03 1.115205977112054825e-02
4.172439873218536377e-01 9.248943999409675598e-03 -2.643223293125629425e-02 -1.785934437066316605e-04 1.446166075766086578e-03 9.033828042447566986e-03
4.185909926891326904e-01 1.104952767491340637e-02 1.813421258702874184e-04 2.924480359070003033e-04 -8.884876151569187641e-04 7.736645638942718506e-03
3.896278738975524902e-01 4.067508038133382797e-03 -1.332869566977024078e-02 -2.145900507457554340e-04 4.004639922641217709e-04 5.616695154458284378e-03
4.119000732898712158e-01 6.432464346289634705e-03 -1.584463752806186676e-03 4.820862086489796638e-04 -6.839102134108543396e-04 4.681888967752456665e-03
4.056610465049743652e-01 3.700307104736566544e-03 8.547758683562278748e-03 6.569758261321112514e-05 3.009298816323280334e-04 3.076479071751236916e-03
4.082362949848175049e-01 5.376655142754316330e-03 8.164584636688232422e-03 1.249540247954428196e-03 -3.736038634087890387e-04 1.883985474705696106e-03
4.055973589420318604e-01 2.165406942367553711e-03 -4.799291957169771194e-03 -1.237066928297281265e-03 -2.403611782938241959e-03 -6.411669892258942127e-05
3.990909755229949951e-01 -1.492684357799589634e-03 5.445055663585662842e-03 -1.078063622117042542e-03 -3.346857847645878792e-03 -2.287990646436810493e-03
3.888243734836578369e-01 -1.024741213768720627e-03 6.100675556808710098e-03 -5.414200131781399250e-04 -1.501651480793952942e-03 -4.220650065690279007e-03
4.014455378055572510e-01 -1.869232510216534138e-03 9.579025208950042725e-03 -6.838933331891894341e-04 -2.061651088297367096e-03 -6.452029570937156677e-03
4.180238544940948486e-01 3.708135336637496948e-03 3.944132849574089050e-02 -4.968884401023387909e-03 -6.808235775679349899e-03 -8.124471642076969147e-03
4.220057129859924316e-01 -1.592505373992025852e-03 -9.027229622006416321e-03 -2.792831277474761009e-03 -1.079081906937062740e-03 -9.989645332098007202e-03
4.211587607860565186e-01 2.769371727481484413e-03 -2.651101164519786835e-02 -3.225528635084629059e-04 -6.190246203914284706e-04 -1.185183599591255188e-02
4.164083003997802734e-01 -2.344337292015552521e-03 3.933020308613777161e-02 -4.512780811637639999e-03 -5.896292859688401222e-04 -1.357452012598514557e-02
4.115449190139770508e-01 -4.911211784929037094e-03 3.000302240252494812e-02 -7.900886121205985546e-04 -1.389606390148401260e-03 -1.517822872847318649e-02
4.106425642967224121e-01 -6.966073065996170044e-03 -8.979139849543571472e-03 1.833810383686795831e-04 -6.011004443280398846e-04 -1.703346148133277893e-02
4.031623303890228271e-01 -6.327282637357711792e-03 -2.987860061693936586e-04 8.030335884541273117e-04 -4.176401707809418440e-04 -1.859042048454284668e-02
3.957641124725341797e-01 3.575801849365234375e-03 -3.033892996609210968e-02 2.140491968020796776e-03 1.996350707486271858e-03 -2.026355080306529999e-02
4.019762277603149414e-01 -2.849332056939601898e-03 3.955350839532911777e-04 -1.451460528187453747e-03 -3.448872885201126337e-04 -2.126986347138881683e-02
3.981874883174896240e-01 1.466024434193968773e-03 -9.523317217826843262e-03 1.689735916443169117e-03 1.364736584946513176e-03 -1.951426453888416290e-02
3.978393971920013428e-01 -3.265831386670470238e-03 -2.649312093853950500e-02 3.603113815188407898e-03 2.781031187623739243e-03 -2.140321210026741028e-02
3.920822143554687500e-01 -7.146860472857952118e-03 7.684185402467846870e-05 1.489503338234499097e-04 -4.505402466747909784e-04 -2.288553118705749512e-02
3.953430056571960449e-01 -3.360045375302433968e-03 1.983569003641605377e-03 -2.245045267045497894e-03 -6.632440490648150444e-04 -2.407969534397125244e-02
3.941089808940887451e-01 -4.465190693736076355e-03 3.471548482775688171e-02 1.211478491313755512e-03 -1.480087288655340672e-03 -2.364562451839447021e-02
4.053918421268463135e-01 -1.076720375567674637e-02 -5.558884702622890472e-03 1.885391073301434517e-03 -1.771238748915493488e-03 -2.492680028080940247e-02
4.137332737445831299e-01 -1.173246465623378754e-02 3.324164822697639465e-02 1.114246668294072151e-03 -1.017089351080358028e-03 -2.520837821066379547e-02
4.171198904514312744e-01 -8.157158270478248596e-03 -2.940961392596364021e-03 -3.681441012304276228e-04 4.259834822732955217e-04 -2.560412138700485229e-02
4.179427921772003174e-01 -5.191607866436243057e-03 2.709637023508548737e-02 8.725658408366143703e-04 -1.061989227309823036e-03 -2.564939111471176147e-02
4.245289862155914307e-01 -1.777080353349447250e-03 -9.901130571961402893e-03 1.082905509974807501e-05 -1.370451645925641060e-03 -2.562125399708747864e-02
4.185850322246551514e-01 -2.088784240186214447e-03 1.843812991864979267e-03 2.046453068032860756e-03 -1.893985550850629807e-03 -2.517565153539180756e-02
4.351775050163269043e-01 -1.178118772804737091e-02 3.551355795934796333e-03 4.707471816800534725e-07 3.837771946564316750e-04 -2.522317320108413696e-02
4.330293536186218262e-01 -8.785398676991462708e-03 4.651180002838373184e-03 1.036059344187378883e-03 1.238659722730517387e-03 -2.494526654481887817e-02
4.375704526901245117e-01 -5.061598960310220718e-03 9.633712470531463623e-03 1.535751274786889553e-03 2.925235603470355272e-04 -2.484623156487941742e-02
4.458015561103820801e-01 -3.200212959200143814e-03 2.479687891900539398e-02 2.951103728264570236e-03 7.918111514300107956e-04 -2.470351941883563995e-02
4.494383335113525391e-01 -5.009047687053680420e-03 3.132833540439605713e-02 3.495156764984130859e-03 9.916860144585371017e-04 -2.412632107734680176e-02
4.607534408569335938e-01 -7.989294826984405518e-03 -4.000622779130935669e-03 1.923053059726953506e-04 8.769953856244683266e-04 -2.434333600103855133e-02
4.683525264263153076e-01 4.284150432795286179e-03 -1.265582069754600525e-02 7.175746141001582146e-04 -1.799080055207014084e-03 -2.453923411667346954e-02
4.443527460098266602e-01 1.742473803460597992e-02 -8.456130325794219971e-02 5.595997907221317291e-03 1.611588336527347565e-02 -2.452576346695423126e-02
4.613226652145385742e-01 1.688534161075949669e-03 -4.172058776021003723e-03 -1.781428582035005093e-04 -1.778531237505376339e-03 -2.506846375763416290e-02
4.780051708221435547e-01 1.413025194779038429e-03 -4.312240704894065857e-02 8.630567230284214020e-03 5.597571376711130142e-03 -2.529204078018665314e-02
4.803673028945922852e-01 1.690132543444633484e-03 1.575395092368125916e-02 4.581444431096315384e-03 1.429262920282781124e-03 -2.599232085049152374e-02
4.968823492527008057e-01 -2.967221895232796669e-03 1.565185724757611752e-03 2.623832842800766230e-04 7.141502574086189270e-04 -2.600320056080818176e-02
5.055761933326721191e-01 3.158280625939369202e-03 5.377273540943861008e-03 -1.128901261836290359e-03 5.877088988199830055e-04 -2.477303892374038696e-02
5.110009312629699707e-01 1.609098631888628006e-03 2.771304175257682800e-02 1.995810773223638535e-03 -4.559903754852712154e-04 -2.417873591184616089e-02
5.144653320312500000e-01 -2.699076198041439056e-03 -1.410919800400733948e-02 5.556410178542137146e-04 2.915578661486506462e-03 -2.366813458502292633e-02
5.209149718284606934e-01 -2.832276979461312294e-03 1.928456500172615051e-02 5.041089607402682304e-04 -3.083525458350777626e-03 -2.420374006032943726e-02
5.296511650085449219e-01 -2.946105087175965309e-03 -1.268116198480129242e-02 -2.179353032261133194e-06 7.269693305715918541e-04 -2.449844405055046082e-02
5.326687693595886230e-01 -3.925600321963429451e-04 4.441252443939447403e-03 1.917657209560275078e-03 1.620474387891590595e-03 -2.466862089931964874e-02
5.517793893814086914e-01 4.824914038181304932e-03 1.907416060566902161e-02 2.612812910228967667e-03 8.148627355694770813e-03 -2.441917173564434052e-02
5.466994047164916992e-01 5.080668488517403603e-04 1.048611011356115341e-02 2.340485807508230209e-03 7.419973611831665039e-03 -2.202779240906238556e-02
5.603036880493164062e-01 -8.064096327871084213e-04 -2.360632456839084625e-02 -1.658520777709782124e-03 6.007689516991376877e-03 -2.260162681341171265e-02
5.731288194656372070e-01 -2.636437304317951202e-03 1.244897209107875824e-02 6.694150943076238036e-05 -2.041750820353627205e-03 -2.234850078821182251e-02
5.446268320083618164e-01 1.231959322467446327e-04 -5.543895065784454346e-02 -4.405249841511249542e-03 1.573125366121530533e-03 -2.219631895422935486e-02
5.746304392814636230e-01 -1.002793107181787491e-02 -1.761618768796324730e-03 1.424471265636384487e-04 2.604974899441003799e-03 -2.137638069689273834e-02
5.832684040069580078e-01 -5.481514148414134979e-03 1.255366951227188110e-02 1.770917209796607494e-03 1.922180410474538803e-03 -2.080361358821392059e-02
5.817688107490539551e-01 -3.102493239566683769e-03 1.080698706209659576e-02 1.415891107171773911e-03 1.376190572045743465e-03 -1.896440982818603516e-02
5.847109556198120117e-01 -6.369856651872396469e-03 -2.599192410707473755e-02 -6.060605868697166443e-03 -3.638446331024169922e-03 -1.829424686729907990e-02
5.437018871307373047e-01 -3.316990332677960396e-03 -1.991746947169303894e-02 -4.380345635581761599e-04 1.028104498982429504e-02 -1.785928010940551758e-02
5.097430944442749023e-01 -6.784253753721714020e-03 3.078625351190567017e-02 3.323726356029510498e-03 -1.241714810021221638e-03 -1.881805993616580963e-02
5.709779858589172363e-01 -9.660581126809120178e-04 4.726886749267578125e-03 2.168360166251659393e-03 -3.100432688370347023e-03 -1.839831285178661346e-02
5.820186734199523926e-01 -2.660969505086541176e-03 1.763904839754104614e-02 -1.720949658192694187e-03 6.359331018757075071e-05 -1.791520230472087860e-02
5.687441229820251465e-01 -4.619135987013578415e-03 -2.228172868490219116e-02 1.890249899588525295e-03 1.631772465771064162e-04 -1.807616837322711945e-02
5.831302404403686523e-01 6.002627778798341751e-04 1.399405300617218018e-02 1.265989150851964951e-03 -5.405368749052286148e-03 -1.814250089228153229e-02
5.891801118850708008e-01 2.568524098023772240e-03 1.979375444352626801e-02 -4.974998068064451218e-03 -3.466939553618431091e-03 -1.820787042379379272e-02
5.731063485145568848e-01 -5.616790149360895157e-03 3.052912838757038116e-02 -1.782610313966870308e-03 -3.009282518178224564e-03 -1.873341202735900879e-02
5.931255817413330078e-01 -6.171472836285829544e-03 -1.009724009782075882e-02 1.555777271278202534e-03 -5.355887115001678467e-04 -1.829764246940612793e-02
5.916700363159179688e-01 -6.416242104023694992e-03 1.318316534161567688e-02 1.936072483658790588e-03 -2.803804352879524231e-03 -1.824216917157173157e-02
5.897117853164672852e-01 -6.525502074509859085e-03 -2.177642891183495522e-03 2.676403848454356194e-03 8.990373462438583374e-04 -1.703237183392047882e-02
5.920302271842956543e-01 -1.197106763720512390e-02 4.511216189712285995e-03 1.914089312776923180e-03 -7.448985707014799118e-04 -1.580128632485866547e-02
5.951685905456542969e-01 -1.428048405796289444e-02 -2.263901755213737488e-03 -3.123079659417271614e-03 -4.599858075380325317e-04 -1.197723113000392914e-02
5.916595458984375000e-01 -1.434372458606958389e-02 7.750031072646379471e-03 -1.894491841085255146e-03 -5.149367265403270721e-03 -8.632038719952106476e-03
5.874701142311096191e-01 -1.031377445906400681e-02 3.043083474040031433e-02 -8.321927743963897228e-04 -1.213738694787025452e-02 -5.780932493507862091e-03
6.069040894508361816e-01 -6.696827709674835205e-03 7.677549496293067932e-03 -1.024173106998205185e-04 -5.060174502432346344e-03 -3.343505086377263069e-03
6.157763004302978516e-01 -3.845002967864274979e-03 -1.567213237285614014e-02 1.831808593124151230e-03 -1.090624602511525154e-03 5.448733645607717335e-06
6.091814041137695312e-01 -2.938617719337344170e-03 -1.192224770784378052e-02 3.415359824430197477e-04 2.483641030266880989e-03 1.805484993383288383e-03
5.791926383972167969e-01 -3.365002339705824852e-03 2.635191753506660461e-02 5.234531708993017673e-04 -8.780005387961864471e-03 5.058159586042165756e-03
6.411728262901306152e-01 6.418716628104448318e-03 5.486534908413887024e-03 -2.586835063993930817e-03 5.951203871518373489e-03 8.168891072273254395e-03
6.324324011802673340e-01 -3.372623352333903313e-03 -1.697680354118347168e-02 2.593234414234757423e-03 4.173603374511003494e-03 1.012589223682880402e-02
6.285598278045654297e-01 -3.568291664123535156e-03 2.736054174602031708e-02 3.008086699992418289e-03 4.325768910348415375e-03 1.219416223466396332e-02
6.348577737808227539e-01 1.023367326706647873e-02 1.646993122994899750e-02 -2.231113845482468605e-03 1.177866361103951931e-03 1.403937581926584244e-02
6.313058137893676758e-01 1.804095692932605743e-02 -2.610420575365424156e-03 -5.294912494719028473e-03 -1.868807827122509480e-03 1.461148168891668320e-02
6.425049901008605957e-01 7.615709677338600159e-03 1.850354112684726715e-02 8.404274703934788704e-04 -8.485960424877703190e-04 1.537183765321969986e-02
6.457626223564147949e-01 -1.397987653035670519e-04 -1.561244949698448181e-02 3.043361357413232327e-05 -4.061180166900157928e-03 1.534278411418199539e-02
6.415534615516662598e-01 8.140331134200096130e-03 4.914969671517610550e-03 7.689783815294504166e-04 -3.078218549489974976e-03 1.452207379043102264e-02
6.403306126594543457e-01 1.160606741905212402e-02 1.213698415085673332e-03 2.036305522779002786e-05 -6.187618244439363480e-03 1.460417360067367554e-02
6.495136022567749023e-01 1.823037862777709961e-02 2.716370113193988800e-02 -3.055052831768989563e-03 -1.770218601450324059e-03 1.480776816606521606e-02
6.489971280097961426e-01 1.023343019187450409e-02 7.513152668252587318e-04 1.487802946940064430e-03 -1.231623115018010139e-03 1.360347867012023926e-02
6.670561432838439941e-01 6.009411998093128204e-03 1.823387853801250458e-02 1.249717199243605137e-03 3.636858193203806877e-03 1.331452559679746628e-02
6.707236170768737793e-01 1.054206583648920059e-02 3.554587066173553467e-02 3.130570752546191216e-03 -1.228335779160261154e-03 1.304533705115318298e-02
6.796643137931823730e-01 1.118821091949939728e-02 6.371826399117708206e-03 1.707543269731104374e-03 7.795796409482136369e-05 1.176408398896455765e-02
6.802577376365661621e-01 5.739761050790548325e-03 -8.700112812221050262e-03 1.148611539974808693e-03 -2.922263462096452713e-03 1.114689651876688004e-02
6.826752424240112305e-01 6.167232990264892578e-03 1.453978661447763443e-02 -1.142191002145409584e-03 -2.139132004231214523e-03 1.113424170762300491e-02
