1.534951734356582165e-03 1.629154430702328682e-03 4.283166490495204926e-03 5.055452929809689522e-04 4.552848986349999905e-04 1.322578464169055223e-04
2.188988495618104935e-03 1.809866866096854210e-03 3.388216486200690269e-03 6.116103613749146461e-04 4.628213355317711830e-04 1.654875377425923944e-04
1.619232469238340855e-03 2.380662597715854645e-03 3.303435863927006721e-03 2.855905622709542513e-04 2.093109651468694210e-04 1.399651955580338836e-04
1.956594176590442657e-03 2.219280926510691643e-03 2.075754571706056595e-03 2.069160982500761747e-04 1.765637425705790520e-04 1.941456866916269064e-04
1.231236266903579235e-03 1.892215921543538570e-03 1.790503156371414661e-03 3.540840407367795706e-04 6.017351915943436325e-05 1.189403556054458022e-04
1.918383990414440632e-03 2.186995698139071465e-03 3.014424582943320274e-03 2.903751155827194452e-04 6.423498271033167839e-04 1.744716719258576632e-04
1.666557276621460915e-03 1.270868116989731789e-03 3.177763661369681358e-03 3.437947307247668505e-04 3.318075323477387428e-04 1.344822230748832226e-04
2.288683317601680756e-03 1.079706475138664246e-03 2.781778573989868164e-03 3.913068503607064486e-04 1.389554527122527361e-04 1.870325504569336772e-04
1.687247422523796558e-03 1.647495897486805916e-03 2.236153464764356613e-03 2.941350685432553291e-04 4.378005978651344776e-04 1.743762550177052617e-04
1.697772881016135216e-03 2.020644955337047577e-03 6.370563991367816925e-03 6.689490401186048985e-04 6.284198607318103313e-04 1.489618298364803195e-04
