4.347287118434906006e-02 1.241408437490463257e-01 7.426532101817429066e-04 5.970282945781946182e-04 2.069017151370644569e-03 4.482457414269447327e-03
3.883200287818908691e-01 6.457420065999031067e-03 -1.082736533135175705e-03 1.846562663558870554e-04 2.331250812858343124e-03 6.008267868310213089e-03
4.665872082114219666e-02 1.335057169198989868e-01 4.763717879541218281e-04 -2.943063736893236637e-05 1.711176009848713875e-03 6.778702139854431152e-03
3.739738762378692627e-01 8.976671844720840454e-03 -2.556754625402390957e-04 -2.135913236998021603e-04 5.913277855142951012e-04 6.328615359961986542e-03
3.869158029556274414e-01 1.011895667761564255e-02 -5.473888595588505268e-04 1.477105070080142468e-05 -2.843508555088192225e-04 6.953577511012554169e-03
4.040267765522003174e-01 9.287333115935325623e-03 -7.603593985550105572e-04 1.759899605531245470e-04 -4.750250664073973894e-04 8.083137683570384979e-03
4.131636023521423340e-01 1.557379867881536484e-02 -8.359788917005062103e-04 4.154500202275812626e-04 -3.178736951667815447e-04 1.015981473028659821e-02
4.322453141212463379e-01 1.394828595221042633e-02 -9.000722202472388744e-04 9.714576299302279949e-05 9.700514056021347642e-05 1.129113603383302689e-02
4.358750581741333008e-01 1.675666123628616333e-02 -6.434670649468898773e-04 -1.619194335944484919e-05 4.477774782571941614e-04 1.181039959192276001e-02
4.401626288890838623e-01 1.633996516466140747e-02 -4.418626485858112574e-04 -1.331981620751321316e-04 5.073874490335583687e-04 1.167673990130424500e-02
4.395352303981781006e-01 1.696274802088737488e-02 -2.969245542772114277e-04 -1.274738024221733212e-04 4.083586682099848986e-04 1.127942372113466263e-02
4.349147081375122070e-01 1.537021994590759277e-02 -1.260044227819889784e-04 3.484147964627481997e-05 2.222673792857676744e-04 1.145905070006847382e-02
4.324803352355957031e-01 1.878740265965461731e-02 -9.487463103141635656e-05 8.235275890910997987e-05 1.114236947614699602e-04 1.199352182447910309e-02
4.362325668334960938e-01 1.623489148914813995e-02 4.430072658578865230e-05 1.155439349531661719e-05 7.033752626739442348e-05 1.216132938861846924e-02
4.285548031330108643e-01 2.024056576192378998e-02 -1.763451582519337535e-04 -4.899372288491576910e-05 1.040208189806435257e-05 1.219646725803613663e-02
4.350515604019165039e-01 2.114822715520858765e-02 -4.816690052393823862e-04 7.741644367342814803e-05 -7.177138468250632286e-04 1.253895461559295654e-02
4.634633362293243408e-01 2.049465291202068329e-02 -9.878975106403231621e-04 1.320528735959669575e-05 -9.686352568678557873e-04 1.289460994303226471e-02
4.878586530685424805e-01 2.004193328320980072e-02 -1.111695542931556702e-03 4.549119039438664913e-04 -2.447831211611628532e-04 1.477496139705181122e-02
4.903255999088287354e-01 2.481438033282756805e-02 -9.489908698014914989e-04 1.447666581952944398e-04 6.017397972755134106e-04 1.577004231512546539e-02
4.882417917251586914e-01 2.228587493300437927e-02 -4.530552250798791647e-04 -3.760766703635454178e-04 9.465715265832841396e-04 1.437435671687126160e-02
4.759746789932250977e-01 2.258824557065963745e-02 -5.383108509704470634e-05 -2.582275192253291607e-04 6.726532592438161373e-04 1.306498609483242035e-02
4.721333384513854980e-01 1.954213529825210571e-02 1.436618331354111433e-04 -4.087737579538952559e-07 1.768613001331686974e-04 1.268903072923421860e-02
4.793806672096252441e-01 2.121550589799880981e-02 -1.750092487782239914e-04 1.490718859713524580e-04 -2.261763875139877200e-04 1.357454713433980942e-02
4.789370000362396240e-01 2.180368266999721527e-02 -2.756066096480935812e-04 6.184372614370658994e-05 -2.793777093756943941e-04 1.378755457699298859e-02
4.798920750617980957e-01 2.253719605505466461e-02 -3.192362491972744465e-04 4.309559517423622310e-05 -1.111840174417011440e-04 1.396489143371582031e-02
4.863080084323883057e-01 2.312085218727588654e-02 -2.721068449318408966e-04 -5.616431008093059063e-05 7.244067819556221366e-05 1.398699171841144562e-02
4.846534729003906250e-01 2.217938750982284546e-02 -2.620933228172361851e-04 -5.389446960180066526e-05 1.916085311677306890e-04 1.371032278984785080e-02
4.804598093032836914e-01 2.389661781489849091e-02 -3.464911787887103856e-05 -6.368735193973407149e-05 1.576344802742823958e-04 1.320041343569755554e-02
4.822593927383422852e-01 2.198053337633609772e-02 -7.699012348894029856e-05 4.736184928333386779e-05 4.111587259103544056e-05 1.338877528905868530e-02
4.858543276786804199e-01 2.176927961409091949e-02 -1.190044131362810731e-04 -7.713661943853367120e-06 2.547516123740933836e-05 1.359355542808771133e-02
4.873660504817962646e-01 2.224826440215110779e-02 -1.361624890705570579e-04 4.083354360773228109e-05 -2.605541703815106302e-05 1.379872858524322510e-02
4.803687334060668945e-01 2.243306115269660950e-02 -2.195386769017204642e-04 -1.130876771640032530e-04 -3.853234829875873402e-06 1.301915384829044342e-02
4.855116605758666992e-01 2.190625295042991638e-02 -2.602930180728435516e-04 3.173971708747558296e-05 3.836870018858462572e-05 1.343050040304660797e-02
4.926364123821258545e-01 2.036000788211822510e-02 -1.853871617640834302e-05 2.964831401186529547e-05 4.560539673548191786e-05 1.407247129827737808e-02
4.827668666839599609e-01 2.196656912565231323e-02 -1.421563210897147655e-04 -1.456196187064051628e-04 5.652064646710641682e-05 1.302867848426103592e-02
4.868409335613250732e-01 2.200262248516082764e-02 -2.040368854068219662e-04 2.073909490718506277e-05 3.579017720767296851e-05 1.336133014410734177e-02
4.925678670406341553e-01 2.004338055849075317e-02 -2.134142559953033924e-04 -6.876827683299779892e-05 9.727071301313117146e-06 1.343867648392915726e-02
4.895407557487487793e-01 2.327414788305759430e-02 -6.488944927696138620e-05 5.232354305917397141e-05 2.245809628220740706e-05 1.353075075894594193e-02
4.878940880298614502e-01 2.097618207335472107e-02 3.250344161642715335e-05 -4.098636418348178267e-05 4.486165926209650934e-05 1.337195746600627899e-02
4.920718669891357422e-01 1.980367489159107208e-02 -2.834603656083345413e-04 2.030456562351901084e-05 2.198561742261517793e-05 1.355297211557626724e-02
4.924182891845703125e-01 2.344093844294548035e-02 -5.274434442981146276e-05 1.738452374411281198e-05 1.047990917868446559e-05 1.383362151682376862e-02
3.366395132616162300e-03 1.982145942747592926e-02 8.106783934636041522e-05 -1.020485433400608599e-04 -1.151479682448552921e-05 -6.240829359740018845e-03
4.903560876846313477e-01 1.960057206451892853e-02 -1.840656914282590151e-04 -1.173916753032244742e-04 4.112954047741368413e-05 1.268799230456352234e-02
4.813226461410522461e-01 1.947773620486259460e-02 -1.460836501792073250e-04 -1.541046949569135904e-04 9.845693966781254858e-07 1.129997521638870239e-02
4.938953816890716553e-01 1.898663491010665894e-02 -4.775479465024545789e-05 3.755687066586688161e-05 3.663727329694665968e-05 1.198871526867151260e-02
4.852499067783355713e-01 1.805997081100940704e-02 -1.167211448773741722e-04 2.023846536758355796e-05 9.844593478192109615e-06 1.144425570964813232e-02
1.429328462108969688e-03 1.594583503901958466e-02 -1.488709676777943969e-05 -8.417743083555251360e-05 2.124652201018761843e-05 -5.206518806517124176e-03
4.250088240951299667e-04 8.117294870316982269e-03 1.759902988851536065e-05 -4.754441306431544945e-06 -2.101534482790157199e-05 -5.648839287459850311e-03
2.470018574967980385e-03 1.145194750279188156e-02 -1.796986471163108945e-04 -6.437009869841858745e-05 1.249338856723625213e-05 -6.595333572477102280e-03
1.622208394110202789e-03 2.354647964239120483e-02 2.920623592217452824e-05 -3.041295894945506006e-05 -2.384142135269939899e-05 -7.039939053356647491e-03
4.856960177421569824e-01 1.690162718296051025e-02 1.102301757782697678e-05 -3.425310205784626305e-05 -5.232865987636614591e-06 9.970173239707946777e-03
4.896412789821624756e-01 1.686887629330158234e-02 -6.131907866802066565e-05 -3.470165393082424998e-05 -4.195527708361623809e-06 9.857089258730411530e-03
4.926750552840530872e-04 2.331543015316128731e-03 2.624382250360213220e-05 -7.075754638208309188e-06 1.794272975530475378e-05 -8.929703384637832642e-03
4.935808479785919189e-01 1.633299700915813446e-02 -1.735650876071304083e-04 -6.654793105553835630e-05 2.097528067679377273e-06 9.560808539390563965e-03
6.801285198889672756e-04 3.956185653805732727e-03 -7.179279236879665405e-06 -2.808699719025753438e-05 1.520714477010187693e-06 -1.006540842354297638e-02
1.166494563221931458e-03 -9.231615811586380005e-03 -2.874123674700967968e-05 -3.259465665905736387e-05 1.000080737867392600e-05 -5.861034151166677475e-03
3.461242013145238161e-04 -5.477615632116794586e-03 -7.539671787526458502e-05 -4.100060687051154673e-05 -1.865622471086680889e-05 -5.748528055846691132e-03
5.833992036059498787e-04 -2.883006352931261063e-03 5.443531335913576186e-05 -2.739436058618593961e-05 -5.006986611988395452e-06 1.309862709604203701e-04
3.067792276851832867e-04 -5.282050464302301407e-03 -1.053466985467821360e-04 -1.336654258921043947e-05 1.557894211146049201e-05 -6.529123056679964066e-03
2.246565709356218576e-04 1.427247747778892517e-02 -5.951563252892810851e-06 4.652435109164798632e-06 -2.209910053352359682e-05 -6.603323854506015778e-03
1.004204386845231056e-03 7.478010375052690506e-03 8.440571036771871150e-06 1.534925468149594963e-05 -1.999116875595063902e-06 -1.339855883270502090e-02
5.035904645919799805e-01 1.139722857624292374e-02 -1.553173642605543137e-04 -3.074543565162457526e-05 3.170269792462931946e-06 8.729577995836734772e-03
5.216286182403564453e-01 1.195955090224742889e-02 -1.241232384927570820e-04 -4.049858034704811871e-05 -7.612719855387695134e-06 9.044475853443145752e-03
6.216731271706521511e-04 -7.207972928881645203e-03 -2.539646993682254106e-05 -1.077325305232079700e-05 1.836558112700004131e-06 -8.540203794836997986e-03
6.576607702299952507e-04 1.715406961739063263e-02 -2.160303556593134999e-04 -1.056905330187873915e-05 2.684222454263363034e-05 -8.378361351788043976e-03
6.958940648473799229e-04 1.544532366096973419e-02 7.187407027231529355e-05 -1.821327896323055029e-05 -9.004445018945261836e-06 -8.790537714958190918e-03
3.589321568142622709e-04 6.057780236005783081e-03 8.881924441084265709e-05 -8.513116881658788770e-06 -1.086871179722948000e-07 -9.397936053574085236e-03
2.492403727956116199e-04 -5.065908189862966537e-03 2.411446439509745687e-05 -7.456977073161397129e-06 2.228102857770863920e-05 -2.811181591823697090e-03
2.069967304123565555e-04 -5.970606580376625061e-03 -4.940592771163210273e-05 2.452143235132098198e-06 -1.150132175098406151e-05 -3.373195417225360870e-03
4.072356678079813719e-04 -7.411245722323656082e-03 -1.676782449067104608e-05 -3.309436579002067447e-05 1.807716762414202094e-05 -6.641987711191177368e-03
4.943839609622955322e-01 1.265543326735496521e-02 -2.030697360169142485e-04 -3.199194543412886560e-05 1.610416620678734034e-05 7.861487567424774170e-03
3.139574546366930008e-04 -5.506813526153564453e-03 -3.730285970959812403e-05 -9.897204108710866421e-06 -1.039988455886486918e-05 3.234642499592155218e-04
6.207380210980772972e-04 -1.180527359247207642e-02 -4.117124990443699062e-05 -9.214310921379365027e-06 4.961156719218706712e-06 1.688214833848178387e-03
4.978965735062956810e-04 1.333123072981834412e-02 2.675673567864578217e-05 -2.832263271557167172e-05 -1.496581444371258840e-05 -1.868729828856885433e-03
4.691039794124662876e-04 4.532390739768743515e-03 3.583580109989270568e-05 6.939316790521843359e-06 -4.430386866260960232e-07 -5.246887914836406708e-03
4.883130788803100586e-01 1.102135423570871353e-02 -1.998868829105049372e-04 -3.142000423395074904e-05 1.562813849886879325e-05 6.846009753644466400e-03
4.949010014533996582e-01 1.204916555434465408e-02 -1.706095936242491007e-04 -1.076980515790637583e-05 -3.207686313544400036e-05 7.726160343736410141e-03
1.083443385141436011e-05 1.885875943116843700e-03 -1.414008966094115749e-05 -6.432014288293430582e-06 -2.232527094747638330e-06 -2.642998704686760902e-03
4.937938153743743896e-01 1.163539104163646698e-02 -2.919245744124054909e-04 -8.954245458880905062e-06 3.101722177234478295e-05 7.527346722781658173e-03
4.880064725875854492e-01 1.219577621668577194e-02 3.262071186327375472e-05 5.163929927221033722e-06 2.086928361677564681e-06 7.322052493691444397e-03
5.200741579756140709e-04 -1.872411370277404785e-02 -1.937707711476832628e-04 -4.273754166206344962e-05 2.884065224861842580e-06 -6.149409338831901550e-03
4.971286952495574951e-01 1.333541888743638992e-02 -1.795628631953150034e-04 -2.812439197441563010e-05 1.242911457666195929e-05 7.546974811702966690e-03
4.844502210617065430e-01 1.163902226835489273e-02 -1.670537312747910619e-04 -2.037931335507892072e-05 2.636318640725221485e-06 7.202384527772665024e-03
1.342571340501308441e-04 -3.416556864976882935e-04 9.883226448437198997e-05 9.110356586461421102e-06 2.031826261372771114e-05 -2.655405551195144653e-03
4.862806200981140137e-01 1.169806718826293945e-02 -9.037956624524667859e-05 -1.494998059570207261e-06 -6.824356205470394343e-06 7.304573897272348404e-03
4.894933998584747314e-01 9.380418807268142700e-03 -1.360357564408332109e-04 -7.477398185073980130e-07 3.832499351119622588e-05 6.936474703252315521e-03
4.919395148754119873e-01 1.575102843344211578e-02 -2.005799469770863652e-04 -3.794585791183635592e-05 3.951177131966687739e-05 7.279112003743648529e-03
4.909565746784210205e-01 1.325100939720869064e-02 -1.677920517977327108e-04 -1.652470746194012463e-05 -1.685572351561859250e-05 7.283668033778667450e-03
4.906669259071350098e-01 1.237963605672121048e-02 5.290630360832437873e-05 1.362451803288422525e-05 2.222265538875944912e-05 7.350282743573188782e-03
4.913875162601470947e-01 1.266630832105875015e-02 -1.921532675623893738e-04 -9.788785064301919192e-06 2.675116957107093185e-05 7.439170032739639282e-03
4.933961629867553711e-01 1.455484144389629364e-02 2.634775410115253180e-05 2.250576289952732623e-05 8.280042493424843997e-06 7.499663624912500381e-03
4.918836653232574463e-01 1.410930324345827103e-02 -2.613916294649243355e-04 -2.618829603306949139e-05 2.749893974396400154e-05 7.356759160757064819e-03
4.878304600715637207e-01 1.279325690120458603e-02 -1.082653398043476045e-04 -1.300935991821461357e-06 1.435686499462462962e-05 7.183808367699384689e-03
4.939223527908325195e-01 1.495020091533660889e-02 -2.523383955121971667e-05 2.908644455601461232e-05 7.576461030112113804e-06 7.358573842793703079e-03
4.902910590171813965e-01 1.488015521317720413e-02 -8.905556751415133476e-05 1.234952151207835414e-06 3.333360655233263969e-05 7.305872626602649689e-03
4.895429313182830811e-01 1.151308789849281311e-02 -1.442496577510610223e-04 7.423095667036250234e-07 1.600962059455923736e-05 7.505150511860847473e-03
4.899266958236694336e-01 1.030714996159076691e-02 -5.176642298465594649e-05 -1.707529008854180574e-05 1.424652236892143264e-05 7.236928213387727737e-03
4.926390051841735840e-01 1.277348119765520096e-02 -2.059188118437305093e-04 -8.378665370400995016e-07 1.021229945763479918e-05 7.336503360420465469e-03
4.881797134876251221e-01 1.070597488433122635e-02 -2.386101550655439496e-04 -3.368937177583575249e-05 1.552886533318087459e-05 7.259816396981477737e-03
4.906238615512847900e-01 1.178417913615703583e-02 -1.629699836485087872e-04 -8.201668606488965452e-07 2.347512418054975569e-05 7.125790696591138840e-03
4.876084625720977783e-01 8.829970844089984894e-03 -7.842017657821998000e-05 -3.237244891352020204e-05 2.503518953744787723e-05 7.020745892077684402e-03
4.936100244522094727e-01 1.188468001782894135e-02 -5.114487430546432734e-05 -1.162418811873067170e-05 1.427088591299252585e-05 7.626764476299285889e-03
4.909189343452453613e-01 1.289718318730592728e-02 -9.885500185191631317e-05 1.939644971571397036e-05 3.156658294756198302e-06 7.178973872214555740e-03
4.852521419525146484e-01 1.181735284626483917e-02 -1.465290260966867208e-04 -4.502265073824673891e-05 1.669554512773174793e-05 6.887683179229497910e-03
4.941714406013488770e-01 9.435977786779403687e-03 -1.240894653165014461e-05 -1.726611480989959091e-05 3.187679612892679870e-05 7.541168946772813797e-03
4.883320629596710205e-01 1.438389718532562256e-02 -1.348692603642120957e-04 -2.185237008234253153e-06 3.628168997238390148e-06 7.151219993829727173e-03
4.912453889846801758e-01 1.123019121587276459e-02 9.528233931632712483e-05 -4.529548732534749433e-06 6.344879693642724305e-06 7.735157851129770279e-03
4.975642561912536621e-01 7.596572395414113998e-03 -1.624372962396591902e-04 1.808931301638949662e-06 1.955246261786669493e-06 7.616288959980010986e-03
4.856493771076202393e-01 1.119983196258544922e-02 -1.213580835610628128e-04 1.164309014711761847e-05 1.484218319092178717e-05 7.427115924656391144e-03
4.883096218109130859e-01 1.126243546605110168e-02 -4.489762432058341801e-05 -1.526707092125434428e-05 2.593207864265423268e-05 7.056061644107103348e-03
8.008435368537902832e-03 -4.398675635457038879e-02 -6.820614362368360162e-05 -4.206406811135821044e-05 -5.487978341989219189e-06 -3.806669497862458229e-03
1.005890546366572380e-03 -1.498589292168617249e-02 3.278595249867066741e-05 -1.539836921438109130e-05 -1.539848199172411114e-05 -1.640287810005247593e-03
2.308879746124148369e-03 -2.662419714033603668e-02 -1.740734442137181759e-04 -1.125584185501793399e-05 -2.361255064897704870e-05 1.623318297788500786e-03
2.066101878881454468e-03 -1.819921657443046570e-02 -4.618780803866684437e-05 -3.514061245368793607e-05 6.210188530531013384e-06 7.029147236607968807e-04
2.877255203202366829e-03 -3.572253510355949402e-02 -2.145763864973559976e-04 -3.671711965580470860e-07 -1.156301004812121391e-05 -1.758488011546432972e-03
1.762092928402125835e-03 -2.263381332159042358e-02 1.094345134333707392e-04 -7.582461421407060698e-06 2.919329563155770302e-05 1.228279084898531437e-03
2.683582715690135956e-03 -2.878852374851703644e-02 8.059349784161895514e-05 -1.881117782431829255e-06 -1.501653241575695574e-05 5.275529343634843826e-03
1.695547485724091530e-03 -2.254035882651805878e-02 8.118723781080916524e-05 1.882390847640635911e-06 -9.005199899547733366e-06 -3.244187915697693825e-03
1.066409400664269924e-03 -1.805693283677101135e-02 6.722510443069040775e-05 3.414726506889564916e-06 1.468796563131036237e-05 2.998601179569959641e-03
2.543028211221098900e-03 -2.991674281656742096e-02 -1.945844633155502379e-05 -3.375362211954779923e-06 -1.012908705888548866e-05 6.791977677494287491e-03
1.355482731014490128e-03 -1.937457919120788574e-02 1.643818395677953959e-04 7.343760444200597703e-07 1.042388703353935853e-06 2.071339869871735573e-03
1.175350160337984562e-03 -2.232681214809417725e-02 -8.905302820494398475e-05 -1.031985266308765858e-05 8.039325621211901307e-06 1.454831566661596298e-03
1.151098549598827958e-04 -1.317598042078316212e-03 -8.214693662011995912e-05 -3.245550033170729876e-05 5.233635420154314488e-06 3.558234544470906258e-03
7.301317527890205383e-04 -2.201540209352970123e-02 -1.063992385752499104e-04 -1.276036055060103536e-04 2.269729748149984516e-06 6.185073405504226685e-03
