2.813006341457366943e-01 1.828131638467311859e-02 1.527380943298339844e-02 2.745077945291996002e-04 5.823824554681777954e-03 8.815069682896137238e-03
3.335348069667816162e-01 -8.155879378318786621e-02 3.141752677038311958e-03 -9.689038852229714394e-04 9.675619192421436310e-03 4.193511325865983963e-03
3.525125682353973389e-01 -2.144928835332393646e-02 1.561636663973331451e-02 -2.161699114367365837e-03 7.289771921932697296e-03 1.527323294430971146e-02
2.326917648315429688e-01 6.621924042701721191e-02 9.419209323823451996e-03 -2.029777504503726959e-03 -5.322674405761063099e-04 1.066400669515132904e-02
3.399304449558258057e-01 4.156135488301515579e-03 2.086227200925350189e-02 2.072791801765561104e-03 -1.432827441021800041e-03 1.197824906557798386e-02
2.926066219806671143e-01 -1.750883460044860840e-02 4.970546811819076538e-03 2.066772663965821266e-03 -1.366066164337098598e-03 2.692251000553369522e-04
2.990019619464874268e-01 -3.073769249022006989e-02 1.646636612713336945e-02 3.341608215123414993e-03 -2.451115753501653671e-03 1.222474034875631332e-02
2.459165155887603760e-01 -3.354454785585403442e-02 2.261689119040966034e-02 1.378503278829157352e-03 -5.224820226430892944e-03 3.679629648104310036e-03
3.114827573299407959e-01 1.725943386554718018e-02 -5.407451651990413666e-03 -4.138051532208919525e-03 -3.000293392688035965e-03 1.236477494239807129e-02
2.808200716972351074e-01 9.401442483067512512e-03 -1.079023722559213638e-02 3.197674814146012068e-04 -5.626051221042871475e-03 7.225065957754850388e-03
3.089217245578765869e-01 -5.991674959659576416e-03 -4.477982874959707260e-03 -2.193905529566109180e-04 -1.344282529316842556e-03 1.247207634150981903e-02
1.933435946702957153e-01 2.968633547425270081e-03 1.288954820483922958e-02 8.337567560374736786e-03 3.270722692832350731e-03 2.164744958281517029e-02
2.838664948940277100e-01 -1.329536363482475281e-02 5.813322030007839203e-03 -7.768515497446060181e-04 2.700446639209985733e-03 9.532765485346317291e-03
3.240216076374053955e-01 -7.294540293514728546e-03 1.081448420882225037e-02 4.182306118309497833e-03 -1.001573633402585983e-03 1.289162039756774902e-02
2.339182794094085693e-01 4.079334065318107605e-02 1.789230480790138245e-02 2.826007083058357239e-03 6.211295258253812790e-04 1.638836041092872620e-02
3.947954997420310974e-02 4.677611961960792542e-02 -9.660673094913363457e-04 4.433073103427886963e-03 5.133099621161818504e-04 1.473246701061725616e-02
2.890122532844543457e-01 4.256327822804450989e-02 6.591238081455230713e-03 -2.588638570159673691e-03 -4.727880936115980148e-03 1.165956258773803711e-02
2.988263666629791260e-01 3.076991066336631775e-02 1.426882110536098480e-02 8.432508329860866070e-04 -7.145114708691835403e-03 1.030317135155200958e-02
3.233484327793121338e-01 -4.775814246386289597e-03 1.033151708543300629e-02 -7.794945500791072845e-03 -1.199116092175245285e-02 6.160846445709466934e-03
3.351546525955200195e-01 -3.056542016565799713e-03 -2.908237278461456299e-03 4.005775786936283112e-03 -5.047913640737533569e-03 1.131803728640079498e-02
