2.018383238464593887e-03 1.595749869011342525e-03 4.252102517057210207e-04 6.813903746660798788e-05 8.365362009499222040e-05 1.121294335462152958e-04
2.145415171980857849e-03 1.660465612076222897e-03 4.860499757342040539e-04 8.111319766612723470e-05 8.555002568755298853e-05 1.733833923935890198e-04
1.277578296139836311e-03 1.588870887644588947e-03 3.781208069995045662e-04 5.068994869361631572e-05 9.171303827315568924e-05 9.297506039729341865e-05
2.006593160331249237e-03 1.718670828267931938e-03 3.764469875022768974e-04 4.884464942733757198e-05 7.028146501397714019e-05 1.808532542781904340e-04
1.812953734770417213e-03 2.200838411226868629e-03 4.378995217848569155e-04 6.286428106250241399e-05 1.010919004329480231e-04 1.222110586240887642e-04
1.748875714838504791e-03 2.604390960186719894e-03 3.714052436407655478e-04 4.433029607753269374e-05 8.384596731048077345e-05 1.429590483894571662e-04
2.077113837003707886e-03 2.428266219794750214e-03 4.801836912520229816e-04 6.942163599887862802e-05 9.763495472725480795e-05 1.685604947851970792e-04
1.493948046118021011e-03 2.184477401897311211e-03 5.608684732578694820e-04 7.714844832662492990e-05 9.443082672078162432e-05 1.015387097140774131e-04
2.642280654981732368e-03 2.662322949618101120e-03 6.073088734410703182e-04 6.940505409147590399e-05 1.043647789629176259e-04 2.035167563008144498e-04
1.953718718141317368e-03 1.758183352649211884e-03 6.403017323464155197e-04 7.757706043776124716e-05 1.209110196214169264e-04 1.455793826607987285e-04
2.084593754261732101e-03 1.696140854619443417e-03 6.182039505802094936e-04 8.452315523754805326e-05 9.112541010836139321e-05 1.382148766424506903e-04
2.139787422493100166e-03 2.273658057674765587e-03 6.680036312900483608e-04 7.861575431888923049e-05 1.395171129843220115e-04 1.531751913717016578e-04
2.028124872595071793e-03 3.432540921494364738e-03 5.306018283590674400e-04 6.351909541990607977e-05 1.081051741493865848e-04 1.481208746554329991e-04
1.989523181691765785e-03 2.537255641072988510e-03 4.875116865150630474e-04 7.249675400089472532e-05 8.819772483548149467e-05 1.266707986360415816e-04
2.511744154617190361e-03 3.084240248426795006e-03 3.617518232204020023e-04 5.795093602500855923e-05 6.746871076757088304e-05 1.781722676241770387e-04
2.036299789324402809e-03 3.029095940291881561e-03 6.707052816636860371e-04 8.328630065079778433e-05 1.072763334377668798e-04 1.372140250168740749e-04
1.790198497474193573e-03 3.888871520757675171e-03 6.040262524038553238e-04 7.522189844166859984e-05 1.106516720028594136e-04 1.211085327668115497e-04
1.903888070955872536e-03 3.842494683340191841e-03 7.254059892147779465e-04 8.731945126783102751e-05 1.463633816456422210e-04 1.633849460631608963e-04
2.223507966846227646e-03 3.756240010261535645e-03 7.039890042506158352e-04 7.938412454677745700e-05 1.343360199825838208e-04 1.624956930754706264e-04
2.431456232443451881e-03 3.789746202528476715e-03 7.126713171601295471e-04 8.955276280175894499e-05 1.227894244948402047e-04 1.763825275702401996e-04
2.152390545234084129e-03 2.893531927838921547e-03 6.387555622495710850e-04 8.141747821355238557e-05 1.331501844106242061e-04 1.451718853786587715e-04
2.106893807649612427e-03 3.251036629080772400e-03 6.037824787199497223e-04 7.666701276320964098e-05 1.168092785519547760e-04 1.848058454925194383e-04
2.127087442204356194e-03 3.906253725290298462e-03 5.988045595586299896e-04 7.350271334871649742e-05 1.055856846505776048e-04 1.753210235619917512e-04
2.008804120123386383e-03 2.626535017043352127e-03 7.151531754061579704e-04 8.469105523545295000e-05 1.427205716026946902e-04 1.360016758553683758e-04
1.963412389159202576e-03 2.370436210185289383e-03 6.468122592195868492e-04 7.985570846358314157e-05 1.379233435727655888e-04 1.485770917497575283e-04
1.886367332190275192e-03 3.083988791331648827e-03 5.102222785353660583e-04 6.980537000345066190e-05 1.010257910820655525e-04 1.308478385908529162e-04
1.546101528219878674e-03 2.495706779882311821e-03 4.755418631248176098e-04 6.524095806526020169e-05 9.163335926132276654e-05 9.981307812267914414e-05
2.350650727748870850e-03 4.316814243793487549e-03 5.339499330148100853e-04 7.925936370156705379e-05 9.403308649780228734e-05 2.154506655642762780e-04
2.280398737639188766e-03 3.538605757057666779e-03 5.987214972265064716e-04 6.657339690718799829e-05 9.483578469371423125e-05 1.792862603906542063e-04
2.030506497249007225e-03 2.921999199315905571e-03 5.720247863791882992e-04 7.035434100544080138e-05 8.380248618777841330e-05 1.570261956658214331e-04
2.140193711966276169e-03 3.965401556342840195e-03 6.810096674598753452e-04 7.838386227376759052e-05 9.908703214023262262e-05 1.590356987435370684e-04
2.320026978850364685e-03 3.510012989863753319e-03 7.153748883865773678e-04 7.498608465539291501e-05 1.296255359193310142e-04 1.579885865794494748e-04
1.831435714848339558e-03 2.292889170348644257e-03 6.574913859367370605e-04 7.244644802995026112e-05 1.134268241003155708e-04 1.497322227805852890e-04
1.855817041359841824e-03 3.314725123345851898e-03 6.343638524413108826e-04 6.311188917607069016e-05 1.313106913585215807e-04 1.225818559760227799e-04
1.955343410372734070e-03 2.582790330052375793e-03 7.191213080659508705e-04 7.467364048352465034e-05 1.054534586728550494e-04 1.349205267615616322e-04
2.199209528043866158e-03 2.372626448050141335e-03 7.039885967969894409e-04 7.579346129205077887e-05 1.152659679064527154e-04 1.416205632267519832e-04
2.024463610723614693e-03 2.825176808983087540e-03 6.305021815933287144e-04 6.825190939707681537e-05 1.189504910144023597e-04 1.324322511209174991e-04
2.244721399620175362e-03 2.024113200604915619e-03 6.112996488809585571e-04 6.194104207679629326e-05 1.190021284855902195e-04 1.538538199383765459e-04
2.045324305072426796e-03 3.172292374074459076e-03 6.383027648553252220e-04 6.025200491421855986e-05 1.136233186116442084e-04 1.597916561877354980e-04
1.784052583388984203e-03 2.583278110250830650e-03 6.217641639523208141e-04 7.006362284300848842e-05 1.115541526814922690e-04 1.122149187722243369e-04
2.229507779702544212e-03 1.994579099118709564e-03 4.508821875788271427e-04 5.955055894446559250e-05 1.054571403074078262e-04 1.688957272563129663e-04
2.395061776041984558e-03 2.604162553325295448e-03 5.729593685828149319e-04 7.343731704168021679e-05 9.205422975355759263e-05 1.701992878224700689e-04
1.838251715525984764e-03 1.998651539906859398e-03 4.729675420094281435e-04 6.364739965647459030e-05 9.756383951753377914e-05 1.248846529051661491e-04
1.877673203125596046e-03 2.192075829952955246e-03 2.937548561021685600e-04 4.790469392901286483e-05 7.154871127568185329e-05 1.334196422249078751e-04
1.861789380200207233e-03 1.833013608120381832e-03 5.145308095961809158e-04 7.507302507292479277e-05 1.096076957765035331e-04 1.164969289675354958e-04
2.170878462493419647e-03 2.014377154409885406e-03 5.236866418272256851e-04 6.176534225232899189e-05 1.050484279403463006e-04 1.380255562253296375e-04
2.151740947738289833e-03 2.084725303575396538e-03 2.782307565212249756e-04 5.597705603577196598e-05 7.067028491292148829e-05 1.325069024460390210e-04
1.997918821871280670e-03 1.894461573101580143e-03 2.889778988901525736e-04 4.906534377369098365e-05 6.706372369080781937e-05 1.583088742336258292e-04
2.295364392921328545e-03 2.345976419746875763e-03 2.469610190019011497e-04 4.902246655547060072e-05 6.183279037941247225e-05 1.843319187173619866e-04
1.802659127861261368e-03 1.255773124285042286e-03 2.564810856711119413e-04 4.198743772576563060e-05 6.195925379870459437e-05 1.103217582567594945e-04
2.190516097471117973e-03 1.480036298744380474e-03 2.215991844423115253e-04 3.709364318638108671e-05 5.245292413746938109e-05 1.781180762918666005e-04
1.770637114532291889e-03 1.148431911133229733e-03 2.721091732382774353e-04 4.900947169517166913e-05 6.085554196033626795e-05 1.182528067147359252e-04
2.243978902697563171e-03 1.956653315573930740e-03 2.852975449059158564e-04 4.585132774082012475e-05 6.310483877314254642e-05 1.390350953442975879e-04
1.975147286430001259e-03 1.173137221485376358e-03 3.115923609584569931e-04 6.621268403250724077e-05 6.568338721990585327e-05 1.351676328340545297e-04
2.175397938117384911e-03 1.404945971444249153e-03 3.910753584932535887e-04 7.730452489340677857e-05 8.803771197563037276e-05 1.386915828334167600e-04
1.841438235715031624e-03 1.483681029640138149e-03 4.793507687281817198e-04 7.799708691891282797e-05 1.031231513479724526e-04 1.278263371204957366e-04
2.091296017169952393e-03 1.298247836530208588e-03 6.149618420749902725e-04 1.160903993877582252e-04 1.158024388132616878e-04 1.467836118536069989e-04
2.103182021528482437e-03 1.281684730201959610e-03 5.721336929127573967e-04 1.223904400831088424e-04 8.939529652707278728e-05 1.264559105038642883e-04
1.693494385108351707e-03 1.268902677111327648e-03 9.561501210555434227e-04 1.332055544480681419e-04 1.724815228953957558e-04 1.428868272341787815e-04
2.195883309468626976e-03 1.346499193459749222e-03 6.704282131977379322e-04 1.070685757440514863e-04 1.166229485534131527e-04 1.549736771266907454e-04
2.395581221207976341e-03 1.433629193343222141e-03 8.612254168838262558e-04 1.157384831458330154e-04 1.585311110829934478e-04 1.482642837800085545e-04
1.940959831699728966e-03 1.219738740473985672e-03 7.092523737810552120e-04 1.078515706467442214e-04 1.131451645051129162e-04 1.312635868089273572e-04
1.917851623147726059e-03 1.320426934398710728e-03 6.901673623360693455e-04 9.831673378357663751e-05 1.285887847188860178e-04 1.285088510485365987e-04
2.334327436983585358e-03 1.627130317501723766e-03 7.572812028229236603e-04 1.291262742597609758e-04 1.063925228663720191e-04 1.411511038895696402e-04
1.741868210956454277e-03 1.105667091906070709e-03 6.749526364728808403e-04 1.129210650105960667e-04 1.372268452541902661e-04 1.310956140514463186e-04
1.638709800317883492e-03 1.233498682267963886e-03 7.479362539015710354e-04 1.225191372213885188e-04 1.426585513399913907e-04 1.226553140440955758e-04
1.866374397650361061e-03 1.531045651063323021e-03 5.784173263236880302e-04 1.295195543207228184e-04 9.057544230017811060e-05 1.394337159581482410e-04
1.801054109819233418e-03 1.365311443805694580e-03 7.511763833463191986e-04 1.177086305688135326e-04 1.322929310845211148e-04 1.178126767626963556e-04
2.074094023555517197e-03 1.534275710582733154e-03 5.966952885501086712e-04 9.339016833109781146e-05 1.233226357726380229e-04 1.316037669312208891e-04
1.688508549705147743e-03 1.375140971504151821e-03 4.306954797357320786e-04 1.326438214164227247e-04 7.930412539280951023e-05 1.041514915414154530e-04
1.974157523363828659e-03 1.509058289229869843e-03 4.890070413239300251e-04 1.219260448124259710e-04 9.388182661496102810e-05 1.160311221610754728e-04
2.101553371176123619e-03 1.532177091576159000e-03 4.233241488691419363e-04 1.168194648926146328e-04 7.873391587054356933e-05 1.332948158960789442e-04
1.987757394090294838e-03 1.637949026189744473e-03 3.465807531028985977e-04 9.291696915170177817e-05 6.830756319686770439e-05 1.218502220581285655e-04
1.849810359999537468e-03 1.751570613123476505e-03 4.853989812545478344e-04 1.094784165616147220e-04 9.103610500460490584e-05 1.343315234407782555e-04
1.722327549941837788e-03 1.514647621661424637e-03 2.795757027342915535e-04 6.678773934254422784e-05 6.927807407919317484e-05 1.266064791707322001e-04
1.939145382493734360e-03 1.880722353234887123e-03 2.272886340506374836e-04 5.871471512364223599e-05 5.591689478023909032e-05 1.374238781863823533e-04
1.941892667673528194e-03 1.740953186526894569e-03 2.131323271896690130e-04 4.788711521541699767e-05 5.827677523484453559e-05 1.450993731850758195e-04
2.010915428400039673e-03 1.707633840851485729e-03 2.922795829363167286e-04 8.839496877044439316e-05 5.947372119408100843e-05 1.558861986268311739e-04
1.986702438443899155e-03 1.840888638980686665e-03 2.205523487646132708e-04 4.842178168473765254e-05 6.114951975177973509e-05 1.370848331134766340e-04
1.756490906700491905e-03 1.685933442786335945e-03 2.265347138745710254e-04 5.860706369276158512e-05 6.145640509203076363e-05 1.172962656710296869e-04
1.770789152942597866e-03 1.918327878229320049e-03 2.198181900894269347e-04 5.054608482168987393e-05 5.813401367049664259e-05 1.355487038381397724e-04
1.900494098663330078e-03 1.600836054421961308e-03 2.862143737729638815e-04 7.075969915604218841e-05 6.414113886421546340e-05 1.409420510753989220e-04
1.805467763915657997e-03 1.796667929738759995e-03 2.324055531062185764e-04 6.014533937559463084e-05 5.551456706598401070e-05 1.379560853820294142e-04
1.964585622772574425e-03 2.044050255790352821e-03 2.245091745862737298e-04 5.442346810013987124e-05 5.232705007074400783e-05 1.520043297205120325e-04
1.919361529871821404e-03 2.035888377577066422e-03 2.520550042390823364e-04 7.336758426390588284e-05 4.632165655493736267e-05 1.452227879781275988e-04
1.881823875010013580e-03 1.620493712835013866e-03 2.429454179946333170e-04 6.098057929193601012e-05 4.408665699884295464e-05 1.470447023166343570e-04
2.019388368353247643e-03 2.137063769623637199e-03 2.754573069978505373e-04 7.586196443298831582e-05 4.800553870154544711e-05 1.618307142052799463e-04
1.844274927861988544e-03 1.991478493437170982e-03 2.620797604322433472e-04 6.042811583029106259e-05 4.730861473944969475e-05 1.327979844063520432e-04
2.394314389675855637e-03 2.135040238499641418e-03 2.685455838218331337e-04 6.310519529506564140e-05 4.518203422776423395e-05 1.729524228721857071e-04
2.193107036873698235e-03 2.018992090597748756e-03 2.975701354444026947e-04 7.017488678684458137e-05 4.608865128830075264e-05 1.574823400005698204e-04
2.238683402538299561e-03 2.047952497377991676e-03 4.531549348030239344e-04 9.546957153361290693e-05 6.684230902465060353e-05 1.528793072793632746e-04
2.213563304394483566e-03 1.895402907393872738e-03 3.510967071633785963e-04 6.831175414845347404e-05 6.330932228593155742e-05 1.638492394704371691e-04
2.574763959273695946e-03 1.870643929578363895e-03 5.517824902199208736e-04 9.946212958311662078e-05 8.990693459054455161e-05 1.789899833966046572e-04
2.503910101950168610e-03 2.194566652178764343e-03 6.520484457723796368e-04 1.192778436234220862e-04 1.117952488129958510e-04 1.737880957080051303e-04
2.706272061914205551e-03 1.980326604098081589e-03 4.615413781721144915e-04 8.075388177530840039e-05 8.110969065455719829e-05 1.785751519491896033e-04
2.735553774982690811e-03 2.018713159486651421e-03 6.400615093298256397e-04 1.125610579038038850e-04 9.719973604660481215e-05 1.866531820269301534e-04
2.430253662168979645e-03 2.145997015759348869e-03 7.415895815938711166e-04 1.172498741652816534e-04 1.075748295988887548e-04 1.655789383221417665e-04
2.428838983178138733e-03 1.828160369768738747e-03 6.731026805937290192e-04 1.129262745962478220e-04 1.021889765979722142e-04 1.717519771773368120e-04
2.458901377394795418e-03 2.012840472161769867e-03 6.934346747584640980e-04 1.086965712602250278e-04 1.115490231313742697e-04 1.839570904849097133e-04
2.261863555759191513e-03 1.580690266564488411e-03 6.217791815288364887e-04 9.799097460927441716e-05 9.971493273042142391e-05 1.393313868902623653e-04
2.367591951042413712e-03 1.436842721886932850e-03 7.794741541147232056e-04 1.158910454250872135e-04 1.284065510844811797e-04 1.732478413032367826e-04
2.448163693770766258e-03 1.348924473859369755e-03 6.798080285079777241e-04 1.089041979867033660e-04 1.051100844051688910e-04 1.561845710966736078e-04
2.258579013869166374e-03 1.332334475591778755e-03 5.565817118622362614e-04 9.616107854526489973e-05 7.449728582287207246e-05 1.590430038049817085e-04
2.124628052115440369e-03 1.275993883609771729e-03 5.869900342077016830e-04 1.097854546969756484e-04 8.557712135370820761e-05 1.695225219009444118e-04
2.151451772078871727e-03 1.159759005531668663e-03 6.281831883825361729e-04 1.063157033058814704e-04 9.857466648099943995e-05 1.679384731687605381e-04
2.643336774781346321e-03 1.263138721697032452e-03 6.171488785184919834e-04 1.175344077637419105e-04 8.999246347229927778e-05 1.829285756684839725e-04
2.415834693238139153e-03 1.122433925047516823e-03 6.055506528355181217e-04 1.049469865392893553e-04 9.011047222884371877e-05 1.904063974507153034e-04
2.401963341981172562e-03 9.203181252814829350e-04 5.790608702227473259e-04 1.061814764398150146e-04 1.005847661872394383e-04 1.505687687313184142e-04
2.444502199068665504e-03 8.725849329493939877e-04 5.172663950361311436e-04 1.032049840432591736e-04 6.949940870981663465e-05 1.631619379622861743e-04
2.010060474276542664e-03 8.321338100358843803e-04 4.948228015564382076e-04 1.018769980873912573e-04 7.349515362875536084e-05 1.822179037844762206e-04
1.932479441165924072e-03 8.623959729447960854e-04 4.033595032524317503e-04 8.644000627100467682e-05 5.888609302928671241e-05 1.750682858983054757e-04
1.956125954166054726e-03 7.415425498038530350e-04 5.273960996419191360e-04 1.140028689405880868e-04 9.024233440868556499e-05 1.630168699193745852e-04
1.887719961814582348e-03 7.110160659067332745e-04 4.314452817197889090e-04 1.085828043869696558e-04 6.591858982574194670e-05 1.614570646779611707e-04
1.806090120226144791e-03 6.267884746193885803e-04 4.427259264048188925e-04 1.097198037314228714e-04 6.322085391730070114e-05 1.595329667907208204e-04
1.333371736109256744e-03 6.096265278756618500e-04 3.726301656570285559e-04 1.041283539962023497e-04 6.474358815466985106e-05 1.410470576956868172e-04
1.604226767085492611e-03 5.580822471529245377e-04 4.181209951639175415e-04 1.072705199476331472e-04 6.440122524509206414e-05 1.452259602956473827e-04
1.471210038289427757e-03 5.515347584150731564e-04 2.884536224883049726e-04 8.166542102117091417e-05 5.868542939424514771e-05 1.577856310177594423e-04
1.612907159142196178e-03 5.080775590613484383e-04 4.383334598969668150e-04 7.962608651723712683e-05 7.318304415093734860e-05 1.975422055693343282e-04
1.655356376431882381e-03 5.167355411686003208e-04 2.984375460073351860e-04 6.362016574712470174e-05 5.210213566897436976e-05 1.629335747566074133e-04
1.367623801343142986e-03 4.556784115266054869e-04 2.892828197218477726e-04 6.316969665931537747e-05 5.131993748364038765e-05 1.279765419894829392e-04
1.303668366745114326e-03 4.119244695175439119e-04 3.172408323734998703e-04 7.273727533174678683e-05 5.968586992821656168e-05 1.150808166130445898e-04
1.703648013062775135e-03 5.521019920706748962e-04 2.647265791893005371e-04 7.070651190588250756e-05 4.513881867751479149e-05 1.260613062186166644e-04
1.840836484916508198e-03 6.116498843766748905e-04 2.946286404039710760e-04 6.149911496322602034e-05 5.660499664372764528e-05 1.386575604556128383e-04
1.651633880101144314e-03 5.843109684064984322e-04 2.544595918152481318e-04 6.339779793052002788e-05 4.579595042741857469e-05 1.184756765724159777e-04
2.083561150357127190e-03 7.303485763259232044e-04 3.391648351680487394e-04 7.873489812482148409e-05 5.512016650754958391e-05 1.056201435858383775e-04
2.028454095125198364e-03 7.547950954176485538e-04 3.190989664290100336e-04 7.288177584996446967e-05 5.367800622479990125e-05 1.098069187719374895e-04
1.862451783381402493e-03 8.079771650955080986e-04 3.128193493466824293e-04 7.974503387231379747e-05 4.577944491757079959e-05 1.201235063490457833e-04
2.085301559418439865e-03 8.519077673554420471e-04 3.458644205238670111e-04 8.182728197425603867e-05 5.278848038869909942e-05 1.116201601689681411e-04
2.104272600263357162e-03 9.734685881994664669e-04 3.408866759855300188e-04 9.505068737780675292e-05 4.579693631967529655e-05 1.189401591545902193e-04
2.068891888484358788e-03 9.223929373547434807e-04 3.536419244483113289e-04 9.114530257647857070e-05 5.369004065869376063e-05 1.014501031022518873e-04
1.846184721216559410e-03 9.610990528017282486e-04 3.828849003184586763e-04 8.417193021159619093e-05 6.423555896617472172e-05 1.045738026732578874e-04
2.134663518518209457e-03 1.022149226628243923e-03 4.576301143970340490e-04 6.705602572765201330e-05 8.157973206834867597e-05 1.322424213867634535e-04
1.810164074413478374e-03 8.897774969227612019e-04 2.940285485237836838e-04 7.138496584957465529e-05 5.116479951539076865e-05 1.222643040819093585e-04
2.475740388035774231e-03 1.070724218152463436e-03 4.790430248249322176e-04 7.719015411566942930e-05 8.752832218306139112e-05 1.178900201921351254e-04
2.189028309658169746e-03 9.953434346243739128e-04 3.926457138732075691e-04 6.696146010654047132e-05 5.937022797297686338e-05 1.180543476948514581e-04
2.244476694613695145e-03 9.997852612286806107e-04 3.841503930743783712e-04 7.018023461569100618e-05 6.252686580410227180e-05 1.167847149190492928e-04
2.523621311411261559e-03 9.591273264959454536e-04 4.291389486752450466e-04 8.012208127183839679e-05 7.344150799326598644e-05 1.214545700349844992e-04
2.246124669909477234e-03 9.727574069984257221e-04 2.325144014321267605e-04 4.968384018866345286e-05 4.005860319011844695e-05 1.333032705588266253e-04
2.100737066939473152e-03 8.576776017434895039e-04 2.143918100045993924e-04 4.671362694352865219e-05 4.014125806861557066e-05 1.176627920358441770e-04
2.141369972378015518e-03 9.301583631895482540e-04 2.151327498722821474e-04 5.017743023927323520e-05 4.258598346496000886e-05 1.193178468383848667e-04
2.419760217890143394e-03 8.273982675746083260e-04 2.430565509712323546e-04 5.159459760761819780e-05 4.452620851225219667e-05 1.220610574819147587e-04
2.098403638228774071e-03 8.528319303877651691e-04 2.267947857035323977e-04 4.079909558640792966e-05 4.473023000173270702e-05 1.199174876092001796e-04
2.125568222254514694e-03 8.819708600640296936e-04 2.418390795355662704e-04 4.661398634198121727e-05 4.880041160504333675e-05 1.113030011765658855e-04
2.152107888832688332e-03 7.085643010213971138e-04 2.660762693267315626e-04 5.464598871185444295e-05 5.004464037483558059e-05 9.065551421372219920e-05
2.439655130729079247e-03 8.022945839911699295e-04 2.645818458404392004e-04 5.431799581856466830e-05 5.585562030319124460e-05 1.316336711170151830e-04
1.897395239211618900e-03 7.572565227746963501e-04 2.900028193835169077e-04 7.751119846943765879e-05 7.967973215272650123e-05 1.103074027923867106e-04
2.067991299554705620e-03 7.958780042827129364e-04 2.581212029326707125e-04 8.105778397293761373e-05 7.254309457493945956e-05 1.071266233338974416e-04
1.918893307447433472e-03 6.683779647573828697e-04 3.170124546159058809e-04 8.030458411667495966e-05 6.991300324443727732e-05 9.828888141782954335e-05
1.949806348420679569e-03 7.016713498160243034e-04 2.716055605560541153e-04 5.810326547361910343e-05 5.552245056605897844e-05 1.043202864821068943e-04
2.056728117167949677e-03 6.942406180314719677e-04 2.734109875746071339e-04 5.960603084531612694e-05 5.136538311489857733e-05 1.150114549091085792e-04
