1.477350760251283646e-02 5.929810460656881332e-03 7.758505176752805710e-03 8.926424779929220676e-04 1.172704156488180161e-03 4.562300746329128742e-04
2.338841371238231659e-02 9.270210750401020050e-03 6.287562660872936249e-03 6.595427403226494789e-04 7.629818865098059177e-04 7.784849731251597404e-04
1.621867343783378601e-02 5.690597929060459137e-03 6.560190580785274506e-03 6.948272348381578922e-04 8.144582388922572136e-04 5.864980630576610565e-04
1.657817885279655457e-02 7.619081065058708191e-03 6.861987058073282242e-03 7.225699373520910740e-04 8.482901612296700478e-04 6.971085094846785069e-04
2.037622593343257904e-02 7.578538730740547180e-03 7.234008051455020905e-03 7.300619035959243774e-04 8.372707525268197060e-04 5.776409525424242020e-04
1.998136937618255615e-02 8.541190065443515778e-03 7.655496709048748016e-03 8.077785605564713478e-04 1.023615710437297821e-03 9.498946601524949074e-04
2.229651249945163727e-02 6.659736391156911850e-03 7.167995907366275787e-03 7.435445440933108330e-04 7.067946717143058777e-04 8.226851350627839565e-04
1.605553366243839264e-02 5.928230937570333481e-03 7.554414216428995132e-03 7.520798826590180397e-04 8.513255743309855461e-04 5.443583941087126732e-04
2.252650260925292969e-02 8.673372678458690643e-03 7.021215744316577911e-03 7.068698760122060776e-04 8.286709780804812908e-04 9.931550594046711922e-04
2.019198425114154816e-02 8.321296423673629761e-03 6.712011527270078659e-03 6.869473145343363285e-04 8.249272941611707211e-04 7.949138525873422623e-04
2.871162630617618561e-02 9.683908894658088684e-03 7.860434241592884064e-03 7.686247117817401886e-04 8.244117489084601402e-04 8.356734761036932468e-04
6.712041795253753662e-02 1.645304448902606964e-02 1.015554461628198624e-02 1.142481691204011440e-03 8.375558536499738693e-04 1.678395899944007397e-03
1.833601668477058411e-02 7.900760509073734283e-03 7.971335202455520630e-03 8.564757881686091423e-04 7.908857078291475773e-04 6.778148235753178596e-04
1.999201253056526184e-02 9.260063990950584412e-03 7.436493877321481705e-03 7.744996692053973675e-04 8.150693029165267944e-04 9.861655998975038528e-04
1.727072149515151978e-02 8.624671027064323425e-03 7.105663418769836426e-03 7.010816480033099651e-04 7.611088803969323635e-04 7.785714697092771530e-04
2.027636580169200897e-02 8.697681128978729248e-03 6.971918046474456787e-03 7.175391656346619129e-04 7.756320410408079624e-04 9.665240650065243244e-04
2.667288668453693390e-02 7.286723703145980835e-03 7.370257750153541565e-03 7.056413451209664345e-04 7.992918253876268864e-04 1.092079328373074532e-03
4.265577346086502075e-02 1.552585139870643616e-02 8.820167742669582367e-03 9.895389666780829430e-04 9.895478142425417900e-04 1.370822428725659847e-03
2.163749001920223236e-02 8.443431928753852844e-03 7.164389360696077347e-03 7.413998828269541264e-04 7.248513284139335155e-04 1.053625368513166904e-03
2.375110983848571777e-02 7.297670468688011169e-03 7.379318121820688248e-03 7.595444330945611000e-04 8.099885308183729649e-04 7.796743884682655334e-04
1.454465370625257492e-02 7.051157299429178238e-03 7.599981501698493958e-03 6.959748570807278156e-04 7.186311413533985615e-04 8.976347744464874268e-04
1.568323373794555664e-02 7.310582324862480164e-03 7.340562995523214340e-03 7.777350838296115398e-04 7.187483715824782848e-04 6.855101091787219048e-04
2.073922008275985718e-02 8.684175089001655579e-03 7.435294333845376968e-03 7.480966742150485516e-04 8.059849496930837631e-04 7.625131402164697647e-04
1.687109097838401794e-02 5.966431461274623871e-03 7.238823454827070236e-03 7.335221744142472744e-04 8.439137018285691738e-04 8.172682719305157661e-04
1.316739432513713837e-02 8.030426688492298126e-03 8.012108504772186279e-03 7.612414774484932423e-04 7.963543175719678402e-04 8.429699810221791267e-04
1.881189085543155670e-02 7.482664193958044052e-03 7.340452633798122406e-03 7.351290551014244556e-04 8.155038231052458286e-04 8.401802042499184608e-04
1.974076405167579651e-02 7.730528712272644043e-03 7.460586261004209518e-03 7.480162312276661396e-04 8.353947196155786514e-04 1.011855318211019039e-03
2.815670147538185120e-02 8.649559691548347473e-03 7.351918611675500870e-03 7.709095953032374382e-04 8.140080608427524567e-04 7.786421920172870159e-04
1.440365519374608994e-02 7.628429215401411057e-03 7.109069265425205231e-03 7.914750021882355213e-04 8.342969231307506561e-04 8.451795438304543495e-04
1.397239975631237030e-02 7.342772558331489563e-03 6.960649043321609497e-03 7.208625320345163345e-04 8.077844977378845215e-04 8.255197317339479923e-04
3.339038789272308350e-02 1.654206775128841400e-02 7.001616526395082474e-03 7.502303342334926128e-04 9.547696681693196297e-04 1.251478213816881180e-03
2.717482484877109528e-02 6.540416274219751358e-03 6.634888239204883575e-03 6.851746002212166786e-04 7.957937195897102356e-04 8.946983143687248230e-04
2.231846749782562256e-02 7.047085091471672058e-03 6.407066248357295990e-03 6.280220695771276951e-04 8.129423367790877819e-04 1.203781692311167717e-03
1.867078244686126709e-02 7.872147485613822937e-03 7.919857278466224670e-03 8.498878451064229012e-04 9.029488428495824337e-04 1.132994308136403561e-03
2.357095107436180115e-02 8.864672854542732239e-03 6.411081179976463318e-03 6.909270887263119221e-04 9.064123732969164848e-04 1.036294037476181984e-03
1.816761121153831482e-02 7.810408249497413635e-03 6.854527629911899567e-03 7.427138625644147396e-04 7.922232034616172314e-04 7.766270427964627743e-04
1.694959960877895355e-02 5.859816912561655045e-03 6.832456681877374649e-03 7.212776690721511841e-04 9.377198293805122375e-04 7.647549500688910484e-04
2.244146168231964111e-02 1.288402639329433441e-02 6.697808858007192612e-03 6.805171724408864975e-04 9.291957831010222435e-04 1.676126383244991302e-03
2.028487436473369598e-02 1.088767033070325851e-02 6.649169605225324631e-03 6.931283860467374325e-04 9.298788500018417835e-04 1.404222799465060234e-03
1.860628835856914520e-02 5.967006087303161621e-03 6.448345724493265152e-03 6.606311071664094925e-04 8.806705591268837452e-04 1.336137065663933754e-03
2.113330177962779999e-02 6.105439271777868271e-03 6.890499964356422424e-03 7.275301031768321991e-04 8.443835540674626827e-04 1.110100885853171349e-03
2.685648575425148010e-02 6.353741511702537537e-03 7.066140882670879364e-03 7.013262365944683552e-04 9.785336442291736603e-04 1.157678780145943165e-03
1.792170293629169464e-02 6.961614359170198441e-03 7.461066823452711105e-03 8.270599064417183399e-04 8.166086627170443535e-04 8.303849026560783386e-04
1.086703781038522720e-02 7.682544179260730743e-03 6.512317806482315063e-03 6.665813270956277847e-04 9.540031314827501774e-04 8.750187698751688004e-04
1.412272825837135315e-02 6.353755481541156769e-03 6.082586478441953659e-03 6.226419936865568161e-04 7.226500310935080051e-04 1.036116853356361389e-03
3.162765875458717346e-02 8.046688511967658997e-03 6.127729080617427826e-03 5.986196338199079037e-04 8.149339118972420692e-04 1.013326225802302361e-03
1.587146148085594177e-02 6.449098698794841766e-03 5.999156739562749863e-03 5.938470130786299706e-04 7.209723698906600475e-04 1.127690076828002930e-03
1.322052348405122757e-02 6.761807482689619064e-03 6.677883211523294449e-03 6.965784705244004726e-04 8.027122821658849716e-04 1.044817967340350151e-03
1.458605378866195679e-02 8.986471220850944519e-03 5.739096086472272873e-03 6.029760697856545448e-04 9.096440626308321953e-04 1.032037776894867420e-03
3.169684112071990967e-02 7.119432091712951660e-03 6.290508899837732315e-03 6.591496057808399200e-04 8.001968963071703911e-04 1.105907023884356022e-03
3.512298315763473511e-02 8.885498158633708954e-03 5.605269223451614380e-03 5.996387917548418045e-04 7.001465419307351112e-04 1.711966469883918762e-03
3.179942071437835693e-02 8.763668127357959747e-03 5.660399328917264938e-03 5.788116832263767719e-04 7.452966528944671154e-04 1.169135328382253647e-03
3.282010182738304138e-02 1.013468857854604721e-02 6.047490984201431274e-03 6.010940996930003166e-04 7.709386409260332584e-04 1.185097033157944679e-03
2.330808714032173157e-02 1.677282713353633881e-02 5.752685014158487320e-03 5.478213424794375896e-04 8.120741695165634155e-04 1.836666720919311047e-03
4.009472951292991638e-02 7.816161029040813446e-03 6.546849384903907776e-03 6.476516136899590492e-04 9.689502185210585594e-04 1.594531466253101826e-03
4.454695060849189758e-02 8.163667283952236176e-03 6.087133195251226425e-03 6.233398453332483768e-04 8.457626099698245525e-04 1.432427554391324520e-03
3.663021698594093323e-02 7.399839349091053009e-03 5.853435024619102478e-03 5.951285129413008690e-04 8.780766511335968971e-04 1.037140958942472935e-03
3.884642571210861206e-02 6.981862708926200867e-03 5.705885123461484909e-03 5.755141028203070164e-04 7.067896658554673195e-04 9.140392648987472057e-04
3.676886856555938721e-02 1.123690046370029449e-02 5.965623538941144943e-03 6.130620022304356098e-04 8.589326753281056881e-04 1.257328200154006481e-03
4.796770960092544556e-02 6.923218723386526108e-03 6.464256905019283295e-03 6.306998548097908497e-04 9.819989791139960289e-04 1.283154240809381008e-03
2.110979519784450531e-02 6.862048525363206863e-03 5.771388765424489975e-03 5.745652015320956707e-04 6.686273263767361641e-04 8.695471915416419506e-04
4.424539208412170410e-02 8.358871564269065857e-03 6.625089328736066818e-03 6.278337095864117146e-04 9.197992039844393730e-04 1.457878155633807182e-03
8.165793865919113159e-02 1.101106032729148865e-02 6.157533731311559677e-03 5.991436191834509373e-04 9.224041132256388664e-04 1.369915320537984371e-03
3.717740625143051147e-02 8.873979561030864716e-03 6.810590159147977829e-03 6.581356283277273178e-04 8.944481378421187401e-04 1.380217610858380795e-03
4.540444537997245789e-02 1.137976720929145813e-02 6.513275671750307083e-03 6.220762152224779129e-04 8.931468473747372627e-04 1.534856739453971386e-03
1.935616508126258850e-02 7.238176651298999786e-03 6.673577241599559784e-03 6.814756197854876518e-04 8.625036571174860001e-04 8.483665296807885170e-04
1.477031223475933075e-02 5.800556857138872147e-03 6.433815229684114456e-03 6.165883969515562057e-04 8.020523237064480782e-04 1.049881451763212681e-03
3.041195124387741089e-02 7.673388812690973282e-03 6.641130894422531128e-03 6.393533549271523952e-04 8.839176152832806110e-04 8.684719796292483807e-04
1.851045712828636169e-02 7.950567640364170074e-03 6.195565685629844666e-03 5.968870827928185463e-04 8.475185022689402103e-04 1.050990307703614235e-03
2.438612096011638641e-02 7.537085562944412231e-03 7.148821838200092316e-03 6.577587919309735298e-04 9.728604927659034729e-04 1.160634215921163559e-03
1.867339015007019043e-02 7.253435440361499786e-03 6.989568937569856644e-03 6.414359668269753456e-04 8.190579828806221485e-04 1.007964368909597397e-03
1.935097947716712952e-02 5.353346001356840134e-03 6.831946317106485367e-03 6.361902342177927494e-04 8.086636080406606197e-04 8.333719451911747456e-04
1.784747838973999023e-02 6.258404813706874847e-03 7.032139692455530167e-03 6.269236328080296516e-04 9.041985613293945789e-04 8.540828130207955837e-04
2.624481357634067535e-02 6.836683489382266998e-03 6.325607188045978546e-03 5.738699692301452160e-04 7.657614187337458134e-04 1.307334168814122677e-03
2.972258813679218292e-02 1.161312311887741089e-02 6.054604426026344299e-03 6.086786743253469467e-04 9.304692503064870834e-04 1.503003179095685482e-03
2.989125438034534454e-02 6.865130271762609482e-03 6.568525917828083038e-03 6.444999016821384430e-04 9.802806889638304710e-04 8.302911301143467426e-04
2.437141351401805878e-02 6.534513551741838455e-03 6.563771981745958328e-03 6.140891928225755692e-04 8.772276341915130615e-04 9.404677548445761204e-04
2.044892497360706329e-02 8.086333982646465302e-03 6.682606879621744156e-03 6.330529577098786831e-04 9.622424840927124023e-04 1.034784247167408466e-03
2.321125380694866180e-02 8.237945847213268280e-03 6.854596547782421112e-03 6.925020716153085232e-04 1.360212685540318489e-03 1.414430909790098667e-03
5.706172063946723938e-02 4.198267683386802673e-02 7.026679348200559616e-03 6.688183057121932507e-04 1.064870273694396019e-03 2.203278709203004837e-03
2.367784641683101654e-02 9.547943249344825745e-03 6.807693280279636383e-03 6.871403311379253864e-04 1.264554099179804325e-03 1.435283455066382885e-03
1.739508658647537231e-02 9.192191064357757568e-03 6.071427837014198303e-03 6.408639601431787014e-04 1.163600478321313858e-03 9.880452416837215424e-04
4.502760618925094604e-02 1.192965358495712280e-02 6.179548334330320358e-03 6.312071345746517181e-04 1.011181971989572048e-03 1.326208468526601791e-03
4.829088598489761353e-02 1.862008869647979736e-02 6.301037501543760300e-03 6.247321143746376038e-04 9.983320487663149834e-04 1.441469416022300720e-03
6.255830079317092896e-02 1.533284597098827362e-02 6.879162974655628204e-03 6.786986486986279488e-04 1.021740259602665901e-03 1.445651287212967873e-03
2.264228276908397675e-02 1.404450833797454834e-02 6.612983066588640213e-03 6.325544090941548347e-04 1.075198408216238022e-03 1.210849266499280930e-03
1.500251982361078262e-02 1.235771737992763519e-02 6.462965626269578934e-03 6.527361692860722542e-04 1.032331143505871296e-03 1.176977762952446938e-03
2.981792390346527100e-02 1.549458224326372147e-02 7.201303262263536453e-03 6.589416298083961010e-04 1.132831908762454987e-03 1.645281794480979443e-03
1.291924901306629181e-02 1.567406952381134033e-02 7.164677139371633530e-03 6.559721077792346478e-04 1.227423199452459812e-03 1.198217505589127541e-03
3.095230646431446075e-02 2.140308916568756104e-02 7.000353652983903885e-03 6.367219029925763607e-04 1.050218008458614349e-03 2.836151514202356339e-03
1.505266595631837845e-02 1.234387047588825226e-02 7.175056729465723038e-03 6.443961174227297306e-04 9.855576790869235992e-04 1.121658482588827610e-03
3.047513030469417572e-02 1.217698305845260620e-02 7.596011273562908173e-03 6.903442554175853729e-04 1.118557411246001720e-03 1.766144763678312302e-03
2.995848841965198517e-02 1.922851428389549255e-02 7.357894908636808395e-03 6.788258906453847885e-04 1.153300632722675800e-03 1.307265949435532093e-03
2.007244154810905457e-02 1.094735506922006607e-02 7.252036128193140030e-03 6.493233959190547466e-04 9.707559947855770588e-04 1.460116356611251831e-03
2.799734286963939667e-02 1.321276091039180756e-02 7.363363634794950485e-03 6.682927487418055534e-04 1.027485122904181480e-03 1.109446282498538494e-03
6.130730360746383667e-02 1.453008595854043961e-02 7.460857275873422623e-03 6.778062088415026665e-04 1.050490420311689377e-03 1.813186448998749256e-03
1.994643546640872955e-02 1.229292713105678558e-02 7.786331232637166977e-03 6.906802882440388203e-04 1.132626202888786793e-03 9.594425791874527931e-04
1.965347118675708771e-02 1.686418801546096802e-02 7.493857294321060181e-03 6.679705111309885979e-04 1.011360203847289085e-03 1.524052117019891739e-03
3.508162498474121094e-02 1.477861031889915466e-02 6.524194497615098953e-03 5.286875530146062374e-04 9.260052465833723545e-04 2.087711822241544724e-03
2.474413067102432251e-02 2.209544181823730469e-02 7.245451211929321289e-03 6.316915969364345074e-04 1.046654768288135529e-03 1.646654796786606312e-03
3.618611767888069153e-02 1.965909451246261597e-02 7.516174577176570892e-03 6.855000974610447884e-04 1.028333441354334354e-03 1.434074831195175648e-03
2.081645280122756958e-02 1.374602876603603363e-02 7.290680892765522003e-03 6.011844379827380180e-04 9.538546437397599220e-04 9.549966780468821526e-04
3.111173398792743683e-02 2.027320861816406250e-02 8.860659785568714142e-03 7.487363182008266449e-04 1.157175051048398018e-03 1.065362244844436646e-03
3.085480071604251862e-02 2.377430163323879242e-02 7.713095750659704208e-03 6.995240692049264908e-04 9.816981619223952293e-04 1.517332042567431927e-03
3.982827067375183105e-02 1.854741014540195465e-02 8.393418043851852417e-03 6.901994929648935795e-04 1.038026181049644947e-03 1.469350885599851608e-03
2.987662330269813538e-02 2.085902728140354156e-02 8.036166429519653320e-03 7.092466112226247787e-04 1.221132581122219563e-03 1.302142860367894173e-03
7.720229029655456543e-02 2.597991749644279480e-02 8.604806847870349884e-03 7.507189293392002583e-04 1.222862047143280506e-03 2.671381225809454918e-03
2.995410002768039703e-02 1.622708141803741455e-02 8.366554975509643555e-03 7.625881116837263107e-04 1.041367766447365284e-03 1.688795397058129311e-03
1.955288834869861603e-02 2.198510058224201202e-02 8.685113862156867981e-03 7.824562489986419678e-04 1.052781008183956146e-03 1.193460426293313503e-03
3.682576492428779602e-02 2.323063835501670837e-02 8.573804050683975220e-03 7.764797192066907883e-04 1.072604907676577568e-03 1.593696768395602703e-03
1.887431554496288300e-02 1.604144833981990814e-02 9.147608652710914612e-03 8.607191266492009163e-04 1.163708278909325600e-03 1.338239060714840889e-03
2.301765978336334229e-02 1.661385409533977509e-02 9.356824681162834167e-03 9.285293053835630417e-04 1.111660967580974102e-03 1.416613580659031868e-03
4.542513936758041382e-02 3.354094550013542175e-02 9.548902511596679688e-03 1.020553405396640301e-03 1.144843874499201775e-03 2.270649885758757591e-03
5.814412981271743774e-02 2.841550670564174652e-02 9.616699069738388062e-03 9.232704178430140018e-04 1.124824164435267448e-03 2.082379534840583801e-03
8.088171482086181641e-03 3.013608418405056000e-02 9.547472931444644928e-03 9.497032151557505131e-04 1.274190843105316162e-03 2.180751413106918335e-03
7.330967579036951065e-03 1.343038771301507950e-02 9.497715160250663757e-03 9.546758956275880337e-04 9.764666901901364326e-04 1.171416137367486954e-03
6.354351341724395752e-02 1.438420824706554413e-02 1.029240526258945465e-02 1.045605400577187538e-03 1.242458587512373924e-03 1.888161641545593739e-03
5.324412602931261063e-03 1.052123960107564926e-02 9.806264191865921021e-03 1.025121659040451050e-03 1.015591318719089031e-03 9.636919130571186543e-04
7.015516515821218491e-03 2.611422725021839142e-02 9.928468614816665649e-03 1.024363911710679531e-03 1.249453867785632610e-03 1.480529783293604851e-03
5.810467060655355453e-03 2.447527833282947540e-02 1.008965261280536652e-02 1.054151449352502823e-03 1.062960247509181499e-03 9.477234561927616596e-04
7.728552445769309998e-03 3.082031570374965668e-02 9.827922098338603973e-03 1.063955714926123619e-03 9.938236325979232788e-04 1.690500765107572079e-03
1.021707244217395782e-02 2.935240976512432098e-02 9.261859580874443054e-03 9.627665276639163494e-04 1.249808818101882935e-03 1.711048302240669727e-03
9.835539385676383972e-03 1.871127262711524963e-02 1.249571237713098526e-02 1.398042426444590092e-03 1.070092897862195969e-03 1.688326825387775898e-03
9.638596326112747192e-03 2.037999406456947327e-02 1.026994828134775162e-02 1.181377097964286804e-03 1.125043025240302086e-03 1.514489762485027313e-03
