2.219054382294416428e-03 1.902122399769723415e-03 1.680949499132111669e-04 3.042963180632796139e-05 3.551154804881662130e-05 1.952432940015569329e-04
2.730481093749403954e-03 1.958827720955014229e-03 1.572415785631164908e-04 2.724708792811725289e-05 3.370652120793238282e-05 2.226564247393980622e-04
3.134527942165732384e-03 2.356068929657340050e-03 1.782593317329883575e-04 2.916999255830887705e-05 3.587410537875257432e-05 2.728749241214245558e-04
3.177687060087919235e-03 3.058743895962834358e-03 2.064016298390924931e-04 2.947583379864227027e-05 4.320494917919859290e-05 2.502703282516449690e-04
3.686814568936824799e-03 2.367401495575904846e-03 2.339213242521509528e-04 3.297884177300147712e-05 4.821349284611642361e-05 2.140471915481612086e-04
3.412007354199886322e-03 3.312084591016173363e-03 2.425055281491950154e-04 3.477181235211901367e-05 4.527452256297692657e-05 2.798630448523908854e-04
2.985797123983502388e-03 2.663206309080123901e-03 1.982659450732171535e-04 3.062589894398115575e-05 4.765042467624880373e-05 2.809898869600147009e-04
2.611773088574409485e-03 3.429788164794445038e-03 1.938805362442508340e-04 3.317214213893748820e-05 4.408297900226898491e-05 2.222992625320330262e-04
2.183953067287802696e-03 3.471633186563849449e-03 1.967101561604067683e-04 3.329270111862570047e-05 5.093233994557522237e-05 2.306827955180779099e-04
2.405896084383130074e-03 2.333422657102346420e-03 2.098207187373191118e-04 3.596088572521694005e-05 4.988272849004715681e-05 2.402544487267732620e-04
3.269100328907370567e-03 3.935477696359157562e-03 2.067219757009297609e-04 3.671264857985079288e-05 4.947034540236927569e-05 2.634126867633312941e-04
3.248785855248570442e-03 4.283315502107143402e-03 1.784794294508174062e-04 3.445858965278603137e-05 4.454578811419196427e-05 1.919794303830713034e-04
2.544637303799390793e-03 2.338123973459005356e-03 1.843294448917731643e-04 3.397455657250247896e-05 3.611195643316023052e-05 2.415119670331478119e-04
2.745014848187565804e-03 4.697534721344709396e-03 2.231394173577427864e-04 3.515391654218547046e-05 5.072296698926948011e-05 2.237899316241964698e-04
3.328977152705192566e-03 3.164369380101561546e-03 1.940320071298629045e-04 3.239463694626465440e-05 4.427017483976669610e-05 2.782976371236145496e-04
2.209620084613561630e-03 3.156320890411734581e-03 1.967886055354028940e-04 3.328224556753411889e-05 3.609207124100066721e-05 2.043374261120334268e-04
3.196599194779992104e-03 2.695699920877814293e-03 1.862010540207847953e-04 3.294085036031901836e-05 4.142835678067058325e-05 2.134844544343650341e-04
3.599728923290967941e-03 4.827889148145914078e-03 1.960045774467289448e-04 3.640192880993708968e-05 4.615365469362586737e-05 2.777266781777143478e-04
2.683985512703657150e-03 4.697731230407953262e-03 2.403969410806894302e-04 4.507036283030174673e-05 5.147006231709383428e-05 3.131554112769663334e-04
2.016370417550206184e-03 4.073636140674352646e-03 1.998402149183675647e-04 3.766286681639030576e-05 4.681841528508812189e-05 2.185090561397373676e-04
1.832472160458564758e-03 3.795773489400744438e-03 1.870820415206253529e-04 3.867913255817256868e-05 3.746362563106231391e-05 1.750863884808495641e-04
3.474806668236851692e-03 4.087451845407485962e-03 2.028111339313909411e-04 3.799891055678017437e-05 4.350707968114875257e-05 2.914149081334471703e-04
2.809813013300299644e-03 2.927929395809769630e-03 1.755742123350501060e-04 3.543435013853013515e-05 3.221815495635382831e-05 2.561103610787540674e-04
1.981211826205253601e-03 4.043110646307468414e-03 1.853582070907577872e-04 4.427757812663912773e-05 3.925704368157312274e-05 1.893806620500981808e-04
2.977288793772459030e-03 2.624361077323555946e-03 1.610097824595868587e-04 3.403570735827088356e-05 3.408800330362282693e-05 2.110658097080886364e-04
3.285785671323537827e-03 3.569913329556584358e-03 1.771031238604336977e-04 3.815752643276937306e-05 3.390636629774235189e-05 3.042606695089489222e-04
2.837095875293016434e-03 3.281492739915847778e-03 1.617146044736728072e-04 3.150820339214988053e-05 3.388709956197999418e-05 2.340439823456108570e-04
3.477444872260093689e-03 3.804237581789493561e-03 1.866498350864276290e-04 3.794868098339065909e-05 3.609302439144812524e-05 2.092932554660364985e-04
3.311175853013992310e-03 2.364913467317819595e-03 1.830659894039854407e-04 3.356546949362382293e-05 3.926893987227231264e-05 2.385874249739572406e-04
2.337374258786439896e-03 3.570240223780274391e-03 1.606578298378735781e-04 2.788119127217214555e-05 3.232310700695961714e-05 2.228573575848713517e-04
2.566495444625616074e-03 3.299756441265344620e-03 1.588983141118660569e-04 3.703521360876038671e-05 3.448656207183375955e-05 2.179446601076051593e-04
2.746439771726727486e-03 3.955244086682796478e-03 1.693020894890651107e-04 4.051562791573815048e-05 3.377487155376002192e-05 2.446449361741542816e-04
2.829223172739148140e-03 2.921332139521837234e-03 1.608769234735518694e-04 3.264484621468000114e-05 3.897599526681005955e-05 1.757022400852292776e-04
3.457073122262954712e-03 4.142776597291231155e-03 1.690750796115025878e-04 3.577096867957152426e-05 3.389551056898199022e-05 2.643674379214644432e-04
3.196242498233914375e-03 3.693469567224383354e-03 1.597827358637005091e-04 3.182515138178132474e-05 3.136386658297851682e-05 2.928567992057651281e-04
2.605020767077803612e-03 3.312108339741826057e-03 1.621156261535361409e-04 3.286317223682999611e-05 3.468894283287227154e-05 2.125438040820881724e-04
2.616833429783582687e-03 2.659517573192715645e-03 1.578171504661440849e-04 3.283214027760550380e-05 3.421088695176877081e-05 1.999347732635214925e-04
3.139632754027843475e-03 3.808170091360807419e-03 1.794491690816357732e-04 3.859454591292887926e-05 4.085333421244286001e-05 1.990470045711845160e-04
2.368317218497395515e-03 3.024468431249260902e-03 1.735777477733790874e-04 3.189743802067823708e-05 4.067233385285362601e-05 1.775730343069881201e-04
3.113230457529425621e-03 3.152152756229043007e-03 1.927350531332194805e-04 3.754656790988519788e-05 4.468650877242907882e-05 2.522457216400653124e-04
2.610659925267100334e-03 2.323415596038103104e-03 1.476100587751716375e-04 2.735612179094459862e-05 3.944399577449075878e-05 2.117163821822032332e-04
2.109840977936983109e-03 2.559766173362731934e-03 1.507649867562577128e-04 2.898059210565406829e-05 3.634898166637867689e-05 1.869072584668174386e-04
3.216221928596496582e-03 2.684912877157330513e-03 1.634762738831341267e-04 3.122529233223758638e-05 3.601505522965453565e-05 2.912741038016974926e-04
2.730348380282521248e-03 2.593478653579950333e-03 1.516395714133977890e-04 3.006018778251018375e-05 3.393529550521634519e-05 2.804061514325439930e-04
2.728726016357541084e-03 2.414536196738481522e-03 1.408412354066967964e-04 3.069772355956956744e-05 3.171477146679535508e-05 2.467776648700237274e-04
3.121449844911694527e-03 2.792978426441550255e-03 1.446475362172350287e-04 3.187518450431525707e-05 3.151034616166725755e-05 2.976726973429322243e-04
2.796696498990058899e-03 2.516739070415496826e-03 1.707109040580689907e-04 3.733957055374048650e-05 3.839430428342893720e-05 2.365532272960990667e-04
2.785187913104891777e-03 2.358101075515151024e-03 1.432898570783436298e-04 3.009046849911101162e-05 3.043277502001728863e-05 2.415387862129136920e-04
2.973115304484963417e-03 1.883286866359412670e-03 1.625087461434304714e-04 3.280512100900523365e-05 3.503984044073149562e-05 2.721981436479836702e-04
3.044523997232317924e-03 2.728479215875267982e-03 1.775148411979898810e-04 3.455618207226507366e-05 3.406163887120783329e-05 3.049891383852809668e-04
2.584073925390839577e-03 1.824850565753877163e-03 1.960221270564943552e-04 4.072303272550925612e-05 4.191974585410207510e-05 2.680775651242583990e-04
2.382152248173952103e-03 2.012466080486774445e-03 1.991351455217227340e-04 3.845258106593973935e-05 4.755269037559628487e-05 2.476091613061726093e-04
2.579546999186277390e-03 1.895338529720902443e-03 1.898093905765563250e-04 4.020049891551025212e-05 3.922406904166564345e-05 2.646318171173334122e-04
3.180246101692318916e-03 1.955817220732569695e-03 2.178192080464214087e-04 4.428078318596817553e-05 3.530335015966556966e-05 2.796534972731024027e-04
3.278854535892605782e-03 2.492975443601608276e-03 2.589311334304511547e-04 4.958306453772820532e-05 5.218394289840944111e-05 2.983172016683965921e-04
2.426633611321449280e-03 1.844710204750299454e-03 2.679242752492427826e-04 6.165263766888529062e-05 5.714898725273087621e-05 2.317491598660126328e-04
2.794637577608227730e-03 1.722409739159047604e-03 2.496874658390879631e-04 5.881918332306668162e-05 4.597211227519437671e-05 2.627786889206618071e-04
3.548559034243226051e-03 1.803003600798547268e-03 2.311068383278325200e-04 5.395856715040281415e-05 4.618086313712410629e-05 2.795763430185616016e-04
2.273497637361288071e-03 1.980814384296536446e-03 2.629201917443424463e-04 5.267135566100478172e-05 5.644863995257765055e-05 2.054336073342710733e-04
2.501361770555377007e-03 1.916638691909611225e-03 2.219425514340400696e-04 4.784702832694165409e-05 4.223662836011499166e-05 2.451899927109479904e-04
2.385520609095692635e-03 1.675264211371541023e-03 2.663008344825357199e-04 6.375006341841071844e-05 5.098051042295992374e-05 1.987007563002407551e-04
3.175467718392610550e-03 1.738621504046022892e-03 2.327026013517752290e-04 5.981054346193559468e-05 4.625938163371756673e-05 2.457535883877426386e-04
2.403026912361383438e-03 1.518636127002537251e-03 2.664894855115562677e-04 7.153354090405628085e-05 6.232830492081120610e-05 1.955589104909449816e-04
2.455050591379404068e-03 1.206231769174337387e-03 2.576312108431011438e-04 6.257111817831173539e-05 3.993944483227096498e-05 2.117184194503352046e-04
3.359219757840037346e-03 2.173983259126543999e-03 2.802886301651597023e-04 6.486111669801175594e-05 5.364160824683494866e-05 2.522080612834542990e-04
2.105488907545804977e-03 1.319230068475008011e-03 2.114454691763967276e-04 5.683424751623533666e-05 4.174033165327273309e-05 2.063643769361078739e-04
2.089648973196744919e-03 1.447216025553643703e-03 2.319378399988636374e-04 5.390907244873233140e-05 5.047564263804815710e-05 2.134466631105169654e-04
1.978489104658365250e-03 1.232146518304944038e-03 2.478626265656203032e-04 6.409045454347506166e-05 4.870419797953218222e-05 1.692611112957820296e-04
2.334502059966325760e-03 1.758005702868103981e-03 2.722450008150190115e-04 6.101042890804819763e-05 5.423812399385496974e-05 2.006017894018441439e-04
1.956973457708954811e-03 1.427846611477434635e-03 2.398891374468803406e-04 6.092277544667012990e-05 4.976879426976665854e-05 1.611636980669572949e-04
2.485102275386452675e-03 2.230406273156404495e-03 2.078098623314872384e-04 5.232691910350695252e-05 4.386296495795249939e-05 2.264031645609065890e-04
2.118125325068831444e-03 1.644674688577651978e-03 1.878905895864591002e-04 5.086279270472005010e-05 4.098488352610729635e-05 2.167423372156918049e-04
2.555410843342542648e-03 1.752709969878196716e-03 2.333741140319034457e-04 5.642561154672876000e-05 4.446843740879558027e-05 2.517393149901181459e-04
2.277029212564229965e-03 1.852630055509507656e-03 2.307943213963881135e-04 4.617296872311271727e-05 5.042093471274711192e-05 1.676036481512710452e-04
2.094451803714036942e-03 1.750770257785916328e-03 2.131361688952893019e-04 4.753610846819356084e-05 4.880593769485130906e-05 2.238129818579182029e-04
2.129638800397515297e-03 1.725482754409313202e-03 1.882476062746718526e-04 4.240008638589642942e-05 4.263867231202311814e-05 1.961689849849790335e-04
2.988541964441537857e-03 2.112397924065589905e-03 2.217938017565757036e-04 4.606374568538740277e-05 4.561673631542362273e-05 2.284708898514509201e-04
2.263937843963503838e-03 2.107802778482437134e-03 1.955275220097973943e-04 4.399302270030602813e-05 4.442302451934665442e-05 1.911448780447244644e-04
1.737526850774884224e-03 1.888734172098338604e-03 1.914424210553988814e-04 4.303231617086566985e-05 4.567536234389990568e-05 1.868009130703285336e-04
2.630926435813307762e-03 2.754786983132362366e-03 1.715683465590700507e-04 3.709689553943462670e-05 4.596577491611242294e-05 2.478245005477219820e-04
2.874387195333838463e-03 2.169157378375530243e-03 1.546270068502053618e-04 3.860457582050003111e-05 3.799621481448411942e-05 2.915304212365299463e-04
2.288934541866183281e-03 2.122417557984590530e-03 1.732229138724505901e-04 3.801416096393950284e-05 4.072386582265608013e-05 2.368176938034594059e-04
3.174171084538102150e-03 2.940654987469315529e-03 1.405880611855536699e-04 3.147770985378883779e-05 3.557002492016181350e-05 3.260768135078251362e-04
2.681037643924355507e-03 2.478753216564655304e-03 1.401981717208400369e-04 3.180112253176048398e-05 3.584029764169827104e-05 3.103344643022865057e-04
2.178908558562397957e-03 2.167551312595605850e-03 1.428871473763138056e-04 3.195589670212939382e-05 3.678654320538043976e-05 2.280243934364989400e-04
2.459384035319089890e-03 2.379982266575098038e-03 1.360996539006009698e-04 2.735449379542842507e-05 3.644367825472727418e-05 2.234639105154201388e-04
2.810995560139417648e-03 2.328442409634590149e-03 1.470770075684413314e-04 3.011360968230292201e-05 3.867106715915724635e-05 2.077034296235069633e-04
3.345039207488298416e-03 2.850108314305543900e-03 1.504472747910767794e-04 3.221961742383427918e-05 4.088052810402587056e-05 2.691054833121597767e-04
3.290254389867186546e-03 2.281269058585166931e-03 1.433911820640787482e-04 3.207824556739069521e-05 3.438698331592604518e-05 2.657629665918648243e-04
3.121684538200497627e-03 2.679884433746337891e-03 1.739713188726454973e-04 3.831660069408826530e-05 4.346462810644879937e-05 2.853985351976007223e-04
3.012293949723243713e-03 2.315222984179854393e-03 1.660077978158369660e-04 3.441581793595105410e-05 4.095590702490881085e-05 2.190731174778193235e-04
3.102740040048956871e-03 1.990566030144691467e-03 1.571059838170185685e-04 3.489043956506066024e-05 3.716492210514843464e-05 2.425272978143766522e-04
3.122649854049086571e-03 2.151035703718662262e-03 1.548981090309098363e-04 3.534378629410639405e-05 3.767706584767438471e-05 2.140162978321313858e-04
3.699783701449632645e-03 3.089071717113256454e-03 1.723345048958435655e-04 4.166104918112978339e-05 3.601622665883041918e-05 2.899534301832318306e-04
2.840484725311398506e-03 2.606137190014123917e-03 1.631297491258010268e-04 3.457345155766233802e-05 3.984833165304735303e-05 2.740083436947315931e-04
3.122854512184858322e-03 2.581375883892178535e-03 1.785692147677764297e-04 3.733550693141296506e-05 4.394994539325125515e-05 2.823013055603951216e-04
2.849397482350468636e-03 2.383536193519830704e-03 1.708351774141192436e-04 3.659726280602626503e-05 3.852094232570379972e-05 2.926028100773692131e-04
2.921204781159758568e-03 2.101613441482186317e-03 1.891424763016402721e-04 4.099461875739507377e-05 3.848881533485837281e-05 2.526351890992373228e-04
3.437831532210111618e-03 2.018469385802745819e-03 1.869943371275439858e-04 4.117961361771449447e-05 3.831914364127442241e-05 2.732289431151002645e-04
2.999429358169436455e-03 1.844611368142068386e-03 1.849702093750238419e-04 4.037672624690458179e-05 3.682015812955796719e-05 2.285023947479203343e-04
3.276080358773469925e-03 1.706060254946351051e-03 1.645295997150242329e-04 3.539790850481949747e-05 3.711713725351728499e-05 2.536832471378147602e-04
2.884674584493041039e-03 1.930059050209820271e-03 2.022471162490546703e-04 4.742923556477762759e-05 4.192734922980889678e-05 2.532379876356571913e-04
3.134158905595541000e-03 1.742640160955488682e-03 1.921472576214000583e-04 4.192141568637453020e-05 4.390841422718949616e-05 2.459861862007528543e-04
2.634557662531733513e-03 1.828333712182939053e-03 2.077792014461010695e-04 4.526383781922049820e-05 4.250417623552493751e-05 2.875002392102032900e-04
3.025437472388148308e-03 1.501068589277565479e-03 2.341634390177205205e-04 5.470353062264621258e-05 4.828775126952677965e-05 2.197193534811958671e-04
3.200493752956390381e-03 1.312270760536193848e-03 2.393437025602906942e-04 5.789847637061029673e-05 4.688188710133545101e-05 2.304611844010651112e-04
3.173778299242258072e-03 1.190572278574109077e-03 2.128636260749772191e-04 5.194897312321700156e-05 4.460454147192649543e-05 2.435776405036449432e-04
3.235453506931662560e-03 1.040807110257446766e-03 2.256174921058118343e-04 5.618007344310171902e-05 4.455649104784242809e-05 1.661593269091099501e-04
2.895509358495473862e-03 1.050011371262371540e-03 2.417836949462071061e-04 6.365071021718904376e-05 4.343718319432809949e-05 2.647485234774649143e-04
2.724173013120889664e-03 1.013493980281054974e-03 2.270083205075934529e-04 6.414566450985148549e-05 4.040226122015155852e-05 2.149349165847525001e-04
2.644381253048777580e-03 7.906647515483200550e-04 1.895928435260429978e-04 6.051948730600997806e-05 3.364869917277246714e-05 1.949303987203165889e-04
3.870746586471796036e-03 1.022753654979169369e-03 2.651583054102957249e-04 7.190705218818038702e-05 4.331297532189637423e-05 2.216132706962525845e-04
3.079354064539074898e-03 1.006492064334452152e-03 2.138573181582614779e-04 5.516030796570703387e-05 3.840797944576479495e-05 2.327036927454173565e-04
2.308007795363664627e-03 8.904528222046792507e-04 2.452098415233194828e-04 5.045736543252132833e-05 4.264824747224338353e-05 2.500943955965340137e-04
2.727852901443839073e-03 6.717577343806624413e-04 2.466295554768294096e-04 7.337747956626117229e-05 4.294803147786296904e-05 1.812936097849160433e-04
2.257569227367639542e-03 5.612496752291917801e-04 1.909897255245596170e-04 6.734401540597900748e-05 3.473089964245446026e-05 2.082801802316680551e-04
1.718234154395759106e-03 6.236101035028696060e-04 3.139861219096928835e-04 8.404812979279085994e-05 5.887364386580884457e-05 1.993233890971168876e-04
1.839771750383079052e-03 5.578353302553296089e-04 2.580173313617706299e-04 7.352029933826997876e-05 5.059891918790526688e-05 2.208630612585693598e-04
2.005457412451505661e-03 5.745302769355475903e-04 3.212629817426204681e-04 7.934220775496214628e-05 6.006305557093583047e-05 1.863710640463978052e-04
1.737972837872803211e-03 6.725668208673596382e-04 2.532053331378847361e-04 7.976943743415176868e-05 4.688553599407896399e-05 2.212106483057141304e-04
1.797193428501486778e-03 6.257258355617523193e-04 2.213727420894429088e-04 6.309018499450758100e-05 3.862020093947649002e-05 1.977058564079925418e-04
1.696987543255090714e-03 5.580813158303499222e-04 2.531313803046941757e-04 6.732495967298746109e-05 4.030036870972253382e-05 1.726214832160621881e-04
2.180802868679165840e-03 8.209583465941250324e-04 2.676545700524002314e-04 7.139224180718883872e-05 4.306009941501542926e-05 1.659585250308737159e-04
2.354392549023032188e-03 7.905134116299450397e-04 2.257070154882967472e-04 5.946012242930009961e-05 3.739547173609025776e-05 2.211023384006693959e-04
2.689325017854571342e-03 8.687476511113345623e-04 2.155640686396509409e-04 5.076372690382413566e-05 3.762750566238537431e-05 1.828069071052595973e-04
2.783639123663306236e-03 1.301231095567345619e-03 2.576287370175123215e-04 6.752096669515594840e-05 4.329353032517246902e-05 2.072072384180501103e-04
2.958981785923242569e-03 1.261817989870905876e-03 2.196196728618815541e-04 5.725632217945531011e-05 4.241251008352264762e-05 2.071408962365239859e-04
3.044466255232691765e-03 1.463982393033802509e-03 1.992071192944422364e-04 4.221390190650708973e-05 4.442684803507290781e-05 2.037542872130870819e-04
2.615709789097309113e-03 1.360270078293979168e-03 1.901701616588979959e-04 3.396625106688588858e-05 4.499075294006615877e-05 1.882600336102768779e-04
2.998852636665105820e-03 1.659024273976683617e-03 1.845851656980812550e-04 4.408737004268914461e-05 3.864386962959542871e-05 1.613371132407337427e-04
2.768398262560367584e-03 1.545021310448646545e-03 1.707275951048359275e-04 4.458527109818533063e-05 3.280233795521780849e-05 1.667479518800973892e-04
3.547902218997478485e-03 1.630000653676688671e-03 1.779067824827507138e-04 4.397632437758147717e-05 3.513648334774188697e-05 1.481081271776929498e-04
3.191519994288682938e-03 1.622843206860125065e-03 1.565454440424218774e-04 3.322921838844195008e-05 3.299650779808871448e-05 1.832043781178072095e-04
3.055901965126395226e-03 1.780974795110523701e-03 1.522206293884664774e-04 3.103861672570928931e-05 3.437860868871212006e-05 2.142742305295541883e-04
3.003238001838326454e-03 1.621675328351557255e-03 1.758639700710773468e-04 3.553305214154534042e-05 3.689336517709307373e-05 1.785082131391391158e-04
3.333361586555838585e-03 1.928022131323814392e-03 1.710792130324989557e-04 3.686650961753912270e-05 3.172009382979013026e-05 2.022359403781592846e-04
2.935821656137704849e-03 1.564538571983575821e-03 1.537718489998951554e-04 3.659961294033564627e-05 3.132325582555495203e-05 1.795979624148458242e-04
3.007806604728102684e-03 1.648150966502726078e-03 1.819305325625464320e-04 4.270394128980115056e-05 3.317549271741881967e-05 2.039690734818577766e-04
2.913503441959619522e-03 1.580531825311481953e-03 1.662749127717688680e-04 3.486446075839921832e-05 3.039313014596700668e-05 1.744602923281490803e-04
3.387430682778358459e-03 1.770831644535064697e-03 1.781525643309578300e-04 3.715898492373526096e-05 3.563811333151534200e-05 2.148451167158782482e-04
3.539782250300049782e-03 1.379585708491504192e-03 1.673139340709894896e-04 3.758897219086065888e-05 3.328695675008930266e-05 2.024729619733989239e-04
2.424482721835374832e-03 1.376247731968760490e-03 1.610533072380349040e-04 3.194739110767841339e-05 3.805981395998969674e-05 1.856309245340526104e-04
3.255102317780256271e-03 1.578920404426753521e-03 1.620183757040649652e-04 3.379464760655537248e-05 3.534060670062899590e-05 2.111395588144659996e-04
3.780191997066140175e-03 1.852971850894391537e-03 1.679265551501885056e-04 3.738670420716516674e-05 3.857077172142453492e-05 2.257531159557402134e-04
4.726913291960954666e-03 2.687957836315035820e-03 1.678414992056787014e-04 4.354627890279516578e-05 3.492943505989387631e-05 2.969892229884862900e-04
2.371124224737286568e-03 1.397436601109802723e-03 1.787010260159149766e-04 4.651136259781196713e-05 3.813615694525651634e-05 1.976195198949426413e-04
3.052888438105583191e-03 1.138478284701704979e-03 1.768937072483822703e-04 4.513136082096025348e-05 4.016997263533994555e-05 1.610447798157110810e-04
2.170597901567816734e-03 1.013992237858474255e-03 2.017685765167698264e-04 5.828536086482927203e-05 4.031874777865596116e-05 1.582198019605129957e-04
1.923972624354064465e-03 9.953565895557403564e-04 2.181886520702391863e-04 5.975082240183837712e-05 4.400730904308147728e-05 1.747243368299677968e-04
1.896893489174544811e-03 9.986337972804903984e-04 2.515801752451807261e-04 6.903576286276802421e-05 4.412467751535587013e-05 1.553200709167867899e-04
