1.797975972294807434e-03 2.195324748754501343e-03 3.472892800346016884e-03 4.096238117199391127e-04 5.312580033205449581e-04 1.974518672795966268e-04
1.942309667356312275e-03 2.526521449908614159e-03 3.318694420158863068e-03 5.223751650191843510e-04 5.473138298839330673e-04 2.459197712596505880e-04
2.121745841577649117e-03 2.400537254288792610e-03 3.871528664603829384e-03 5.136758554726839066e-04 5.029654130339622498e-04 2.466892474330961704e-04
1.957187661901116371e-03 2.216047374531626701e-03 4.294060170650482178e-03 7.338083814829587936e-04 5.917012458667159081e-04 2.196209388785064220e-04
1.696976250968873501e-03 1.828799955546855927e-03 3.908867947757244110e-03 4.799160233233124018e-04 4.760968731716275215e-04 2.180897718062624335e-04
1.968712778761982918e-03 2.239918569102883339e-03 3.790701040998101234e-03 4.895355668850243092e-04 4.345192282926291227e-04 2.199482405558228493e-04
1.769774709828197956e-03 1.762039726600050926e-03 3.729493590071797371e-03 5.593247478827834129e-04 5.162768648006021976e-04 1.646366872591897845e-04
1.757451333105564117e-03 2.217324450612068176e-03 4.795844200998544693e-03 7.078750059008598328e-04 6.321659311652183533e-04 1.532753376523032784e-04
1.619686256162822247e-03 2.150527667254209518e-03 3.769661998376250267e-03 5.231463001109659672e-04 5.123988958075642586e-04 1.782624021871015429e-04
1.606501522473990917e-03 2.954800147563219070e-03 4.670824389904737473e-03 7.882590289227664471e-04 6.744093261659145355e-04 1.684786693658679724e-04
1.500989310443401337e-03 2.980340272188186646e-03 5.390279460698366165e-03 6.813144427724182606e-04 6.320925313048064709e-04 1.531101152068004012e-04
1.372126280330121517e-03 2.259976230561733246e-03 4.468544851988554001e-03 6.825501914136111736e-04 5.540128331631422043e-04 1.351058745058253407e-04
1.455459627322852612e-03 3.163201734423637390e-03 3.120087785646319389e-03 4.674511146731674671e-04 3.607223916333168745e-04 1.442419161321595311e-04
1.374234212562441826e-03 2.882022643461823463e-03 4.969087429344654083e-03 7.295059622265398502e-04 5.694357096217572689e-04 1.282180455746129155e-04
1.380955916829407215e-03 2.466742647811770439e-03 4.619710613042116165e-03 6.974269635975360870e-04 5.804260727018117905e-04 1.210414993693120778e-04
1.256809919141232967e-03 2.545972354710102081e-03 4.924641456454992294e-03 7.549429428763687611e-04 5.059040850028395653e-04 1.187986927106976509e-04
1.401113462634384632e-03 3.404602175578474998e-03 6.552060600370168686e-03 8.307196549139916897e-04 7.187970913946628571e-04 1.306838094023987651e-04
1.457598176784813404e-03 3.021754557266831398e-03 3.896008245646953583e-03 6.193521548993885517e-04 4.959405050612986088e-04 1.593098713783547282e-04
1.398342079482972622e-03 3.251324640586972237e-03 3.895027562975883484e-03 5.608805804513394833e-04 4.743293975479900837e-04 1.425063528586179018e-04
1.669687568210065365e-03 3.140447894111275673e-03 4.399536643177270889e-03 6.454925169236958027e-04 5.450982134789228439e-04 1.733526878524571657e-04
1.582838594913482666e-03 2.793430350720882416e-03 4.270927514880895615e-03 6.052120588719844818e-04 4.896845784969627857e-04 1.764421904226765037e-04
1.763930311426520348e-03 3.679899033159017563e-03 4.200768191367387772e-03 5.234336131252348423e-04 4.480262286961078644e-04 1.821007317630574107e-04
1.623375457711517811e-03 3.035643603652715683e-03 4.732281900942325592e-03 6.051687523722648621e-04 4.598257946781814098e-04 1.793147530406713486e-04
1.710057025775313377e-03 2.636972581967711449e-03 3.975629806518554688e-03 5.195130361244082451e-04 6.394811789505183697e-04 1.660233538132160902e-04
1.530905254185199738e-03 2.314947545528411865e-03 3.912533167749643326e-03 5.134479724802076817e-04 5.030740285292267799e-04 1.438942563254386187e-04
1.680162968114018440e-03 2.573854522779583931e-03 4.655934870243072510e-03 6.449818029068410397e-04 5.291989655233919621e-04 1.666481402935460210e-04
1.843577250838279724e-03 2.773072337731719017e-03 4.456208087503910065e-03 4.556135972961783409e-04 5.099715781398117542e-04 2.061004634015262127e-04
1.937740948051214218e-03 2.180322073400020599e-03 3.906439058482646942e-03 5.342994118109345436e-04 4.493619489949196577e-04 2.329162962269037962e-04
1.693657482974231243e-03 2.426716266199946404e-03 2.933270065113902092e-03 5.347074475139379501e-04 3.756497753784060478e-04 1.778103032847866416e-04
1.836988958530128002e-03 2.575101330876350403e-03 4.342140629887580872e-03 5.042775883339345455e-04 4.387271765153855085e-04 1.779962913133203983e-04
1.970380079001188278e-03 2.171082654967904091e-03 3.824445186182856560e-03 6.052434910088777542e-04 5.001780227757990360e-04 2.139652351615950465e-04
2.061499049887061119e-03 2.240689005702733994e-03 4.216609057039022446e-03 6.473487592302262783e-04 5.098325200378894806e-04 2.048716996796429157e-04
1.726571819745004177e-03 1.819479279220104218e-03 5.852210335433483124e-03 6.188921397551894188e-04 5.248576053418219090e-04 1.723335590213537216e-04
1.551063964143395424e-03 2.280280459672212601e-03 3.165396628901362419e-03 4.907791735604405403e-04 3.897166170645505190e-04 1.972029858734458685e-04
2.069472102448344231e-03 2.715800656005740166e-03 3.253576578572392464e-03 2.612775715533643961e-04 2.670780231710523367e-04 2.153532841475680470e-04
1.474108197726309299e-03 2.389437053352594376e-03 3.804025705903768539e-03 6.111427210271358490e-04 5.009848391637206078e-04 2.060121187241747975e-04
1.943925628438591957e-03 2.187200589105486870e-03 4.026623908430337906e-03 5.566285690292716026e-04 5.084898439235985279e-04 2.350840804865583777e-04
1.547164749354124069e-03 1.932278159074485302e-03 5.151323508471250534e-03 5.889241001568734646e-04 6.396059761755168438e-04 1.924415846588090062e-04
1.399033353663980961e-03 2.162906108424067497e-03 5.465736612677574158e-03 5.579405114986002445e-04 6.312545738182961941e-04 1.763919863151386380e-04
1.532379537820816040e-03 1.879375544376671314e-03 3.078754292801022530e-03 4.260643618181347847e-04 4.895672318525612354e-04 1.745772897265851498e-04
1.640027039684355259e-03 1.921888906508684158e-03 3.552453592419624329e-03 4.957306082360446453e-04 6.526221986860036850e-04 1.919364876812323928e-04
1.416966551914811134e-03 1.852114568464457989e-03 2.985604805871844292e-03 3.523184277582913637e-04 3.845882310997694731e-04 2.053520438494160771e-04
1.503034261986613274e-03 2.172705717384815216e-03 4.172770772129297256e-03 5.145212635397911072e-04 4.421673656906932592e-04 2.069590555038303137e-04
1.771479961462318897e-03 1.572190667502582073e-03 3.942980431020259857e-03 4.165605350863188505e-04 6.246152915991842747e-04 1.900155912153422832e-04
1.314205466769635677e-03 1.457583974115550518e-03 2.917357953265309334e-03 3.799217229243367910e-04 5.322674405761063099e-04 1.928073033923283219e-04
1.392368692904710770e-03 1.522747334092855453e-03 2.764308126643300056e-03 3.956857253797352314e-04 5.911442567594349384e-04 2.048959868261590600e-04
2.014302182942628860e-03 2.343680476769804955e-03 2.987669780850410461e-03 4.417799354996532202e-04 4.431921697687357664e-04 2.620952145662158728e-04
2.194417407736182213e-03 1.538324868306517601e-03 3.133668564260005951e-03 4.786005010828375816e-04 4.914661403745412827e-04 2.254404680570587516e-04
1.790998503565788269e-03 1.656851498410105705e-03 2.114098053425550461e-03 3.253794857300817966e-04 4.038086917717009783e-04 2.100482088280841708e-04
1.410723663866519928e-03 1.504592248238623142e-03 3.202636493369936943e-03 4.199490649625658989e-04 5.512276547960937023e-04 1.832449488574638963e-04
1.495571108534932137e-03 1.321187242865562439e-03 2.622288884595036507e-03 3.581809578463435173e-04 5.400769878178834915e-04 1.987349969567731023e-04
1.372036291286349297e-03 1.349055673927068710e-03 1.659881439991295338e-03 2.605484332889318466e-04 4.917532205581665039e-04 1.717736013233661652e-04
1.636068453080952168e-03 1.562807010486721992e-03 1.937887165695428848e-03 2.691423578653484583e-04 5.741199129261076450e-04 1.895668974611908197e-04
1.673654187470674515e-03 1.504096435382962227e-03 2.557499567046761513e-03 3.297263465356081724e-04 4.507001722231507301e-04 2.141478471457958221e-04
1.693544676527380943e-03 1.286907237954437733e-03 2.204728312790393829e-03 2.934647782240062952e-04 5.530063644982874393e-04 1.941895461641252041e-04
1.648541889153420925e-03 1.340454793535172939e-03 1.449749921448528767e-03 2.408115833532065153e-04 3.914615663234144449e-04 2.059785183519124985e-04
1.230822992511093616e-03 1.334838452748954296e-03 1.714961836114525795e-03 2.579326974228024483e-04 4.651797062251716852e-04 1.760033483151346445e-04
1.848859712481498718e-03 1.340237446129322052e-03 1.515937852673232555e-03 2.600597217679023743e-04 5.436421488411724567e-04 2.179158327635377645e-04
1.363101997412741184e-03 1.159795909188687801e-03 1.369099598377943039e-03 2.305148955201730132e-04 4.972972674295306206e-04 1.653075305512174964e-04
1.271528541110455990e-03 1.274334965273737907e-03 1.276804832741618156e-03 2.464181161485612392e-04 5.145114846527576447e-04 1.706826005829498172e-04
1.322965021245181561e-03 1.167446607723832130e-03 1.300297328270971775e-03 2.311057614861056209e-04 4.273193480912595987e-04 1.723741006571799517e-04
1.533169299364089966e-03 1.239166129380464554e-03 1.220954116433858871e-03 2.091309870593249798e-04 3.661902155727148056e-04 1.714738027658313513e-04
1.182716456241905689e-03 1.167520182207226753e-03 1.206860877573490143e-03 2.216124412370845675e-04 4.917671903967857361e-04 1.827216037781909108e-04
1.100111519917845726e-03 1.112151658162474632e-03 1.147031318396329880e-03 2.240355388494208455e-04 3.792830393649637699e-04 1.509534486103802919e-04
1.512664835900068283e-03 1.374970190227031708e-03 1.330245402641594410e-03 2.220110909547656775e-04 3.939853922929614782e-04 1.816777221392840147e-04
1.076326938346028328e-03 1.129340846091508865e-03 1.226695952937006950e-03 2.279409090988337994e-04 4.272731603123247623e-04 1.536046474939212203e-04
1.047619502060115337e-03 1.124967704527080059e-03 1.298089162446558475e-03 2.236428408650681376e-04 4.397848097141832113e-04 1.626854063943028450e-04
1.180652529001235962e-03 1.317745889537036419e-03 1.619042130187153816e-03 2.568241325207054615e-04 4.803226911462843418e-04 1.635512890061363578e-04
1.154160010628402233e-03 1.214392366819083691e-03 2.151275286450982094e-03 2.732092980295419693e-04 4.804305499419569969e-04 1.646761520532891154e-04
1.588496612384915352e-03 1.064618700183928013e-03 2.326466841623187065e-03 2.855230122804641724e-04 4.864721267949789762e-04 1.718009007163345814e-04
1.378135522827506065e-03 1.281603006646037102e-03 1.843016361817717552e-03 3.128702810499817133e-04 1.322303287452086806e-04 1.671188510954380035e-04
1.199526595883071423e-03 1.068697893060743809e-03 2.746387152001261711e-03 3.375754458829760551e-04 4.580593376886099577e-04 1.608787279110401869e-04
1.376285450533032417e-03 1.042502350173890591e-03 2.344955690205097198e-03 3.189120907336473465e-04 4.461936478037387133e-04 1.756503625074401498e-04
1.352740917354822159e-03 1.194952405057847500e-03 2.784112701192498207e-03 3.598133043851703405e-04 4.721087170764803886e-04 1.749493239913135767e-04
1.642555929720401764e-03 1.349881174974143505e-03 2.767118858173489571e-03 3.550994151737540960e-04 4.999950178898870945e-04 1.776761491782963276e-04
1.113464706577360630e-03 1.237921766005456448e-03 2.197795081883668900e-03 3.219267237000167370e-04 4.269772034604102373e-04 1.566540886415168643e-04
1.587350736372172832e-03 1.526182983070611954e-03 2.561973873525857925e-03 3.502719628158956766e-04 4.852481652051210403e-04 1.679869747022166848e-04
1.255796174518764019e-03 1.412653247825801373e-03 2.745915669947862625e-03 3.730315947905182838e-04 5.442681722342967987e-04 1.715624384814873338e-04
1.277625211514532566e-03 1.295751077122986317e-03 2.603675704449415207e-03 4.239360860083252192e-04 4.913680022582411766e-04 1.916642213473096490e-04
1.241907943040132523e-03 1.184922992251813412e-03 2.335107419639825821e-03 3.589546831790357828e-04 5.163233727216720581e-04 1.643084833631291986e-04
1.250229426659643650e-03 1.159452367573976517e-03 2.925701905041933060e-03 4.075948963873088360e-04 6.103474297560751438e-04 1.696477993391454220e-04
1.331652863882482052e-03 1.365060568787157536e-03 3.569704946130514145e-03 4.607111040968447924e-04 7.089723367244005203e-04 1.678025873843580484e-04
1.211181166581809521e-03 1.218328252434730530e-03 3.820104291662573814e-03 4.716967814601957798e-04 5.783515516668558121e-04 1.631558261578902602e-04
1.315668807365000248e-03 1.385301002301275730e-03 4.227151628583669662e-03 5.262014456093311310e-04 5.399442161433398724e-04 1.852846035035327077e-04
1.228099223226308823e-03 1.237548189237713814e-03 4.233184270560741425e-03 4.976240452378988266e-04 6.215591565705835819e-04 1.560971722938120365e-04
1.384973060339689255e-03 1.435550046153366566e-03 3.765244502574205399e-03 4.669285262934863567e-04 5.136096733622252941e-04 1.953875907929614186e-04
1.405069488100707531e-03 1.574244233779609203e-03 3.903166856616735458e-03 5.346232792362570763e-04 5.315562011674046516e-04 1.951690937858074903e-04
1.251040142960846424e-03 1.363476039841771126e-03 2.975866897031664848e-03 4.100191290490329266e-04 3.945624630432575941e-04 1.780526072252541780e-04
1.256340299732983112e-03 1.395308994688093662e-03 3.451069584116339684e-03 4.767997597809880972e-04 4.471906577236950397e-04 1.642118149902671576e-04
1.269937842153012753e-03 1.528748776763677597e-03 3.992656245827674866e-03 5.036222282797098160e-04 4.740150761790573597e-04 1.865323865786194801e-04
1.250957022421061993e-03 1.537991920486092567e-03 3.541354555636644363e-03 4.450256819836795330e-04 4.490089777391403913e-04 1.597478549228981137e-04
1.229628687724471092e-03 1.578429481014609337e-03 4.171976353973150253e-03 5.083867581561207771e-04 5.156176630407571793e-04 1.689603377599269152e-04
1.218247809447348118e-03 1.477926853112876415e-03 3.833367023617029190e-03 4.166582657489925623e-04 4.685894818976521492e-04 1.527410786366090178e-04
1.704721711575984955e-03 1.702329842373728752e-03 2.264191163703799248e-03 3.218684287276118994e-04 3.721056273207068443e-04 2.129501808667555451e-04
1.303868717513978481e-03 1.365668023936450481e-03 1.434573670849204063e-03 3.074901760555803776e-04 2.780075301416218281e-04 1.743656321195885539e-04
1.467662747018039227e-03 1.708603929728269577e-03 2.985560335218906403e-03 3.641087387222796679e-04 2.981781144626438618e-04 1.989281299756839871e-04
1.229531480930745602e-03 1.657319953665137291e-03 4.330176394432783127e-03 5.214068223722279072e-04 4.837574961129575968e-04 1.637627574382349849e-04
1.195231452584266663e-03 1.622971380129456520e-03 1.804203377105295658e-03 1.140335662057623267e-04 3.843785962089896202e-04 1.728315401123836637e-04
1.266644219867885113e-03 1.398314256221055984e-03 2.001038286834955215e-03 1.626080047572031617e-04 3.147852839902043343e-04 1.388476375723257661e-04
1.343271462246775627e-03 1.499241450801491737e-03 2.989130327478051186e-03 4.100346704944968224e-04 3.364462754689157009e-04 1.883934455690905452e-04
1.243349746800959110e-03 1.324700308032333851e-03 2.276404062286019325e-03 1.619263493921607733e-04 4.559756489470601082e-04 1.663042494328692555e-04
1.279453514143824577e-03 1.208568108268082142e-03 2.160067670047283173e-03 3.135570441372692585e-04 4.619002866093069315e-04 1.596264628460630774e-04
1.322082942351698875e-03 1.572627224959433079e-03 1.677086693234741688e-03 2.749224368017166853e-04 2.295484882779419422e-04 1.976464118342846632e-04
1.418172265402972698e-03 1.359947258606553078e-03 2.298559527844190598e-03 2.594927791506052017e-04 5.006472347304224968e-04 1.862887875176966190e-04
1.280247000977396965e-03 1.278778887353837490e-03 2.388698048889636993e-03 3.455088008195161819e-04 3.168676339555531740e-04 1.922006485983729362e-04
1.271589775569736958e-03 1.095784129574894905e-03 1.499110483564436436e-03 1.837465097196400166e-04 3.061617608182132244e-04 1.559903321322053671e-04
1.382097834721207619e-03 1.015834743157029152e-03 8.740712073631584644e-04 7.270392234204337001e-05 3.245977568440139294e-04 2.319280029041692615e-04
1.250255503691732883e-03 9.708153665997087955e-04 1.212958595715463161e-03 1.505099062342196703e-04 2.917995443567633629e-04 2.055577788269147277e-04
1.343229785561561584e-03 9.906752966344356537e-04 1.435661222785711288e-03 1.710916985757648945e-04 3.138996835332363844e-04 1.911932195071130991e-04
1.499691512435674667e-03 8.419040241278707981e-04 1.065877731889486313e-03 1.549996668472886086e-04 3.113517304882407188e-04 2.430965832900255919e-04
1.431248267181217670e-03 9.580188780091702938e-04 5.571330548264086246e-04 1.045408716890960932e-04 3.000050201080739498e-04 1.689833734417334199e-04
1.291029853746294975e-03 9.213095181621611118e-04 9.630469721741974354e-04 1.567925792187452316e-04 2.195023989770561457e-04 2.772848820313811302e-04
1.390146324411034584e-03 8.254828280769288540e-04 7.055617170408368111e-04 1.201520208269357681e-04 1.062018272932618856e-04 2.025251596933230758e-04
1.339028822258114815e-03 6.385839660651981831e-04 1.047055469825863838e-03 2.167337224818766117e-04 4.050417337566614151e-04 2.041534899035468698e-04
1.288063474930822849e-03 5.917616654187440872e-04 9.607044630683958530e-04 2.711265988182276487e-04 3.697531064972281456e-04 2.174121036659926176e-04
1.257541589438915253e-03 5.863694241270422935e-04 1.020846655592322350e-03 2.958404948003590107e-04 4.306226037442684174e-04 1.772007526597008109e-04
1.422357279807329178e-03 5.032608751207590103e-04 8.066967129707336426e-04 2.242857881356030703e-04 4.374730633571743965e-04 2.158167335437610745e-04
1.380804926156997681e-03 4.741628363262861967e-04 7.662752177566289902e-04 2.536468673497438431e-04 4.473066655918955803e-04 2.057217061519622803e-04
1.406775671057403088e-03 4.694147792179137468e-04 9.173738653771579266e-04 3.195536555722355843e-04 4.631387128029018641e-04 2.507133758626878262e-04
1.548680942505598068e-03 4.914900055155158043e-04 9.293396142311394215e-04 2.844985865522176027e-04 4.426932428032159805e-04 1.957234489964321256e-04
1.654232037253677845e-03 5.956694367341697216e-04 1.158259925432503223e-03 3.053986583836376667e-04 5.072914646007120609e-04 3.171860007569193840e-04
1.824944512918591499e-03 7.207638700492680073e-04 1.252296729944646358e-03 3.272191097494214773e-04 4.585512797348201275e-04 3.078670415561646223e-04
1.586152822710573673e-03 9.144382202066481113e-04 1.488387817516922951e-03 3.380974230822175741e-04 5.136522231623530388e-04 3.150563861709088087e-04
1.452917698770761490e-03 1.013299101032316685e-03 9.558069868944585323e-04 1.640927803236991167e-04 3.553596616256982088e-04 3.329317842144519091e-04
1.606790930964052677e-03 1.203920575790107250e-03 1.820491976104676723e-03 3.711715107783675194e-04 5.317900795489549637e-04 2.470639301463961601e-04
1.456335652619600296e-03 1.179605140350759029e-03 1.830269349738955498e-03 3.627217374742031097e-04 4.333823453634977341e-04 1.765699416864663363e-04
1.433292753063142300e-03 1.389188924804329872e-03 2.057595876976847649e-03 3.622146032284945250e-04 4.671582428272813559e-04 2.109911001753062010e-04
1.561094308272004128e-03 1.832111505791544914e-03 2.296675695106387138e-03 4.025671805720776320e-04 4.232965293340384960e-04 2.174861438106745481e-04
1.794320065528154373e-03 1.431277254596352577e-03 3.110236721113324165e-03 5.178441060706973076e-04 5.291385459713637829e-04 2.117383846780285239e-04
2.156379632651805878e-03 1.999008236452937126e-03 2.594628138467669487e-03 4.028063267469406128e-04 4.178481176495552063e-04 2.148844068869948387e-04
2.391418209299445152e-03 2.486136276274919510e-03 2.775224624201655388e-03 4.398399323690682650e-04 4.562736139632761478e-04 2.182203752454370260e-04
2.161493757739663124e-03 2.021320629864931107e-03 2.357732970267534256e-03 3.827460750471800566e-04 3.602872602641582489e-04 1.616549707250669599e-04
2.174738328903913498e-03 1.794193405658006668e-03 1.911912113428115845e-03 2.916602243203669786e-04 3.586582315620034933e-04 1.538569194963201880e-04
2.315115649253129959e-03 2.301224507391452789e-03 2.455671085044741631e-03 3.518877783790230751e-04 4.074007738381624222e-04 1.842504279920831323e-04
1.981227891519665718e-03 1.836061594076454639e-03 2.577943727374076843e-03 3.617903857957571745e-04 3.560695331543684006e-04 1.141926477430388331e-04
2.121536293998360634e-03 2.522957511246204376e-03 2.868733834475278854e-03 3.884332836605608463e-04 3.665378317236900330e-04 1.733126555336639285e-04
2.816913649439811707e-03 2.989493776112794876e-03 2.833443228155374527e-03 3.799873229581862688e-04 3.020741860382258892e-04 1.635858207009732723e-04
2.194599946960806847e-03 2.454439876601099968e-03 2.443257253617048264e-03 3.687389544211328030e-04 3.712143516167998314e-04 2.109209017362445593e-04
2.348227659240365028e-03 2.618571044877171516e-03 3.333718748763203621e-03 4.480615316424518824e-04 4.988009459339082241e-04 2.370675210841000080e-04
1.870674430392682552e-03 1.988839358091354370e-03 2.589337527751922607e-03 3.655618638731539249e-04 4.099077486898750067e-04 1.965799892786890268e-04
1.540648401714861393e-03 1.670885714702308178e-03 1.699862885288894176e-03 2.797889465000480413e-04 2.924447471741586924e-04 2.117864933097735047e-04
1.493517425842583179e-03 1.577254966832697392e-03 2.970300382003188133e-03 4.181938420515507460e-04 4.977528587915003300e-04 1.796695869415998459e-04
1.520698191598057747e-03 2.180885523557662964e-03 2.972913673147559166e-03 4.835816216655075550e-04 4.462201904971152544e-04 2.195966371800750494e-04
1.382624148391187191e-03 1.810998423025012016e-03 2.089937683194875717e-03 3.531320544425398111e-04 3.505476634018123150e-04 1.619666290935128927e-04
1.475858036428689957e-03 1.888690399937331676e-03 1.988295931369066238e-03 3.958979505114257336e-04 3.823938895948231220e-04 2.047468296950682998e-04
1.346664153970777988e-03 2.370778238400816917e-03 1.586483092978596687e-03 2.225947682745754719e-04 3.673634491860866547e-04 2.474849170539528131e-04
1.330051105469465256e-03 1.136240665800869465e-03 1.662688329815864563e-03 2.387602289672940969e-04 3.755345824174582958e-04 1.828726090025156736e-04
1.480864943005144596e-03 1.187531859613955021e-03 2.339149359613656998e-03 4.905186942778527737e-04 5.181884043850004673e-04 2.909699105657637119e-04
1.602600910700857639e-03 1.222384627908468246e-03 1.887164078652858734e-03 4.130128072574734688e-04 4.536242049653083086e-04 1.897124602692201734e-04
1.454457873478531837e-03 1.015953137539327145e-03 1.426539267413318157e-03 3.306511498522013426e-04 3.642662486527115107e-04 1.904603122966364026e-04
