3.724068403244018555e-01 9.854043833911418915e-03 -1.861465536057949066e-02 8.241824107244610786e-04 -3.248603548854589462e-03 1.496711373329162598e-02
3.553884327411651611e-01 1.241243351250886917e-02 -1.006480399519205093e-02 -2.049728296697139740e-03 -2.360551385208964348e-03 1.254291925579309464e-02
3.441675901412963867e-01 1.235746406018733978e-02 1.219102181494235992e-03 2.588125411421060562e-03 2.596028149127960205e-03 1.379177998751401901e-02
2.440415769815444946e-01 1.051626168191432953e-02 -1.387687679380178452e-02 8.251292747445404530e-04 2.476184628903865814e-03 1.078927237540483475e-02
2.895361185073852539e-01 2.110284939408302307e-02 -1.437714602798223495e-02 2.453162800520658493e-03 4.733876790851354599e-03 1.430332101881504059e-02
3.237392604351043701e-01 1.635572127997875214e-02 9.484366164542734623e-04 8.639594307169318199e-04 -1.699208747595548630e-03 1.363687030971050262e-02
2.897567152976989746e-01 2.413721382617950439e-02 7.799160666763782501e-04 3.558949800208210945e-03 -5.920623661950230598e-04 1.400175504386425018e-02
3.187168836593627930e-01 6.017908453941345215e-02 6.807113438844680786e-02 1.390782557427883148e-02 1.370259560644626617e-02 1.125273946672677994e-02
3.161951303482055664e-01 1.753233745694160461e-02 1.093723345547914505e-03 -2.088247565552592278e-03 -1.390296500176191330e-03 1.178073324263095856e-02
3.138068616390228271e-01 1.539419684559106827e-02 6.276434287428855896e-03 -4.550498561002314091e-04 -4.580271779559552670e-04 1.189976371824741364e-02
2.910367548465728760e-01 -2.891003154218196869e-02 -5.685814656317234039e-03 1.048573059961199760e-03 -1.257861615158617496e-03 1.250722352415323257e-02
3.180778026580810547e-01 -3.907211590558290482e-03 -2.312811790034174919e-03 4.037593898829072714e-04 -2.566426759585738182e-03 1.176914665848016739e-02
2.275889813899993896e-01 -2.115328097715973854e-03 -3.884280845522880554e-02 -8.638526313006877899e-03 1.002517994493246078e-02 1.032383088022470474e-02
2.987862825393676758e-01 1.007450837641954422e-02 9.551320225000381470e-03 3.033289685845375061e-03 1.200407277792692184e-03 1.376374252140522003e-02
3.106154501438140869e-01 1.076473481953144073e-02 2.602587640285491943e-02 -3.889485087711364031e-04 -4.410176537930965424e-03 1.257877331227064133e-02
3.131898939609527588e-01 2.986296312883496284e-03 2.635600231587886810e-02 -1.781883183866739273e-03 9.897449053823947906e-04 1.139701157808303833e-02
3.244014382362365723e-01 5.750178359448909760e-03 2.176463603973388672e-03 -3.582132747396826744e-03 -1.636268105357885361e-03 1.118670776486396790e-02
3.068800866603851318e-01 1.096396893262863159e-02 9.103108197450637817e-03 -1.219651079736649990e-03 -2.722020028159022331e-03 1.131410803645849228e-02
2.973721027374267578e-01 7.962330710142850876e-05 -3.016418591141700745e-02 2.748481463640928268e-03 3.667661920189857483e-03 1.249284669756889343e-02
3.043512105941772461e-01 -2.025627717375755310e-02 4.220799356698989868e-02 3.618290182203054428e-03 -6.256103515625000000e-03 1.177974231541156769e-02
2.912418246269226074e-01 -1.858273334801197052e-02 -5.981913581490516663e-02 2.994717098772525787e-03 6.992784794420003891e-03 1.146507635712623596e-02
3.246736526489257812e-01 2.898148819804191589e-02 -1.158425770699977875e-02 1.590116880834102631e-03 4.728552885353565216e-03 1.436677109450101852e-02
2.685360908508300781e-01 -7.064986228942871094e-02 -4.033843055367469788e-02 -2.061226032674312592e-02 6.105286534875631332e-03 1.082406006753444672e-02
3.174124956130981445e-01 2.714024391025304794e-03 -4.399393685162067413e-03 -1.070253667421638966e-03 -1.438066392438486218e-04 1.173942908644676208e-02
3.225362300872802734e-01 1.654580421745777130e-02 -2.585516124963760376e-02 -6.042949971742928028e-04 1.071069622412323952e-03 1.135468855500221252e-02
