2.697912510484457016e-03 3.142593661323189735e-03 5.206074565649032593e-03 7.031586137600243092e-04 8.183388272300362587e-04 3.582402714528143406e-04
2.143958816304802895e-03 3.076021093875169754e-03 4.246429540216922760e-03 8.796661277301609516e-04 1.007774961180984974e-03 2.803124079946428537e-04
2.719501266255974770e-03 3.697330132126808167e-03 8.343792520463466644e-03 1.369333360344171524e-03 1.202231505885720253e-03 3.134008729830384254e-04
2.542928326874971390e-03 2.662654500454664230e-03 4.885735921561717987e-03 1.100099179893732071e-03 6.273813778534531593e-04 3.193531301803886890e-04
1.997211249545216560e-03 2.275422215461730957e-03 4.817900247871875763e-03 7.241279236041009426e-04 7.009133114479482174e-04 2.680240431800484657e-04
2.423677593469619751e-03 4.333029501140117645e-03 9.855261072516441345e-03 1.198293059132993221e-03 8.502558921463787556e-04 2.328741975361481309e-04
2.348399022594094276e-03 4.851929843425750732e-03 6.402740254998207092e-03 9.672573651187121868e-04 8.644916815683245659e-04 2.177526621380820870e-04
2.465068595483899117e-03 3.009259235113859177e-03 1.013372279703617096e-02 1.135134953074157238e-03 8.914453210309147835e-04 2.144767495337873697e-04
1.897173468023538589e-03 3.241657745093107224e-03 5.488077644258737564e-03 8.700230391696095467e-04 5.825644475407898426e-04 2.246115327579900622e-04
2.049894304946064949e-03 3.574732691049575806e-03 5.330352112650871277e-03 9.370858897455036640e-04 7.528981077484786510e-04 2.147139603039249778e-04
1.574308495037257671e-03 2.722749952226877213e-03 4.995403345674276352e-03 7.454163860529661179e-04 6.249496946111321449e-04 1.586328144185245037e-04
2.261642599478363991e-03 3.340199822559952736e-03 1.047047413885593414e-02 1.390146790072321892e-03 1.737877377308905125e-03 1.575421920279040933e-04
1.461003324948251247e-03 3.636169247329235077e-03 5.172342527657747269e-03 7.655650842934846878e-04 5.869427695870399475e-04 1.542951795272529125e-04
1.483581028878688812e-03 3.593963105231523514e-03 5.332262255251407623e-03 9.664681274443864822e-04 6.636828766204416752e-04 1.376653672195971012e-04
1.374669605866074562e-03 3.794717369601130486e-03 4.532292950898408890e-03 6.301143439486622810e-04 5.324578960426151752e-04 1.192306517623364925e-04
1.513243420049548149e-03 6.004851777106523514e-03 6.226044148206710815e-03 8.706887019798159599e-04 5.565951578319072723e-04 1.240639103343710303e-04
1.405936316587030888e-03 4.459321964532136917e-03 5.296070594340562820e-03 8.437912911176681519e-04 6.594267906621098518e-04 1.347051729680970311e-04
1.764203538186848164e-03 7.202691398561000824e-03 6.283184047788381577e-03 8.477841038256883621e-04 8.805606048554182053e-04 1.812452828744426370e-04
1.695990795269608498e-03 5.240872967988252640e-03 6.046278402209281921e-03 9.117340669035911560e-04 8.520252886228263378e-04 1.583603589097037911e-04
1.875543035566806793e-03 4.477565642446279526e-03 1.098857074975967407e-02 1.890735933557152748e-03 1.215419149957597256e-03 1.735981204546988010e-04
2.621462568640708923e-03 1.329748984426259995e-02 1.266154181212186813e-02 2.441173885017633438e-03 1.418878324329853058e-03 2.639731974340975285e-04
2.494483254849910736e-03 5.971073172986507416e-03 9.619125165045261383e-03 1.074920524843037128e-03 8.809132268652319908e-04 2.633311087265610695e-04
1.876479014754295349e-03 4.608331248164176941e-03 7.215226534754037857e-03 7.255675736814737320e-04 8.090988267213106155e-04 1.848698302637785673e-04
2.006004331633448601e-03 3.869687905535101891e-03 4.922395572066307068e-03 8.116050157696008682e-04 5.561225698329508305e-04 1.989587181014940143e-04
2.143809339031577110e-03 4.186378791928291321e-03 6.443169433623552322e-03 8.257067529484629631e-04 6.092509720474481583e-04 2.329312119400128722e-04
1.877323840744793415e-03 3.243325045332312584e-03 6.347360555082559586e-03 9.925708873197436333e-04 6.948296795599162579e-04 2.031629701377823949e-04
3.094832180067896843e-03 5.250087473541498184e-03 7.301202975213527679e-03 1.211339491419494152e-03 6.080140010453760624e-04 3.508139343466609716e-04
2.727838698774576187e-03 2.938268939033150673e-03 5.363050848245620728e-03 7.339945877902209759e-04 6.594149162992835045e-04 2.549923956394195557e-04
2.138660522177815437e-03 3.123884787783026695e-03 5.579991266131401062e-03 1.024933415465056896e-03 6.345259607769548893e-04 2.366959815844893456e-04
2.669326495379209518e-03 5.129513330757617950e-03 6.606976035982370377e-03 9.523093467578291893e-04 6.664032698608934879e-04 3.245476691517978907e-04
2.833627397194504738e-03 3.587425919249653816e-03 7.131299003958702087e-03 1.217234181240200996e-03 9.520777384750545025e-04 2.807695709634572268e-04
2.097551478073000908e-03 3.207292407751083374e-03 4.465464502573013306e-03 7.626605220139026642e-04 5.471799522638320923e-04 2.389187720837071538e-04
2.939656376838684082e-03 4.127567168325185776e-03 1.076043304055929184e-02 1.126372488215565681e-03 1.117357751354575157e-03 3.134898142889142036e-04
2.281687920913100243e-03 4.295075312256813049e-03 6.061073392629623413e-03 8.937746752053499222e-04 8.494810899719595909e-04 3.094669082202017307e-04
3.281084122136235237e-03 4.319969564676284790e-03 7.918015122413635254e-03 9.535372955724596977e-04 1.140612876042723656e-03 3.598771581891924143e-04
1.877531060017645359e-03 4.784554708749055862e-03 4.648188594728708267e-03 7.636407390236854553e-04 4.171658947598189116e-04 2.856206556316465139e-04
2.400723053142428398e-03 2.787052653729915619e-03 4.858500789850950241e-03 8.134558447636663914e-04 6.418701959773898125e-04 3.052134416066110134e-04
1.871651504188776016e-03 3.069665748625993729e-03 5.202765110880136490e-03 6.504667690023779869e-04 6.006563780829310417e-04 2.824344846885651350e-04
1.981530105695128441e-03 4.047025460749864578e-03 7.327164523303508759e-03 7.633696659468114376e-04 9.707442950457334518e-04 3.100779722444713116e-04
2.598459133878350258e-03 2.852664561942219734e-03 4.744704812765121460e-03 8.870477322489023209e-04 5.604212055914103985e-04 3.174635348841547966e-04
1.849827356636524200e-03 2.367595909163355827e-03 5.144352559000253677e-03 6.506862118840217590e-04 6.483530160039663315e-04 2.794514293782413006e-04
2.736154943704605103e-03 3.163880668580532074e-03 6.351512391120195389e-03 8.253531996160745621e-04 7.058641640469431877e-04 4.021893255412578583e-04
2.064844360575079918e-03 3.121179528534412384e-03 6.621815729886293411e-03 6.489446968771517277e-04 6.301614339463412762e-04 3.386180615052580833e-04
2.305990085005760193e-03 2.337372628971934319e-03 5.511464551091194153e-03 8.486395818181335926e-04 9.878393029794096947e-04 3.065948258154094219e-04
2.029511379078030586e-03 2.389239147305488586e-03 4.583002068102359772e-03 4.918254562653601170e-04 7.332241511903703213e-04 2.966677129734307528e-04
2.892062067985534668e-03 2.903758315369486809e-03 7.090419530868530273e-03 9.298552176915109158e-04 8.683202904649078846e-04 4.366197972558438778e-04
1.990873133763670921e-03 1.958595123142004013e-03 3.659544046968221664e-03 4.858956963289529085e-04 5.394255276769399643e-04 3.134354774374514818e-04
4.020915366709232330e-03 2.565365284681320190e-03 3.768563037738204002e-03 6.600057822652161121e-04 6.579858018085360527e-04 4.292173543944954872e-04
3.319412935525178909e-03 2.480023307725787163e-03 3.270501503720879555e-03 4.479838826227933168e-04 7.621626136824488640e-04 4.117536009289324284e-04
1.846486120484769344e-03 2.654740354046225548e-03 5.164785776287317276e-03 6.970070535317063332e-04 8.643466280773282051e-04 1.679432898527011275e-04
2.335670869797468185e-03 1.822545193135738373e-03 4.403102677315473557e-03 5.270670517347753048e-04 7.464639493264257908e-04 3.092092811129987240e-04
2.013459568843245506e-03 1.676191575825214386e-03 2.276628278195858002e-03 3.201631479896605015e-04 7.001358899287879467e-04 2.227080112788826227e-04
2.480034483596682549e-03 2.314627869054675102e-03 2.223841380327939987e-03 3.377746324986219406e-04 6.952269468456506729e-04 3.573018475435674191e-04
2.418297342956066132e-03 1.761035993695259094e-03 2.322084270417690277e-03 3.300954704172909260e-04 6.602522335015237331e-04 3.643579257186502218e-04
2.484006108716130257e-03 1.851520966738462448e-03 2.634730422869324684e-03 3.935537824872881174e-04 7.875771261751651764e-04 3.067330690100789070e-04
2.685410436242818832e-03 2.070662332698702812e-03 2.754447283223271370e-03 3.514575655572116375e-04 7.405737997032701969e-04 3.628451086115092039e-04
1.887132180854678154e-03 2.134413225576281548e-03 2.239561406895518303e-03 3.367584722582250834e-04 7.219309336505830288e-04 2.900392864830791950e-04
4.158297553658485413e-03 3.309955587610602379e-03 2.783298492431640625e-03 3.601583302952349186e-04 9.050652734003961086e-04 5.946858436800539494e-04
2.028650138527154922e-03 1.467274967581033707e-03 1.509160269051790237e-03 2.355919423280283809e-04 5.688731325790286064e-04 2.663159102667123079e-04
1.900444156490266323e-03 1.703671412542462349e-03 1.416379702277481556e-03 2.531673235353082418e-04 6.347939488478004932e-04 3.555125149432569742e-04
1.857756869867444038e-03 1.921928953379392624e-03 1.838356140069663525e-03 2.802599628921598196e-04 6.690642912872135639e-04 2.594742691144347191e-04
2.452447311952710152e-03 1.902292715385556221e-03 1.473352429457008839e-03 2.534982631914317608e-04 5.682067712768912315e-04 2.245075593236833811e-04
1.838282565586268902e-03 1.854602945968508720e-03 1.490965136326849461e-03 3.008388739544898272e-04 5.447204457595944405e-04 2.032984921243041754e-04
2.097181044518947601e-03 1.738834776915609837e-03 1.331649138592183590e-03 2.811728336382657290e-04 3.708573640324175358e-04 2.546029572840780020e-04
2.161327749490737915e-03 2.415645169094204903e-03 1.536069554276764393e-03 2.808348508551716805e-04 4.202271811664104462e-04 2.519117260817438364e-04
1.530099078081548214e-03 1.794502604752779007e-03 1.517219818197190762e-03 3.011897497344762087e-04 6.147752865217626095e-04 1.993106125155463815e-04
1.280021038837730885e-03 1.405329443514347076e-03 1.546961138956248760e-03 2.655973366927355528e-04 5.558650009334087372e-04 2.125170140061527491e-04
3.548151813447475433e-03 2.522334922105073929e-03 1.851174631156027317e-03 3.214072494301944971e-04 5.745162488892674446e-04 4.251558857504278421e-04
1.647666096687316895e-03 1.829720102250576019e-03 2.760337898507714272e-03 3.392649523448199034e-04 6.784204160794615746e-04 2.763038792181760073e-04
2.722552046179771423e-03 1.756695914082229137e-03 4.012614022940397263e-03 4.586545983329415321e-04 7.091506849974393845e-04 2.876885700970888138e-04
2.177860820665955544e-03 1.975462539121508598e-03 2.755656605586409569e-03 4.182204138487577438e-04 5.150755750946700573e-04 2.456572838127613068e-04
2.011812292039394379e-03 1.889210077933967113e-03 3.455755067989230156e-03 4.657242388930171728e-04 6.669654976576566696e-04 2.640486345626413822e-04
2.906313166022300720e-03 1.795419957488775253e-03 2.519752830266952515e-03 3.799997211899608374e-04 5.113218212500214577e-04 3.226982662454247475e-04
2.164239529520273209e-03 1.568702282384037971e-03 3.107408294454216957e-03 4.005391092505306005e-04 6.552453269250690937e-04 2.617037389427423477e-04
6.970071233808994293e-03 7.151314057409763336e-03 4.710730630904436111e-03 6.509134545922279358e-04 7.362552569247782230e-04 5.224528722465038300e-04
1.936726504936814308e-03 2.086284803226590157e-03 2.344845794141292572e-03 3.475653938949108124e-04 5.022166878916323185e-04 2.455287321936339140e-04
2.778228605166077614e-03 2.924086991697549820e-03 2.947270637378096581e-03 4.023916844744235277e-04 5.716308369301259518e-04 2.636179851833730936e-04
2.039660466834902763e-03 2.181618241593241692e-03 3.123189089819788933e-03 4.453598521649837494e-04 6.446185871027410030e-04 2.547632902860641479e-04
2.255063503980636597e-03 2.039300976321101189e-03 3.307219827547669411e-03 5.051642656326293945e-04 5.920476978644728661e-04 3.109755343757569790e-04
2.097595017403364182e-03 1.824065227992832661e-03 2.965017920359969139e-03 4.752466047648340464e-04 5.663427873514592648e-04 2.556400140747427940e-04
2.487005898728966713e-03 2.141393022611737251e-03 3.518749261274933815e-03 4.441278288140892982e-04 8.249204838648438454e-04 4.214090586174279451e-04
1.761607243679463863e-03 1.849790569394826889e-03 3.798122284933924675e-03 4.971024463884532452e-04 7.300809957087039948e-04 2.133034431608393788e-04
2.407733118161559105e-03 2.435707254335284233e-03 4.554966930299997330e-03 5.999045097269117832e-04 6.436686962842941284e-04 2.765621757134795189e-04
2.127809682860970497e-03 2.720314078032970428e-03 4.813947714865207672e-03 6.814382504671812057e-04 6.507604848593473434e-04 2.664480707608163357e-04
1.788849360309541225e-03 1.888175262138247490e-03 4.450034815818071365e-03 5.976756801828742027e-04 5.903347046114504337e-04 2.375565527472645044e-04
2.181584713980555534e-03 2.536340383812785149e-03 4.734468646347522736e-03 5.551482900045812130e-04 6.573547725565731525e-04 2.765599638223648071e-04
2.366705099120736122e-03 2.730579115450382233e-03 4.943273030221462250e-03 6.329931202344596386e-04 6.038622232154011726e-04 2.753673761617392302e-04
2.359563251957297325e-03 2.606784226372838020e-03 4.835438448935747147e-03 5.895697977393865585e-04 6.456838455051183701e-04 3.436212427914142609e-04
2.007364062592387199e-03 2.368103479966521263e-03 4.169354215264320374e-03 5.790291470475494862e-04 5.451070610433816910e-04 2.447146107442677021e-04
1.866868929937481880e-03 2.557813422754406929e-03 5.913748405873775482e-03 7.472500437870621681e-04 7.548598223365843296e-04 2.758866467047482729e-04
2.223728224635124207e-03 2.892486983910202980e-03 5.274252034723758698e-03 5.666758515872061253e-04 7.040989585220813751e-04 2.821545931510627270e-04
2.135860500857234001e-03 3.140598768368363380e-03 6.522779352962970734e-03 7.322941673919558525e-04 8.082008571363985538e-04 2.703443460632115602e-04
2.533539664000272751e-03 2.798884175717830658e-03 5.550674162805080414e-03 6.169456755742430687e-04 6.616982864215970039e-04 2.289111871505156159e-04
3.678960958495736122e-03 3.094382351264357567e-03 4.671689588576555252e-03 5.169082432985305786e-04 5.156552651897072792e-04 3.975037543568760157e-04
1.899785711430013180e-03 2.269165357574820518e-03 2.690027700737118721e-03 4.081107617821544409e-04 4.193487693555653095e-04 2.651944814715534449e-04
1.980305183678865433e-03 2.156836446374654770e-03 4.908214788883924484e-03 6.202819640748202801e-04 4.696615505963563919e-04 2.459270181134343147e-04
1.936142216436564922e-03 3.529261564835906029e-03 7.128718774765729904e-03 7.638148963451385498e-04 6.157342577353119850e-04 2.349151036469265819e-04
1.733252778649330139e-03 2.971832873299717903e-03 4.219771828502416611e-03 5.404076655395328999e-04 4.721636069007217884e-04 2.465884317643940449e-04
3.029174637049436569e-03 2.384765539318323135e-03 4.608079791069030762e-03 5.974086234346032143e-04 5.100386915728449821e-04 2.901779080275446177e-04
1.946164295077323914e-03 2.133326604962348938e-03 3.476742422208189964e-03 4.557243955787271261e-04 3.655105829238891602e-04 2.835002378560602665e-04
2.254968043416738510e-03 3.205941291525959969e-03 3.388116601854562759e-03 4.367044894024729729e-04 6.959389429539442062e-04 3.543709171935915947e-04
1.955568557605147362e-03 1.626543817110359669e-03 2.496554283425211906e-03 3.927960642613470554e-04 3.651832230389118195e-04 2.531485224608331919e-04
1.899230759590864182e-03 2.644134452566504478e-03 3.578863572329282761e-03 3.590164997149258852e-04 3.378365945536643267e-04 3.108841192442923784e-04
2.017860300838947296e-03 1.793690957129001617e-03 2.758044749498367310e-03 2.872871991712599993e-04 7.703993469476699829e-04 2.862827386707067490e-04
1.552141620777547359e-03 1.772447954863309860e-03 2.857196610420942307e-03 4.005139926448464394e-04 3.914884873665869236e-04 2.513197541702538729e-04
1.700541353784501553e-03 2.120150253176689148e-03 2.191913081333041191e-03 3.149214026052504778e-04 5.366305704228579998e-04 2.701776393223553896e-04
2.375488169491291046e-03 2.734746551141142845e-03 3.383048810064792633e-03 5.018232041038572788e-04 6.535049178637564182e-04 4.129675508011132479e-04
2.056434052065014839e-03 1.386710675433278084e-03 1.994883175939321518e-03 2.566873154137283564e-04 4.945009131915867329e-04 6.012671510688960552e-04
1.950118923559784889e-03 1.454680692404508591e-03 2.353028627112507820e-03 4.109515575692057610e-04 4.632379568647593260e-04 4.324283800087869167e-04
1.837945892475545406e-03 1.233751769177615643e-03 1.744345645420253277e-03 3.153685538563877344e-04 4.545323317870497704e-04 3.821703430730849504e-04
2.169942250475287437e-03 1.330112689174711704e-03 1.941260765306651592e-03 3.371737839188426733e-04 7.299201679416000843e-04 2.976675168611109257e-04
1.536424038931727409e-03 1.340638962574303150e-03 1.643129158765077591e-03 2.498468966223299503e-04 3.052675747312605381e-04 3.288243024144321680e-04
1.472776057198643684e-03 1.284249592572450638e-03 1.572957960888743401e-03 2.458799281157553196e-04 4.342655593063682318e-04 3.249393485020846128e-04
1.824848470278084278e-03 1.042449846863746643e-03 1.963744172826409340e-03 2.876779471989721060e-04 8.504542638547718525e-04 3.205491520930081606e-04
1.796252559870481491e-03 9.152165730483829975e-04 1.347398618236184120e-03 4.070584836881607771e-04 6.383002037182450294e-04 4.026582464575767517e-04
1.900354865938425064e-03 1.173914643004536629e-03 1.235712203197181225e-03 2.546159375924617052e-04 5.425111157819628716e-04 2.311180724063888192e-04
2.312070224434137344e-03 1.300066127441823483e-03 1.669648219831287861e-03 5.113119841553270817e-04 6.725132698193192482e-04 6.094273412600159645e-04
2.036007354035973549e-03 9.939018636941909790e-04 1.689263619482517242e-03 4.468609695322811604e-04 7.643519784323871136e-04 4.071172152180224657e-04
2.213575877249240875e-03 1.276014954783022404e-03 1.724222907796502113e-03 5.308611434884369373e-04 8.366022957488894463e-04 4.397692391648888588e-04
2.809821162372827530e-03 8.473359630443155766e-04 1.477280748076736927e-03 4.030493437312543392e-04 6.242236704565584660e-04 3.262685495428740978e-04
2.569375326856970787e-03 1.271645887754857540e-03 1.615382963791489601e-03 4.296738479752093554e-04 5.433014594018459320e-04 6.723715341649949551e-04
3.676167456433176994e-03 1.066708820872008801e-03 1.363370800390839577e-03 4.106305423192679882e-04 7.428999524563550949e-04 5.382576491683721542e-04
2.039594808593392372e-03 1.104124356061220169e-03 1.390231656841933727e-03 3.049977822229266167e-04 5.671351682394742966e-04 3.458908468019217253e-04
1.813795533962547779e-03 1.208416535519063473e-03 1.456714351661503315e-03 2.845274866558611393e-04 5.728409742005169392e-04 3.766523732338100672e-04
1.845164690166711807e-03 1.603877753950655460e-03 2.537772757932543755e-03 5.200648447498679161e-04 7.350256200879812241e-04 3.215424658264964819e-04
2.168182283639907837e-03 1.807396416552364826e-03 2.560968045145273209e-03 4.697009862866252661e-04 5.466689472086727619e-04 3.781114355660974979e-04
2.031413838267326355e-03 2.264467068016529083e-03 2.862173598259687424e-03 4.694476665463298559e-04 6.262142560444772243e-04 3.622363728936761618e-04
1.891159336082637310e-03 2.619395265355706215e-03 2.362059196457266808e-03 4.269431810826063156e-04 5.479366518557071686e-04 3.622133226599544287e-04
2.279710024595260620e-03 2.201180672273039818e-03 3.922351635992527008e-03 5.908292951062321663e-04 7.329387590289115906e-04 3.083428018726408482e-04
3.553562099114060402e-03 4.645982291549444199e-03 5.323791876435279846e-03 1.018056296743452549e-03 1.151505159214138985e-03 5.297390162013471127e-04
3.498118370771408081e-03 4.624613095074892044e-03 4.868561867624521255e-03 8.644937770441174507e-04 7.266269531100988388e-04 2.395812916802242398e-04
3.094272222369909286e-03 3.779225284233689308e-03 3.397844498977065086e-03 5.090856575407087803e-04 7.213953067548573017e-04 3.611400316003710032e-04
4.909114912152290344e-03 4.122008103877305984e-03 3.533657174557447433e-03 5.572219961322844028e-04 9.070956730283796787e-04 4.159818636253476143e-04
4.204296972602605820e-03 9.449558332562446594e-03 1.014750916510820389e-02 1.349074183963239193e-03 1.507751410827040672e-03 3.690667217597365379e-04
3.009392181411385536e-03 5.054842680692672729e-03 4.316532053053379059e-03 5.609606159850955009e-04 6.918690050952136517e-04 3.874933172482997179e-04
5.421171896159648895e-03 6.531234364956617355e-03 2.808609511703252792e-03 5.974483792670071125e-04 6.084674969315528870e-04 4.078790661878883839e-04
4.619931802153587341e-03 3.306598868221044540e-03 3.507885383442044258e-03 4.632052441593259573e-04 5.071284249424934387e-04 2.194519620388746262e-04
9.578770957887172699e-03 1.704372838139533997e-02 2.474539168179035187e-02 2.541339956223964691e-03 2.333376090973615646e-03 7.588295848108828068e-04
8.701107464730739594e-03 1.186065468937158585e-02 1.301848050206899643e-02 1.620349125005304813e-03 1.866300590336322784e-03 6.237445049919188023e-04
3.781975945457816124e-03 4.771756473928689957e-03 3.150586038827896118e-03 4.213931388221681118e-04 6.815803353674709797e-04 4.428815736901015043e-04
4.532529041171073914e-03 5.808632355183362961e-03 3.297631628811359406e-03 5.113795632496476173e-04 5.903138080611824989e-04 4.343496402725577354e-04
2.730398438870906830e-03 3.477341495454311371e-03 3.664588322862982750e-03 4.794041742570698261e-04 7.133277249522507191e-04 2.462486445438116789e-04
3.806426422670483589e-03 5.344767589122056961e-03 6.488792132586240768e-03 9.862950537353754044e-04 6.816721870563924313e-04 4.017963947262614965e-04
3.943818621337413788e-03 2.831569174304604530e-03 2.457332797348499298e-03 4.269357596058398485e-04 4.672600480262190104e-04 3.173678123857825994e-04
2.096087904646992683e-03 4.455524031072854996e-03 3.724465379491448402e-03 5.987923941574990749e-04 4.914127057418227196e-04 3.884195466525852680e-04
2.875283360481262207e-03 6.301383487880229950e-03 3.913315013051033020e-03 6.649274146184325218e-04 6.577208987437188625e-04 5.009986343793570995e-04
2.057442208752036095e-03 1.492175157181918621e-03 2.987084910273551941e-03 5.110650672577321529e-04 7.222668500617146492e-04 2.601443266030400991e-04
2.245098818093538284e-03 2.521067857742309570e-03 5.730498582124710083e-03 8.878259686753153801e-04 5.010663298889994621e-04 3.871606604661792517e-04
5.064183380454778671e-03 3.801941173151135445e-03 5.427327938377857208e-03 7.572670001536607742e-04 1.676080864854156971e-03 3.580055781640112400e-04
2.388325985521078110e-03 1.611706335097551346e-03 2.411509631201624870e-03 5.440418608486652374e-04 6.128090317361056805e-04 2.875115023925900459e-04
