3.500939309597015381e-01 5.523688159883022308e-03 -1.071695704013109207e-02 2.327671827515587211e-04 6.364819710142910480e-04 1.547086890786886215e-02
3.406246900558471680e-01 1.065793819725513458e-02 -1.496028620749711990e-02 1.159505220130085945e-03 3.091243561357259750e-03 1.305972225964069366e-02
3.426483869552612305e-01 1.135843992233276367e-02 -3.078573383390903473e-02 7.938317721709609032e-04 4.718372132629156113e-03 1.288171857595443726e-02
3.325566649436950684e-01 1.525092124938964844e-02 -1.579455099999904633e-02 9.992240229621529579e-04 1.298751798458397388e-03 1.334953680634498596e-02
3.240630626678466797e-01 8.082545362412929535e-03 5.851203110069036484e-03 -7.448755786754190922e-04 -5.628457292914390564e-04 1.309804432094097137e-02
3.210432827472686768e-01 1.155242230743169785e-02 1.422288082540035248e-02 -7.503898814320564270e-06 -1.181226689368486404e-03 1.265344489365816116e-02
3.202710747718811035e-01 8.706987835466861725e-03 8.673886768519878387e-03 -1.180098974145948887e-03 -7.732609519734978676e-04 1.271705329418182373e-02
3.136400282382965088e-01 1.656497456133365631e-02 1.512444578111171722e-02 -2.116470830515027046e-03 -2.203973475843667984e-03 1.167051959782838821e-02
3.137184381484985352e-01 1.370024029165506363e-02 2.647466212511062622e-02 -1.727069145999848843e-03 -1.099991262890398502e-03 1.156303100287914276e-02
3.143435120582580566e-01 1.579894497990608215e-02 1.951473765075206757e-02 -1.902460644487291574e-04 -1.679841778241097927e-03 1.145577896386384964e-02
3.147059679031372070e-01 9.608462452888488770e-03 1.490941923111677170e-02 -7.384199416264891624e-04 -2.791948383674025536e-03 1.238313969224691391e-02
3.163778781890869141e-01 8.159601129591464996e-03 -8.729937486350536346e-03 1.919980510137975216e-03 -7.167058065533638000e-04 1.214797515422105789e-02
3.117895722389221191e-01 7.341403514146804810e-03 -4.548898432403802872e-03 2.517505316063761711e-03 -6.130831316113471985e-04 1.164765376597642899e-02
3.112420439720153809e-01 6.938280072063207626e-03 -6.503087468445301056e-03 2.116816816851496696e-03 -6.023243768140673637e-04 1.209497451782226562e-02
3.077909946441650391e-01 1.050216238945722580e-02 1.228578737936913967e-03 4.898130428045988083e-04 -3.235522308386862278e-05 1.216448564082384109e-02
3.107474148273468018e-01 1.533903088420629501e-02 2.797978930175304413e-03 8.228705264627933502e-04 6.623042281717061996e-04 1.143161859363317490e-02
3.087796270847320557e-01 1.484957057982683182e-02 1.575491949915885925e-02 -1.253130962140858173e-03 -1.277060015127062798e-03 1.111899502575397491e-02
3.065823018550872803e-01 1.584365963935852051e-02 1.926102302968502045e-02 -2.254757564514875412e-03 -1.657210756093263626e-03 1.123163662850856781e-02
3.109469711780548096e-01 3.315013134852051735e-03 2.660596044734120369e-03 5.979014094918966293e-04 -1.161656458862125874e-03 1.176133565604686737e-02
3.140870332717895508e-01 4.846034571528434753e-03 -4.638881608843803406e-02 -7.490004645660519600e-05 4.884657682850956917e-04 1.180614624172449112e-02
3.198454380035400391e-01 1.001321990042924881e-02 -1.537453476339578629e-02 1.138473162427544594e-04 -1.064671319909393787e-03 1.271220482885837555e-02
3.321400582790374756e-01 1.523407548666000366e-02 -1.344981417059898376e-02 -7.287266780622303486e-04 3.355392836965620518e-04 1.296686753630638123e-02
3.304739296436309814e-01 1.983694545924663544e-02 -1.688255369663238525e-02 -5.091018974781036377e-04 7.721129222773015499e-04 1.268508378416299820e-02
3.247702717781066895e-01 1.469453796744346619e-02 -2.859097719192504883e-02 -1.363605028018355370e-03 1.047385390847921371e-03 1.213314011693000793e-02
3.246644139289855957e-01 8.646769449114799500e-03 -9.515402838587760925e-03 -1.106536248698830605e-03 -1.035613473504781723e-03 1.173246651887893677e-02
3.355652689933776855e-01 1.055924594402313232e-02 -6.672319490462541580e-03 -2.290678676217794418e-03 7.369417580775916576e-04 1.369833387434482574e-02
3.243518471717834473e-01 1.152331382036209106e-02 1.450967509299516678e-02 -4.989460576325654984e-04 3.116464475169777870e-03 1.236112788319587708e-02
3.195783793926239014e-01 -4.289532080292701721e-05 1.089134812355041504e-02 3.011201741173863411e-03 -4.576529900077730417e-04 1.122205052524805069e-02
3.229353725910186768e-01 -1.858326140791177750e-03 -4.237788263708353043e-03 2.372197108343243599e-03 -7.249071495607495308e-04 1.275822799652814865e-02
3.267013132572174072e-01 2.486221957951784134e-03 -1.046312972903251648e-02 2.856706851162016392e-04 -6.799122202210128307e-04 1.228489726781845093e-02
3.307995796203613281e-01 1.470843143761157990e-02 -1.584012433886528015e-02 -4.242221766617149115e-04 1.641251728869974613e-04 1.223327778279781342e-02
3.348789811134338379e-01 2.110249362885951996e-02 -3.793330863118171692e-03 -2.618379425257444382e-03 -3.828744520433247089e-04 1.294146478176116943e-02
3.459256589412689209e-01 1.441530510783195496e-02 8.509229868650436401e-03 -1.055417233146727085e-03 -7.641653064638376236e-04 1.365661155432462692e-02
3.510569632053375244e-01 6.852493388578295708e-04 -1.355630718171596527e-02 3.259181044995784760e-03 1.686223084107041359e-03 1.308927126228809357e-02
3.712233901023864746e-01 1.909796334803104401e-02 8.337516337633132935e-04 -1.022284268401563168e-04 5.562149919569492340e-03 1.292277872562408447e-02
3.724917471408843994e-01 1.840993016958236694e-02 6.467972416430711746e-03 1.380835426971316338e-03 7.369838422164320946e-04 1.518062315881252289e-02
3.815669119358062744e-01 1.357101555913686752e-02 2.929926384240388870e-03 6.901279994053766131e-05 -6.386376917362213135e-04 1.442612148821353912e-02
3.859542310237884521e-01 1.271921023726463318e-02 9.476058185100555420e-03 5.029884632676839828e-04 -1.304991310462355614e-03 1.512763649225234985e-02
4.010339081287384033e-01 1.417979598045349121e-02 6.878625601530075073e-03 5.303860525600612164e-04 -8.069807663559913635e-04 1.557026244699954987e-02
4.136149585247039795e-01 1.118712872266769409e-02 -7.334115449339151382e-03 1.375252963043749332e-03 -3.039539791643619537e-03 1.655534282326698303e-02
4.204640686511993408e-01 3.872367087751626968e-03 -3.176718018949031830e-04 4.042712505906820297e-03 -1.495815347880125046e-03 1.793589815497398376e-02
4.280457794666290283e-01 1.506587397307157516e-02 -1.639767317101359367e-03 5.804969114251434803e-04 -2.299957908689975739e-03 1.777322590351104736e-02
4.402605891227722168e-01 2.747364155948162079e-02 1.269832951948046684e-03 -2.089808229357004166e-03 -3.374926163814961910e-04 1.812286488711833954e-02
4.488332569599151611e-01 2.433621138334274292e-02 -1.403899863362312317e-03 -5.206785281188786030e-04 1.860104501247406006e-03 1.946161501109600067e-02
4.540876448154449463e-01 1.699419505894184113e-02 -4.990373272448778152e-03 -3.082592738792300224e-04 -6.708900036755949259e-05 1.990203745663166046e-02
4.543048441410064697e-01 1.353674195706844330e-02 -3.351245541125535965e-03 7.944641984067857265e-04 -4.220921982778236270e-05 2.043209597468376160e-02
4.481221437454223633e-01 3.990294411778450012e-02 1.135418005287647247e-02 1.083344570361077785e-03 2.329467795789241791e-03 1.990267634391784668e-02
4.580357372760772705e-01 2.236135676503181458e-02 3.405163297429680824e-03 -1.341728260740637779e-03 8.506938465870916843e-04 1.911480166018009186e-02
4.530050754547119141e-01 2.146889269351959229e-02 -1.588541548699140549e-03 -2.089758403599262238e-03 1.973861828446388245e-03 1.908008009195327759e-02
4.496175944805145264e-01 1.820068247616291046e-02 -9.760741144418716431e-03 -4.283594898879528046e-04 2.181849995395168662e-04 1.904136687517166138e-02
4.504568576812744141e-01 2.085075899958610535e-02 -2.237936668097972870e-02 -1.167996786534786224e-03 -2.476837020367383957e-03 1.782746613025665283e-02
4.471256434917449951e-01 1.711135916411876678e-02 -5.678643472492694855e-03 6.006434559822082520e-04 6.369509501382708549e-04 1.698875613510608673e-02
4.413537383079528809e-01 1.904984004795551300e-02 8.754636510275304317e-04 -3.525013744365423918e-05 -2.312540309503674507e-03 1.637073233723640442e-02
4.445715546607971191e-01 1.746284402906894684e-02 -7.563121616840362549e-03 1.447058632038533688e-03 4.208985483273863792e-04 1.478428393602371216e-02
4.340713024139404297e-01 1.552564091980457306e-02 -1.104399375617504120e-02 3.812337818089872599e-04 -2.263792324811220169e-03 1.453678123652935028e-02
4.326239824295043945e-01 1.545286085456609726e-02 -3.654934000223875046e-03 -8.439871016889810562e-04 1.994461927097290754e-04 1.347486209124326706e-02
4.310936927795410156e-01 1.226230710744857788e-02 -3.362598654348403215e-04 -8.222986944019794464e-04 4.063689557369798422e-04 1.248963084071874619e-02
4.304676651954650879e-01 1.198990270495414734e-02 3.149942494928836823e-03 -1.245587482117116451e-03 1.168672228232026100e-03 1.082342211157083511e-02
4.221546649932861328e-01 1.155548170208930969e-02 -6.385871092788875103e-04 -4.007026727776974440e-04 6.169453263282775879e-04 9.518648497760295868e-03
4.209319055080413818e-01 4.655590746551752090e-03 -8.037854917347431183e-03 1.634872867725789547e-03 -7.753751706331968307e-04 8.456124924123287201e-03
4.160728156566619873e-01 8.066548034548759460e-03 -8.475423790514469147e-03 1.608771039173007011e-03 -1.291834632866084576e-03 6.565646734088659286e-03
4.138312339782714844e-01 2.824405906721949577e-03 -5.964851472526788712e-03 1.618466107174754143e-03 -9.916049893945455551e-04 4.577081184834241867e-03
4.067455828189849854e-01 4.126044455915689468e-03 1.297079725190997124e-03 5.579747376032173634e-04 -2.857612271327525377e-04 3.205308690667152405e-03
4.029077589511871338e-01 1.868387218564748764e-03 2.461152616888284683e-03 5.866707069799304008e-04 6.515500717796385288e-04 1.214924734085798264e-03
4.020552635192871094e-01 -5.437515210360288620e-04 -1.119266729801893234e-03 4.107473650947213173e-04 -4.658051475416868925e-04 -5.679934984073042870e-04
3.971279859542846680e-01 -1.482088584452867508e-03 1.034071668982505798e-03 -1.232426147907972336e-04 -1.547892810776829720e-03 -2.171033062040805817e-03
3.970951735973358154e-01 -3.416792722418904305e-03 5.611905362457036972e-04 8.471534238196909428e-04 -1.966793555766344070e-03 -3.763871965929865837e-03
4.024333357810974121e-01 -5.820150487124919891e-03 -1.151177566498517990e-03 1.207765162689611316e-04 -1.351671409793198109e-03 -5.971736274659633636e-03
4.083286523818969727e-01 -6.576647516340017319e-03 -1.476313220337033272e-03 3.565656370483338833e-04 -5.992465885356068611e-04 -7.671934086829423904e-03
4.170759916305541992e-01 -5.086099263280630112e-03 1.189010450616478920e-03 1.795882417354732752e-04 -4.040992062073200941e-04 -9.882704354822635651e-03
4.158233106136322021e-01 -4.848865326493978500e-03 -7.758833933621644974e-03 2.015543286688625813e-04 1.591858570463955402e-03 -1.129455771297216415e-02
4.113548398017883301e-01 -7.078650873154401779e-03 -4.908282775431871414e-03 3.549701068550348282e-05 3.834349045064300299e-04 -1.351337973028421402e-02
4.110932648181915283e-01 -9.819958359003067017e-03 -4.190058913081884384e-03 2.594779070932418108e-04 1.204869477078318596e-03 -1.526340469717979431e-02
4.087142646312713623e-01 -1.238776650279760361e-02 5.799870472401380539e-03 4.148628504481166601e-04 -5.472343182191252708e-04 -1.637003570795059204e-02
4.034919142723083496e-01 -1.084799319505691528e-02 4.886199720203876495e-03 9.960533352568745613e-04 -2.690098714083433151e-03 -1.846702955663204193e-02
4.041420817375183105e-01 -1.177131943404674530e-02 -1.859465800225734711e-02 2.252462087199091911e-03 9.162341593764722347e-04 -2.011070959270000458e-02
4.030863046646118164e-01 -1.142193563282489777e-02 -4.000618588179349899e-03 2.846446586772799492e-04 -8.382101077586412430e-04 -2.116170153021812439e-02
4.006445705890655518e-01 -1.080247759819030762e-02 -1.549168303608894348e-02 3.079006914049386978e-03 5.271739792078733444e-04 -2.155973017215728760e-02
3.971135914325714111e-01 -1.867368258535861969e-02 -3.986973315477371216e-03 -1.813607814256101847e-04 -1.093928585760295391e-03 -2.195104956626892090e-02
3.954291045665740967e-01 -1.700802147388458252e-02 -7.532187271863222122e-03 2.131048357114195824e-03 -1.878685201518237591e-03 -2.297015488147735596e-02
3.965827226638793945e-01 -1.522112637758255005e-02 -1.659278641454875469e-03 -5.548344342969357967e-04 -3.835253301076591015e-04 -2.385407313704490662e-02
4.011653065681457520e-01 -1.512335799634456635e-02 -1.273494213819503784e-02 -5.238654557615518570e-05 -2.311607240699231625e-04 -2.425634674727916718e-02
4.043903350830078125e-01 -1.894089020788669586e-02 -4.382982850074768066e-03 5.576857365667819977e-04 -1.348312944173812866e-04 -2.483420073986053467e-02
4.114153981208801270e-01 -2.210654132068157196e-02 1.219803560525178909e-02 9.920466691255569458e-04 -3.015854745171964169e-04 -2.541317231953144073e-02
4.142742156982421875e-01 -1.747256144881248474e-02 1.066009979695081711e-02 2.589042123872786760e-04 9.076824644580483437e-04 -2.554283663630485535e-02
4.195502400398254395e-01 -1.726523227989673615e-02 -1.274758391082286835e-02 2.493763342499732971e-03 9.271204471588134766e-04 -2.589341439306735992e-02
4.242922365665435791e-01 -1.504059042781591415e-02 -1.113931555300951004e-02 9.441246511414647102e-04 -7.875530282035470009e-04 -2.574137225747108459e-02
4.258876442909240723e-01 -1.435459498316049576e-02 -1.979974843561649323e-02 1.275543356314301491e-03 9.757017833180725574e-04 -2.547902800142765045e-02
4.313002526760101318e-01 -2.101404219865798950e-02 -1.351021323353052139e-02 2.528808079659938812e-03 1.374366809614002705e-03 -2.488686703145503998e-02
4.349724650382995605e-01 -2.231401950120925903e-02 8.111868053674697876e-03 3.491556970402598381e-03 -5.471396725624799728e-04 -2.464053221046924591e-02
4.381889998912811279e-01 -1.628368720412254333e-02 -1.871559303253889084e-03 2.161438111215829849e-03 -1.941013266332447529e-03 -2.494782395660877228e-02
4.447191655635833740e-01 -1.476354990154504776e-02 -9.974892251193523407e-03 2.085303654894232750e-03 -1.329832593910396099e-03 -2.438199892640113831e-02
4.502644538879394531e-01 -1.550064142793416977e-02 -6.024522241204977036e-03 1.382771646603941917e-03 -7.557812496088445187e-04 -2.374158985912799835e-02
4.559586048126220703e-01 -1.832679100334644318e-02 3.860966535285115242e-04 1.282991259358823299e-03 1.000678748823702335e-03 -2.391390502452850342e-02
4.632816314697265625e-01 -1.035721879452466965e-02 4.341918043792247772e-03 -1.430125790648162365e-03 5.598721327260136604e-04 -2.380453795194625854e-02
4.631025493144989014e-01 -9.435893967747688293e-03 -1.612319424748420715e-02 -7.525644032284617424e-04 9.201176580972969532e-04 -2.401156723499298096e-02
4.658908545970916748e-01 -1.617948338389396667e-02 -5.399744026362895966e-03 1.055748783983290195e-03 -1.617831876501441002e-03 -2.451366931200027466e-02
4.733941853046417236e-01 -1.768630556762218475e-02 -2.346377819776535034e-03 -5.955233355052769184e-04 6.305149290710687637e-04 -2.434724196791648865e-02
4.841597378253936768e-01 -1.801650039851665497e-02 -7.221178617328405380e-03 6.404139567166566849e-04 1.813238137401640415e-03 -2.523001097142696381e-02
4.875683188438415527e-01 -1.629911176860332489e-02 -5.103156436234712601e-03 -1.263157231733202934e-03 1.317931106314063072e-03 -2.524808607995510101e-02
4.970235228538513184e-01 -1.484185177832841873e-02 -1.135728135704994202e-02 1.339763286523520947e-03 4.093286581337451935e-03 -2.473256736993789673e-02
5.042164325714111328e-01 -1.171744521707296371e-02 -2.434042748063802719e-03 -1.171028940007090569e-03 3.591002896428108215e-04 -2.341096475720405579e-02
5.125060081481933594e-01 -1.516333222389221191e-02 5.672879982739686966e-03 -1.006183912977576256e-03 -3.368688048794865608e-04 -2.277093753218650818e-02
5.201604962348937988e-01 -1.693982817232608795e-02 -6.007198709994554520e-03 -4.219177062623202801e-04 -6.693571340292692184e-04 -2.324912510812282562e-02
5.259470939636230469e-01 -1.898377761244773865e-02 4.419601988047361374e-03 -6.553533021360635757e-04 -1.151673786807805300e-04 -2.351198345422744751e-02
5.407304763793945312e-01 -1.529516279697418213e-02 -3.912551328539848328e-03 -2.198687056079506874e-03 3.256262745708227158e-03 -2.404060959815979004e-02
5.398454070091247559e-01 -1.731802895665168762e-02 -7.461505010724067688e-03 -6.814104563090950251e-05 -9.376447414979338646e-04 -2.299511991441249847e-02
5.528863072395324707e-01 -1.747593283653259277e-02 9.798420360311865807e-04 -7.087369449436664581e-04 4.433595109730958939e-03 -2.248821593821048737e-02
5.594474077224731445e-01 -1.817428693175315857e-02 9.458425454795360565e-03 -5.368185811676084995e-04 2.728898078203201294e-03 -2.142898365855216980e-02
5.677555203437805176e-01 -1.695825532078742981e-02 5.901345517486333847e-03 -9.598726755939424038e-04 2.251144498586654663e-03 -2.197208628058433533e-02
5.704098939895629883e-01 -1.655280403792858124e-02 7.148578763008117676e-03 -2.909958420787006617e-04 3.214243566617369652e-03 -2.149968594312667847e-02
5.721611380577087402e-01 -1.558627653867006302e-02 9.421932511031627655e-03 -2.333434531465172768e-05 1.206829678267240524e-03 -2.006454207003116608e-02
5.738418102264404297e-01 -1.907023414969444275e-02 -1.465135253965854645e-03 5.371092120185494423e-04 5.087342578917741776e-04 -2.093834057450294495e-02
5.779041051864624023e-01 -1.417355332523584366e-02 1.938891783356666565e-02 -1.575235655764117837e-04 2.199652837589383125e-03 -1.935884729027748108e-02
5.844779014587402344e-01 -1.496569719165563583e-02 1.991113275289535522e-02 1.030071056447923183e-03 1.265583559870719910e-03 -1.797115802764892578e-02
5.822994709014892578e-01 -1.341840997338294983e-02 2.421298623085021973e-02 -2.175485482439398766e-03 1.777911093086004257e-03 -1.790428720414638519e-02
5.722973346710205078e-01 -1.389056257903575897e-02 1.998570002615451813e-02 -2.663869876414537430e-03 -7.797353900969028473e-04 -1.871509291231632233e-02
5.794049501419067383e-01 -1.361519657075405121e-02 1.698837243020534515e-02 -1.889111008495092392e-03 4.729015054181218147e-04 -1.805561408400535583e-02
5.752544403076171875e-01 -1.337378937751054764e-02 2.572329714894294739e-02 -2.995311748236417770e-03 -7.698486093431711197e-03 -1.851282827556133270e-02
5.763838887214660645e-01 -1.081328466534614563e-02 1.654903404414653778e-02 1.884121680632233620e-03 8.220652234740555286e-04 -1.791519485414028168e-02
5.818382501602172852e-01 -8.128060959279537201e-03 9.097941219806671143e-03 -7.995655760169029236e-04 1.792207476682960987e-03 -1.743618212640285492e-02
5.781659483909606934e-01 -8.593707345426082611e-03 9.614026173949241638e-03 -5.958097754046320915e-04 6.547730881720781326e-04 -1.814160309731960297e-02
5.766353011131286621e-01 -1.232376322150230408e-02 1.068070158362388611e-02 5.059019895270466805e-05 1.366887940093874931e-03 -1.603012345731258392e-02
5.759554505348205566e-01 -1.322488207370042801e-02 3.677751496434211731e-02 -1.788665424101054668e-03 -3.950676880776882172e-03 -1.666255481541156769e-02
5.802066326141357422e-01 -1.396814081817865372e-02 8.349640294909477234e-03 -1.286907005123794079e-03 -4.315145197324454784e-04 -1.671868003904819489e-02
5.879019498825073242e-01 -1.524253375828266144e-02 1.757610961794853210e-02 6.209567654877901077e-04 -9.457272244617342949e-04 -1.650885865092277527e-02
5.868354439735412598e-01 -1.819567754864692688e-02 9.141786023974418640e-03 1.048540230840444565e-03 -1.567038241773843765e-03 -1.500489003956317902e-02
5.909957289695739746e-01 -1.455935463309288025e-02 -3.214290831238031387e-03 4.960488877259194851e-04 -1.241442165337502956e-03 -1.095214020460844040e-02
5.982518196105957031e-01 -1.031199470162391663e-02 -1.984977722167968750e-02 -3.107242286205291748e-03 6.908958312124013901e-04 -7.551815360784530640e-03
5.973926186561584473e-01 -6.377336103469133377e-03 -2.844538539648056030e-03 5.729404510930180550e-04 -1.049669459462165833e-03 -5.605572834610939026e-03
6.035128235816955566e-01 -6.406492553651332855e-03 -9.494541212916374207e-03 -1.593152992427349091e-04 -1.141477958299219608e-03 -2.977964002639055252e-03
6.047406792640686035e-01 -3.069297410547733307e-03 -3.645894117653369904e-03 7.759858854115009308e-04 -2.968295302707701921e-04 -2.143144811270758510e-04
6.085448265075683594e-01 1.927247387357056141e-03 1.130606885999441147e-02 1.499107806012034416e-03 4.780133167514577508e-05 2.015789272263646126e-03
6.164916157722473145e-01 8.439876139163970947e-03 3.895116504281759262e-03 1.586999045684933662e-03 -8.821648079901933670e-04 5.600605625659227371e-03
6.244494915008544922e-01 1.037675607949495316e-02 -1.116730831563472748e-02 1.875373418442904949e-04 -3.741280524991452694e-04 8.195332251489162445e-03
6.260588765144348145e-01 7.090711034834384918e-03 1.836649607867002487e-03 1.507966662757098675e-03 1.081383787095546722e-03 1.051287539303302765e-02
6.266859173774719238e-01 4.691199399530887604e-03 9.854924865067005157e-04 1.510056317783892155e-03 1.984594622626900673e-03 1.223119907081127167e-02
6.337936520576477051e-01 2.206466160714626312e-02 1.502783270552754402e-03 -2.170106396079063416e-03 -2.407007617875933647e-03 1.488291937857866287e-02
6.374396681785583496e-01 3.147730231285095215e-02 -2.484487183392047882e-02 2.353644464164972305e-03 1.011135405860841274e-03 1.556618418544530869e-02
6.395016908645629883e-01 1.716683059930801392e-02 9.412909857928752899e-03 2.110874513164162636e-03 -7.643523276783525944e-04 1.577344909310340881e-02
6.389930844306945801e-01 1.630621962249279022e-02 1.364953583106398582e-03 1.575646572746336460e-03 -2.534678671509027481e-03 1.618874259293079376e-02
6.418177485466003418e-01 2.312755212187767029e-02 1.163563411682844162e-02 6.835032836534082890e-04 -2.817372325807809830e-03 1.526988483965396881e-02
6.551856398582458496e-01 2.037803456187248230e-02 -6.110494956374168396e-03 -5.003725527785718441e-05 -8.458485826849937439e-04 1.580928824841976166e-02
6.566176414489746094e-01 2.105901390314102173e-02 -1.196537259966135025e-02 9.586801170371472836e-04 5.741446511819958687e-04 1.592802442610263824e-02
6.544790267944335938e-01 1.670732535421848297e-02 -1.038364693522453308e-02 5.176205886527895927e-04 -1.743650063872337341e-03 1.458666101098060608e-02
6.628354191780090332e-01 1.046693138778209686e-02 -1.915490627288818359e-02 1.762554631568491459e-03 -7.429027464240789413e-04 1.453411113470792770e-02
6.688553690910339355e-01 1.606201007962226868e-02 4.584345035254955292e-03 -8.624974288977682590e-04 9.861665312200784683e-04 1.431479398161172867e-02
6.751601099967956543e-01 2.670557983219623566e-02 3.827366977930068970e-02 1.637393725104629993e-03 2.010647440329194069e-03 1.525945682078599930e-02
6.806825995445251465e-01 1.737850345671176910e-02 9.345778077840805054e-02 6.365531589835882187e-04 5.775627680122852325e-03 1.304465904831886292e-02
6.617558598518371582e-01 1.677698083221912384e-02 -5.095597589388489723e-04 4.209314356558024883e-04 1.385607174597680569e-05 1.080195792019367218e-02
