3.474756777286529541e-01 1.583823189139366150e-02 1.029668003320693970e-02 -1.137407147325575352e-03 4.063340835273265839e-03 1.443899143487215042e-02
3.533982634544372559e-01 1.753149367868900299e-02 4.340639803558588028e-03 -9.515293641015887260e-04 8.128259330987930298e-03 1.319900620728731155e-02
3.451590538024902344e-01 1.074060611426830292e-02 3.628499107435345650e-03 -4.584243521094322205e-03 5.817641504108905792e-03 1.291610579937696457e-02
3.367616236209869385e-01 1.050619781017303467e-02 2.003326313570141792e-03 -9.515992715023458004e-04 3.945969219785183668e-04 1.311202161014080048e-02
3.266310095787048340e-01 6.865329574793577194e-03 -7.162348483689129353e-04 -1.344303833320736885e-03 -3.459759056568145752e-03 1.240320131182670593e-02
3.105908930301666260e-01 2.334331348538398743e-02 -3.776759840548038483e-03 1.751044066622853279e-03 -2.284589922055602074e-03 1.299482490867376328e-02
3.256962001323699951e-01 1.056118123233318329e-02 8.853995241224765778e-03 -1.137186889536678791e-03 -3.417608328163623810e-03 1.239767018705606461e-02
2.924000024795532227e-01 2.152419276535511017e-02 -5.374047905206680298e-03 -2.655767835676670074e-03 -3.697414183989167213e-03 1.044876407831907272e-02
3.035937249660491943e-01 1.204519346356391907e-02 -6.119627971202135086e-03 -3.864216618239879608e-03 -3.283632686361670494e-03 1.062693726271390915e-02
3.122648596763610840e-01 1.649693027138710022e-02 -1.966696046292781830e-02 1.394060382153838873e-04 -5.105325952172279358e-03 1.182842068374156952e-02
3.148087859153747559e-01 2.213779278099536896e-02 -2.129884995520114899e-02 2.010601339861750603e-03 -4.508934449404478073e-03 1.242639683187007904e-02
3.058113753795623779e-01 1.558160409331321716e-03 -6.711144233122467995e-04 2.918877871707081795e-03 3.338208189234137535e-03 1.084011513739824295e-02
3.125554025173187256e-01 -3.742026165127754211e-03 9.240873157978057861e-03 2.529695339035242796e-04 2.295431448146700859e-03 1.098343916237354279e-02
3.173013627529144287e-01 6.423473823815584183e-03 5.816762568429112434e-04 8.702450431883335114e-04 -2.207736950367689133e-03 1.294744107872247696e-02
2.998903393745422363e-01 2.094865962862968445e-02 2.936559263616800308e-03 -2.331502619199454784e-04 -2.191744046285748482e-03 1.224697940051555634e-02
3.186269402503967285e-01 -7.330503314733505249e-03 3.241715487092733383e-03 -2.332837088033556938e-03 4.366512876003980637e-04 1.098264195024967194e-02
3.018481731414794922e-01 3.347449004650115967e-03 5.432398524135351181e-03 -2.762962831184267998e-03 -5.270063877105712891e-03 1.079722307622432709e-02
2.994696497917175293e-01 2.197304740548133850e-02 -1.644338481128215790e-03 -5.304756923578679562e-04 -9.070950560271739960e-03 1.125077717006206512e-02
3.113555014133453369e-01 -1.848215120844542980e-03 -1.454108953475952148e-02 2.578360028564929962e-03 -8.139709942042827606e-03 1.214159466326236725e-02
3.130008280277252197e-01 -3.096901578828692436e-03 2.961159450933337212e-03 4.718980751931667328e-03 -3.838628996163606644e-03 1.203750073909759521e-02
