6.452773232012987137e-03 6.185317877680063248e-03 2.500216104090213776e-02 5.172040779143571854e-03 2.446028171107172966e-03 6.471700617112219334e-04
4.405569750815629959e-03 5.201514810323715210e-03 2.881622686982154846e-02 2.098029479384422302e-03 3.861105069518089294e-03 5.424570990726351738e-04
5.159341730177402496e-03 7.740202825516462326e-03 1.614299602806568146e-02 2.773016924038529396e-03 1.960161142051219940e-03 5.003465339541435242e-04
8.111737668514251709e-03 9.041324257850646973e-03 2.473659627139568329e-02 1.955751096829771996e-03 2.336628036573529243e-03 9.047279017977416515e-04
3.521841019392013550e-03 5.503891967236995697e-03 7.109543774276971817e-03 7.515532779507339001e-04 8.900339016690850258e-04 2.746522950474172831e-04
2.636846154928207397e-03 3.552043810486793518e-03 8.290243335068225861e-03 8.414967451244592667e-04 5.304403021000325680e-04 2.891291223932057619e-04
3.266832791268825531e-03 3.084479831159114838e-03 8.184721693396568298e-03 1.419526408426463604e-03 1.322944881394505501e-03 2.560752618592232466e-04
2.711535897105932236e-03 3.503661835566163063e-03 7.204800844192504883e-03 8.291595149785280228e-04 8.610812365077435970e-04 2.101508871419355273e-04
3.249295754358172417e-03 5.315159447491168976e-03 1.468699891120195389e-02 1.302119344472885132e-03 1.348759862594306469e-03 2.336983889108523726e-04
3.123107133433222771e-03 4.348959308117628098e-03 6.633074954152107239e-03 8.016196079552173615e-04 8.470027241855859756e-04 3.115162253379821777e-04
3.610215848311781883e-03 5.365259945392608643e-03 9.497782215476036072e-03 1.121499226428568363e-03 1.088971504941582680e-03 3.019201394636183977e-04
4.567097406834363937e-03 5.534901283681392670e-03 1.171342656016349792e-02 1.459854654967784882e-03 1.177957863546907902e-03 3.863026213366538286e-04
3.149974392727017403e-03 4.047715105116367340e-03 7.502159569412469864e-03 1.210505259223282337e-03 1.004302059300243855e-03 2.827267162501811981e-04
3.899591043591499329e-03 3.945961128920316696e-03 8.796261623501777649e-03 8.097394602373242378e-04 8.457052754238247871e-04 3.096079453825950623e-04
2.674942603334784508e-03 2.858023392036557198e-03 6.928609684109687805e-03 1.509171328507363796e-03 1.052717911079525948e-03 2.831529418472200632e-04
1.806163112632930279e-03 3.920979797840118408e-03 8.727503940463066101e-03 1.095612300559878349e-03 1.485537854023277760e-03 2.302003122167661786e-04
2.749922918155789375e-03 3.133896738290786743e-03 8.448083885014057159e-03 1.286891289055347443e-03 1.178248319774866104e-03 3.538757737260311842e-04
2.294926438480615616e-03 5.170907359570264816e-03 8.022723719477653503e-03 7.732449448667466640e-04 8.394535980187356472e-04 2.199282898800447583e-04
2.577924868091940880e-03 2.674762392416596413e-03 6.695104762911796570e-03 9.076091810129582882e-04 1.004810445010662079e-03 2.623842447064816952e-04
3.372376086190342903e-03 4.167090170085430145e-03 8.210047148168087006e-03 1.041509327478706837e-03 8.632311946712434292e-04 4.113343311473727226e-04
3.911595791578292847e-03 5.502116400748491287e-03 2.604398690164089203e-02 2.491507912054657936e-03 3.881206037476658821e-03 3.874948597513139248e-04
3.605182282626628876e-03 4.460642114281654358e-03 9.207732044160366058e-03 1.046791789121925831e-03 1.181455794721841812e-03 4.931072471663355827e-04
3.469515591859817505e-03 4.145272541791200638e-03 8.130041882395744324e-03 1.225813059136271477e-03 1.066487631760537624e-03 3.427645424380898476e-04
3.533444833010435104e-03 4.559130873531103134e-03 1.478648371994495392e-02 1.498381840065121651e-03 1.991048222407698631e-03 3.387397155165672302e-04
6.183998193591833115e-03 5.246601067483425140e-03 1.413529273122549057e-02 1.874431269243359566e-03 2.019866835325956345e-03 5.421693786047399044e-04
5.199062172323465347e-03 5.753546021878719330e-03 8.782215416431427002e-03 1.239942037500441074e-03 9.774505160748958588e-04 3.782403364311903715e-04
5.560204852372407913e-03 6.340476218611001968e-03 1.861239597201347351e-02 2.351589966565370560e-03 2.615700243040919304e-03 5.162135930731892586e-04
4.949968773871660233e-03 5.910899490118026733e-03 1.130689773708581924e-02 1.442821230739355087e-03 1.192762516438961029e-03 4.015863232780247927e-04
3.548356238752603531e-03 4.624096211045980453e-03 9.867008775472640991e-03 7.517173653468489647e-04 7.736803381703794003e-04 3.365314623806625605e-04
3.837320022284984589e-03 6.223386153578758240e-03 1.402927376329898834e-02 1.552621019072830677e-03 1.176232937723398209e-03 3.237394266761839390e-04
4.731232766062021255e-03 5.069374572485685349e-03 1.728263683617115021e-02 7.658685208298265934e-04 1.761376857757568359e-03 4.498568014241755009e-04
3.824235871434211731e-03 4.767376929521560669e-03 1.815247163176536560e-02 1.907344674691557884e-03 1.352444756776094437e-03 3.514248819556087255e-04
3.200427163392305374e-03 4.481425043195486069e-03 1.229630503803491592e-02 1.645438489504158497e-03 1.187686226330697536e-03 3.467786591500043869e-04
3.127050353214144707e-03 3.371191909536719322e-03 9.812265634536743164e-03 1.208898145705461502e-03 1.231941278092563152e-03 2.840627275872975588e-04
3.268334781751036644e-03 3.346237353980541229e-03 6.153933703899383545e-03 6.176479510031640530e-04 8.587013580836355686e-04 2.848180592991411686e-04
3.241159254685044289e-03 3.019185038283467293e-03 9.394888766109943390e-03 7.917279726825654507e-04 1.342603936791419983e-03 2.637394063640385866e-04
2.301657805219292641e-03 2.869095886126160622e-03 8.248830214142799377e-03 8.041688706725835800e-04 1.084668445400893688e-03 2.522794238757342100e-04
2.148977247998118401e-03 2.660706173628568649e-03 5.861054640263319016e-03 5.058961105532944202e-04 1.024435972794890404e-03 2.294192090630531311e-04
3.609219333156943321e-03 3.651246195659041405e-03 8.568385615944862366e-03 1.103768590837717056e-03 1.284942496567964554e-03 3.149588883388787508e-04
2.096234820783138275e-03 2.341770566999912262e-03 6.083223968744277954e-03 7.322630845010280609e-04 1.013788743875920773e-03 2.304750669281929731e-04
2.369464840739965439e-03 2.268362324684858322e-03 8.454832248389720917e-03 1.202233368530869484e-03 8.138756384141743183e-04 2.570441574789583683e-04
2.247805939987301826e-03 2.325936220586299896e-03 7.540540304034948349e-03 1.144500100053846836e-03 1.099436893127858639e-03 2.579480642452836037e-04
2.978452015668153763e-03 2.816394437104463577e-03 4.810975398868322372e-03 6.082468316890299320e-04 7.354393601417541504e-04 2.455530047882348299e-04
2.586806891486048698e-03 2.577946987003087997e-03 6.090015172958374023e-03 7.826685905456542969e-04 1.230592140927910805e-03 2.654161071404814720e-04
4.126849584281444550e-03 3.457319224253296852e-03 1.255051791667938232e-02 1.369925448670983315e-03 1.104691415093839169e-03 3.025522164534777403e-04
2.443526638671755791e-03 2.275657607242465019e-03 8.281260728836059570e-03 1.594552770256996155e-03 1.631217892281711102e-03 2.282123605255037546e-04
2.732590306550264359e-03 2.304931636899709702e-03 4.013760481029748917e-03 3.980864130426198244e-04 1.048023696057498455e-03 2.582709421403706074e-04
1.843002159148454666e-03 2.041895873844623566e-03 6.095385178923606873e-03 8.068369934335350990e-04 1.307001803070306778e-03 2.058850222965702415e-04
6.935722194612026215e-03 4.070466384291648865e-03 1.362100336700677872e-02 1.482007792219519615e-03 1.999834552407264709e-03 5.168328061699867249e-04
3.770230570808053017e-03 2.903194632381200790e-03 7.028489373624324799e-03 6.609944975934922695e-04 1.315555535256862640e-03 3.140720364172011614e-04
2.441148972138762474e-03 1.438190462067723274e-03 4.953581839799880981e-03 5.743373185396194458e-04 1.016259193420410156e-03 2.694222785066813231e-04
3.649902064353227615e-03 2.045247238129377365e-03 1.002192683517932892e-02 1.500134589150547981e-03 1.489774906076490879e-03 3.780558472499251366e-04
3.094503423199057579e-03 2.270713448524475098e-03 3.677093656733632088e-03 6.123216007836163044e-04 1.148487208411097527e-03 4.218269605189561844e-04
3.570762230083346367e-03 1.851646811701357365e-03 3.756373422220349312e-03 4.610923642758280039e-04 1.122125773690640926e-03 4.212406929582357407e-04
2.783639123663306236e-03 1.806231914088129997e-03 9.808792732656002045e-03 1.521544065326452255e-03 1.539119752123951912e-03 2.850871824193745852e-04
2.231612801551818848e-03 1.379425986669957638e-03 3.424249356612563133e-03 4.922723746858537197e-04 7.979311048984527588e-04 2.377666532993316650e-04
3.499990794807672501e-03 2.506631659343838692e-03 3.607574384659528732e-03 5.873195477761328220e-04 4.909602575935423374e-04 2.762055373750627041e-04
2.201425377279520035e-03 2.932149451225996017e-03 8.213154040277004242e-03 9.016108233481645584e-04 1.434026518836617470e-03 2.894652134273201227e-04
2.036741701886057854e-03 1.593880122527480125e-03 2.643573796376585960e-03 3.002459416165947914e-04 6.623509689234197140e-04 2.656447759363800287e-04
2.503077499568462372e-03 2.411539666354656219e-03 5.702826660126447678e-03 4.498802300076931715e-04 1.089502125978469849e-03 3.261203528381884098e-04
2.376489574089646339e-03 2.155744703486561775e-03 4.761013668030500412e-03 7.087489357218146324e-04 1.253432361409068108e-03 2.081751008518040180e-04
2.170333405956625938e-03 1.783846295438706875e-03 3.482442349195480347e-03 4.820030299015343189e-04 1.158991479314863682e-03 2.063667488982900977e-04
2.889950759708881378e-03 1.594847999513149261e-03 2.408260945230722427e-03 4.968091379851102829e-04 1.001761178486049175e-03 3.049037186428904533e-04
2.610117895528674126e-03 1.707825576886534691e-03 3.605780890211462975e-03 4.565586859825998545e-04 7.759084110148251057e-04 2.912519848905503750e-04
3.116534790024161339e-03 1.500177662819623947e-03 1.931399572640657425e-03 2.177530550397932529e-04 1.842151687014847994e-04 2.168095670640468597e-04
4.188004415482282639e-03 1.542253536172211170e-03 3.704935079440474510e-03 4.874443693552166224e-04 9.012783993966877460e-04 3.671235754154622555e-04
4.771385807543992996e-03 2.089540241286158562e-03 5.362670402973890305e-03 6.304071284830570221e-04 1.268478692509233952e-03 5.318712210282683372e-04
3.870801534503698349e-03 2.210885751992464066e-03 2.309468574821949005e-03 2.705325605347752571e-04 8.721196209080517292e-04 3.174976154696196318e-04
2.859556581825017929e-03 2.348753390833735466e-03 4.443629644811153412e-03 6.414854433387517929e-04 8.831130689941346645e-04 2.860586682800203562e-04
3.364004427567124367e-03 1.719185616821050644e-03 5.371756386011838913e-03 6.306714494712650776e-04 1.120020519010722637e-03 3.531927941367030144e-04
2.631403040140867233e-03 1.722890534438192844e-03 3.720840904861688614e-03 6.820341222919523716e-04 8.897912339307367802e-04 3.015294787473976612e-04
5.005441606044769287e-03 2.578493207693099976e-03 5.813134368509054184e-03 9.489963413216173649e-04 2.848682226613163948e-03 4.063640953972935677e-04
5.953841842710971832e-03 2.515973290428519249e-03 1.378104183822870255e-02 1.604627817869186401e-03 1.230347668752074242e-03 3.986879019066691399e-04
3.108867909759283066e-03 2.106366213411092758e-03 7.441891822963953018e-03 8.282995549961924553e-04 8.029161836020648479e-04 2.027754671871662140e-04
3.375612432137131691e-03 2.274503931403160095e-03 4.068569745868444443e-03 5.214769043959677219e-04 9.359209798276424408e-04 4.965002299286425114e-04
3.288439009338617325e-03 2.127619925886392593e-03 8.507253602147102356e-03 7.828914094716310501e-04 1.057376968674361706e-03 4.007806419394910336e-04
9.277019649744033813e-03 2.656983910128474236e-03 1.095479726791381836e-02 1.600587624125182629e-03 1.595232984982430935e-03 7.612874032929539680e-04
2.004137029871344566e-03 1.678656670264899731e-03 4.925914108753204346e-03 6.669635768048465252e-04 5.865359562449157238e-04 1.822985213948413730e-04
4.296981729567050934e-03 3.395863808691501617e-03 8.576964028179645538e-03 1.144618145190179348e-03 7.974640466272830963e-04 2.885924477595835924e-04
4.108230117708444595e-03 3.893453627824783325e-03 4.695363808423280716e-03 6.034804391674697399e-04 6.654268945567309856e-04 4.302969027776271105e-04
2.693482907488942146e-03 2.571708755567669868e-03 6.975512020289897919e-03 1.260049873962998390e-03 6.402397411875426769e-04 2.689494576770812273e-04
2.680117264389991760e-03 2.596040721982717514e-03 9.662063792347908020e-03 1.200962462462484837e-03 8.735247538425028324e-04 2.241896145278587937e-04
2.581197069957852364e-03 2.107446547597646713e-03 4.637170583009719849e-03 5.544612067751586437e-04 5.127303884364664555e-04 3.002236771862953901e-04
2.343704923987388611e-03 2.166758058592677116e-03 8.741019293665885925e-03 1.115695922635495663e-03 1.308776088990271091e-03 2.290534612257033587e-04
2.319195540621876717e-03 2.352532465010881424e-03 9.833175688982009888e-03 7.260279962792992592e-04 7.969434373080730438e-04 2.400732482783496380e-04
2.558870939537882805e-03 2.445548772811889648e-03 1.245335675776004791e-02 1.444741501472890377e-03 8.240634342655539513e-04 2.119743585353717208e-04
2.866963623091578484e-03 2.395199611783027649e-03 6.024487782269716263e-03 7.270658388733863831e-04 7.837353623472154140e-04 2.443169942125678062e-04
2.629463328048586845e-03 2.789965597912669182e-03 9.453516453504562378e-03 1.267891144379973412e-03 1.066256314516067505e-03 2.685407816898077726e-04
3.069754224270582199e-03 3.258238779380917549e-03 8.788052015006542206e-03 1.008474035188555717e-03 1.029573846608400345e-03 2.832974423654377460e-04
2.486219396814703941e-03 2.407188061624765396e-03 1.174893882125616074e-02 1.437004422768950462e-03 1.135086873546242714e-03 2.630930393934249878e-04
2.891848562285304070e-03 2.391402376815676689e-03 7.596995681524276733e-03 8.329231059178709984e-04 9.782129200175404549e-04 2.730444248300045729e-04
2.382666571065783501e-03 2.027176087722182274e-03 8.488837629556655884e-03 1.504810759797692299e-03 7.456244202330708504e-04 1.984715490834787488e-04
2.686938503757119179e-03 1.968811266124248505e-03 6.025815848261117935e-03 7.338382420130074024e-04 8.226973004639148712e-04 2.473387285135686398e-04
3.568570129573345184e-03 2.454085275530815125e-03 8.592113852500915527e-03 9.600927587598562241e-04 8.769289706833660603e-04 2.780727227218449116e-04
2.157931216061115265e-03 1.894449000246822834e-03 9.275594726204872131e-03 9.906595805659890175e-04 1.122752437368035316e-03 2.141326549462974072e-04
2.419211436063051224e-03 2.676896983757615089e-03 1.044514868408441544e-02 1.419897191226482391e-03 9.454297833144664764e-04 2.400138910161331296e-04
2.387030515819787979e-03 2.094028284773230553e-03 3.512644674628973007e-03 5.232023540884256363e-04 5.825519911013543606e-04 2.684862120077013969e-04
2.157021779567003250e-03 2.982408739626407623e-03 1.619188115000724792e-03 3.058975271414965391e-04 4.832011763937771320e-04 2.459840907249599695e-04
3.741138381883502007e-03 2.871354110538959503e-03 5.009306129068136215e-03 4.247830656822770834e-04 3.778172831516712904e-04 3.441870794631540775e-04
2.170536201447248459e-03 2.033842494711279869e-03 1.016034465283155441e-02 1.159776933491230011e-03 1.328775892034173012e-03 2.555004030000418425e-04
3.261976176872849464e-03 1.581498188897967339e-03 3.683564020320773125e-03 3.423901216592639685e-04 9.590170811861753464e-04 2.369059511693194509e-04
1.869494095444679260e-03 1.328313723206520081e-03 5.143978167325258255e-03 7.001102785579860210e-04 6.862450973130762577e-04 1.963195536518469453e-04
2.623318228870630264e-03 1.702607958577573299e-03 3.682698588818311691e-03 3.937800938729196787e-04 9.131170809268951416e-04 2.222082403022795916e-04
3.137160092592239380e-03 1.650054473429918289e-03 3.765528555959463120e-03 4.886171082034707069e-04 6.761826807633042336e-04 2.850072633009403944e-04
3.029004670679569244e-03 1.464365050196647644e-03 5.830107722431421280e-03 6.770372856408357620e-04 1.221509417518973351e-03 2.246224466944113374e-04
2.386810490861535072e-03 1.341599156148731709e-03 4.808378405869007111e-03 7.446620729751884937e-04 9.830265771597623825e-04 2.110806090058758855e-04
4.126734565943479538e-03 1.679857145063579082e-03 5.399002693593502045e-03 7.383538759313523769e-04 9.920679731294512749e-04 3.234302857890725136e-04
2.483541844412684441e-03 1.308957580476999283e-03 3.847994143143296242e-03 4.583125119097530842e-04 7.066778489388525486e-04 2.781242656055837870e-04
3.361426759511232376e-03 1.466124434955418110e-03 2.609376562759280205e-03 4.575594502966850996e-04 4.678768746089190245e-04 2.934786607511341572e-04
3.896774724125862122e-03 1.232910552062094212e-03 2.311770571395754814e-03 4.194621869828552008e-04 4.491661966312676668e-04 2.715351001825183630e-04
3.892346285283565521e-03 9.181119967252016068e-04 3.369930200278759003e-03 4.361165920272469521e-04 4.950762377120554447e-04 2.323992230230942369e-04
4.435271490365266800e-03 1.276957220397889614e-03 3.366379067301750183e-03 4.637575475499033928e-04 4.235811647959053516e-04 3.305937862023711205e-04
4.631453659385442734e-03 1.276614842936396599e-03 4.124047700315713882e-03 5.159612628631293774e-04 5.632992251776158810e-04 4.120233352296054363e-04
3.690438810735940933e-03 1.353484811261296272e-03 2.850985853001475334e-03 3.304223937448114157e-04 3.360385308042168617e-04 3.109395911451429129e-04
4.617506638169288635e-03 1.402774360030889511e-03 2.890091389417648315e-03 4.462453944142907858e-04 3.245645493734627962e-04 2.973524096887558699e-04
3.659280715510249138e-03 1.894906745292246342e-03 4.219604190438985825e-03 8.186537306755781174e-04 4.478298069443553686e-04 3.425187605898827314e-04
3.868286497890949249e-03 1.990253804251551628e-03 2.920045750215649605e-03 4.887958057224750519e-04 3.741963300853967667e-04 4.319192958064377308e-04
3.844430902972817421e-03 1.815714756958186626e-03 4.064061678946018219e-03 4.881150962319225073e-04 6.302368128672242165e-04 3.318509843666106462e-04
2.882370958104729652e-03 1.496812794357538223e-03 2.721733646467328072e-03 4.686136671807616949e-04 5.724041839130222797e-04 3.074089763686060905e-04
3.050219034776091576e-03 1.119346707127988338e-03 4.036032129079103470e-03 7.541991653852164745e-04 6.208572885952889919e-04 2.321847714483737946e-04
3.304262878373265266e-03 1.177995232865214348e-03 2.533141523599624634e-03 4.504680109675973654e-04 5.155869293957948685e-04 3.183566732332110405e-04
3.508571302518248558e-03 1.136127742938697338e-03 2.302978187799453735e-03 4.259867127984762192e-04 5.362121155485510826e-04 2.614167460706084967e-04
3.299242351204156876e-03 1.405680784955620766e-03 3.621482988819479942e-03 5.987896583974361420e-04 7.740111905150115490e-04 3.219656355213373899e-04
4.104503430426120758e-03 1.493475167080760002e-03 3.129146993160247803e-03 5.406896234489977360e-04 6.011522491462528706e-04 4.574350023176521063e-04
2.674385206773877144e-03 1.403544913046061993e-03 2.991900546476244926e-03 4.945691907778382301e-04 6.353518692776560783e-04 2.676704316399991512e-04
3.221525577828288078e-03 1.639175461605191231e-03 3.407054115086793900e-03 6.036501727066934109e-04 5.743759684264659882e-04 3.139059699606150389e-04
2.732746768742799759e-03 1.832463312894105911e-03 4.388776607811450958e-03 7.501793443225324154e-04 1.314381719566881657e-03 3.117699234280735254e-04
2.843978814780712128e-03 1.714885234832763672e-03 3.969171084463596344e-03 6.643135566264390945e-04 1.009666477330029011e-03 2.914026845246553421e-04
2.886971458792686462e-03 1.598306698724627495e-03 4.577896557748317719e-03 5.659445887431502342e-04 1.213993411511182785e-03 2.468931488692760468e-04
3.687119577080011368e-03 2.435750560835003853e-03 5.140770692378282547e-03 7.187481969594955444e-04 1.051320577971637249e-03 3.950204409193247557e-04
2.572187688201665878e-03 1.853506197221577168e-03 5.029839929193258286e-03 6.464155158028006554e-04 1.013320288620889187e-03 2.111631765728816390e-04
4.158914089202880859e-03 1.923122326843440533e-03 9.446455165743827820e-03 1.033488661050796509e-03 1.488719368353486061e-03 3.329414757899940014e-04
2.669895300641655922e-03 1.328837824985384941e-03 5.594579502940177917e-03 6.948638474568724632e-04 7.838488672859966755e-04 2.552836376708000898e-04
2.805078634992241859e-03 1.862465869635343552e-03 7.455602753907442093e-03 8.890602039173245430e-04 9.134504362009465694e-04 2.965849707834422588e-04
2.526205731555819511e-03 1.203506253659725189e-03 3.712521400302648544e-03 5.908166640438139439e-04 4.264254530426114798e-04 2.118694101227447391e-04
5.385068245232105255e-03 1.994885271415114403e-03 9.109161794185638428e-03 1.022742595523595810e-03 1.442890148609876633e-03 3.165146626997739077e-04
3.446146612986922264e-03 2.214096253737807274e-03 3.825616324320435524e-03 6.770680774934589863e-04 5.590358632616698742e-04 3.145671798847615719e-04
2.875687088817358017e-03 1.406521652825176716e-03 2.778237219899892807e-03 4.014007281512022018e-04 6.352823693305253983e-04 3.722236433532088995e-04
2.205741824582219124e-03 1.247556298039853573e-03 2.972164191305637360e-03 6.256315973587334156e-04 3.901728487107902765e-04 2.220695751020684838e-04
3.139531239867210388e-03 1.478331629186868668e-03 6.046370137482881546e-03 8.594857645221054554e-04 5.221503088250756264e-04 2.817760687321424484e-04
2.954401075839996338e-03 1.094089937396347523e-03 2.129102504113689065e-04 4.100790829397737980e-05 8.683511259732767940e-05 2.889146271627396345e-04
2.803871873766183853e-03 1.536766067147254944e-03 4.514349624514579773e-03 6.511920946650207043e-04 5.558606353588402271e-04 2.736948372330516577e-04
3.893507411703467369e-03 1.100013265386223793e-03 5.390141624957323074e-03 7.512109586969017982e-04 7.620207034051418304e-04 2.317482576472684741e-04
3.901857882738113403e-03 1.545436331070959568e-03 5.351022817194461823e-03 8.509962935931980610e-04 6.191524444147944450e-04 2.630983653943985701e-04
2.508432604372501373e-03 1.438735867850482464e-03 3.335598856210708618e-03 4.849823890253901482e-04 4.320587904658168554e-04 2.503421565052121878e-04
5.200088489800691605e-03 1.681343652307987213e-03 4.265466704964637756e-03 6.195925525389611721e-04 7.232789066620171070e-04 2.702679776120930910e-04
3.209443064406514168e-03 1.652140170335769653e-03 5.646439269185066223e-03 7.410561083815991879e-04 1.075447071343660355e-03 2.183494507335126400e-04
4.852958023548126221e-03 2.075185067951679230e-03 5.402494221925735474e-03 6.888789357617497444e-04 7.914410671219229698e-04 3.796957607846707106e-04
5.011157132685184479e-03 1.633267616853117943e-03 6.121597718447446823e-03 8.644905174151062965e-04 8.201043820008635521e-04 3.107903758063912392e-04
3.295443253591656685e-03 1.299726194702088833e-03 4.740720614790916443e-03 6.743370904587209225e-04 6.019104621373116970e-04 2.998854615725576878e-04
