1.858240575529634953e-03 1.740181935019791126e-03 1.190150142065249383e-04 2.600446532596834004e-05 2.758539631031453609e-05 1.448631228413432837e-04
1.768951187841594219e-03 2.377159660682082176e-03 1.192323979921638966e-04 2.465122088324278593e-05 2.916059565905015916e-05 1.628840836929157376e-04
2.248353091999888420e-03 2.183589618653059006e-03 1.496287004556506872e-04 2.836392195604275912e-05 3.103967537754215300e-05 2.115521056111901999e-04
1.896070083603262901e-03 2.048086374998092651e-03 1.512171729700639844e-04 2.762431540759280324e-05 3.075084896408952773e-05 1.497514895163476467e-04
1.550151617266237736e-03 2.159779425710439682e-03 1.418989704689010978e-04 2.697231320780701935e-05 3.125010698568075895e-05 1.624715805519372225e-04
2.094048308208584785e-03 2.175039844587445259e-03 1.654355146456509829e-04 3.150679185637272894e-05 3.170982017763890326e-05 2.047896414296701550e-04
1.626197481527924538e-03 2.197050489485263824e-03 1.373313425574451685e-04 2.663521081558428705e-05 2.891695476137101650e-05 1.609995233593508601e-04
2.346263499930500984e-03 2.754824934527277946e-03 1.558377116452902555e-04 2.973352093249559402e-05 3.116422158200293779e-05 2.284556539962068200e-04
1.687206211499869823e-03 2.008641371503472328e-03 1.351273531327024102e-04 2.746751488302834332e-05 2.946335916931275278e-05 1.849233813118189573e-04
1.991993514820933342e-03 2.261872636154294014e-03 1.380610046908259392e-04 2.745845267781987786e-05 2.992948429891839623e-05 1.890775165520608425e-04
1.822700607590377331e-03 2.489336766302585602e-03 1.341060997219756246e-04 2.820606096065603197e-05 3.010447471751831472e-05 2.092200302286073565e-04
1.554238377138972282e-03 2.005142625421285629e-03 1.143083281931467354e-04 2.589510404504835606e-05 2.693066744541283697e-05 1.657864340813830495e-04
1.409616670571267605e-03 2.639071550220251083e-03 1.241956924786791205e-04 2.544948802096769214e-05 2.659237179614137858e-05 1.591681066201999784e-04
1.681118155829608440e-03 2.419045660644769669e-03 1.235768868355080485e-04 2.253766069770790637e-05 2.533151200623251498e-05 1.694534003036096692e-04
1.624608063139021397e-03 1.963029615581035614e-03 1.139296946348622441e-04 2.100271922245156020e-05 2.252523154311347753e-05 1.460866915294900537e-04
1.165041234344244003e-03 1.546664396300911903e-03 1.166482834378257394e-04 2.579450301709584892e-05 2.800024594762362540e-05 9.358004899695515633e-05
2.091915812343358994e-03 3.034751629456877708e-03 1.300125295529142022e-04 2.861248685803730041e-05 3.337417729198932648e-05 1.741455780575051904e-04
1.743673346936702728e-03 2.970089204609394073e-03 1.143365079769864678e-04 2.600996594992466271e-05 2.859536652977112681e-05 1.708392810542136431e-04
1.969285542145371437e-03 2.529975026845932007e-03 1.130263044615276158e-04 2.449340718158055097e-05 2.830678204190917313e-05 1.830543769756332040e-04
2.170920837670564651e-03 3.760227700695395470e-03 1.089267534553073347e-04 2.348594534851144999e-05 2.638061050674878061e-05 2.076327218674123287e-04
2.396572148427367210e-03 3.408636432141065598e-03 1.199644902953878045e-04 2.822314854711294174e-05 2.856326864275615662e-05 2.122008299920707941e-04
1.948800054378807545e-03 3.664983203634619713e-03 1.153460398199968040e-04 2.608507929835468531e-05 2.687210508156567812e-05 1.639308320591226220e-04
2.308757044374942780e-03 3.865530015900731087e-03 1.081781883840449154e-04 2.543471418903209269e-05 2.698837852221913636e-05 2.801795490086078644e-04
2.143932040780782700e-03 2.985477680340409279e-03 1.124229893321171403e-04 2.690987093956209719e-05 2.760876486718188971e-05 1.660743146203458309e-04
2.342396648600697517e-03 3.246156033128499985e-03 1.088766803150065243e-04 2.388517714280169457e-05 2.363809835514985025e-05 2.048552851192653179e-04
2.555964281782507896e-03 3.259923541918396950e-03 1.112044410547241569e-04 2.554583988967351615e-05 2.697333729884121567e-05 2.148939820472151041e-04
2.295994898304343224e-03 3.221345599740743637e-03 1.093308164854533970e-04 2.449697240081150085e-05 2.763814882200676948e-05 1.926568511407822371e-04
2.397971227765083313e-03 3.236992750316858292e-03 1.192669733427464962e-04 2.826505624398123473e-05 2.845439848897513002e-05 2.624876215122640133e-04
2.209486672654747963e-03 3.053710563108325005e-03 1.083642855519428849e-04 2.545768802519887686e-05 1.915466418722644448e-05 1.980440574698150158e-04
1.904725795611739159e-03 3.666592063382267952e-03 1.207237364724278450e-04 2.680836951185483485e-05 2.911672163463663310e-05 1.650920894462615252e-04
2.187866950407624245e-03 3.678882494568824768e-03 1.190858019981533289e-04 2.468204365868587047e-05 2.398422475380357355e-05 1.855742448242381215e-04
1.749252201989293098e-03 3.485650056973099709e-03 1.066214172169566154e-04 2.465946454321965575e-05 2.582804336270783097e-05 1.608394377399235964e-04
2.576070139184594154e-03 3.679501824080944061e-03 1.205726584885269403e-04 2.988627602462656796e-05 2.756366120593156666e-05 2.398677461314946413e-04
1.914534368552267551e-03 3.343136515468358994e-03 1.096127671189606190e-04 2.773298547253943980e-05 2.309463343408424407e-05 1.729695359244942665e-04
2.453823573887348175e-03 3.175311489030718803e-03 1.171344556496478617e-04 3.095962892984971404e-05 2.199982009187806398e-05 1.894351880764588714e-04
1.745505724102258682e-03 2.194801578298211098e-03 1.129839874920435250e-04 2.779461465252097696e-05 2.274259531986899674e-05 1.693305675871670246e-04
2.502638380974531174e-03 2.880255691707134247e-03 1.240755227627232671e-04 2.906351255660410970e-05 2.647591463755816221e-05 2.458631061017513275e-04
2.187095349654555321e-03 2.996544120833277702e-03 1.332425017608329654e-04 3.065539567614905536e-05 3.123056012555025518e-05 1.938871864695101976e-04
2.094744937494397163e-03 2.830451121553778648e-03 1.210074187838472426e-04 2.945424239442218095e-05 2.808268072840292007e-05 1.727940689306706190e-04
2.467825310304760933e-03 2.638134872540831566e-03 1.182366831926628947e-04 3.076579741900786757e-05 3.140822809655219316e-05 1.878664334071800113e-04
2.424190752208232880e-03 2.308158902451395988e-03 1.321350282523781061e-04 3.364353688084520400e-05 3.300068783573806286e-05 1.910956052597612143e-04
2.161639276891946793e-03 1.997596817091107368e-03 1.324390468653291464e-04 3.236289194319397211e-05 3.274814662290737033e-05 1.957515632966533303e-04
2.057203790172934532e-03 2.143454737961292267e-03 1.415478618582710624e-04 3.070904131163842976e-05 4.111526504857465625e-05 1.637520617805421352e-04
2.057543490082025528e-03 1.873529399745166302e-03 1.448835246264934540e-04 3.408837801543995738e-05 4.062605512444861233e-05 2.214908890891820192e-04
2.580325119197368622e-03 2.235892927274107933e-03 1.480994251323863864e-04 3.101937181781977415e-05 4.110920417588204145e-05 2.297069731866940856e-04
2.528156619518995285e-03 1.735418452881276608e-03 1.455086312489584088e-04 3.413852027733810246e-05 3.849199856631457806e-05 2.068797039100900292e-04
2.381536643952131271e-03 2.004856243729591370e-03 1.540705416118726134e-04 3.433281017350964248e-05 4.013810394098982215e-05 1.866968814283609390e-04
2.104536397382616997e-03 1.795085496269166470e-03 1.536294730613008142e-04 3.269481385359540582e-05 2.822854185069445521e-05 2.028928865911439061e-04
2.277231542393565178e-03 1.935752108693122864e-03 1.612591440789401531e-04 3.339950853842310607e-05 4.204155629849992692e-05 1.821310288505628705e-04
2.452230779454112053e-03 1.938763540238142014e-03 1.779820886440575123e-04 3.461011874605901539e-05 4.431468914845027030e-05 1.867383543867617846e-04
2.161420183256268501e-03 1.479052123613655567e-03 1.818963355617597699e-04 3.690718585858121514e-05 4.127193460590206087e-05 1.420833141310140491e-04
2.499765716493129730e-03 1.553768292069435120e-03 1.813775743357837200e-04 3.800326885539107025e-05 4.339290171628817916e-05 1.653864310355857015e-04
2.068842761218547821e-03 1.472456497140228748e-03 1.577116490807384253e-04 3.650673534139059484e-05 3.845398168778046966e-05 1.544381811982020736e-04
2.140379277989268303e-03 1.585223595611751080e-03 1.879036572063341737e-04 4.527205601334571838e-05 4.267343683750368655e-05 1.739127474138513207e-04
1.747750211507081985e-03 1.155587960965931416e-03 1.756416022544726729e-04 4.282124427845701575e-05 4.058024569530971348e-05 1.460198109271004796e-04
2.175126224756240845e-03 1.211856142617762089e-03 1.833998103393241763e-04 4.883744622929953039e-05 4.068989801453426480e-05 1.528789289295673370e-04
1.519916229881346226e-03 1.145472866483032703e-03 1.813939888961613178e-04 3.875518450513482094e-05 3.846683466690592468e-05 9.707089338917285204e-05
1.606946345418691635e-03 1.020604511722922325e-03 1.857548049883916974e-04 3.930098318960517645e-05 4.179228926659561694e-05 8.781297947280108929e-05
1.537182717584073544e-03 1.188344904221594334e-03 1.695970422588288784e-04 3.781000123126432300e-05 3.534194911480881274e-05 9.030148794408887625e-05
9.866571053862571716e-04 6.632843287661671638e-04 1.749701186781749129e-04 2.457988193782512099e-05 2.789576865325216204e-05 6.979810132179409266e-05
9.967716177925467491e-04 6.819690461270511150e-04 1.636926172068342566e-04 3.466207999736070633e-05 3.418062624405138195e-05 7.133539475034922361e-05
1.583411241881549358e-03 1.364399213343858719e-03 2.205450582550838590e-04 5.661819523083977401e-05 5.024871279601939023e-05 8.979316771728917956e-05
1.751307747326791286e-03 1.273267553187906742e-03 1.617493398953229189e-04 4.170636020717211068e-05 3.507534347590990365e-05 9.936519199982285500e-05
1.492102746851742268e-03 1.244774088263511658e-03 1.985263661481440067e-04 5.063960998086258769e-05 4.270414137863554060e-05 1.231536152772605419e-04
2.278877189382910728e-03 1.266889623366296291e-03 2.308936818735674024e-04 5.947058889432810247e-05 4.916126272291876376e-05 1.625478034839034081e-04
1.799597288481891155e-03 1.194740762002766132e-03 2.690448891371488571e-04 5.415332270786166191e-05 6.952261173864826560e-05 1.481709041399881244e-04
1.721148844808340073e-03 1.179075567051768303e-03 2.141366276191547513e-04 5.463910201797261834e-05 4.600213651428930461e-05 1.651632046559825540e-04
1.389038981869816780e-03 1.228350680321455002e-03 1.894660963444039226e-04 5.034864443587139249e-05 4.033503500977531075e-05 1.134390113293193281e-04
1.414095400832593441e-03 1.116370898671448231e-03 2.148672792827710509e-04 5.117334148962981999e-05 4.857973544858396053e-05 1.183759450213983655e-04
2.327665686607360840e-03 1.429581549018621445e-03 2.048432070296257734e-04 4.470285784918814898e-05 4.151343455305323005e-05 1.509890280431136489e-04
1.585936057381331921e-03 1.250870525836944580e-03 1.902674412121996284e-04 5.133844388183206320e-05 4.405527943163178861e-05 1.478235062677413225e-04
1.367823570035398006e-03 1.077715191058814526e-03 1.880696945590898395e-04 4.688495391746982932e-05 4.643092324840836227e-05 1.260631543118506670e-04
1.502378378063440323e-03 1.020200666971504688e-03 1.858363248175010085e-04 4.729877400677651167e-05 4.294481550459749997e-05 7.820053724572062492e-05
1.437023165635764599e-03 1.114818733185529709e-03 1.755272969603538513e-04 4.192413325654342771e-05 3.904871846316382289e-05 8.143009472405537963e-05
1.601150026544928551e-03 1.220606965944170952e-03 1.994475314859300852e-04 4.574133708956651390e-05 4.395521318656392395e-05 1.128549847635440528e-04
1.375162857584655285e-03 1.267951331101357937e-03 1.552401081426069140e-04 3.868456769851036370e-05 3.333031781949102879e-05 1.138679581345058978e-04
1.342876232229173183e-03 1.273564994335174561e-03 1.491441798862069845e-04 3.449315408943220973e-05 3.421292421990074217e-05 9.487394709140062332e-05
1.370937563478946686e-03 1.438374281860888004e-03 1.418523897882550955e-04 3.191024370607919991e-05 3.278127769590355456e-05 1.052248553605750203e-04
1.531839603558182716e-03 1.353085739538073540e-03 1.407551462762057781e-04 2.906645568145904690e-05 3.612689761212095618e-05 8.236639405367895961e-05
1.309843035414814949e-03 1.390008605085313320e-03 1.341928873443976045e-04 2.752724867605138570e-05 3.646072582341730595e-05 7.027521496638655663e-05
1.619932707399129868e-03 1.598936272785067558e-03 1.395120198139920831e-04 2.891752774303313345e-05 3.824444866040721536e-05 1.132864199462346733e-04
1.317006768658757210e-03 1.345118391327559948e-03 1.251481298822909594e-04 2.715707523748278618e-05 3.264379847678355873e-05 9.525152563583105803e-05
1.829514978453516960e-03 1.454295706935226917e-03 1.201802515424787998e-04 2.565274735388811678e-05 3.290984386694617569e-05 1.541840902063995600e-04
1.034353510476648808e-03 9.675048058852553368e-04 7.760713924653828144e-05 1.431870350643293932e-05 1.872459142759907991e-05 1.015318412100896239e-04
1.217432320117950439e-03 1.301593729294836521e-03 9.276859782403334975e-05 1.249753950105514377e-05 2.152587694581598043e-05 9.627389954403042793e-05
1.284150755964219570e-03 1.295512891374528408e-03 9.287677676184102893e-05 1.201727172883693129e-05 2.288681571371853352e-05 1.135303900809958577e-04
1.197515404783189297e-03 1.218758639879524708e-03 9.391039930051192641e-05 1.251279445568798110e-05 2.278693318658042699e-05 1.022860815282911062e-04
1.091970712877810001e-03 1.176636666059494019e-03 8.934397919801995158e-05 1.330539907939964905e-05 2.233096165582537651e-05 8.434300252702087164e-05
1.210738322697579861e-03 1.143418834544718266e-03 8.732590504223480821e-05 1.279275147680891678e-05 2.351060902583412826e-05 1.057062108884565532e-04
1.043451949954032898e-03 1.085948781110346317e-03 6.834160012658685446e-05 1.118714317271951586e-05 1.768691799952648580e-05 1.001727941911667585e-04
1.670868718065321445e-03 1.958269393071532249e-03 9.648088598623871803e-05 1.950164005393162370e-05 2.773923370114061981e-05 1.366782526019960642e-04
1.543538877740502357e-03 1.376802683807909489e-03 1.058320558513514698e-04 2.127919651684351265e-05 3.083429692196659744e-05 1.156673897639848292e-04
1.535095507279038429e-03 1.310408464632928371e-03 9.894477989291772246e-05 2.000783024413976818e-05 3.012007800862193108e-05 1.059326168615370989e-04
1.819792552851140499e-03 1.545301987789571285e-03 9.733253682497888803e-05 2.153185050701722503e-05 2.931326525867916644e-05 1.428440882591530681e-04
1.426847302354872227e-03 1.096614985726773739e-03 1.030770945362746716e-04 2.179759758291766047e-05 2.946694439742714167e-05 1.271403307328000665e-04
1.123807742260396481e-03 9.897305862978100777e-04 7.780971645843237638e-05 1.550220622448250651e-05 2.017462611547671258e-05 1.171244148281402886e-04
2.410460263490676880e-03 1.974395941942930222e-03 1.056099063134752214e-04 2.224182208010461181e-05 2.736512215051334351e-05 1.917937624966725707e-04
2.137883799150586128e-03 1.655947533436119556e-03 1.366371579933911562e-04 2.820406189130153507e-05 3.331040352350100875e-05 2.142406592611223459e-04
1.684804097749292850e-03 1.225571497343480587e-03 1.053286323440261185e-04 1.927873199747409672e-05 2.832980862876866013e-05 1.152357726823538542e-04
1.745988964103162289e-03 1.451397780328989029e-03 1.315490953857079148e-04 2.897241211030632257e-05 3.346371886436827481e-05 1.612136693438515067e-04
2.176404697820544243e-03 1.328078797087073326e-03 1.202912681037560105e-04 2.854300510080065578e-05 2.887065784307196736e-05 1.955796178663149476e-04
1.504288869909942150e-03 9.434765670448541641e-04 1.195288423332385719e-04 2.542992478993255645e-05 3.045776247745379806e-05 1.142609180533327162e-04
2.609953051432967186e-03 1.360600115731358528e-03 1.318244612775743008e-04 2.786561162793077528e-05 3.344659126014448702e-05 2.077830431517213583e-04
2.742172218859195709e-03 1.409887685440480709e-03 1.349863741779699922e-04 3.234445830457843840e-05 3.178032056894153357e-05 2.484485448803752661e-04
2.433400833979249001e-03 1.238492433913052082e-03 1.315730478381738067e-04 3.434640893829055130e-05 2.812629281834233552e-05 1.887568942038342357e-04
1.697384403087198734e-03 9.613883448764681816e-04 1.486064866185188293e-04 2.935606062237638980e-05 3.403467053431086242e-05 1.613199128769338131e-04
2.014288445934653282e-03 8.522272109985351562e-04 1.588051381986588240e-04 2.888372546294704080e-05 3.748901508515700698e-05 1.348395890090614557e-04
1.849667169153690338e-03 7.461171480827033520e-04 1.875968591775745153e-04 4.319115396356210113e-05 4.318719220464117825e-05 1.052564766723662615e-04
2.062788000330328941e-03 8.943522116169333458e-04 1.755159610183909535e-04 3.446484697633422911e-05 4.953309689881280065e-05 2.060050173895433545e-04
2.464818535372614861e-03 9.014907409437000751e-04 2.021654509007930756e-04 4.970221561961807311e-05 4.554044789983890951e-05 2.008377923630177975e-04
2.606529276818037033e-03 7.392460829578340054e-04 2.479420218151062727e-04 5.049959872849285603e-05 4.629132308764383197e-05 1.407841627951711416e-04
2.085743006318807602e-03 6.683153915219008923e-04 1.896987814689055085e-04 6.579211913049221039e-05 3.691316669574007392e-05 1.464066299377009273e-04
1.860157819464802742e-03 5.756152095273137093e-04 1.851523411460220814e-04 6.874544487800449133e-05 3.724763882928527892e-05 1.438434846932068467e-04
2.682736609131097794e-03 7.411035476252436638e-04 1.863630895968526602e-04 5.258384044282138348e-05 3.357422974659129977e-05 2.426482678856700659e-04
2.494810847565531731e-03 6.053899414837360382e-04 2.031238691415637732e-04 8.100490231299772859e-05 3.544169885572046041e-05 1.942392118507996202e-04
2.079068450257182121e-03 5.393755855038762093e-04 2.647690125741064548e-04 8.134623931255191565e-05 3.857314732158556581e-05 1.638402463868260384e-04
2.298909472301602364e-03 5.503027350641787052e-04 2.571101940702646971e-04 7.756219565635547042e-05 4.761519448948092759e-05 1.615763758309185505e-04
2.330554416403174400e-03 5.911122425459325314e-04 2.387941785855218768e-04 8.128467743517830968e-05 4.800372335012070835e-05 1.733698300085961819e-04
2.414474729448556900e-03 7.162514375522732735e-04 2.944156003650277853e-04 8.770731801632791758e-05 5.364048047340475023e-05 1.605906145414337516e-04
2.048218389973044395e-03 4.768891085404902697e-04 2.708197571337223053e-04 6.083997868699952960e-05 5.203542605158872902e-05 1.509686408098787069e-04
2.061835955828428268e-03 5.942785064689815044e-04 2.354706084588542581e-04 5.064866491011343896e-05 4.424009966896846890e-05 1.613554777577519417e-04
2.296060556545853615e-03 7.431313279084861279e-04 2.573025994934141636e-04 5.323398727341555059e-05 5.078431058791466057e-05 1.599423121660947800e-04
2.295512706041336060e-03 7.791062234900891781e-04 2.395707269897684455e-04 4.522370363702066243e-05 4.779964729095809162e-05 1.805774372769519687e-04
1.990133430808782578e-03 7.164184353314340115e-04 2.072248025797307491e-04 3.362572897458449006e-05 4.045559035148471594e-05 1.505546679254621267e-04
2.793841296806931496e-03 1.174626755528151989e-03 2.077468670904636383e-04 4.254956729710102081e-05 4.302197703509591520e-05 2.059816179098561406e-04
2.887788927182555199e-03 1.074647414498031139e-03 2.304733934579417109e-04 4.930783688905648887e-05 4.323869143263436854e-05 1.659643457969650626e-04
2.605387009680271149e-03 1.078655477613210678e-03 1.766081841196864843e-04 3.608408223954029381e-05 3.725507485796697438e-05 1.736835547490045428e-04
2.665909472852945328e-03 1.339670619927346706e-03 1.821438345359638333e-04 3.339551039971411228e-05 4.813618943444453180e-05 1.970003941096365452e-04
2.850439632311463356e-03 1.339672366157174110e-03 1.645823795115575194e-04 2.620075974846258759e-05 3.384023148100823164e-05 1.840092154452577233e-04
2.367015928030014038e-03 1.204480649903416634e-03 1.537236094009131193e-04 2.513628896849695593e-05 3.687108255689963698e-05 1.423103531124070287e-04
2.291153185069561005e-03 1.281290431506931782e-03 1.245805760845541954e-04 2.256551488244440407e-05 2.820151348714716733e-05 1.277571427635848522e-04
3.231829963624477386e-03 1.267489162273705006e-03 1.612233463674783707e-04 2.882887565647251904e-05 3.842947626253589988e-05 1.572128385305404663e-04
3.406075760722160339e-03 1.486192457377910614e-03 1.393365091644227505e-04 2.828657306963577867e-05 3.358748654136434197e-05 2.195163251599296927e-04
2.794320927932858467e-03 1.632029889151453972e-03 1.362478069495409727e-04 2.813037463056389242e-05 3.299530362710356712e-05 1.516964111942797899e-04
2.638925099745392799e-03 1.458288053981959820e-03 1.314713445026427507e-04 2.665049032657407224e-05 3.351222039782442153e-05 1.690403150860220194e-04
2.765745855867862701e-03 1.323935808613896370e-03 1.283447491005063057e-04 2.720612792472820729e-05 3.364912117831408978e-05 1.598215458216145635e-04
1.626688404940068722e-03 7.601972320117056370e-04 1.105794872273690999e-04 2.407688225503079593e-05 3.115396975772455335e-05 7.862460915930569172e-05
3.043260192498564720e-03 1.347596524283289909e-03 1.458290498703718185e-04 3.039618422917556018e-05 3.384513911441899836e-05 1.592303306097164750e-04
3.349070437252521515e-03 1.195476623252034187e-03 1.613714557606726885e-04 3.402605216251686215e-05 3.438311250647529960e-05 1.765671040629968047e-04
2.794993808493018150e-03 1.292320783250033855e-03 1.580181851750239730e-04 3.661817027023062110e-05 3.686545460368506610e-05 1.611429761396721005e-04
2.864252077415585518e-03 1.246962463483214378e-03 1.345324853900820017e-04 3.068872320000082254e-05 3.222176746930927038e-05 1.861722557805478573e-04
2.561665372923016548e-03 9.100762545131146908e-04 1.508597197243943810e-04 3.273096081102266908e-05 3.814509182120673358e-05 1.542649406474083662e-04
2.273931168019771576e-03 1.252416986972093582e-03 1.602538541192188859e-04 3.509937960188835859e-05 3.927340367226861417e-05 1.614425855223089457e-04
2.368767280131578445e-03 1.085981028154492378e-03 1.378863526042550802e-04 3.340260445838794112e-05 3.089153688051737845e-05 1.603437558514997363e-04
3.069210099056363106e-03 1.072151586413383484e-03 1.699129206826910377e-04 4.372157491161487997e-05 3.703156471601687372e-05 1.988998119486495852e-04
3.155351383611559868e-03 1.524104503914713860e-03 1.705065951682627201e-04 4.666120730689726770e-05 2.869143099815119058e-05 2.088682085741311312e-04
2.530756406486034393e-03 8.550669299438595772e-04 1.954912149813026190e-04 5.080944538349285722e-05 4.030270793009549379e-05 1.283108867937698960e-04
2.518454566597938538e-03 1.140448846854269505e-03 1.979276712518185377e-04 4.993915717932395637e-05 4.068329144502058625e-05 1.738598512019962072e-04
2.387724118307232857e-03 9.203809895552694798e-04 2.252998965559527278e-04 6.170204869704321027e-05 4.114684270462021232e-05 1.428602699888870120e-04
2.520196838304400444e-03 9.359902469441294670e-04 3.316373622510582209e-04 6.856280378997325897e-05 5.065138975623995066e-05 1.600723335286602378e-04
