3.731041252613067627e-01 2.432933310046792030e-03 -2.792049432173371315e-03 4.389313107822090387e-04 2.378559904173016548e-03 4.207450896501541138e-03
3.948987722396850586e-01 4.352813120931386948e-03 4.776849818881601095e-04 3.505809581838548183e-04 2.105152001604437828e-03 5.778322927653789520e-03
3.858911991119384766e-01 5.271793808788061142e-03 7.348100189119577408e-05 -2.582667802926152945e-04 1.550827408209443092e-03 6.837029475718736649e-03
3.962807357311248779e-01 2.671240130439400673e-03 4.965875996276736259e-05 -1.446225360268726945e-04 5.858873482793569565e-04 6.341543048620223999e-03
3.920671641826629639e-01 1.037361379712820053e-02 1.428746152669191360e-03 -4.211700797895900905e-05 -4.514878091868013144e-04 7.274551317095756531e-03
3.791599273681640625e-01 1.032494474202394485e-02 5.630540545098483562e-04 2.627708017826080322e-04 -6.669072899967432022e-04 7.562252227216959000e-03
4.348421394824981689e-01 6.352481432259082794e-03 -1.538366544991731644e-03 5.095837987028062344e-04 4.333120159571990371e-05 1.053166296333074570e-02
4.329497516155242920e-01 1.561526022851467133e-02 4.245390591677278280e-04 2.351899165660142899e-04 7.278339762706309557e-05 1.082375459372997284e-02
4.339531660079956055e-01 1.595125347375869751e-02 -2.208693418651819229e-03 3.605896781664341688e-04 3.286677820142358541e-04 1.164175197482109070e-02
4.386628270149230957e-01 1.646195910871028900e-02 -1.714428770355880260e-03 -7.164655835367739201e-05 4.957896890118718147e-04 1.116351503878831863e-02
4.456850290298461914e-01 1.618080958724021912e-02 7.253994117490947247e-04 -3.703775291796773672e-06 4.029483534395694733e-04 1.106930524110794067e-02
4.308042526245117188e-01 2.230735309422016144e-02 1.225957879796624184e-03 7.465803355444222689e-05 7.502876542275771499e-05 1.185806933790445328e-02
4.354610741138458252e-01 1.545807160437107086e-02 -1.374746498186141253e-04 1.874053123174235225e-04 3.225050168111920357e-04 1.204305700957775116e-02
4.377889633178710938e-01 2.136249281466007233e-02 8.852976607158780098e-04 2.862675755750387907e-04 -2.308853145223110914e-04 1.249100826680660248e-02
4.387678205966949463e-01 1.601065695285797119e-02 9.543257765471935272e-04 1.367832301184535027e-04 1.344791235169395804e-04 1.223086472600698471e-02
4.419357776641845703e-01 1.596126891672611237e-02 4.705652827396988869e-06 1.322404859820380807e-04 -8.000996313057839870e-04 1.207172032445669174e-02
4.619361758232116699e-01 2.112059667706489563e-02 -4.756904090754687786e-04 2.119409618899226189e-04 -8.544427691958844662e-04 1.315025426447391510e-02
4.948507249355316162e-01 1.908349432051181793e-02 -1.022242708131670952e-03 4.300235304981470108e-04 -1.767610519891604781e-04 1.491614803671836853e-02
4.810816645622253418e-01 2.007192745804786682e-02 -1.192347146570682526e-03 3.517376608215272427e-04 8.649501251056790352e-04 1.503582671284675598e-02
4.874425232410430908e-01 1.703615300357341766e-02 1.375602209009230137e-03 -3.735228674486279488e-04 7.774148834869265556e-04 1.394348312169313431e-02
4.883702397346496582e-01 1.874615252017974854e-02 1.629547914490103722e-04 -2.661705075297504663e-04 9.854151867330074310e-04 1.259376388043165207e-02
4.655370414257049561e-01 1.386316493153572083e-02 2.679312019608914852e-04 9.753610356710851192e-06 2.640119055286049843e-05 1.228827331215143204e-02
5.003704428672790527e-01 2.065748162567615509e-02 3.597033792175352573e-04 3.789932816289365292e-04 -3.607213438954204321e-04 1.527773868292570114e-02
4.800651371479034424e-01 2.083375863730907440e-02 -1.828031381592154503e-03 -4.232917126500979066e-05 -2.167767961509525776e-04 1.395429670810699463e-02
5.087321996688842773e-01 2.008943632245063782e-02 -1.473892480134963989e-03 5.164984031580388546e-04 -8.896466169971972704e-05 1.357574202120304108e-02
5.022991895675659180e-01 1.798459514975547791e-02 -7.482636137865483761e-04 7.315624679904431105e-05 1.297588605666533113e-04 1.432792935520410538e-02
4.971021413803100586e-01 2.111709117889404297e-02 2.056325320154428482e-03 1.076078260666690767e-04 3.192725416738539934e-04 1.403385773301124573e-02
4.922930598258972168e-01 1.456103567034006119e-02 1.053176005370914936e-03 -4.669706686399877071e-05 1.827827945817261934e-04 1.305531989783048630e-02
4.811598658561706543e-01 2.297659404575824738e-02 1.609769649803638458e-03 -9.340056567452847958e-05 2.320599742233753204e-05 1.330429594963788986e-02
4.797213673591613770e-01 1.958037354052066803e-02 -4.156049108132719994e-04 3.327527665533125401e-04 -1.777719007804989815e-04 1.343109924346208572e-02
5.086404681205749512e-01 1.482226327061653137e-02 -4.373720730654895306e-05 2.565009053796529770e-04 -6.357600068440660834e-05 1.464793458580970764e-02
4.948162734508514404e-01 2.254185266792774200e-02 -1.583856064826250076e-03 7.894695590948686004e-05 -2.810811201925389469e-05 1.246447674930095673e-02
4.767728447914123535e-01 1.602777838706970215e-02 1.153136254288256168e-03 1.826213119784370065e-04 2.443961566314101219e-04 1.312976051121950150e-02
5.233832001686096191e-01 2.103748172521591187e-02 7.686028257012367249e-04 -8.804710523691028357e-05 -1.455014717066660523e-05 1.342912297695875168e-02
4.839213788509368896e-01 1.625019498169422150e-02 1.461116771679371595e-04 -2.270897675771266222e-05 1.678007101872935891e-04 1.283298060297966003e-02
4.919859170913696289e-01 1.753628812730312347e-02 1.517559518106281757e-03 -1.583171979291364551e-04 1.902430376503616571e-04 1.321454718708992004e-02
5.060977935791015625e-01 1.983663998544216156e-02 -4.070253344252705574e-04 -1.458775950595736504e-04 2.324238594155758619e-04 1.271072961390018463e-02
4.671184420585632324e-01 2.394858375191688538e-02 1.511271344497799873e-03 2.251707337563857436e-04 9.886174666462466121e-05 1.258995849639177322e-02
5.062511563301086426e-01 1.500058174133300781e-02 1.133902464061975479e-03 -5.727010284317657351e-05 2.622222382342442870e-05 1.428961660712957382e-02
4.903074502944946289e-01 1.616717875003814697e-02 5.144668393768370152e-04 4.471269676287192851e-06 5.094245352665893734e-05 1.264672353863716125e-02
4.864546358585357666e-01 2.606485597789287567e-02 2.275738865137100220e-03 5.092407809570431709e-04 4.388983143144287169e-05 1.301139872521162033e-02
4.775859713554382324e-01 2.045847475528717041e-02 -1.217726152390241623e-03 -1.811760885175317526e-04 -2.347836853004992008e-04 1.120253559201955795e-02
4.953404366970062256e-01 1.614283397793769836e-02 1.677904976531863213e-03 2.489639155101031065e-05 1.874309527920559049e-04 1.228614524006843567e-02
4.986013472080230713e-01 1.836273819208145142e-02 4.364751512184739113e-04 -1.205073349410668015e-04 1.666477764956653118e-04 1.219624094665050507e-02
5.043370127677917480e-01 1.822782494127750397e-02 -1.811714319046586752e-04 2.499062102288007736e-04 7.203760469565168023e-05 1.169217284768819809e-02
4.778614640235900879e-01 1.247871201485395432e-02 2.667354652658104897e-03 1.602364791324362159e-04 4.056671750731766224e-04 1.032560411840677261e-02
4.816854298114776611e-01 1.765138283371925354e-02 -2.186246914789080620e-03 1.938243512995541096e-04 1.263238955289125443e-04 1.106597762554883957e-02
5.120971798896789551e-01 2.295824699103832245e-02 3.278769436292350292e-04 2.667308399395551533e-05 3.060403396375477314e-04 9.790075011551380157e-03
5.022649765014648438e-01 2.216107770800590515e-02 4.796907014679163694e-04 2.751377724052872509e-05 4.705456376541405916e-05 1.002821326255798340e-02
5.032765269279479980e-01 1.759706437587738037e-02 1.318808877840638161e-03 2.589675423223525286e-04 1.069842473953031003e-04 1.065565925091505051e-02
4.752193391323089600e-01 1.064360141754150391e-02 1.505268970504403114e-03 -1.321939635090529919e-05 3.896714479196816683e-04 9.149141609668731689e-03
4.951514005661010742e-01 2.639671089127659798e-03 6.734839407727122307e-04 -4.055522731505334377e-04 1.899655035231262445e-05 9.835510514676570892e-03
5.326631665229797363e-01 1.368610560894012451e-02 3.011099994182586670e-03 1.754709810484200716e-04 5.762491491623222828e-04 8.725691586732864380e-03
5.027671456336975098e-01 1.872532255947589874e-02 1.028443919494748116e-03 8.909158350434154272e-05 4.931992152705788612e-04 9.334768168628215790e-03
5.016710162162780762e-01 7.463566027581691742e-03 6.504048360511660576e-05 2.823961258400231600e-04 -5.902613338548690081e-06 9.347251616418361664e-03
4.951163232326507568e-01 1.506787817925214767e-02 1.401015208102762699e-03 4.133364418521523476e-04 6.439541175495833158e-05 8.009278215467929840e-03
4.907059371471405029e-01 1.571373641490936279e-02 1.424585934728384018e-03 2.613050164654850960e-04 1.313511456828564405e-04 8.552812971174716949e-03
4.920074641704559326e-01 5.749140400439500809e-03 -3.241399535909295082e-04 1.469302696932572871e-05 2.859792439267039299e-04 7.658917456865310669e-03
4.803235232830047607e-01 1.946577616035938263e-02 1.727595110423862934e-03 1.482320658396929502e-04 1.874454319477081299e-04 7.399321068078279495e-03
4.952054619789123535e-01 1.150378305464982986e-02 -4.151158034801483154e-03 3.238015924580395222e-04 -3.464123874437063932e-04 8.683046326041221619e-03
4.907016456127166748e-01 4.272642545402050018e-03 7.928714621812105179e-04 -6.714243500027805567e-05 -7.738557906122878194e-05 7.854917086660861969e-03
4.956874549388885498e-01 2.164391800761222839e-02 2.385911939200013876e-04 -9.223099914379417896e-05 1.011997665045782924e-04 7.776820100843906403e-03
5.014925003051757812e-01 -7.789392257109284401e-04 -1.437930040992796421e-03 4.386935033835470676e-04 2.335532626602798700e-04 8.251634426414966583e-03
5.025607347488403320e-01 3.064838703721761703e-03 5.233656847849488258e-04 -3.833886876236647367e-04 1.983435067813843489e-04 7.455056067556142807e-03
4.904925227165222168e-01 1.416310481727123260e-02 1.723156310617923737e-04 3.351963823661208153e-04 6.794596993131563067e-05 7.492787670344114304e-03
4.831437170505523682e-01 -1.247089094249531627e-04 -1.581623684614896774e-03 -3.349662583786994219e-04 1.760584418661892414e-04 6.569845136255025864e-03
4.835506379604339600e-01 1.526346616446971893e-02 5.499682854861021042e-03 -6.386851891875267029e-04 7.180975080700591207e-05 7.345636840909719467e-03
4.930734038352966309e-01 5.857886746525764465e-03 -1.909825368784368038e-04 6.070783128961920738e-04 5.954318112344481051e-05 7.486296351999044418e-03
4.943043291568756104e-01 1.236290857195854187e-02 2.000618260353803635e-03 2.422995312372222543e-04 1.288213388761505485e-04 7.735923863947391510e-03
4.389255344867706299e-01 1.433975249528884888e-02 -4.169864696450531483e-04 5.908985258429311216e-06 9.293496987083926797e-06 7.715410552918910980e-03
4.881581962108612061e-01 1.009925454854965210e-02 2.968443091958761215e-03 1.867892569862306118e-05 5.546920583583414555e-04 7.541187107563018799e-03
4.736658334732055664e-01 6.634764838963747025e-03 -4.293875768780708313e-03 7.128209690563380718e-04 -2.245517098344862461e-04 8.552130311727523804e-03
4.861394464969635010e-01 1.148514170199632645e-02 -5.935854278504848480e-04 1.835837028920650482e-04 -1.626480661798268557e-05 6.377421319484710693e-03
4.712947309017181396e-01 1.436853036284446716e-02 1.582178520038723946e-03 6.111655966378748417e-05 3.711277386173605919e-04 8.289224468171596527e-03
4.962444901466369629e-01 3.075867425650358200e-03 -3.820118145085871220e-04 1.249743945663794875e-04 -6.299368578766006976e-06 6.892282981425523758e-03
4.864604175090789795e-01 1.014939881861209869e-02 -1.188445603474974632e-03 5.028675659559667110e-04 5.228056579653639346e-06 7.562113460153341293e-03
5.033625364303588867e-01 5.452955141663551331e-03 2.936536213383078575e-03 3.792677307501435280e-04 2.184660843340680003e-04 7.248490117490291595e-03
5.056356787681579590e-01 9.431575424969196320e-03 -3.154997248202562332e-03 -8.612602250650525093e-04 -1.161544350907206535e-03 6.750246044248342514e-03
5.186861753463745117e-01 1.267725508660078049e-02 1.973757753148674965e-03 8.507999154971912503e-05 4.583080299198627472e-04 7.792973890900611877e-03
4.915335774421691895e-01 -8.674269542098045349e-03 -3.288021776825189590e-03 2.775987668428570032e-04 3.962614209740422666e-05 9.329487569630146027e-03
4.925492405891418457e-01 1.261069346219301224e-02 -5.918653332628309727e-04 1.568453299114480615e-04 1.673546212259680033e-04 6.498832721263170242e-03
4.665381908416748047e-01 1.547593809664249420e-02 1.018825103528797626e-03 1.710215583443641663e-04 1.176899604615755379e-04 5.336415953934192657e-03
4.839226603507995605e-01 7.832383736968040466e-03 1.428024726919829845e-03 4.727319465018808842e-04 3.572644491214305162e-04 8.715937845408916473e-03
4.660888314247131348e-01 -1.174896606244146824e-03 6.869501667097210884e-04 1.381397742079570889e-04 1.994764897972345352e-04 7.326996419578790665e-03
4.833064675331115723e-01 1.584406010806560516e-02 8.026258088648319244e-03 3.810605849139392376e-04 1.410343567840754986e-03 7.046737708151340485e-03
4.763268828392028809e-01 5.791919771581888199e-03 2.342549851164221764e-03 2.237718726973980665e-04 5.501922569237649441e-04 7.465182803571224213e-03
4.638907015323638916e-01 1.183559000492095947e-02 5.781044019386172295e-04 -8.288004028145223856e-05 -1.948033313965424895e-04 7.807563059031963348e-03
4.947234690189361572e-01 3.590278327465057373e-03 2.338074380531907082e-03 8.520070696249604225e-05 4.198286842438392341e-05 6.631417199969291687e-03
4.798616468906402588e-01 2.112126722931861877e-02 -1.913153450004756451e-03 1.421670458512380719e-04 1.590949541423469782e-04 7.254121825098991394e-03
4.931882619857788086e-01 1.479395292699337006e-02 -3.279437310993671417e-03 1.686831528786569834e-04 -4.189772880636155605e-04 6.911425851285457611e-03
4.880100786685943604e-01 1.429785788059234619e-02 1.028404454700648785e-03 5.955903907306492329e-05 8.254869317170232534e-05 6.472181528806686401e-03
5.266427993774414062e-01 1.757636852562427521e-02 4.026311915367841721e-03 3.307683509774506092e-04 4.752007080242037773e-04 6.720994133502244949e-03
5.112593770027160645e-01 1.183014176785945892e-02 -6.848102202638983727e-04 2.670135472726542503e-05 3.700616798596456647e-05 6.773935165256261826e-03
4.370571970939636230e-01 1.579427346587181091e-02 -4.827253287658095360e-04 1.776384597178548574e-04 1.857492607086896896e-04 7.452078163623809814e-03
4.834154844284057617e-01 5.058484151959419250e-03 2.051967428997159004e-03 2.210086677223443985e-04 6.538078887388110161e-04 6.736252456903457642e-03
4.763742387294769287e-01 5.151906516402959824e-03 -9.681942174211144447e-06 3.050827072001993656e-04 4.172889748588204384e-04 7.939737290143966675e-03
5.037338733673095703e-01 1.594701223075389862e-02 8.709180401638150215e-04 9.652563312556594610e-05 -1.241587742697447538e-04 8.259600028395652771e-03
4.875828623771667480e-01 1.110220048576593399e-02 -1.326834317296743393e-04 9.571683767717331648e-05 1.538693759357556701e-04 7.313833106309175491e-03
4.893165826797485352e-01 1.198873203247785568e-02 -8.359278435818850994e-04 1.426469680154696107e-04 1.778881414793431759e-04 7.546096574515104294e-03
4.724318087100982666e-01 9.437206317670643330e-04 -1.910760183818638325e-04 2.657115692272782326e-04 1.095078914659097791e-04 8.192746900022029877e-03
5.153677463531494141e-01 6.922164000570774078e-03 -1.808890257962048054e-03 3.342473355587571859e-04 1.115112536353990436e-04 7.521327119320631027e-03
4.999619424343109131e-01 6.565780378878116608e-03 7.325144251808524132e-04 8.919634274207055569e-05 9.015758405439555645e-05 6.417341995984315872e-03
4.943710565567016602e-01 3.590448293834924698e-03 1.899454509839415550e-03 3.223810635972768068e-04 1.982973481062799692e-04 7.931550964713096619e-03
4.938338696956634521e-01 2.443738747388124466e-03 1.384320436045527458e-03 -1.488460839027538896e-04 9.583179780747741461e-05 7.208919618278741837e-03
4.800713062286376953e-01 -1.474134624004364014e-04 1.659782486967742443e-03 -1.526235864730551839e-04 -3.137251042062416673e-05 7.167601026594638824e-03
5.057450532913208008e-01 2.300365641713142395e-02 -1.994004938751459122e-03 4.232911742292344570e-04 -1.647464232519268990e-04 7.816227152943611145e-03
5.229151844978332520e-01 4.307157173752784729e-02 -3.013935871422290802e-03 3.841367433778941631e-04 1.652325445320457220e-04 7.658538408577442169e-03
4.982879161834716797e-01 8.898749947547912598e-03 -1.074848580174148083e-03 4.470231651794165373e-04 1.380017783958464861e-04 6.439929362386465073e-03
4.988897442817687988e-01 1.349422894418239594e-02 3.220748621970415115e-03 1.888910774141550064e-04 1.182369596790522337e-04 7.295373827219009399e-03
4.848244786262512207e-01 -3.308481769636273384e-03 1.303264289163053036e-03 -2.333583543077111244e-04 3.720952954608947039e-04 7.301843259483575821e-03
4.952250123023986816e-01 -2.721008099615573883e-02 1.257092924788594246e-03 2.147201157640665770e-04 3.185069363098591566e-04 6.667139008641242981e-03
4.760044217109680176e-01 1.412315666675567627e-02 1.577771618030965328e-04 -2.717417373787611723e-06 3.750905743800103664e-04 8.988072164356708527e-03
5.023186206817626953e-01 7.926961407065391541e-03 1.917907502502202988e-03 3.365094016771763563e-04 2.431174289085902274e-05 6.248197518289089203e-03
4.916856884956359863e-01 2.713553607463836670e-02 -1.230987254530191422e-05 2.258318127132952213e-04 5.415677442215383053e-04 1.290563773363828659e-02
4.916613698005676270e-01 -2.511250786483287811e-04 3.955557476729154587e-04 -1.103476679418236017e-04 3.631316649261862040e-04 8.688430301845073700e-03
4.844592511653900146e-01 6.424175575375556946e-03 2.349594375118613243e-03 -1.120037777582183480e-04 1.386750809615477920e-04 6.396476645022630692e-03
4.813061356544494629e-01 1.677198521792888641e-02 -5.404722760431468487e-04 2.058480313280597329e-04 6.372931966325268149e-05 5.195869132876396179e-03
4.969208836555480957e-01 -3.528818488121032715e-03 -1.910207793116569519e-03 3.153817378915846348e-04 -2.676632720977067947e-04 7.385802920907735825e-03
4.906364977359771729e-01 2.132212370634078979e-02 -1.391967758536338806e-03 1.711093646008521318e-04 1.204139844048768282e-04 7.399688474833965302e-03
4.884065091609954834e-01 6.398297846317291260e-03 -1.207260414958000183e-03 3.951464605052024126e-04 3.891116357408463955e-04 7.005048450082540512e-03
4.814648330211639404e-01 1.299083139747381210e-02 -4.174506757408380508e-04 -1.395265280734747648e-05 3.355243534315377474e-04 5.895930808037519455e-03
5.002259016036987305e-01 3.036310337483882904e-02 3.912252373993396759e-03 4.117481876164674759e-04 4.295147082302719355e-04 8.348752744495868683e-03
4.926400482654571533e-01 -3.985038492828607559e-03 -7.972967810928821564e-03 -4.323755274526774883e-04 -2.360360667807981372e-04 6.578123196959495544e-03
4.896079599857330322e-01 1.226766873151063919e-02 3.381535643711686134e-04 4.935559263685718179e-05 1.111044257413595915e-04 7.300687953829765320e-03
