3.498974144458770752e-01 8.150918409228324890e-03 -1.817057467997074127e-02 6.581563502550125122e-04 -3.019166761077940464e-04 1.558499224483966827e-02
3.398709595203399658e-01 9.014407172799110413e-03 -1.884609833359718323e-02 1.788484165444970131e-03 3.745391033589839935e-03 1.276973634958267212e-02
3.394597470760345459e-01 1.574166491627693176e-02 2.161894738674163818e-02 -4.012186080217361450e-03 -4.205674864351749420e-03 1.333130337297916412e-02
3.282424211502075195e-01 1.261504739522933960e-02 9.722089394927024841e-03 3.268592408858239651e-04 1.173606142401695251e-03 1.328742038458585739e-02
3.236019015312194824e-01 1.037272997200489044e-02 1.806596107780933380e-02 -1.496932003647089005e-03 -2.415321767330169678e-03 1.314538903534412384e-02
3.206958174705505371e-01 9.473963640630245209e-03 1.412860862910747528e-02 -4.446090315468609333e-04 -1.745881396345794201e-03 1.250816415995359421e-02
3.179950416088104248e-01 1.021890155971050262e-02 1.223082374781370163e-02 -1.166038564406335354e-03 -1.441889675334095955e-03 1.256456505507230759e-02
3.182177245616912842e-01 1.603515818715095520e-02 9.783027693629264832e-03 -1.789107453078031540e-03 -5.262644262984395027e-04 1.170880906283855438e-02
3.156581819057464600e-01 1.294915750622749329e-02 4.390849731862545013e-03 2.373401774093508720e-03 9.973851265385746956e-04 1.171186473220586777e-02
3.169092237949371338e-01 1.756705157458782196e-02 3.767032921314239502e-02 1.189285889267921448e-03 6.536511937156319618e-04 1.128206774592399597e-02
3.163166344165802002e-01 8.168285712599754333e-03 1.153931021690368652e-03 1.666672993451356888e-03 -1.354092266410589218e-03 1.239212602376937866e-02
3.141529560089111328e-01 8.539265953004360199e-03 1.087968237698078156e-02 -3.524764906615018845e-07 -1.547423540614545345e-03 1.212767045944929123e-02
3.143746256828308105e-01 1.400952460244297981e-03 -1.270301919430494308e-02 4.054245539009571075e-03 4.778623697347939014e-04 1.178128644824028015e-02
3.110828399658203125e-01 8.325572125613689423e-03 -7.707727141678333282e-03 2.968088258057832718e-03 -3.138427273370325565e-04 1.212384551763534546e-02
3.063101470470428467e-01 7.323331665247678757e-03 1.209406927227973938e-02 -1.625287695787847042e-04 -2.419758820906281471e-03 1.228417921811342239e-02
3.124946057796478271e-01 1.433160807937383652e-02 -9.063599631190299988e-03 1.550078624859452248e-03 6.683740066364407539e-04 1.155626308172941208e-02
3.097218573093414307e-01 1.329304650425910950e-03 3.061615675687789917e-02 -1.927389064803719521e-03 -9.522967739030718803e-04 1.109625957906246185e-02
3.056565225124359131e-01 2.481199428439140320e-02 1.908953860402107239e-02 -1.255449140444397926e-03 -1.676769577898085117e-03 1.098187733441591263e-02
3.089878261089324951e-01 9.479816071689128876e-03 -1.552996132522821426e-02 3.422881476581096649e-03 -2.791944192722439766e-03 1.176285184919834137e-02
3.194392919540405273e-01 2.371277958154678345e-01 4.107517004013061523e-02 3.993588499724864960e-03 -8.336245082318782806e-05 1.100667566061019897e-02
