2.236025175079703331e-03 2.300746971741318703e-03 1.795269199647009373e-04 1.990716009458992630e-05 3.061490497202612460e-05 1.213797222590073943e-04
2.156848320737481117e-03 1.987564144656062126e-03 2.706245286390185356e-04 3.189959170413203537e-05 4.045670721097849309e-05 1.056610490195453167e-04
1.745952176861464977e-03 1.986883115023374557e-03 2.416440838715061545e-04 3.371403727214783430e-05 3.987668605986982584e-05 9.452146332478150725e-05
1.620186376385390759e-03 1.739338389597833157e-03 1.812411064747720957e-04 2.803498318826314062e-05 3.426990224397741258e-05 9.669051360106095672e-05
2.117107156664133072e-03 1.695996383205056190e-03 1.446269307052716613e-04 2.228092125733383000e-05 2.917069650720804930e-05 8.264297503046691418e-05
2.902937587350606918e-03 1.924341078847646713e-03 1.477836485719308257e-04 2.117732401529792696e-05 3.108452438027597964e-05 9.532289550406858325e-05
2.359008183702826500e-03 1.622704789042472839e-03 1.586345024406909943e-04 2.146080623788293451e-05 3.099102468695491552e-05 8.337364852195605636e-05
2.239413792267441750e-03 1.413023914210498333e-03 1.465115346945822239e-04 2.080527337966486812e-05 3.135036968160420656e-05 7.745746552245691419e-05
1.994819613173604012e-03 1.196258235722780228e-03 1.579354429850354791e-04 2.290823249495588243e-05 2.929017500719055533e-05 7.619757525390014052e-05
2.004759386181831360e-03 1.250149914994835854e-03 1.505076506873592734e-04 2.248329474241472781e-05 2.961599057016428560e-05 7.580475357826799154e-05
1.939606852829456329e-03 1.500784768722951412e-03 1.312422100454568863e-04 2.093599141517188400e-05 2.643786501721478999e-05 7.508402632083743811e-05
1.577558112330734730e-03 1.246314495801925659e-03 1.239424163941293955e-04 1.940740003192331642e-05 2.549964847275987267e-05 8.002379036042839289e-05
1.913291052915155888e-03 1.170671544969081879e-03 1.246423926204442978e-04 1.728057941363658756e-05 2.588659663160797209e-05 6.904513429617509246e-05
1.946792704984545708e-03 1.280734781175851822e-03 1.426925591658800840e-04 1.838775096985045820e-05 2.986203253385610878e-05 7.202858250821009278e-05
1.688021351583302021e-03 1.389773329719901085e-03 1.397705200361087918e-04 1.754158620315138251e-05 2.987130574183538556e-05 6.920735904714092612e-05
1.700101303867995739e-03 1.278236741200089455e-03 1.339115988230332732e-04 1.884709672594908625e-05 2.995106115122325718e-05 6.365661101881414652e-05
1.664539100602269173e-03 1.325000193901360035e-03 1.436755555914714932e-04 2.121161196555476636e-05 3.147006282233633101e-05 6.310822936939075589e-05
1.672258484177291393e-03 1.376134110614657402e-03 1.459102786611765623e-04 2.120461977028753608e-05 3.059358277823776007e-05 6.085138375055976212e-05
1.857756869867444038e-03 1.539189252071082592e-03 1.616770168766379356e-04 2.149958163499832153e-05 3.212633964722044766e-05 6.727939035044983029e-05
1.859239302575588226e-03 1.192249008454382420e-03 1.483943779021501541e-04 2.054065589618403465e-05 3.031614505744073540e-05 7.039667252684012055e-05
1.685284893028438091e-03 1.197620644234120846e-03 1.461579668102785945e-04 1.930197504407260567e-05 3.027676393685396761e-05 6.038723950041458011e-05
1.737958635203540325e-03 1.183796790428459644e-03 1.279786665691062808e-04 1.751432500896044075e-05 2.992708505189511925e-05 6.642336666118353605e-05
1.463933615013957024e-03 1.193541567772626877e-03 1.327580539509654045e-04 1.831344889069441706e-05 3.153691795887425542e-05 5.609366780845448375e-05
1.369482255540788174e-03 1.338556292466819286e-03 1.312982640229165554e-04 2.007961484196130186e-05 3.061198003706522286e-05 6.053565084584988654e-05
1.546247280202805996e-03 1.265328843146562576e-03 1.400729670422151685e-04 2.118592237820848823e-05 3.116545121883973479e-05 6.093385673011653125e-05
1.379920984618365765e-03 1.212355680763721466e-03 1.291371881961822510e-04 1.952494494616985321e-05 2.943141407740768045e-05 5.178334686206653714e-05
1.359089161269366741e-03 1.317410729825496674e-03 1.431163545930758119e-04 2.147869781765621156e-05 3.031163760169874877e-05 5.084561053081415594e-05
1.392549369484186172e-03 1.313813263550400734e-03 1.412150886608287692e-04 1.900394454423803836e-05 3.011834996868856251e-05 5.320217678672634065e-05
1.548788859508931637e-03 1.555983209982514381e-03 1.627981546334922314e-04 2.004967063840012997e-05 3.549904795363545418e-05 5.820517981192097068e-05
1.408973475918173790e-03 1.424617948941886425e-03 1.420440530637279153e-04 1.742002677929122001e-05 3.034886140085291117e-05 5.404563489719294012e-05
1.409270451404154301e-03 1.376991160213947296e-03 1.563191326567903161e-04 1.989686825254466385e-05 3.391767313587479293e-05 5.186875932849943638e-05
1.480548293329775333e-03 1.538063399493694305e-03 1.537753414595499635e-04 1.746308589645195752e-05 3.102047776337713003e-05 5.872853580513037741e-05
1.345642260275781155e-03 1.524835359305143356e-03 1.340045273536816239e-04 1.598332710273098201e-05 3.009718420798890293e-05 5.412003520177677274e-05
1.268520718440413475e-03 1.280274242162704468e-03 1.480672508478164673e-04 1.904196869872976094e-05 3.319418101455084980e-05 5.197119753574952483e-05
1.293177250772714615e-03 1.276590046472847462e-03 1.288809435209259391e-04 1.749569128151051700e-05 2.979587225127033889e-05 5.549507841351442039e-05
1.328455167822539806e-03 9.420554852113127708e-04 1.293092354899272323e-04 1.778029400156810880e-05 3.071196988457813859e-05 5.528999099624343216e-05
1.234736759215593338e-03 1.320879324339330196e-03 1.204237705678679049e-04 1.614843131392262876e-05 2.706545092223677784e-05 5.805796899949200451e-05
1.278588897548615932e-03 6.913366378284990788e-04 1.113420075853355229e-04 1.632763451198115945e-05 2.590404255897738039e-05 5.038320159655995667e-05
1.462572487071156502e-03 1.247708336450159550e-03 1.333353720838204026e-04 1.727060225675813854e-05 3.144923539366573095e-05 6.585454684682190418e-05
1.307171885855495930e-03 7.538086501881480217e-04 1.090053629013709724e-04 1.452589822292793542e-05 2.498783032933715731e-05 4.868177347816526890e-05
1.256728777661919594e-03 8.349685231223702431e-04 1.021456919261254370e-04 1.482537481933832169e-05 2.430108361295424402e-05 5.959400004940107465e-05
1.286389539018273354e-03 7.649138569831848145e-04 1.064587631844915450e-04 1.607870399311650544e-05 2.473128370183985680e-05 5.518487159861251712e-05
9.998463792726397514e-04 1.185546047054231167e-03 1.006144593702629209e-04 1.590946521901059896e-05 2.253995990031398833e-05 6.411655340343713760e-05
1.612842199392616749e-03 7.092660525813698769e-04 1.014775771182030439e-04 1.566783248563297093e-05 2.248329110443592072e-05 6.759712414350360632e-05
1.677682972513139248e-03 1.128395437262952328e-03 1.062807787093333900e-04 1.789769339666236192e-05 2.311913885932881385e-05 8.013007754925638437e-05
1.115085557103157043e-03 5.088003235869109631e-04 1.189977047033607960e-04 1.864686964836437255e-05 2.507049066480249166e-05 6.746531289536505938e-05
1.615833258256316185e-03 8.975948439911007881e-04 1.347515062661841512e-04 2.022735861828550696e-05 2.608754039101768285e-05 8.783400699030607939e-05
1.567060942761600018e-03 5.114884115755558014e-04 1.471401483286172152e-04 2.150663385691586882e-05 2.887556729547213763e-05 7.253391231643036008e-05
1.343690324574708939e-03 4.482578078750520945e-04 1.727428461890667677e-04 2.478045644238591194e-05 3.249428118579089642e-05 7.217442180262878537e-05
1.638321438804268837e-03 5.244842614047229290e-04 1.629541511647403240e-04 2.395629417151212692e-05 3.106122676399536431e-05 7.039742922643199563e-05
1.493475399911403656e-03 4.541836096905171871e-04 1.875003654276952147e-04 2.632096948218531907e-05 3.390410711290314794e-05 6.535082502523437142e-05
1.632832922041416168e-03 4.530368896666914225e-04 1.883133372757583857e-04 2.934282383648678660e-05 3.440066211624071002e-05 6.109727110015228391e-05
1.716667786240577698e-03 4.291681398171931505e-04 1.849278487497940660e-04 2.427909203106537461e-05 3.276592906331643462e-05 5.976108150207437575e-05
1.702907728031277657e-03 4.356394929345697165e-04 2.279620675835758448e-04 2.820586632878985256e-05 4.051773794344626367e-05 5.837190474267117679e-05
1.630437560379505157e-03 3.931078244931995869e-04 2.674706047400832176e-04 3.202410880476236343e-05 4.560863089864142239e-05 5.328484985511749983e-05
1.873151864856481552e-03 4.252773651387542486e-04 3.167959221173077822e-04 3.147297684336081147e-05 5.467930895974859595e-05 6.069280061637982726e-05
1.830679597333073616e-03 3.956846776418387890e-04 3.125592193100601435e-04 3.033452048839535564e-05 5.501257692230865359e-05 5.247570879873819649e-05
1.777785713784396648e-03 4.001867782790213823e-04 2.801353111863136292e-04 2.982589830935467035e-05 4.938968413625843823e-05 5.420202433015219867e-05
1.958020729944109917e-03 4.000384360551834106e-04 2.573525707703083754e-04 2.794660031213425100e-05 4.519215872278437018e-05 5.323364530340768397e-05
1.838751137256622314e-03 4.346941714175045490e-04 2.258590830024331808e-04 2.751723513938486576e-05 3.934121923521161079e-05 5.922833588556386530e-05
1.863536890596151352e-03 4.200708062853664160e-04 2.614971308503299952e-04 2.964002487715333700e-05 4.737784183816984296e-05 5.144098759046755731e-05
1.742307795211672783e-03 3.654873289633542299e-04 2.695261500775814056e-04 3.013754030689597130e-05 4.677557444665580988e-05 6.101436883909627795e-05
1.852891175076365471e-03 3.919693408533930779e-04 2.220640890300273895e-04 2.726097409322392195e-05 3.852128065773285925e-05 5.737207538913935423e-05
1.526141655631363392e-03 3.347512683831155300e-04 2.213252446381375194e-04 2.794939427985809743e-05 3.877066410495899618e-05 6.186153768794611096e-05
1.863568089902400970e-03 3.804396837949752808e-04 2.238699671579524875e-04 2.822111855493858457e-05 3.971596743213012815e-05 8.031549805309623480e-05
2.000475069507956505e-03 3.547813103068619967e-04 2.295512822456657887e-04 2.906860390794463456e-05 4.086108310730196536e-05 6.242586096050217748e-05
2.203437732532620430e-03 4.229044425301253796e-04 2.528095210436731577e-04 2.857450635929126292e-05 4.697433541878126562e-05 6.756217771908268332e-05
1.945729251019656658e-03 3.218756464775651693e-04 2.298362815054133534e-04 2.675801260920707136e-05 4.217092282488010824e-05 6.026957271387800574e-05
1.941882888786494732e-03 4.193906497675925493e-04 2.418477379251271486e-04 2.885958565457258373e-05 4.365458516986109316e-05 7.961867959238588810e-05
2.068300265818834305e-03 3.298507654108107090e-04 2.508580510038882494e-04 2.882938133552670479e-05 4.683080624090507627e-05 6.481071613961830735e-05
2.228074008598923683e-03 3.557180170901119709e-04 2.380239893682301044e-04 2.931603739853017032e-05 4.184354838798753917e-05 7.203345739981159568e-05
2.276452491059899330e-03 3.791882481891661882e-04 2.202016476076096296e-04 2.909479371737688780e-05 3.938424197258427739e-05 7.619777898071333766e-05
2.109136665239930153e-03 3.173925797455012798e-04 2.228824887424707413e-04 3.025891783181577921e-05 3.970916804973967373e-05 6.955223943805322051e-05
2.217263914644718170e-03 3.671635058708488941e-04 2.262141497340053320e-04 2.850631608453113586e-05 4.029316551168449223e-05 7.519309292547404766e-05
1.976893981918692589e-03 3.133310819976031780e-04 2.571289078332483768e-04 2.936868440883699805e-05 4.754760811920277774e-05 5.476103979162871838e-05
1.555519644170999527e-03 3.235483891330659389e-04 2.487899328116327524e-04 2.456542642903514206e-05 4.796445864485576749e-05 6.912142271175980568e-05
1.623444491997361183e-03 3.471616364549845457e-04 2.616929414216428995e-04 2.357914490858092904e-05 5.321038406691513956e-05 7.456947059836238623e-05
1.766235916875302792e-03 3.294541384093463421e-04 2.425571583444252610e-04 2.280003718624357134e-05 4.908662231173366308e-05 6.095206845202483237e-05
1.850243075750768185e-03 3.271479217801243067e-04 2.194649132434278727e-04 2.243705603177659214e-05 4.327961141825653613e-05 6.843329174444079399e-05
1.612750696949660778e-03 3.593982837628573179e-04 2.010320749832317233e-04 2.079718251479789615e-05 3.808060864685103297e-05 7.639275281690061092e-05
1.605684054084122181e-03 3.228108398616313934e-04 2.093536022584885359e-04 1.994331978494301438e-05 3.905787525582127273e-05 6.368897447828203440e-05
1.687085954472422600e-03 3.291791945230215788e-04 1.949103025253862143e-04 1.916317523864563555e-05 3.710454257088713348e-05 6.967772787902504206e-05
1.880128285847604275e-03 3.479885635897517204e-04 1.843435311457142234e-04 1.946976044564507902e-05 3.576093149604275823e-05 8.081007399596273899e-05
1.595109119080007076e-03 3.209557617083191872e-04 1.625775475986301899e-04 1.987116047530435026e-05 3.302323602838441730e-05 6.819675763836130500e-05
1.440100022591650486e-03 3.055589040741324425e-04 1.561683748150244355e-04 1.827651794883422554e-05 3.438629209995269775e-05 7.888016989454627037e-05
1.659095403738319874e-03 3.667532291729003191e-04 1.350006496068090200e-04 1.918523594213183969e-05 3.297245712019503117e-05 8.244251512223854661e-05
1.484005129896104336e-03 3.716838837135583162e-04 1.309033104917034507e-04 2.123025296896230429e-05 3.631760046118870378e-05 8.327243267558515072e-05
1.463097170926630497e-03 4.038510960526764393e-04 1.122989997384138405e-04 1.806067848519887775e-05 2.970992136397399008e-05 9.435357060283422470e-05
1.443312270566821098e-03 3.828956687357276678e-04 1.160977481049485505e-04 1.893983244372066110e-05 3.427220872254110873e-05 1.001967684715054929e-04
1.734501565806567669e-03 5.044757272116839886e-04 1.244710438186302781e-04 1.904179043776821345e-05 3.744134664884768426e-05 1.031030260492116213e-04
1.835245289839804173e-03 5.648745573125779629e-04 1.119049993576481938e-04 1.758354665071237832e-05 2.907143607444595546e-05 1.233190996572375298e-04
1.324007753282785416e-03 5.297256284393370152e-04 1.309414656134322286e-04 1.831439294619485736e-05 3.030071820830926299e-05 1.026547470246441662e-04
1.461779116652905941e-03 6.165062659420073032e-04 1.162088810815475881e-04 1.717732993711251765e-05 2.681495607248507440e-05 1.090237201424315572e-04
1.014486537314951420e-03 4.932497977279126644e-04 1.043157390085980296e-04 1.617038287804462016e-05 2.528818913560826331e-05 8.277952292701229453e-05
1.231282949447631836e-03 6.420632125809788704e-04 1.065306714735925198e-04 1.570682616147678345e-05 2.445124846417456865e-05 1.035451714415103197e-04
9.941840544342994690e-04 6.074021221138536930e-04 1.067541015800088644e-04 1.539695040264632553e-05 2.497017339919693768e-05 8.121727296384051442e-05
1.190109294839203358e-03 6.456496194005012512e-04 1.037402180372737348e-04 1.477934256399748847e-05 2.493387910362798721e-05 8.758364128880202770e-05
9.813695214688777924e-04 6.011647637933492661e-04 1.112845784518867731e-04 1.507631714048329741e-05 2.707919338718056679e-05 8.224636258091777563e-05
1.145771238952875137e-03 7.573355687782168388e-04 1.152429103967733681e-04 1.478554804634768516e-05 2.751143620116636157e-05 8.779858035268262029e-05
1.093957689590752125e-03 7.323714089579880238e-04 1.168866292573511600e-04 1.447638987883692607e-05 2.647030487423762679e-05 9.433596278540790081e-05
9.672100422903895378e-04 8.987771579995751381e-04 1.061436414602212608e-04 1.289035935769788921e-05 2.422103352728299797e-05 8.066610462265089154e-05
6.845845491625368595e-04 1.049848156981170177e-03 1.002808130579069257e-04 1.214986696140840650e-05 2.408517138974275440e-05 5.831646194565109909e-05
8.580328430980443954e-04 7.263631559908390045e-04 1.014314984786324203e-04 1.329039150732569396e-05 2.555622086219955236e-05 6.968535308260470629e-05
1.008301274850964546e-03 2.033987082540988922e-03 9.533741103950887918e-05 1.401953795721055940e-05 2.433527697576209903e-05 8.028146839933469892e-05
7.633429486304521561e-04 1.947410986758768559e-03 9.960028546629473567e-05 1.402417001372668892e-05 2.327977381355594844e-05 5.926244921283796430e-05
7.054519373923540115e-04 1.618193113245069981e-03 9.528239752398803830e-05 1.445054385840194300e-05 2.554948514443822205e-05 7.390537211904302239e-05
1.103081973269581795e-03 2.524011302739381790e-03 8.912898192647844553e-05 1.427697861799970269e-05 2.478388341842219234e-05 9.312005568062886596e-05
7.969764992594718933e-04 2.054065698757767677e-03 8.733398863114416599e-05 1.452351807529339567e-05 2.358849997108336538e-05 5.752501238021068275e-05
8.875176426954567432e-04 1.703714020550251007e-03 9.963312186300754547e-05 1.557895302539691329e-05 2.866781869670376182e-05 7.563381950603798032e-05
1.075972337275743484e-03 2.279564738273620605e-03 9.773513738764449954e-05 1.519294892204925418e-05 2.785316246445290744e-05 7.100874790921807289e-05
8.105912711471319199e-04 1.770731876604259014e-03 9.911262895911931992e-05 1.558991061756387353e-05 2.764317650871817023e-05 5.603058525593951344e-05
1.109087257646024227e-03 2.266041468828916550e-03 1.094796534744091332e-04 1.833898750192020088e-05 2.920995575550477952e-05 8.126854663714766502e-05
7.464931695722043514e-04 1.239184406585991383e-03 1.034165616147220135e-04 1.701999099168460816e-05 2.809623219945933670e-05 5.710677214665338397e-05
1.255672541446983814e-03 1.623465563170611858e-03 1.030484927468933165e-04 1.696708022791426629e-05 2.670675348781514913e-05 7.539676880696788430e-05
8.891911711543798447e-04 1.630122074857354164e-03 9.842514555202797055e-05 1.678320768405683339e-05 2.567292540334165096e-05 6.153214053483679891e-05
1.070822705514729023e-03 1.375474384985864162e-03 1.002137069008313119e-04 1.728491042740643024e-05 2.859391133824829012e-05 7.919009658508002758e-05
1.030888874083757401e-03 1.621712814085185528e-03 1.095634506782516837e-04 1.767271533026359975e-05 2.907971975218970329e-05 7.374327105935662985e-05
1.105059171095490456e-03 1.045910175889730453e-03 1.006634993245825171e-04 1.575638452777639031e-05 2.662640326889231801e-05 8.181745215551927686e-05
1.081168767996132374e-03 1.430080505087971687e-03 1.088633653125725687e-04 1.764435728546231985e-05 2.959377707156818360e-05 7.323459431063383818e-05
1.070186845026910305e-03 8.359836065210402012e-04 1.026010213536210358e-04 1.644233634578995407e-05 3.013427885889541358e-05 7.156488572945818305e-05
9.933053515851497650e-04 7.793593103997409344e-04 1.146501017501577735e-04 1.765812157827895135e-05 3.437962368479929864e-05 6.920853775227442384e-05
1.029152073897421360e-03 7.709929486736655235e-04 1.111139281420037150e-04 1.850543230830226094e-05 3.323780038044787943e-05 7.345553603954613209e-05
9.059665026143193245e-04 7.043764344416558743e-04 1.086561605916358531e-04 1.934795363922603428e-05 3.443421519477851689e-05 6.488565122708678246e-05
1.209957408718764782e-03 7.575979689136147499e-04 9.919967124005779624e-05 1.787043584045022726e-05 3.163707879139110446e-05 7.535830809501931071e-05
1.324111013673245907e-03 8.473501657135784626e-04 8.362918742932379246e-05 1.353140942228492349e-05 2.344630229345057160e-05 7.576918142149224877e-05
1.562142395414412022e-03 7.989477016963064671e-04 8.730886474950239062e-05 1.428457198926480487e-05 2.335893987037707120e-05 7.449115219060331583e-05
2.333949087187647820e-03 1.137295039370656013e-03 1.005917220027185977e-04 1.745068402669858187e-05 2.566714101703837514e-05 9.485457121627405286e-05
2.141368109732866287e-03 8.853255421854555607e-04 1.318204886047169566e-04 2.207279976573772728e-05 3.105553696514107287e-05 8.218151924666017294e-05
2.031654817983508110e-03 9.261038503609597683e-04 1.415322913089767098e-04 2.531443533371202648e-05 3.311560794827528298e-05 7.654340879525989294e-05
1.930148690007627010e-03 8.299435721710324287e-04 1.762789470376446843e-04 3.015190486621577293e-05 3.671265949378721416e-05 7.440041372319683433e-05
2.021000720560550690e-03 7.643682183697819710e-04 2.180490118917077780e-04 4.021304630441591144e-05 4.644967339118011296e-05 7.657535752514377236e-05
1.613800064660608768e-03 6.807916797697544098e-04 2.475888177286833525e-04 4.203572098049335182e-05 4.727799750980921090e-05 7.901416392996907234e-05
1.847411389462649822e-03 7.391521940007805824e-04 2.797109773382544518e-04 5.078182221041060984e-05 6.069004666642285883e-05 9.202289948007091880e-05
1.811919268220663071e-03 7.598899537697434425e-04 2.343740779906511307e-04 3.945173375541344285e-05 5.039672760176472366e-05 9.158934699371457100e-05
2.071445807814598083e-03 8.216560236178338528e-04 2.261079498566687107e-04 3.337681482662446797e-05 4.934002572554163635e-05 8.309834811370819807e-05
1.898743328638374805e-03 7.673677173443138599e-04 2.353761374251917005e-04 2.971762114611919969e-05 5.555272946367040277e-05 8.068557508522644639e-05
1.550881541334092617e-03 6.266023265197873116e-04 2.226869837613776326e-04 2.846276402124203742e-05 4.506359618972055614e-05 7.255339733092114329e-05
1.780741615220904350e-03 6.688071298412978649e-04 2.252898993901908398e-04 2.732460779952816665e-05 4.793016341864131391e-05 8.958337275544181466e-05
1.569485524669289589e-03 5.415256018750369549e-04 2.258888562209904194e-04 3.637324334704317153e-05 4.883342990069650114e-05 1.004157238639891148e-04
1.162055414170026779e-03 4.942925297655165195e-04 1.795642019715160131e-04 2.546032919781282544e-05 3.665775875560939312e-05 9.478579886490479112e-05
1.229947083629667759e-03 4.437529132701456547e-04 2.004079433390870690e-04 2.414091613900382072e-05 4.662423452828079462e-05 1.025219462462700903e-04
1.698605250567197800e-03 5.115093081258237362e-04 2.648361260071396828e-04 3.098282832070253789e-05 5.317798786563798785e-05 1.139182131737470627e-04
1.460954314097762108e-03 4.294685204513370991e-04 2.812554303091019392e-04 3.444751564529724419e-05 5.811668233945965767e-05 1.006835082080215216e-04
1.754713011905550957e-03 4.162128607276827097e-04 3.349631151650100946e-04 3.899607690982520580e-05 7.422731869155541062e-05 8.925006113713607192e-05
1.844533253461122513e-03 4.582359397318214178e-04 2.908492460846900940e-04 3.846696563414297998e-05 6.032787132426165044e-05 1.152133845607750118e-04
2.057505073025822639e-03 4.672969516832381487e-04 2.795566688291728497e-04 4.307714334572665393e-05 5.723291906178928912e-05 1.196458251797594130e-04
2.074028830975294113e-03 3.939364978577941656e-04 2.215865970356389880e-04 3.355135413585230708e-05 4.915262252325192094e-05 1.218609322677366436e-04
2.303096931427717209e-03 4.027009126730263233e-04 2.637642319314181805e-04 3.732390905497595668e-05 5.638421498588286340e-05 1.182252162834629416e-04
1.700766617432236671e-03 3.415142709854990244e-04 2.187684731325134635e-04 3.056433342862874269e-05 4.535539119387976825e-05 1.124742775573395193e-04
1.503275940194725990e-03 3.192820586264133453e-04 1.742089662002399564e-04 2.492260682629421353e-05 4.034533412777818739e-05 9.620680066291242838e-05
1.258917036466300488e-03 3.297962539363652468e-04 1.501276274211704731e-04 2.076137570838909596e-05 3.804685184150002897e-05 9.802201384445652366e-05
1.379082561470568180e-03 3.239643701817840338e-04 1.412365672877058387e-04 1.767402864061295986e-05 3.575606751837767661e-05 1.012049469863995910e-04
1.566133927553892136e-03 3.393677179701626301e-04 1.493674062658101320e-04 1.888365659397095442e-05 4.014723526779562235e-05 1.037576948874630034e-04
1.415958045981824398e-03 3.352007188368588686e-04 1.157432343461550772e-04 1.493216950620990247e-05 3.267404827056452632e-05 7.972236926434561610e-05
1.315068802796304226e-03 3.630140272434800863e-04 1.143885892815887928e-04 1.625589902687352151e-05 2.921802661148831248e-05 8.953044016379863024e-05
1.197225414216518402e-03 3.471781092230230570e-04 1.124003902077674866e-04 1.695226819720119238e-05 3.024247416760772467e-05 9.045463957590982318e-05
9.236871846951544285e-04 3.147203533444553614e-04 1.186645749839954078e-04 1.816391522879712284e-05 2.887032314902171493e-05 6.910538650117814541e-05
9.676599293015897274e-04 3.642029478214681149e-04 1.195408331113867462e-04 1.836173396441154182e-05 2.966386637126561254e-05 8.052429620875045657e-05
8.707463857717812061e-04 3.980203182436525822e-04 1.277722185477614403e-04 1.906634861370548606e-05 2.962533289974089712e-05 8.602976595284417272e-05
9.578898898325860500e-04 3.490881354082375765e-04 1.181376865133643150e-04 1.816118856368120760e-05 2.955170566565357149e-05 7.134713814593851566e-05
1.051180646754801273e-03 4.260433197487145662e-04 1.140836975537240505e-04 1.845152110035996884e-05 2.859771666408050805e-05 9.197583858622238040e-05
1.100932480767369270e-03 3.523187479004263878e-04 1.083656316041015089e-04 1.845473161665722728e-05 2.635133023431990296e-05 7.210224430309608579e-05
1.914377789944410324e-03 3.721432876773178577e-04 1.144137786468490958e-04 2.015710379055235535e-05 2.491614031896460801e-05 7.771082164254039526e-05
1.607194659300148487e-03 4.107324348296970129e-04 1.420573680661618710e-04 2.385713196417782456e-05 3.012170054716989398e-05 9.217172919306904078e-05
1.990032847970724106e-03 4.437250318005681038e-04 1.723733730614185333e-04 2.745253004832193255e-05 3.310661122668534517e-05 9.712766768643632531e-05
1.465230365283787251e-03 5.855179042555391788e-04 1.590689207660034299e-04 2.553798913140781224e-05 3.322996781207621098e-05 1.061452858266420662e-04
1.743758795782923698e-03 9.603968355804681778e-04 1.768984366208314896e-04 2.628813490446191281e-05 3.494845077511854470e-05 1.089889192371629179e-04
1.510888221673667431e-03 1.009805593639612198e-03 1.616251101950183511e-04 2.534101076889783144e-05 3.247333370381966233e-05 1.544373371871188283e-04
1.388751086778938770e-03 1.111464109271764755e-03 1.663619623286649585e-04 2.467206468281801790e-05 3.391041173017583787e-05 1.608832390047609806e-04
1.451458199881017208e-03 9.531269315630197525e-04 1.893235166789963841e-04 2.760059942374937236e-05 3.779061080422252417e-05 1.571045722812414169e-04
1.232953160069882870e-03 7.930630818009376526e-04 1.939784851856529713e-04 2.858781044778879732e-05 3.882617238559760153e-05 1.456077152397483587e-04
1.401578425429761410e-03 8.865127456374466419e-04 1.736772392177954316e-04 2.681109799596015364e-05 3.887427010340616107e-05 1.611142652109265327e-04
1.164143905043601990e-03 6.534423446282744408e-04 1.909842249006032944e-04 2.895273064495995641e-05 3.916932109859772027e-05 1.286118786083534360e-04
1.096414052881300449e-03 6.520164315588772297e-04 1.897873007692396641e-04 2.966077408927958459e-05 4.010974953416734934e-05 1.300592120969668031e-04
1.009983010590076447e-03 6.353036733344197273e-04 2.069964975817129016e-04 3.142852438031695783e-05 3.905026096617802978e-05 1.185027576866559684e-04
9.115217835642397404e-04 5.835864576511085033e-04 2.140150900231674314e-04 2.983201375172939152e-05 3.982916678069159389e-05 1.210337868542410433e-04
9.017513366416096687e-04 5.536563694477081299e-04 1.634412910789251328e-04 2.428191874059848487e-05 3.379347617737948895e-05 1.254629169125109911e-04
9.040997829288244247e-04 5.373987951315939426e-04 2.281172783114016056e-04 3.462988024693913758e-05 4.326196722104214132e-05 1.208081957884132862e-04
8.708749664947390556e-04 6.086248904466629028e-04 2.869131276383996010e-04 4.192017877358011901e-05 5.039071038481779397e-05 1.192984491353854537e-04
8.907208102755248547e-04 6.423216545954346657e-04 2.253495185868814588e-04 3.604051016736775637e-05 3.914226908818818629e-05 1.093401369871571660e-04
1.076263375580310822e-03 7.263008737936615944e-04 2.171493833884596825e-04 3.403252048883587122e-05 3.958589149988256395e-05 1.452623109798878431e-04
9.665494435466825962e-04 5.794549360871315002e-04 1.974754559341818094e-04 3.184468005201779306e-05 3.740763713722117245e-05 1.255206734640523791e-04
9.087019716389477253e-04 5.863172700628638268e-04 1.950417063198983669e-04 2.929970651166513562e-05 3.739205203601159155e-05 1.196101293317042291e-04
9.982022456824779510e-04 5.395578918978571892e-04 2.012293552979826927e-04 2.881518594222143292e-05 4.118938522879034281e-05 1.107960561057552695e-04
1.013407367281615734e-03 6.267570424824953079e-04 1.998231891775503755e-04 2.760934694379102439e-05 4.004867878393270075e-05 1.115493068937212229e-04
1.038768794387578964e-03 5.515290540643036366e-04 2.761816722340881824e-04 4.568734220811165869e-05 4.765899939229711890e-05 1.040576898958534002e-04
1.463080407120287418e-03 5.152992671355605125e-04 1.653858198551461101e-04 2.665206739038694650e-05 2.989030508615542203e-05 1.071795995812863111e-04
1.412459299899637699e-03 5.385403055697679520e-04 1.969262812053784728e-04 3.234773248550482094e-05 3.441451190155930817e-05 1.184937573270872235e-04
1.261053374037146568e-03 5.813342868350446224e-04 2.169846411561593413e-04 3.382187060196883976e-05 3.800396734732203186e-05 1.069978097802959383e-04
1.471749390475451946e-03 6.749643944203853607e-04 2.451669424772262573e-04 3.441251465119421482e-05 4.393685958348214626e-05 1.044768869178369641e-04
1.343546551652252674e-03 8.030498865991830826e-04 2.227800578111782670e-04 3.439926149439997971e-05 3.790256960201077163e-05 1.194023352582007647e-04
1.256345887668430805e-03 7.306505576707422733e-04 2.245586219942197204e-04 3.397017280803993344e-05 3.868009662255644798e-05 1.312462118221446872e-04
1.046348246745765209e-03 6.940423627384006977e-04 2.193756808992475271e-04 3.001415643666405231e-05 4.130637898924760520e-05 1.225831947522237897e-04
1.447086688131093979e-03 5.275181611068546772e-04 2.326547401025891304e-04 2.940894410130567849e-05 4.559520311886444688e-05 1.303192548220977187e-04
1.218279241584241390e-03 6.593636935576796532e-04 1.983468682738021016e-04 2.556242179707624018e-05 3.840560748358257115e-05 1.327870995737612247e-04
1.279878197237849236e-03 5.199154838919639587e-04 1.789322122931480408e-04 2.442769073240924627e-05 3.491628012852743268e-05 1.266597973881289363e-04
1.455697347410023212e-03 5.898871459066867828e-04 2.278313768329098821e-04 3.109787212451919913e-05 4.220903792884200811e-05 1.272407534997910261e-04
1.339176902547478676e-03 6.181880598887801170e-04 2.369983267271891236e-04 3.589680636650882661e-05 4.165426435065455735e-05 1.268420019187033176e-04
1.218864228576421738e-03 4.641446575988084078e-04 2.242021291749551892e-04 3.206382098142057657e-05 4.009674012195318937e-05 1.298905553994700313e-04
1.348154968582093716e-03 5.770694115199148655e-04 2.311398129677399993e-04 3.415504033910110593e-05 3.916531568393111229e-05 1.191162082250230014e-04
1.243317965418100357e-03 4.010582924820482731e-04 2.096636017085984349e-04 3.235682743252255023e-05 3.666561315185390413e-05 1.147666553151793778e-04
1.433990662917494774e-03 8.732762653380632401e-04 2.330610004719346762e-04 3.690886660479009151e-05 3.982221096521243453e-05 1.399089378537610173e-04
1.082382630556821823e-03 3.346976882312446833e-04 2.182293246733024716e-04 3.451318116276524961e-05 3.886372724082320929e-05 8.553793304599821568e-05
1.257988857105374336e-03 5.897026276215910912e-04 2.364460524404421449e-04 3.764586654142476618e-05 3.882708551827818155e-05 1.134455887950025499e-04
1.151545788161456585e-03 5.576179246418178082e-04 2.048545575235038996e-04 3.378233304829336703e-05 3.706456482177600265e-05 1.039167691487818956e-04
1.184558146633207798e-03 3.615119785536080599e-04 1.927964767673984170e-04 3.231993832741864026e-05 3.443659443291835487e-05 8.566864562453702092e-05
1.220971695147454739e-03 4.589053278323262930e-04 2.177278802264481783e-04 3.594732697820290923e-05 4.018088293378241360e-05 9.971312829293310642e-05
1.125260489061474800e-03 3.427788615226745605e-04 2.009752497542649508e-04 3.367296812939457595e-05 3.709892553160898387e-05 9.225058602169156075e-05
1.159147708676755428e-03 4.363254120107740164e-04 1.998908119276165962e-04 3.222044324502348900e-05 3.416286199353635311e-05 9.162358765024691820e-05
1.470655202865600586e-03 6.025319453328847885e-04 2.259640314150601625e-04 3.691278106998652220e-05 3.794419899350032210e-05 1.014172012219205499e-04
1.192279160022735596e-03 3.731120086740702391e-04 2.069125039270147681e-04 3.267381543992087245e-05 3.772629133891314268e-05 8.980554412119090557e-05
1.784119755029678345e-03 7.317746058106422424e-04 2.121903380611911416e-04 3.314618152217008173e-05 3.957334047299809754e-05 9.880958532448858023e-05
1.234851079061627388e-03 6.617314065806567669e-04 1.871775602921843529e-04 2.817964923451654613e-05 3.435262260609306395e-05 9.774631325853988528e-05
1.432106131687760353e-03 4.916096222586929798e-04 1.776130375219509006e-04 2.617380596348084509e-05 3.305155769339762628e-05 9.697216592030599713e-05
1.085275434888899326e-03 6.740022217854857445e-04 1.589667808730155230e-04 2.463191776769235730e-05 2.953237344627268612e-05 8.241598698077723384e-05
1.448816736228764057e-03 8.185141487047076225e-04 1.507736014900729060e-04 2.262332054669968784e-05 2.955296804429963231e-05 9.243033127859234810e-05
1.543051796033978462e-03 5.030244356021285057e-04 1.482909719925373793e-04 2.204958036600146443e-05 3.102379196207039058e-05 8.525935845682397485e-05
1.356681575998663902e-03 6.938675069250166416e-04 1.447711256332695484e-04 1.918902671604882926e-05 3.120072506135329604e-05 8.108361362246796489e-05
1.661711838096380234e-03 9.680057410150766373e-04 1.303479657508432865e-04 1.740318657539319247e-05 2.939925434475298971e-05 9.653627057559788227e-05
1.531768240965902805e-03 7.640434196218848228e-04 1.384581410093232989e-04 1.662175964156631380e-05 3.081863178522326052e-05 9.508520452072843909e-05
1.178165432065725327e-03 6.041091401129961014e-04 1.359716989099979401e-04 1.688383599685039371e-05 3.062078394577838480e-05 7.586197170894593000e-05
1.096361549571156502e-03 6.746309809386730194e-04 1.151617907453328371e-04 1.647664612391963601e-05 2.605539339128881693e-05 7.279615965671837330e-05
1.379725057631731033e-03 1.031624269671738148e-03 1.221231650561094284e-04 1.581055585120338947e-05 2.730153209995478392e-05 7.486425602110102773e-05
1.211643917486071587e-03 8.706176886335015297e-04 1.090807490982115269e-04 1.455516576243098825e-05 2.560667235229630023e-05 7.177125371526926756e-05
1.177919795736670494e-03 8.373506134375929832e-04 1.161421751021407545e-04 1.458864608139265329e-05 2.743311779340729117e-05 7.675885717617347836e-05
1.476802863180637360e-03 8.860409143380820751e-04 1.276004477404057980e-04 1.677571162872482091e-05 2.785827200568746775e-05 7.951862062327563763e-05
1.068174955435097218e-03 7.965414552018046379e-04 1.123789625125937164e-04 1.529213841422460973e-05 2.483244679751805961e-05 6.820951239205896854e-05
1.229753368534147739e-03 7.929973653517663479e-04 1.090918303816579282e-04 1.519540455774404109e-05 2.345813663851004094e-05 7.347478822339326143e-05
1.395085128024220467e-03 1.017413334921002388e-03 9.977883746614679694e-05 1.448223702027462423e-05 2.188034159189555794e-05 8.593017992097884417e-05
1.453518052585422993e-03 1.081698690541088581e-03 9.726278221933171153e-05 1.411523317074170336e-05 2.280056469317059964e-05 7.194457430159673095e-05
1.317595830187201500e-03 1.077315071597695351e-03 9.338463132735341787e-05 1.423286539647961035e-05 2.278758802276570350e-05 6.998622848186641932e-05
1.447184360586106777e-03 1.096398686058819294e-03 9.412485087523236871e-05 1.428771520295413211e-05 2.242893970105797052e-05 7.902109791757538915e-05
1.793154049664735794e-03 1.141599263064563274e-03 9.352633060188964009e-05 1.420000080543104559e-05 2.226158721896354109e-05 8.454279304714873433e-05
1.241352991200983524e-03 1.221158192493021488e-03 8.857597276801243424e-05 1.359712769044563174e-05 2.105274325003847480e-05 6.927162030478939414e-05
1.571526401676237583e-03 1.067492179572582245e-03 9.103229967877268791e-05 1.355154472548747435e-05 2.158079951186664402e-05 8.128978515742346644e-05
1.713070319965481758e-03 1.063790754415094852e-03 8.340166095877066255e-05 1.327592781308339909e-05 2.016794678638689220e-05 8.528336184099316597e-05
1.576966024003922939e-03 1.084896735846996307e-03 8.910300675779581070e-05 1.404236354574095458e-05 2.097349351970478892e-05 7.807304064044728875e-05
1.494189258664846420e-03 1.218492630869150162e-03 8.383992098970338702e-05 1.326868459727847949e-05 1.923811942106112838e-05 7.196028309408575296e-05
1.558283227495849133e-03 8.743173675611615181e-04 8.302553032990545034e-05 1.259161217603832483e-05 1.926918594108428806e-05 8.727495878702029586e-05
1.478681340813636780e-03 1.033067819662392139e-03 8.806402183836326003e-05 1.346620410913601518e-05 2.096538992191199213e-05 8.266288932645693421e-05
1.468240167014300823e-03 1.053720479831099510e-03 8.344212983502075076e-05 1.272864938073325902e-05 2.037767444562632591e-05 8.274108404293656349e-05
1.540567842312157154e-03 1.141593558713793755e-03 8.328035619342699647e-05 1.319251805398380384e-05 2.071517155854962766e-05 8.729831461096182466e-05
1.589184161275625229e-03 1.278939540497958660e-03 8.597745909355580807e-05 1.293429431825643405e-05 2.122484875144436955e-05 8.000592060852795839e-05
1.503238338045775890e-03 1.282988931052386761e-03 8.249081292888149619e-05 1.353863535769050941e-05 2.042737469309940934e-05 7.645767618669196963e-05
1.252974267117679119e-03 8.019383531063795090e-04 8.867438737070187926e-05 1.239375342265702784e-05 2.097098877129610628e-05 8.799456554697826505e-05
1.169245340861380100e-03 9.096536086872220039e-04 9.107125515583902597e-05 1.359943144052522257e-05 2.113010850735008717e-05 7.202503911685198545e-05
1.398812630213797092e-03 1.113332109525799751e-03 8.858880755724385381e-05 1.359711586701450869e-05 2.059401413134764880e-05 7.747393101453781128e-05
1.514374511316418648e-03 1.309827552177011967e-03 8.893797348719090223e-05 1.325333960267016664e-05 2.136073817382566631e-05 8.882374822860583663e-05
1.357831759378314018e-03 1.242188736796379089e-03 8.940278348745778203e-05 1.312304175371536985e-05 2.124890124832745641e-05 7.812615513103082776e-05
1.300440053455531597e-03 1.303795259445905685e-03 9.158095781458541751e-05 1.479558977734996006e-05 2.312417200300842524e-05 8.143849845509976149e-05
1.462671323679387569e-03 1.174105214886367321e-03 9.742266411194577813e-05 1.540308585390448570e-05 2.164545730920508504e-05 9.156599116977304220e-05
1.467045862227678299e-03 1.106322626583278179e-03 9.751057950779795647e-05 1.568615698488429189e-05 2.280109220009762794e-05 8.436429197899997234e-05
1.455089310184121132e-03 1.252949936315417290e-03 9.731943282531574368e-05 1.604680619493592530e-05 2.111442336172331125e-05 9.367366146761924028e-05
1.635928987525403500e-03 1.295316964387893677e-03 8.665805944474413991e-05 1.468640311941271648e-05 2.135286376869771630e-05 1.085379262804053724e-04
1.647272380068898201e-03 1.369970967061817646e-03 8.644064655527472496e-05 1.420317767042433843e-05 2.310320087417494506e-05 9.247733396477997303e-05
1.366993179544806480e-03 1.161765889264643192e-03 8.416648779530078173e-05 1.381458787363953888e-05 2.273925747431349009e-05 1.057364934240467846e-04
1.625534729100763798e-03 1.209361944347620010e-03 8.887684816727414727e-05 1.588292616361286491e-05 2.214596861449535936e-05 1.148832016042433679e-04
1.468093367293477058e-03 9.362592245452105999e-04 1.029726045089773834e-04 1.798263838281854987e-05 2.633624899317510426e-05 9.501843305770307779e-05
1.624924130737781525e-03 1.113553298637270927e-03 9.661701915320008993e-05 1.664656883804127574e-05 2.419819793431088328e-05 1.105094561353325844e-04
1.291237887926399708e-03 8.626318303868174553e-04 9.789531031856313348e-05 1.740348307066597044e-05 2.751583451754413545e-05 7.551188173238188028e-05
1.576578360982239246e-03 9.428504272364079952e-04 1.001159325824119151e-04 1.689705277385655791e-05 2.425309321552049369e-05 1.011321000987663865e-04
1.357712433673441410e-03 9.440818103030323982e-04 1.089926663553342223e-04 1.699904896668158472e-05 2.259096618217881769e-05 8.633084507891908288e-05
1.268182764761149883e-03 7.893150905147194862e-04 1.011173153528943658e-04 1.639000220166053623e-05 2.270042205054778606e-05 8.728332613827660680e-05
1.625138102099299431e-03 8.598152198828756809e-04 9.397778921993449330e-05 1.487685130996396765e-05 2.049198519671335816e-05 9.235787001671269536e-05
1.196670345962047577e-03 4.835000727325677872e-04 9.440039139008149505e-05 1.580200296302791685e-05 1.995913407881744206e-05 7.656650268472731113e-05
1.424935297109186649e-03 6.052639218978583813e-04 1.040145580191165209e-04 1.593562956259120256e-05 2.358745950914453715e-05 7.823511987226083875e-05
1.460009836591780186e-03 7.583740516565740108e-04 1.116149287554435432e-04 1.787470318959094584e-05 2.336459692742209882e-05 9.237766062142327428e-05
1.572616631165146828e-03 7.292585214599967003e-04 1.070723665179684758e-04 1.791113572835456580e-05 2.343911364732775837e-05 7.809800445102155209e-05
1.169991563074290752e-03 6.101907347328960896e-04 1.233484217664226890e-04 1.784593223419506103e-05 2.638256955833639950e-05 8.192062523448839784e-05
1.222837949171662331e-03 4.765093908645212650e-04 1.215656739077530801e-04 1.871387030405458063e-05 2.634745032992213964e-05 6.643999222433194518e-05
1.415747683495283127e-03 6.881518638692796230e-04 1.134312988142482936e-04 1.727528433548286557e-05 2.332181247766129673e-05 8.684094063937664032e-05
1.314999884925782681e-03 6.339664105325937271e-04 1.029925842885859311e-04 1.641956623643636703e-05 2.177983878937084228e-05 8.063258428592234850e-05
1.525124185718595982e-03 6.351004703901708126e-04 1.055799730238504708e-04 1.483374489907873794e-05 2.336792022106237710e-05 8.895684732124209404e-05
1.054950407706201077e-03 6.447936757467687130e-04 1.110409866669215262e-04 1.819539102143608034e-05 2.361526640015654266e-05 9.823583968682214618e-05
