8.290967941284179688e-01 -9.391726925969123840e-03 4.351356532424688339e-03 -8.268133969977498055e-04 1.679730368778109550e-03 -2.977972850203514099e-03
8.052316308021545410e-01 -3.961320966482162476e-02 7.885674014687538147e-03 3.789014415815472603e-03 -1.280894968658685684e-02 -1.642986200749874115e-03
7.952417135238647461e-01 -1.327785290777683258e-02 9.285628050565719604e-02 8.227647282183170319e-03 -2.546758204698562622e-02 -3.658344270661473274e-03
7.976946234703063965e-01 -2.724862098693847656e-02 1.096371635794639587e-01 -3.045737976208329201e-04 -4.833999276161193848e-02 -1.552716130390763283e-03
8.690889477729797363e-01 -2.035700157284736633e-02 5.535573139786720276e-02 1.083721406757831573e-02 -3.616813942790031433e-02 -3.092315979301929474e-03
8.934046030044555664e-01 -2.177877910435199738e-02 -1.186391338706016541e-02 8.903611451387405396e-03 -5.734113976359367371e-03 -1.196468831039965153e-03
8.348550200462341309e-01 -5.149644333869218826e-03 -5.115853250026702881e-02 -3.932088147848844528e-03 2.547671832144260406e-02 -2.180538838729262352e-03
8.314644694328308105e-01 -9.868976660072803497e-03 -2.847060188651084900e-02 2.827013959176838398e-04 2.519076503813266754e-02 -3.682375885546207428e-03
8.436801433563232422e-01 -2.630326710641384125e-02 -4.225180018693208694e-03 -7.204088382422924042e-03 3.347219899296760559e-03 -3.057193709537386894e-03
8.209943771362304688e-01 -1.949764043092727661e-02 3.173163905739784241e-02 -4.224533215165138245e-03 -1.501940283924341202e-02 -2.324312226846814156e-03
8.166483640670776367e-01 -9.457507170736789703e-03 3.763433173298835754e-02 -3.662573581095784903e-04 -1.933535188436508179e-02 -2.765094861388206482e-03
8.269909024238586426e-01 -1.009384635835886002e-02 1.274511683732271194e-02 1.494225696660578251e-03 -1.131239440292119980e-02 -2.917476464062929153e-03
8.393650650978088379e-01 -1.150516234338283539e-02 -8.469538763165473938e-03 3.872424131259322166e-03 1.655743690207600594e-03 -3.373103216290473938e-03
8.362977504730224609e-01 -1.846797950565814972e-02 -1.548647135496139526e-02 3.930889070034027100e-03 1.014009676873683929e-02 -3.959262743592262268e-03
8.317742943763732910e-01 -1.578761078417301178e-02 -9.197199717164039612e-03 1.352291437797248363e-03 6.263981107622385025e-03 -3.516988130286335945e-03
8.311684727668762207e-01 -2.234430797398090363e-02 7.167195435613393784e-03 1.490573980845510960e-03 1.994133694097399712e-03 -2.950120251625776291e-03
8.278490304946899414e-01 -1.749540865421295166e-02 1.850430294871330261e-02 1.330570084974169731e-03 -4.983894061297178268e-03 -2.479996997863054276e-03
8.299782872200012207e-01 -8.078346960246562958e-03 9.865285828709602356e-03 6.980999605730175972e-04 -5.219913087785243988e-03 -2.683849772438406944e-03
8.313707709312438965e-01 -2.004190720617771149e-02 5.692437756806612015e-03 -2.758629852905869484e-04 -1.551651745103299618e-03 -2.804273506626486778e-03
8.298255801200866699e-01 -1.028764806687831879e-02 2.303243381902575493e-03 -2.767535392194986343e-03 2.518897526897490025e-04 -2.612923271954059601e-03
8.295409083366394043e-01 -1.588259078562259674e-02 -6.016314728185534477e-04 -1.537863863632082939e-03 -1.763587788445875049e-04 -2.132365945726633072e-03
8.344717025756835938e-01 -1.112089492380619049e-02 4.786720033735036850e-03 5.815428448840975761e-04 -1.761423773132264614e-03 -2.042615786194801331e-03
8.541858196258544922e-01 -1.115423627197742462e-02 6.255306303501129150e-03 1.105984047171659768e-04 -1.909996615722775459e-03 -1.015285146422684193e-03
8.506857156753540039e-01 -1.012692414224147797e-02 -1.492051291279494762e-03 2.138734096661210060e-03 -1.606985344551503658e-03 -7.866956875659525394e-04
8.484196066856384277e-01 -7.563713937997817993e-03 6.469695828855037689e-03 1.736508798785507679e-03 -1.783833286026492715e-04 -5.369010614231228828e-04
8.603210449218750000e-01 -1.041185483336448669e-02 4.975386429578065872e-03 1.166229503724025562e-05 -6.704472471028566360e-04 -3.204248496331274509e-04
8.485469818115234375e-01 -5.938784219324588776e-03 3.072476945817470551e-03 4.784147022292017937e-04 -1.477845711633563042e-03 -5.935395020060241222e-04
8.592807650566101074e-01 -8.551893755793571472e-03 6.254481617361307144e-03 -5.611700471490621567e-04 5.901284166611731052e-04 2.731172135099768639e-04
8.784371614456176758e-01 -1.793847535736858845e-03 -1.261707860976457596e-03 -1.853799331001937389e-03 4.535710031632333994e-04 5.286247469484806061e-04
8.489710092544555664e-01 -1.435159239917993546e-02 6.336907390505075455e-03 -1.267971703782677650e-03 -4.516041008173488081e-05 6.686095730401575565e-04
8.682357072830200195e-01 6.486459169536828995e-04 3.491404699161648750e-03 -1.144795562140643597e-03 -2.991998335346579552e-03 8.510862826369702816e-04
8.572698831558227539e-01 -8.584036491811275482e-03 1.794855110347270966e-02 1.881296164356172085e-03 9.941636817529797554e-04 1.072694081813097000e-03
8.764970302581787109e-01 5.785452201962471008e-03 2.581280386948492378e-05 -8.449578657746315002e-03 9.352883207611739635e-04 1.711212564259767532e-03
8.691278696060180664e-01 -3.584143938496708870e-03 -8.702627383172512054e-03 -1.955147366970777512e-03 4.127203137613832951e-04 1.041440176777541637e-03
8.509538769721984863e-01 -7.920322008430957794e-03 2.711864933371543884e-02 -1.015330781228840351e-03 3.188276896253228188e-04 2.753760898485779762e-03
8.660842180252075195e-01 7.311327848583459854e-03 6.028348580002784729e-03 -1.886983984149992466e-03 -8.841844275593757629e-03 2.722523408010601997e-03
8.372743725776672363e-01 -9.647688828408718109e-03 2.908150851726531982e-02 4.120938479900360107e-03 -5.340089555829763412e-03 2.525576855987310410e-03
8.577911853790283203e-01 1.648128265514969826e-03 -3.368658944964408875e-03 1.065978896804153919e-03 -2.865193178877234459e-03 3.452524077147245407e-03
8.416081070899963379e-01 1.139523368328809738e-02 -5.857612937688827515e-03 4.924180917441844940e-03 2.377219963818788528e-03 3.469792427495121956e-03
8.266793489456176758e-01 6.616672035306692123e-03 1.948247780092060566e-03 2.616423182189464569e-03 8.150943554937839508e-03 4.521656315773725510e-03
8.331091403961181641e-01 3.165173344314098358e-03 -6.546531803905963898e-03 -1.104006660170853138e-03 4.063124768435955048e-03 4.409056156873703003e-03
8.230023980140686035e-01 1.263806875795125961e-02 2.055798657238483429e-02 -9.707010467536747456e-04 1.081986236386001110e-03 4.370920825749635696e-03
8.185206055641174316e-01 1.494846679270267487e-02 1.601782627403736115e-02 -4.264923743903636932e-03 -5.557148717343807220e-03 4.541743081063032150e-03
7.787516713142395020e-01 1.200829260051250458e-02 2.030179463326931000e-02 -3.224383341148495674e-03 -2.773194573819637299e-03 4.740626551210880280e-03
8.051187396049499512e-01 3.075641021132469177e-02 2.280545886605978012e-03 -2.323852851986885071e-03 -2.564217720646411180e-04 5.155052989721298218e-03
7.958619594573974609e-01 2.298110537230968475e-02 -7.451896555721759796e-03 -5.517455749213695526e-03 6.525957491248846054e-03 5.039243493229150772e-03
7.838684320449829102e-01 2.574963122606277466e-02 -1.399053493514657021e-03 -2.521354472264647484e-03 4.914556164294481277e-03 5.191852338612079620e-03
7.949249148368835449e-01 1.808952353894710541e-02 4.240682814270257950e-03 -1.764172571711242199e-03 -5.145107861608266830e-04 6.142463069409132004e-03
7.824636101722717285e-01 2.418953180313110352e-02 2.832471579313278198e-02 4.756286740303039551e-03 -6.670115515589714050e-03 7.346561644226312637e-03
7.734599709510803223e-01 1.992959156632423401e-02 2.471723593771457672e-02 -1.119034714065492153e-03 -7.106146309524774551e-03 8.282865397632122040e-03
7.699541449546813965e-01 2.766471356153488159e-02 1.646065153181552887e-02 -1.149179181084036827e-03 -4.161000251770019531e-03 8.895472623407840729e-03
7.712554931640625000e-01 2.441757731139659882e-02 1.727367285639047623e-03 7.914238376542925835e-04 -2.122291829437017441e-03 9.060905314981937408e-03
7.493602633476257324e-01 2.672195807099342346e-02 1.602318324148654938e-02 -1.318421098403632641e-03 5.001574754714965820e-04 1.004928443580865860e-02
7.539719939231872559e-01 2.019657939672470093e-02 7.534601725637912750e-03 -1.015999354422092438e-03 -3.708927426487207413e-03 9.512825869023799896e-03
7.473132610321044922e-01 2.328003756701946259e-02 1.326425187289714813e-02 6.021260633133351803e-04 -3.338030539453029633e-03 9.453690610826015472e-03
7.490277886390686035e-01 2.332460694015026093e-02 1.141850743442773819e-02 1.814399380236864090e-03 -2.240440342575311661e-03 9.398980997502803802e-03
7.412070035934448242e-01 2.246813289821147919e-02 3.209345508366823196e-03 7.408846286125481129e-04 1.905329845612868667e-04 1.004994101822376251e-02
7.455081343650817871e-01 2.027836441993713379e-02 3.315679263323545456e-03 1.160895801149308681e-03 2.001048764213919640e-03 9.394329041242599487e-03
7.372933626174926758e-01 1.966431178152561188e-02 2.942743012681603432e-03 1.663237926550209522e-03 2.977541880682110786e-04 9.318400174379348755e-03
7.396228313446044922e-01 2.140113711357116699e-02 1.296817325055599213e-02 1.087475684471428394e-03 -1.462987042032182217e-03 9.390296414494514465e-03
7.346668839454650879e-01 1.832777634263038635e-02 1.582339033484458923e-02 1.026018173433840275e-03 -2.479801187291741371e-03 8.521407842636108398e-03
7.349766492843627930e-01 1.809645816683769226e-02 8.772873319685459137e-03 1.326194498687982559e-03 -1.883485238067805767e-03 8.377227000892162323e-03
7.213786244392395020e-01 1.872597821056842804e-02 1.218665484338998795e-02 1.103925023926422000e-04 1.434417790733277798e-04 7.779726758599281311e-03
7.285383343696594238e-01 1.307541225105524063e-02 1.734941615723073483e-03 -2.155654074158519506e-04 8.600908331573009491e-04 7.099028211086988449e-03
7.182456851005554199e-01 1.314500067383050919e-02 4.721318837255239487e-03 4.295116523280739784e-04 1.187862479127943516e-03 5.712323822081089020e-03
7.042237520217895508e-01 8.178424090147018433e-03 9.060096926987171173e-03 6.822103750891983509e-04 5.631934618577361107e-04 5.368230864405632019e-03
7.032781839370727539e-01 4.739208612591028214e-03 6.853027269244194031e-03 -4.409628163557499647e-04 -1.025616540573537350e-03 4.729189909994602203e-03
6.928744912147521973e-01 6.372426170855760574e-03 8.841246366500854492e-03 7.844082429073750973e-04 -1.852357410825788975e-03 4.474737681448459625e-03
6.759729981422424316e-01 5.919343326240777969e-03 1.691354997456073761e-02 5.485106958076357841e-04 -3.716785431606695056e-05 4.157052375376224518e-03
6.792120337486267090e-01 3.130977740511298180e-03 4.944450221955776215e-03 -3.496093850117176771e-04 -1.454216311685740948e-03 3.755466779693961143e-03
6.626939177513122559e-01 1.753790274960920215e-05 1.248548552393913269e-02 -4.613451601471751928e-04 -3.357142850290983915e-04 2.418227028101682663e-03
6.439293622970581055e-01 -3.742327680811285973e-03 1.463696733117103577e-02 -6.698300712741911411e-04 -2.767409197986125946e-03 1.718256738968193531e-03
6.225409507751464844e-01 -3.032650565728545189e-03 1.398359611630439758e-02 -6.529928650707006454e-04 -1.047157216817140579e-03 6.883199093863368034e-04
6.299636363983154297e-01 -6.580394227057695389e-03 1.023158984025940299e-04 -2.199427544837817550e-04 1.863004727056249976e-04 -4.257959371898323298e-04
6.327819228172302246e-01 -9.312503971159458160e-03 -5.136536783538758755e-04 5.073141655884683132e-04 2.565147820860147476e-03 -9.936377173289656639e-04
6.242777109146118164e-01 -1.403814367949962616e-02 -3.586850361898541451e-03 4.767449572682380676e-04 4.189087077975273132e-03 -1.947427284903824329e-03
6.174558401107788086e-01 -1.870926842093467712e-02 1.932084909640252590e-03 -4.833906132262200117e-05 3.277380252256989479e-03 -2.729972125962376595e-03
6.166906356811523438e-01 -1.858725585043430328e-02 5.762461107224225998e-03 1.411050106980837882e-06 -5.205160123296082020e-04 -3.145043039694428444e-03
6.014041900634765625e-01 -1.882436685264110565e-02 1.434141304343938828e-02 -1.891025603981688619e-04 -2.424799837172031403e-03 -3.304178360849618912e-03
6.010981798171997070e-01 -1.773448474705219269e-02 9.564890526235103607e-03 4.249769335729070008e-05 -3.779847407713532448e-03 -3.719718428328633308e-03
5.981276631355285645e-01 -2.160441130399703979e-02 5.701018031686544418e-03 1.918825902976095676e-03 -2.282076282426714897e-03 -3.607809776440262794e-03
6.060771942138671875e-01 -2.250991575419902802e-02 -5.114856176078319550e-03 2.907300135120749474e-03 -9.052502573467791080e-04 -3.135117469355463982e-03
6.028833389282226562e-01 -2.240556851029396057e-02 5.365366232581436634e-04 6.233028136193752289e-03 2.821495058014988899e-03 -3.416310064494609833e-03
6.073735952377319336e-01 -2.512657828629016876e-02 -2.301900240126997232e-04 3.908723592758178711e-03 1.756172277964651585e-03 -3.619426395744085312e-03
6.023327708244323730e-01 -2.441686391830444336e-02 1.626107026822865009e-03 4.380481317639350891e-03 1.077449182048439980e-03 -4.135960713028907776e-03
6.094149351119995117e-01 -2.068555541336536407e-02 7.106835953891277313e-03 3.163909306749701500e-03 4.229088081046938896e-04 -3.053884487599134445e-03
6.048325896263122559e-01 -2.131046354770660400e-02 3.780734725296497345e-03 1.163711422123014927e-03 -1.585343852639198303e-03 -2.633122727274894714e-03
6.026048660278320312e-01 -1.781124062836170197e-02 1.140612643212080002e-02 -4.777142894454300404e-04 -2.694272901862859726e-03 -2.776463748887181282e-03
5.901941061019897461e-01 -2.501932159066200256e-02 8.644646033644676208e-03 1.406260766088962555e-03 -3.664669580757617950e-03 -4.125008359551429749e-03
5.930796265602111816e-01 -1.956526376307010651e-02 2.518956549465656281e-02 -5.714237922802567482e-04 -2.607293426990509033e-03 -4.191667307168245316e-03
5.898583531379699707e-01 -2.116767130792140961e-02 8.637042716145515442e-03 -4.618895240128040314e-03 -5.487163085490465164e-03 -4.031918942928314209e-03
5.945881009101867676e-01 -1.874956116080284119e-02 -3.460655920207500458e-03 1.545617851661518216e-04 8.685629582032561302e-04 -4.332881420850753784e-03
5.903821587562561035e-01 -1.989070512354373932e-02 -1.489154342561960220e-02 -3.304117824882268906e-03 4.730539396405220032e-03 -3.148586256429553032e-03
5.829325318336486816e-01 -2.262345515191555023e-02 -1.736803539097309113e-02 5.713201244361698627e-04 5.745555274188518524e-03 -4.011089447885751724e-03
5.780761241912841797e-01 -2.248860150575637817e-02 1.838907483033835888e-03 -2.406644634902477264e-03 8.127516135573387146e-03 -4.665940999984741211e-03
5.764271020889282227e-01 -2.939136326313018799e-02 -2.249903511255979538e-03 -2.281978726387023926e-03 8.154672104865312576e-04 -5.829351022839546204e-03
5.737994909286499023e-01 -2.509862370789051056e-02 1.128742936998605728e-02 -4.749524232465773821e-04 -1.461098436266183853e-03 -5.502185318619012833e-03
5.755843520164489746e-01 -2.649355866014957428e-02 -1.983976922929286957e-03 -4.375417483970522881e-04 -2.066644374281167984e-03 -5.468179471790790558e-03
5.745020508766174316e-01 -2.769726887345314026e-02 5.051049869507551193e-03 -6.111800757935270667e-05 -8.762390934862196445e-04 -5.326850339770317078e-03
5.685175657272338867e-01 -2.692897804081439972e-02 -1.120041706599295139e-03 -2.789885737001895905e-03 1.989005599170923233e-03 -5.051302723586559296e-03
5.798063278198242188e-01 -2.452598512172698975e-02 -1.926644518971443176e-02 -2.652109367772936821e-03 7.463088724762201309e-03 -6.935544312000274658e-03
5.846962928771972656e-01 -3.636353090405464172e-02 -2.937464229762554169e-02 -3.528967499732971191e-03 1.145987119525671005e-02 -6.974370218813419342e-03
5.841960906982421875e-01 -4.203459620475769043e-02 -3.608883917331695557e-02 -4.155191709287464619e-04 1.198305096477270126e-02 -6.308456417173147202e-03
5.821165442466735840e-01 -1.933232322335243225e-02 -2.137154340744018555e-02 1.340384595096111298e-03 1.322469767183065414e-02 -7.510107010602951050e-03
5.821976065635681152e-01 -3.328435495495796204e-02 -6.477726856246590614e-04 -1.701725646853446960e-03 8.647016249597072601e-03 -7.925777696073055267e-03
5.703838467597961426e-01 -3.209731727838516235e-02 2.085995487868785858e-02 -3.210104769095778465e-03 1.536801428301259875e-04 -8.005548268556594849e-03
5.711101293563842773e-01 -4.560061916708946228e-02 2.182265929877758026e-02 -4.156098701059818268e-03 -8.119961246848106384e-03 -8.099914528429508209e-03
5.705493688583374023e-01 -3.448026999831199646e-02 2.051227353513240814e-02 -1.507778419181704521e-03 -8.032760582864284515e-03 -8.849721401929855347e-03
5.694383382797241211e-01 -3.201152011752128601e-02 1.202781219035387039e-03 -1.298425835557281971e-03 -5.174120888113975525e-03 -9.603481739759445190e-03
5.707649588584899902e-01 -3.806190565228462219e-02 -6.897809915244579315e-03 1.406554598361253738e-03 1.231172005645930767e-03 -9.302720427513122559e-03
5.728819966316223145e-01 -3.883561119437217712e-02 4.065899702254682779e-04 9.012208465719595551e-05 5.122606176882982254e-03 -8.088426664471626282e-03
5.651180148124694824e-01 -3.908209502696990967e-02 -4.592055454850196838e-03 2.318839542567729950e-04 2.426573075354099274e-03 -7.005411665886640549e-03
5.586782693862915039e-01 -2.041908353567123413e-02 9.056610055267810822e-03 1.184403896331787109e-03 1.981710083782672882e-03 -6.212070584297180176e-03
5.640994310379028320e-01 -2.483763918280601501e-02 4.108259920030832291e-03 -7.891881978139281273e-04 2.357485936954617500e-03 -4.786510020494461060e-03
5.594154596328735352e-01 -1.972741261124610901e-02 -1.447594258934259415e-03 -1.369367120787501335e-03 1.829795422963798046e-03 -3.723573638126254082e-03
5.609844326972961426e-01 -1.634601503610610962e-02 -4.408625885844230652e-03 -1.423027832061052322e-03 1.702113193459808826e-03 -2.089503221213817596e-03
5.585399270057678223e-01 -1.511566992849111557e-02 1.350851845927536488e-03 -7.323372119572013617e-05 2.746232086792588234e-03 -8.987845503725111485e-04
5.581952929496765137e-01 -1.040904689580202103e-02 -7.205939036794006824e-04 3.384358016774058342e-03 -1.132146222516894341e-03 7.846828084439039230e-04
5.598858594894409180e-01 -6.942567881196737289e-03 2.174983918666839600e-02 2.713136607781052589e-03 4.499874776229262352e-04 2.164916135370731354e-03
5.637556314468383789e-01 7.321571931242942810e-03 8.011810481548309326e-03 1.651436905376613140e-03 -3.575214417651295662e-03 4.733131267130374908e-03
5.572831630706787109e-01 1.379494834691286087e-02 1.123326737433671951e-02 -5.156566621735692024e-04 -2.019882900640368462e-03 6.619049236178398132e-03
5.620706081390380859e-01 2.179100364446640015e-02 -5.815498996526002884e-03 3.995785664301365614e-04 9.444338502362370491e-04 8.195308037102222443e-03
5.577326416969299316e-01 2.306320518255233765e-02 -1.479475758969783783e-02 3.141691908240318298e-03 3.294691676273941994e-03 9.864632040262222290e-03
5.419864654541015625e-01 2.526256069540977478e-02 2.414925256744027138e-03 1.818662509322166443e-03 4.785949829965829849e-03 1.073016319423913956e-02
5.480517148971557617e-01 2.881802618503570557e-02 3.481660503894090652e-03 2.745521953329443932e-03 2.313482807949185371e-03 1.091316528618335724e-02
5.421544909477233887e-01 3.270548954606056213e-02 1.538251806050539017e-02 -1.659844769164919853e-03 2.424591220915317535e-03 1.298202108591794968e-02
5.546814799308776855e-01 4.888886958360671997e-02 6.359926890581846237e-03 -1.391207450069487095e-03 -1.619355869479477406e-03 1.331987045705318451e-02
5.552305579185485840e-01 5.170854553580284119e-02 1.306845713406801224e-02 -2.474836772307753563e-03 -9.592260466888546944e-04 1.396274846047163010e-02
5.715515017509460449e-01 6.374356895685195923e-02 -6.203835830092430115e-03 -2.093116752803325653e-03 1.059684000210836530e-04 1.460662949830293655e-02
5.634571313858032227e-01 6.188965216279029846e-02 -4.529872909188270569e-03 -6.954788696020841599e-04 4.664178006350994110e-03 1.513369102030992508e-02
5.701045989990234375e-01 6.628102809190750122e-02 -1.240065880119800568e-02 -1.135375117883086205e-03 7.124293595552444458e-03 1.558083016425371170e-02
5.336469411849975586e-01 5.728566646575927734e-02 -1.260957960039377213e-02 -5.488228634931147099e-04 8.211853913962841034e-03 1.575643941760063171e-02
5.383284091949462891e-01 5.165714770555496216e-02 -4.932463634759187698e-03 -8.314014412462711334e-04 4.248369950801134109e-03 1.498885359615087509e-02
5.419905185699462891e-01 4.667762666940689087e-02 2.241129428148269653e-02 1.079230918549001217e-03 -3.279808210209012032e-03 1.479715295135974884e-02
5.391563177108764648e-01 5.139896646142005920e-02 3.822381049394607544e-02 -2.604805165901780128e-03 -1.039645355194807053e-02 1.469418592751026154e-02
5.591678023338317871e-01 6.397083401679992676e-02 2.702886052429676056e-02 -2.634679432958364487e-03 -9.337868541479110718e-03 1.459734700620174408e-02
5.465191006660461426e-01 6.316998600959777832e-02 8.538886904716491699e-04 1.856605958892032504e-04 -6.772860884666442871e-03 1.504730246961116791e-02
5.469552278518676758e-01 5.908147990703582764e-02 -1.009934861212968826e-02 2.123177837347611785e-04 -1.542510144645348191e-04 1.561735104769468307e-02
5.343859791755676270e-01 5.067107826471328735e-02 -1.844268292188644409e-02 4.162304103374481201e-03 5.286290310323238373e-03 1.434804499149322510e-02
5.516874790191650391e-01 4.757155105471611023e-02 3.164787776768207550e-03 1.135127618908882141e-03 7.889821194112300873e-03 1.484476402401924133e-02
5.643081665039062500e-01 4.533820599317550659e-02 1.936959475278854370e-02 -1.823160564526915550e-03 -1.162915257737040520e-03 1.502070575952529907e-02
5.580465197563171387e-01 5.528899654746055603e-02 2.495471760630607605e-02 -8.799367351457476616e-04 -7.283998653292655945e-03 1.367944944649934769e-02
5.474411249160766602e-01 4.686424881219863892e-02 2.035289444029331207e-02 -1.805603969842195511e-03 -7.866512052714824677e-03 1.428188476711511612e-02
5.709356069564819336e-01 4.760377854108810425e-02 -1.874109031632542610e-03 7.286067120730876923e-04 -3.930551465600728989e-03 1.429664436727762222e-02
5.779749155044555664e-01 4.296519234776496887e-02 -1.912731677293777466e-02 -2.954350493382662535e-04 5.803389940410852432e-03 1.353127416223287582e-02
5.695365071296691895e-01 3.889009356498718262e-02 -1.008039433509111404e-02 -2.087561646476387978e-03 7.461689878255128860e-03 1.283200643956661224e-02
5.820716023445129395e-01 3.310181200504302979e-02 8.658492879476398230e-05 -1.343824667856097221e-03 4.624791443347930908e-03 1.132494863122701645e-02
5.768138766288757324e-01 3.204460814595222473e-02 1.534061413258314133e-02 -1.509413705207407475e-03 -7.244403823278844357e-04 9.955467656254768372e-03
5.790352821350097656e-01 2.166960202157497406e-02 1.526678446680307388e-02 -4.870265256613492966e-04 -5.896733142435550690e-03 9.586977772414684296e-03
5.758357048034667969e-01 2.251666598021984100e-02 2.572014369070529938e-02 -1.722571556456387043e-03 -7.492564618587493896e-03 7.903520949184894562e-03
5.772492885589599609e-01 1.913974806666374207e-02 -3.176854923367500305e-03 5.353931919671595097e-04 -5.043345503509044647e-03 7.759637199342250824e-03
5.730300545692443848e-01 1.427367050200700760e-02 1.363243721425533295e-02 1.602703821845352650e-03 2.719836076721549034e-03 6.392835173755884171e-03
5.823345780372619629e-01 1.456187758594751358e-02 -5.617256741970777512e-03 -8.615878177806735039e-04 6.007957854308187962e-04 6.759501993656158447e-03
5.845685601234436035e-01 1.062295213341712952e-02 -1.072661019861698151e-02 2.953147981315851212e-03 4.092979244887828827e-03 5.123562179505825043e-03
5.812159180641174316e-01 8.567718788981437683e-03 -8.339941501617431641e-03 1.166014582850039005e-03 6.950801704078912735e-03 4.509291611611843109e-03
5.779170989990234375e-01 9.667753241956233978e-03 -5.419240798801183701e-03 1.541318953968584538e-03 6.265041418373584747e-03 5.568616092205047607e-03
5.749776959419250488e-01 6.166717037558555603e-03 3.548703622072935104e-03 1.271334243938326836e-03 5.273348186165094376e-03 4.241637885570526123e-03
5.736139416694641113e-01 8.226374164223670959e-03 -2.289531985297799110e-03 -6.633592420257627964e-04 1.437596511095762253e-03 3.996889572590589523e-03
5.688866376876831055e-01 1.038597151637077332e-02 2.542951889336109161e-02 7.522758678533136845e-04 -2.868909388780593872e-03 4.578677937388420105e-03
5.690049529075622559e-01 6.250498816370964050e-03 1.239513978362083435e-02 8.813982130959630013e-04 -6.512511521577835083e-03 3.792983712628483772e-03
5.669139027595520020e-01 3.970847465097904205e-03 1.022828090935945511e-02 3.789226058870553970e-03 -3.750003641471266747e-03 2.452195156365633011e-03
5.634490251541137695e-01 3.377895103767514229e-03 6.399245467036962509e-03 1.560360891744494438e-03 -7.954330067150294781e-04 1.910885446704924107e-03
5.684014558792114258e-01 4.370331764221191406e-03 -3.368368372321128845e-03 2.185454592108726501e-03 1.213177922181785107e-03 1.212070696055889130e-03
5.542269349098205566e-01 2.882209140807390213e-03 4.677308257669210434e-03 -1.070249592885375023e-03 4.607688635587692261e-03 8.524760487489402294e-04
5.607410669326782227e-01 1.021919120103120804e-02 -1.413895399309694767e-03 -3.421313886065036058e-04 3.480087034404277802e-03 -3.935434797313064337e-04
5.535275936126708984e-01 9.762168861925601959e-03 5.089771933853626251e-03 2.137956471415236592e-04 2.599595114588737488e-03 -2.455767826177179813e-04
5.531246066093444824e-01 1.476824190467596054e-02 9.782344568520784378e-04 4.766723432112485170e-04 -1.798485609469935298e-04 1.143477857112884521e-03
5.524127483367919922e-01 8.495252579450607300e-03 1.010902598500251770e-02 1.047262456268072128e-03 -5.669066449627280235e-04 1.064345007762312889e-03
5.489779710769653320e-01 1.078144460916519165e-02 5.293887574225664139e-03 2.258501946926116943e-03 -9.527849615551531315e-04 -7.649855688214302063e-04
5.657806396484375000e-01 1.013347879052162170e-03 8.507427759468555450e-03 -5.968048353679478168e-04 2.197039546445012093e-03 1.413821126334369183e-03
5.614466667175292969e-01 2.126475563272833824e-03 -5.024148616939783096e-03 -1.456026569940149784e-03 1.262543839402496815e-03 9.970342216547578573e-05
5.558908581733703613e-01 -2.670631802175194025e-04 4.096004646271467209e-03 2.188558457419276237e-03 2.870662603527307510e-03 4.856264058616943657e-05
5.788196921348571777e-01 1.197121106088161469e-03 8.458878844976425171e-03 -9.669459541328251362e-04 -1.669611665420234203e-03 5.478985258378088474e-04
5.774186253547668457e-01 -8.026699535548686981e-03 2.720710821449756622e-02 1.578385010361671448e-03 -6.178942974656820297e-03 2.029153518378734589e-03
5.697880983352661133e-01 -1.090696640312671661e-02 2.196856960654258728e-02 3.302233817521482706e-04 -6.499792914837598801e-03 8.928383467718958855e-04
5.833714008331298828e-01 -6.641626241616904736e-04 1.973664853721857071e-03 1.758259022608399391e-03 -2.840994857251644135e-03 -3.849552012979984283e-04
5.714739561080932617e-01 -7.229094393551349640e-03 -2.092112321406602859e-03 -3.561102494131773710e-05 9.540758910588920116e-04 4.010330012533813715e-04
5.636272430419921875e-01 -8.734739385545253754e-03 -5.130962003022432327e-03 9.278656798414885998e-04 5.264435429126024246e-03 3.067190991714596748e-04
5.682714581489562988e-01 -7.610344327986240387e-03 1.977279782295227051e-03 -3.743825480341911316e-03 1.719619729556143284e-03 -4.786573990713804960e-04
5.265432000160217285e-01 -1.252927351742982864e-02 1.129657030105590820e-02 -6.199870258569717407e-04 -5.785683752037584782e-04 -1.277114497497677803e-03
5.642910599708557129e-01 -3.540111472830176353e-03 2.136320993304252625e-02 3.329684725031256676e-03 -5.804688669741153717e-03 -5.283604259602725506e-04
5.678324103355407715e-01 -6.785504519939422607e-03 1.672873646020889282e-02 -1.207995577715337276e-03 -2.352877520024776459e-03 -9.710861195344477892e-05
5.682825446128845215e-01 1.499354111729189754e-04 -1.191550283692777157e-03 -2.998853160534054041e-04 -1.525834319181740284e-03 -4.601199761964380741e-04
5.693621039390563965e-01 -1.387541298754513264e-03 6.812530104070901871e-03 -1.323138945735991001e-03 8.673094562254846096e-04 -4.161368997301906347e-04
5.736411213874816895e-01 -3.216864133719354868e-04 5.401386413723230362e-03 -6.731050671078264713e-04 -2.859684638679027557e-03 2.219233138021081686e-04
5.664202570915222168e-01 -7.741774898022413254e-04 -1.742979977279901505e-03 5.368925631046295166e-03 2.551473677158355713e-03 -1.860283373389393091e-04
5.653207302093505859e-01 -2.449132502079010010e-03 -1.498317345976829529e-03 -9.290536399930715561e-05 7.742369547486305237e-03 5.882973782718181610e-04
5.590745210647583008e-01 1.802450278773903847e-03 -9.158012457191944122e-03 2.835963277902919799e-05 5.631948355585336685e-03 -9.056723793037235737e-04
5.537979602813720703e-01 3.964948933571577072e-03 6.370043847709894180e-03 -8.843453251756727695e-04 3.946557175368070602e-03 -1.234034891240298748e-03
5.398529171943664551e-01 2.728297840803861618e-03 1.148511841893196106e-02 -1.958994660526514053e-03 3.892321255989372730e-04 -7.081250078044831753e-04
5.443342924118041992e-01 2.438339870423078537e-03 1.997196301817893982e-02 2.092548878863453865e-03 -5.503928288817405701e-03 -3.909649094566702843e-04
5.304997563362121582e-01 -2.298691542819142342e-03 2.142378501594066620e-02 8.891688194125890732e-04 -5.697737447917461395e-03 -8.736387244425714016e-04
5.337816476821899414e-01 -5.522766616195440292e-03 2.202787669375538826e-03 -1.206558314152061939e-03 -2.559642773121595383e-03 -3.123486822005361319e-04
4.958092570304870605e-01 -3.653412684798240662e-03 8.929636329412460327e-03 1.917210407555103302e-03 -6.842782022431492805e-04 -1.670194033067673445e-04
4.992415308952331543e-01 -8.958732709288597107e-03 6.253773812204599380e-03 -3.014066896867007017e-04 1.648574834689497948e-03 1.409240358043462038e-04
4.866311252117156982e-01 -3.865499747917056084e-03 1.056750491261482239e-02 -1.762449741363525391e-03 1.564236590638756752e-03 -2.536684041842818260e-04
5.054707527160644531e-01 -6.215268746018409729e-03 2.861032495275139809e-03 1.351269776932895184e-03 -1.018904033116996288e-03 -6.974575226195156574e-04
4.782758653163909912e-01 -9.723393246531486511e-03 1.677152328193187714e-02 1.167144160717725754e-03 -1.358250854536890984e-03 -9.736616630107164383e-04
4.880626797676086426e-01 -5.478446837514638901e-03 7.886164239607751369e-04 2.889726602006703615e-04 -6.240170332603156567e-04 -1.668488024733960629e-03
4.813582897186279297e-01 -7.530015893280506134e-03 2.958880271762609482e-03 2.565606730058789253e-03 2.089068759232759476e-03 -1.575778005644679070e-03
4.783462285995483398e-01 -4.711847752332687378e-03 5.299154669046401978e-03 -4.182002739980816841e-04 2.848044736310839653e-03 -1.203917083330452442e-03
4.787193834781646729e-01 -6.431221263483166695e-04 1.330888189841061831e-04 1.297962036915123463e-03 -3.046244091819971800e-04 -1.465729554183781147e-03
4.568780660629272461e-01 -7.530231960117816925e-03 1.820408552885055542e-02 1.613839645870029926e-03 2.294271544087678194e-04 -8.181690354831516743e-04
4.520036876201629639e-01 -4.977076780050992966e-03 3.349091624841094017e-03 -2.251410391181707382e-03 5.481467815116047859e-04 -6.207127007655799389e-04
4.422333240509033203e-01 -3.032803768292069435e-03 7.088341750204563141e-03 1.801671576686203480e-03 -3.830098430626094341e-04 -8.744408260099589825e-04
4.386294186115264893e-01 -6.825944874435663223e-03 1.192570663988590240e-02 -8.264460484497249126e-04 -1.519580953754484653e-03 -8.114660158753395081e-04
4.283907711505889893e-01 -3.940287977457046509e-03 1.214733626693487167e-02 -1.943055889569222927e-03 -6.029109470546245575e-03 -1.012044027447700500e-03
4.088181853294372559e-01 -6.104639731347560883e-03 1.970603130757808685e-02 5.073624663054943085e-03 -4.434301517903804779e-03 -7.897348841652274132e-04
4.052188396453857422e-01 -1.063315663486719131e-02 1.089653559029102325e-02 2.621779916808009148e-03 -1.412301440723240376e-03 -5.399638321250677109e-04
4.109119176864624023e-01 -5.960748530924320221e-03 -5.415498279035091400e-03 4.588668234646320343e-03 6.903848261572420597e-04 -2.740002819336950779e-04
4.043760001659393311e-01 -1.024393085390329361e-02 1.292234379798173904e-02 5.601649754680693150e-04 3.768900409340858459e-03 -4.902355722151696682e-04
3.976290524005889893e-01 -1.377093489281833172e-03 -2.690694527700543404e-03 -3.420407883822917938e-03 -6.897272542119026184e-04 -1.714335987344384193e-03
4.004397988319396973e-01 2.159902593120932579e-03 4.304754082113504410e-03 -2.952550305053591728e-03 1.824463484808802605e-03 -1.846597529947757721e-03
3.824334442615509033e-01 8.366521447896957397e-03 -8.222340606153011322e-03 -4.678301338572055101e-04 2.028342103585600853e-03 -5.534669617190957069e-04
3.814331591129302979e-01 -2.283703070133924484e-03 1.003088429570198059e-02 2.352271694689989090e-03 2.567604649811983109e-03 1.733103883452713490e-03
3.755101859569549561e-01 3.966105170547962189e-03 8.675364661030471325e-04 1.201568404212594032e-03 -3.699278691783547401e-03 2.773710293695330620e-03
3.835635483264923096e-01 6.034410558640956879e-03 1.803533174097537994e-02 6.654575932770967484e-03 -2.428055973723530769e-03 3.179284511134028435e-03
3.853408694267272949e-01 1.016786135733127594e-02 1.235249359160661697e-02 -1.210065325722098351e-03 1.640616566874086857e-03 4.252930171787738800e-03
4.050943255424499512e-01 2.447038516402244568e-02 -8.397404104471206665e-03 -8.408733992837369442e-05 -1.091264304704964161e-03 6.597226485610008240e-03
3.777620494365692139e-01 2.924680337309837341e-02 1.511568389832973480e-02 -1.337492489255964756e-03 -1.762900152243673801e-03 8.437100797891616821e-03
3.924598097801208496e-01 3.832383453845977783e-02 -2.811531303450465202e-03 -3.971433397964574397e-05 -3.064292948693037033e-03 1.065645366907119751e-02
3.928582966327667236e-01 3.755601495504379272e-02 1.171263959258794785e-02 8.008926175534725189e-03 -1.154475612565875053e-03 1.125631853938102722e-02
3.789511322975158691e-01 4.280502721667289734e-02 1.265133824199438095e-02 1.449503353796899319e-03 2.558951266109943390e-03 1.458125282078981400e-02
3.775193691253662109e-01 5.126850679516792297e-02 1.721414364874362946e-02 -3.221497405320405960e-03 -3.867872525006532669e-03 1.572842895984649658e-02
3.860710561275482178e-01 6.449718028306961060e-02 2.670972608029842377e-02 -1.740035135298967361e-03 -8.204014040529727936e-03 1.847336255013942719e-02
3.725666403770446777e-01 7.527859508991241455e-02 2.328829839825630188e-02 -9.989206591853871942e-05 -6.941230036318302155e-03 2.026167884469032288e-02
3.681124448776245117e-01 6.875886768102645874e-02 7.437821011990308762e-03 -1.045949640683829784e-03 -2.144448924809694290e-03 2.090061083436012268e-02
3.790721893310546875e-01 7.475771009922027588e-02 -1.027442514896392822e-02 5.346202524378895760e-04 8.382430678466334939e-05 2.240769937634468079e-02
3.750298023223876953e-01 7.799398154020309448e-02 -5.851033492945134640e-04 -2.513750223442912102e-04 1.803741091862320900e-03 2.390644699335098267e-02
3.661108016967773438e-01 7.715158909559249878e-02 1.165640726685523987e-02 -3.966308198869228363e-03 -2.606733003631234169e-03 2.387223020195960999e-02
3.743267059326171875e-01 8.514566719532012939e-02 3.978991881012916565e-03 1.212323259096592665e-04 -1.203011372126638889e-03 2.180346287786960602e-02
3.740173876285552979e-01 8.502427488565444946e-02 7.459202315658330917e-03 -4.269334312994033098e-04 3.356380155310034752e-03 2.381056919693946838e-02
3.656827211380004883e-01 8.873567730188369751e-02 -8.571335114538669586e-03 -2.222740731667727232e-04 2.606773748993873596e-03 2.570246905088424683e-02
3.593106865882873535e-01 7.452131062746047974e-02 -1.083351788111031055e-03 1.624599564820528030e-03 1.883105491288006306e-03 2.512942627072334290e-02
3.669734597206115723e-01 8.236151933670043945e-02 6.686843000352382660e-03 -2.058440149994567037e-04 -1.325295306742191315e-03 2.450300566852092743e-02
3.616571128368377686e-01 8.793640136718750000e-02 5.186220165342092514e-03 -1.410883269272744656e-03 -1.040547271259129047e-03 2.419704943895339966e-02
3.650311231613159180e-01 9.122431278228759766e-02 2.764650387689471245e-03 -1.653848448768258095e-03 1.096869818866252899e-03 2.477513067424297333e-02
3.630978465080261230e-01 9.161128848791122437e-02 3.705517388880252838e-03 -1.764824381098151207e-03 2.039531711488962173e-03 2.579941414296627045e-02
3.673384785652160645e-01 8.799374848604202271e-02 -1.581659074872732162e-03 -5.457663792185485363e-04 1.099887769669294357e-03 2.519595064222812653e-02
3.675678670406341553e-01 8.671865612268447876e-02 9.656265377998352051e-03 -5.202250904403626919e-04 -4.488245467655360699e-04 2.447610720992088318e-02
3.648869693279266357e-01 8.574834465980529785e-02 1.161616668105125427e-02 -2.411789260804653168e-03 -2.720888238400220871e-03 2.537310309708118439e-02
3.688145279884338379e-01 8.925078064203262329e-02 4.056180361658334732e-03 -6.239147624000906944e-04 -2.292936667799949646e-03 2.555659599602222443e-02
3.690021634101867676e-01 8.971992880105972290e-02 8.618282154202461243e-03 -6.481166929006576538e-04 -2.778150665108114481e-04 2.564775384962558746e-02
3.718330860137939453e-01 9.034068882465362549e-02 -1.776425982825458050e-03 -5.144213209860026836e-04 -1.712906640022993088e-03 2.621672302484512329e-02
3.695873916149139404e-01 8.816134929656982422e-02 7.434472441673278809e-03 2.505173673853278160e-03 -2.111031935783103108e-04 2.564280480146408081e-02
3.696556389331817627e-01 8.816073834896087646e-02 4.999233875423669815e-03 6.444733589887619019e-04 -4.611589247360825539e-04 2.600106969475746155e-02
3.697829842567443848e-01 9.152492880821228027e-02 3.576322458684444427e-03 -1.981731737032532692e-03 1.574587804498150945e-05 2.564349770545959473e-02
3.631367385387420654e-01 9.509282559156417847e-02 3.801077371463179588e-03 -2.136009512469172478e-03 2.199817972723394632e-04 2.523044496774673462e-02
3.757110834121704102e-01 9.047309309244155884e-02 4.396519623696804047e-03 -4.653741605579853058e-03 1.054275897331535816e-03 2.601138874888420105e-02
3.813176751136779785e-01 9.303463995456695557e-02 1.372330356389284134e-03 -3.739206120371818542e-03 -1.503648352809250355e-03 2.617847919464111328e-02
3.784894645214080811e-01 9.446823596954345703e-02 1.206103246659040451e-03 -1.703103771433234215e-04 -1.497706165537238121e-03 2.626248449087142944e-02
3.830558061599731445e-01 8.818575739860534668e-02 -2.651463728398084641e-03 2.131547371391206980e-04 9.479220025241374969e-04 2.630221843719482422e-02
3.897729516029357910e-01 9.062566608190536499e-02 -4.074657335877418518e-03 5.425973329693078995e-03 -6.898749852553009987e-04 2.629398740828037262e-02
3.890008330345153809e-01 8.177030086517333984e-02 9.275653399527072906e-03 3.736128564924001694e-03 4.451095301192253828e-04 2.649212069809436798e-02
3.970828354358673096e-01 8.617854118347167969e-02 1.006025355309247971e-02 4.428896936587989330e-04 6.173865986056625843e-04 2.612346783280372620e-02
4.015656113624572754e-01 1.006428897380828857e-01 4.808445926755666733e-03 -2.228877041488885880e-03 5.985063617117702961e-04 2.695423364639282227e-02
4.053902924060821533e-01 1.052262857556343079e-01 1.808778382837772369e-03 -2.458654111251235008e-03 4.451669228728860617e-04 2.838674373924732208e-02
4.088841974735260010e-01 1.084065511822700500e-01 3.428512951359152794e-03 -1.422511762939393520e-03 -1.155515550635755062e-03 2.955434285104274750e-02
4.024128019809722900e-01 9.532892704010009766e-02 7.796450983732938766e-03 -3.268997825216501951e-04 -3.263076767325401306e-03 2.898740768432617188e-02
4.170190393924713135e-01 1.032351404428482056e-01 7.171492557972669601e-03 2.196531044319272041e-03 -3.674995852634310722e-03 2.935711108148097992e-02
4.195976555347442627e-01 1.006134077906608582e-01 7.295033428817987442e-03 1.485841232351958752e-03 -3.557468298822641373e-04 2.945717424154281616e-02
4.244772493839263916e-01 9.916660189628601074e-02 7.671093335375189781e-04 -4.002871864940971136e-04 1.845397753641009331e-03 2.993562817573547363e-02
4.326449036598205566e-01 1.030622273683547974e-01 -1.789063564501702785e-03 2.401954989181831479e-04 6.732672918587923050e-04 3.016967140138149261e-02
4.336363375186920166e-01 1.000554710626602173e-01 6.557171232998371124e-03 -8.962030988186597824e-04 -1.004400110105052590e-04 3.061283379793167114e-02
4.434266686439514160e-01 1.046965718269348145e-01 2.639980986714363098e-03 -2.252823207527399063e-03 -1.485922723077237606e-03 3.054434992372989655e-02
4.472380280494689941e-01 1.033169478178024292e-01 2.985667902976274490e-03 5.433190381154417992e-04 -2.947351313196122646e-04 3.007735311985015869e-02
4.509727060794830322e-01 1.002495437860488892e-01 -1.417441817466169596e-04 -1.394952880218625069e-03 2.058770973235368729e-03 2.970575541257858276e-02
4.567239582538604736e-01 9.706189483404159546e-02 -1.364492345601320267e-03 7.437688764184713364e-04 1.216079574078321457e-03 2.874077670276165009e-02
4.629123210906982422e-01 8.859843015670776367e-02 6.203393917530775070e-03 -7.372649852186441422e-04 4.194676002953201532e-04 2.655338123440742493e-02
4.703776538372039795e-01 7.976657897233963013e-02 5.214746575802564621e-03 -1.629377598874270916e-03 -9.652097942307591438e-04 2.402563206851482391e-02
4.787917137145996094e-01 7.168114930391311646e-02 5.247400142252445221e-03 -1.709723961539566517e-03 1.237221731571480632e-04 2.162926644086837769e-02
4.879200756549835205e-01 6.800394505262374878e-02 -3.772368072532117367e-04 -2.714985981583595276e-03 1.233142334967851639e-03 1.857931353151798248e-02
4.933928251266479492e-01 5.592212453484535217e-02 -5.987278185784816742e-03 -1.747926464304327965e-03 1.489741262048482895e-03 1.612796820700168610e-02
5.004369616508483887e-01 4.410880059003829956e-02 -1.526027731597423553e-02 1.898071204777806997e-04 4.393892828375101089e-03 1.371446065604686737e-02
