# Camera list with one line of data per camera:
#   CAMERA_ID, MODEL, WIDTH, HEIGHT, PARAMS[]
# Number of cameras: 64
1 SIMPLE_RADIAL 4032 3024 2906.79 2016 1512 -0.000365497
2 SIMPLE_RADIAL 4032 3024 2921.07 2016 1512 0.00239302
3 SIMPLE_RADIAL 4032 3024 2894.6 2016 1512 -0.0163772
4 SIMPLE_RADIAL 4032 3024 3006.38 2016 1512 0.0178347
5 SIMPLE_RADIAL 4032 3024 2930.87 2016 1512 -0.00394323
6 SIMPLE_RADIAL 4032 3024 2995.45 2016 1512 0.0188863
7 SIMPLE_RADIAL 4032 3024 2924.88 2016 1512 -0.00501837
8 SIMPLE_RADIAL 4032 3024 3003.5 2016 1512 0.0126803
9 SIMPLE_RADIAL 4032 3024 2926.55 2016 1512 -0.0208474
10 SIMPLE_RADIAL 4032 3024 2876.01 2016 1512 -0.0387057
11 SIMPLE_RADIAL 4032 3024 2850.14 2016 1512 -0.0299877
12 SIMPLE_RADIAL 4032 3024 2826.63 2016 1512 -0.0154447
13 SIMPLE_RADIAL 4032 3024 2819.11 2016 1512 0.00767887
14 SIMPLE_RADIAL 4032 3024 2814.02 2016 1512 -0.00274667
15 SIMPLE_RADIAL 4032 3024 2710.91 2016 1512 -0.0107334
16 SIMPLE_RADIAL 4032 3024 2715.08 2016 1512 -0.00553012
17 SIMPLE_RADIAL 4032 3024 2703.59 2016 1512 0.00624928
18 SIMPLE_RADIAL 4032 3024 2649.72 2016 1512 -0.0156538
19 SIMPLE_RADIAL 4032 3024 2738.05 2016 1512 -0.0019303
20 SIMPLE_RADIAL 4032 3024 2744.31 2016 1512 0.00657511
21 SIMPLE_RADIAL 4032 3024 2739.61 2016 1512 0.0174507
22 SIMPLE_RADIAL 4032 3024 2736.68 2016 1512 0.0391593
23 SIMPLE_RADIAL 4032 3024 2727.62 2016 1512 0.0559243
24 SIMPLE_RADIAL 4032 3024 2703.48 2016 1512 0.0370371
25 SIMPLE_RADIAL 4032 3024 2704.76 2016 1512 0.0474536
26 SIMPLE_RADIAL 4032 3024 2736.03 2016 1512 0.0480953
27 SIMPLE_RADIAL 4032 3024 2736.75 2016 1512 0.0299577
28 SIMPLE_RADIAL 4032 3024 2738.42 2016 1512 0.061333
29 SIMPLE_RADIAL 4032 3024 2735.52 2016 1512 0.0648965
30 SIMPLE_RADIAL 4032 3024 2741.27 2016 1512 0.0761261
31 SIMPLE_RADIAL 4032 3024 2748.36 2016 1512 0.0611867
32 SIMPLE_RADIAL 4032 3024 2762.23 2016 1512 0.0599671
33 SIMPLE_RADIAL 4032 3024 2789.53 2016 1512 0.088441
34 SIMPLE_RADIAL 4032 3024 2756.98 2016 1512 0.0653224
35 SIMPLE_RADIAL 4032 3024 2730.91 2016 1512 -0.00684508
36 SIMPLE_RADIAL 4032 3024 2721.56 2016 1512 -0.00791531
37 SIMPLE_RADIAL 4032 3024 2712.18 2016 1512 0.0098481
38 SIMPLE_RADIAL 4032 3024 2747.31 2016 1512 -0.00336122
39 SIMPLE_RADIAL 4032 3024 2799.88 2016 1512 0.0248126
40 SIMPLE_RADIAL 4032 3024 2828.09 2016 1512 0.021959
41 SIMPLE_RADIAL 4032 3024 2850.33 2016 1512 -0.0121383
42 SIMPLE_RADIAL 4032 3024 2901.34 2016 1512 0.0161669
43 SIMPLE_RADIAL 4032 3024 2897.58 2016 1512 0.0249675
44 SIMPLE_RADIAL 4032 3024 2915.48 2016 1512 -0.00292821
45 SIMPLE_RADIAL 4032 3024 2985.43 2016 1512 0.0102399
46 SIMPLE_RADIAL 4032 3024 2979.99 2016 1512 0.0109836
47 SIMPLE_RADIAL 4032 3024 3001.93 2016 1512 0.0171946
48 SIMPLE_RADIAL 4032 3024 2942.52 2016 1512 -0.023866
49 SIMPLE_RADIAL 4032 3024 2949.01 2016 1512 -0.00920903
50 SIMPLE_RADIAL 4032 3024 2949.28 2016 1512 -0.00415018
51 SIMPLE_RADIAL 4032 3024 2954.04 2016 1512 -0.00976706
52 SIMPLE_RADIAL 4032 3024 2918.71 2016 1512 -0.00122897
53 SIMPLE_RADIAL 4032 3024 2927.28 2016 1512 0.032325
54 SIMPLE_RADIAL 4032 3024 2869.12 2016 1512 -0.00861653
55 SIMPLE_RADIAL 4032 3024 2907.72 2016 1512 0.0108704
56 SIMPLE_RADIAL 4032 3024 2874.34 2016 1512 -0.00613369
57 SIMPLE_RADIAL 4032 3024 2965.09 2016 1512 0.00695743
58 SIMPLE_RADIAL 4032 3024 2979.97 2016 1512 0.00389654
59 SIMPLE_RADIAL 4032 3024 3006.45 2016 1512 0.0101797
60 SIMPLE_RADIAL 4032 3024 3058.72 2016 1512 0.0172572
61 SIMPLE_RADIAL 4032 3024 3013.43 2016 1512 0.00331352
62 SIMPLE_RADIAL 4032 3024 2944.75 2016 1512 0.00261102
63 SIMPLE_RADIAL 4032 3024 2945.7 2016 1512 0.00037196
64 SIMPLE_RADIAL 4032 3024 2984.33 2016 1512 -0.00019095
