0.484918655086884	-0.00053477137459844	0.0287889511752985	-0.0495889104953067	-0.000727434408774076	0.000732425028810739
0.470237905715225	0.00404237022411036	-0.00159644882047831	-0.0500405553098704	-0.000386770850518061	0.00390197106333651
0.511536629131037	-0.00118640422690593	0.0125789734874566	-0.0488957358835201	-0.00735549022120465	-0.00222278023663093
0.500426454243045	-0.00076643468905795	-0.0281411878179854	-0.0494080021882782	-0.00302407774909813	0.000824910745914448
0.486346407432118	-6.79716213810965e-05	0.0616304064478782	-0.0500891842317743	-0.000105664973649775	0.000323604235127182
0.486095116481328	0.0040682983181464	0.0181749262512629	-0.050181609090031	0.00128675407399715	0.00326818066700854
0.492453655945719	0.00526751933516646	0.0270345971069096	-0.0500983133587686	-0.00095383523310297	0.00274073420087873
0.49897688807233	0.00253792963974108	0.029764240115428	-0.0495375743036056	-0.00476393189368981	0.000827368000313414
0.4894516692455	-0.000575037583241701	0.0575372241713141	-0.0499078995381707	0.00339486953060291	-0.00349640658251743
0.509809937271376	-0.00597922401294496	0.0515766060168728	-0.0494847726780747	0.00566513014181886	-0.00543667906755685
0.489532539293173	0.00198765106860628	0.00101742699131776	-0.049424863865534	0.000787702741821309	0.00137193125086543
0.475475759438428	0.00201384365069444	0.00732665211162208	-0.0501644431896892	-0.00222183709395945	0.0033257655542908
0.484849503913351	-0.00427880271306006	0.0229542165980686	-0.0500137874184457	0.000774474113499658	-0.0048003686367731
0.498647282145548	0.00139474782086012	0.00555370620557279	-0.0503099023309667	-0.0014830119554588	0.00137519642476238
0.476677782069115	0.0030646917111652	0.0302626303863737	-0.0507236205978526	0.000379332503796941	0.0028436731995353
0.494189719785073	-0.00594162265505503	0.0462304057122849	-0.0499949713435708	-0.00481809519158934	-0.00420327072408994
0.460733702173177	0.000862139689408816	0.0120590913368349	-0.0500927687664996	0.00182100418355299	0.00145038270058464
0.47798100182956	-0.00132116891277828	0.000810748557318004	-0.0495834454534196	-0.00607661684596154	-0.0031429571274248
0.465132516705018	0.00342411430176707	-0.00901349381092701	-0.050094152276151	-0.00298811776912445	0.00105414274407523
0.47925811288337	0.00789971839980235	-0.0434833975695212	-0.0500023848075977	-0.00261927552345177	0.00346518534678336
0.438327333379414	0.010381276035731	-0.031631317105933	-0.0504235304909864	0.000329145462986089	0.00367691977327427
0.468861708116255	0.00369341092575706	0.0203871256736815	-0.0498387295276195	-0.00096658528709691	0.000494269437030636
0.468791542027767	0.00407738247844499	0.00550687709934681	-0.049871115787042	0.00206502168799942	0.00271354945164306
0.462111494035445	0.000632898782354183	0.0168436810511775	-0.0505310287864487	-0.0029272942733341	-0.000795272561086142
0.480450929474011	0.000860688054793419	-0.0259223939746405	-0.0505028310361855	-0.00379251253924164	-0.00169488310947057
0.469963324665787	0.000163355452464128	0.0358047312487721	-0.0500043305535862	-0.00215214792176277	-0.0023881329026008
0.487826724234198	0.00208589555432824	-0.0194126665928852	-0.0495982028834412	-0.00720792232784924	-0.00278411234341144
0.488000182334875	-0.000674336227760686	0.00400686405957293	-0.0496829204108354	-0.000885606410022352	-0.00365877089666918
0.501566752315568	-0.00373541441429637	0.0316247156428334	-0.0498592340556775	-0.00241550843975232	-0.00394781948811617
0.49473583724079	-0.00110667581554792	-0.0280217670581291	-0.0501423238429687	0.002671065442562	-0.00245038148397234
0.455314206885965	-0.00114915365422681	-0.0836491740955443	-0.049745602396167	-0.00318661579909616	0.000856273086959852
0.462702599324017	0.00617417726828858	-0.00477194743572192	-0.0506703710913339	-0.00309951228723541	0.00209603587506116
0.504093241946058	0.003768313258344	-0.0225807448893547	-0.0503582546151096	-0.000501010278759584	0.00453142153391344
0.470537525032708	0.00499227801152661	-0.0368447136559401	-0.0504356528810611	-0.00351403514729663	0.00362381168150498
0.426130323815758	0.00208250985964472	0.0281320763670124	-0.0497177635554486	-0.0038582422570603	-0.0018381633190731
0.482377460897393	0.0018536567911801	0.0671813905185679	-0.0500502713310927	0.00431436133074058	0.00153429550924098
0.447306903826007	0.004553764158065	-0.0325714573365767	-0.0499782771857688	0.00388437505226469	0.00259476938456093
0.452205708371002	0.00147522637393651	-0.0365496152164993	-0.0500082333951504	0.000924795031634477	0.0013644869902205
0.328182132810185	-0.000402988546230242	-0.0136796274651518	-0.0496087446797684	-0.00240289236849046	0.000469486188255904
0.45875065553847	0.00440854497774055	-0.0092170576937554	-0.0501151898879556	-0.00249779734296313	-0.000550284940269933
0.456511906212259	0.00335456422680701	-0.0278399169250842	-0.0507496376028544	-0.000173312320624006	0.00236672283511093
0.477148840670129	0.00468536498243961	0.00802202382696711	-0.0503072359457533	-0.00401342485539113	0.00378922961996642
0.499963407250328	-9.17736059859276e-05	0.0202352902823391	-0.0494729729827108	0.00362149025016288	-0.00101368579660908
0.46769456549338	-0.00241619351759309	0.0363030272534869	-0.0503660756802023	0.00386095683749166	-0.00534140703494997
0.475848849558804	0.00292879090282005	0.0103604397221674	-0.0504859318938431	-0.00037630459930906	0.000264142353200255
0.482272584574349	0.0031303389375637	0.0471520849888266	-0.0503240778047309	-0.00656990560004416	-0.000612870121436916
0.48995640185332	0.000650241082541561	0.012658091361814	-0.0500519588902427	-0.00284187845216519	0.000806129231251296
0.491412163224051	-0.00126184082099702	0.0242951406316032	-0.0498630602412423	-0.00409534457154371	-0.00384961821394373
0.492683683655606	-0.000851026788797241	0.000950738414515829	-0.0494855195864275	-0.00375860482525022	-0.000485333723197934
0.508803625766585	0.0038954445097805	-0.018217449523401	-0.0492438882983086	-0.00240513166658108	0.00290648432286234
0.4882253724514	-0.00456129173903199	0.00519008402471469	-0.049734743073951	-0.00103500941813276	-0.00233618806696422
0.486675798701474	-0.00119605114464824	0.0104461264472422	-0.0505798813198947	-0.00116804890375755	0.00118510889030406
0.491283106925982	0.00485700624241497	0.000346070166925192	-0.0496599999736813	0.000719616445091097	0.00312456849916131
0.479330202654635	0.00390724839773153	-0.0143159014471957	-0.0502339706346652	3.59655210147189e-05	0.00628642421213823
0.480686007885277	0.00278000304799934	-0.00262710848166591	-0.0499232614665774	-0.000695660192533949	-5.01797053457215e-05
0.470936660090424	-0.00157216455901126	0.0398168215278659	-0.0503299727267658	-0.00190469682721746	-0.000638423222614225
0.475948132379274	0.00414971644730758	-0.00880489261655692	-0.0500627626352203	0.00093565715160031	0.00325376409379263
0.4838196002208	0.00657609434376391	-0.0255530263076042	-0.0498563227944299	0.000330326061400721	0.00403999541241265
0.477765814501294	0.00153753449035885	0.0211616684182973	-0.0502399962661624	-0.000363351970222303	-0.00028862106884942
0.471723718689604	-0.00144675728376999	-0.0238387926571422	-0.0505548322006969	-0.0039750596109962	-0.000846615490343675
0.459841953726997	-0.000962607995605955	0.0211977057511767	-0.0496241374728722	0.0027374876753096	-0.000858413899611212
0.451155224158214	0.000490217112093029	0.0219064715987916	-0.05009277874169	0.00120813249885544	-0.0024620748074746
0.473863987539815	0.00265085210652324	0.028140783979536	-0.0499990115259752	-0.000156636113761618	-0.00075147444556822
0.478018271372794	0.00105507005726147	0.0359626575498015	-0.0498192785421527	-0.000179711092267614	-0.00276354094062202
0.46473546125873	0.00541907686106063	-0.00631768132220192	-0.0505975388565801	-0.000925336510856496	0.00456452319720562
0.463697490944368	0.000324452978298179	0.0366735605455764	-0.0504521835867065	0.00589001818371854	-0.00572125942369583
0.492433886995378	0.00631146904859085	-0.0192555833098025	-0.0496246365299546	-0.000308856542206343	0.00503509860920204
0.483174148625228	-0.000861154003391804	-0.0158785509276026	-0.049734366306262	0.000776005985465955	-0.00274933196906761
0.502613448073566	0.001077601733707	0.0350589586399112	-0.0498960181351593	-0.000621350956171636	-0.00287913081709849
0.45537355247295	0.000196659394873988	0.00543084621832081	-0.0499829356387957	-0.0024491101882513	-0.00316208725153202
0.444997962573813	-0.00301444434203846	0.0454863829669578	-0.049921848052804	0.00715806358731479	-0.00758933173326028
0.498725950870573	-0.000280604451898054	-0.0200062271884683	-0.0498100038458428	-0.00029193450055238	-0.00203257577212436
0.433888505309322	0.00363856019339943	0.0253565516419053	-0.050100585687596	0.00386138757332939	0.00451911717948689
0.489411270227553	0.000353529188756015	-0.00257105846970363	-0.050169131157458	-0.00536169802568142	-0.00120823214164415
0.514177298113725	0.00217851725122021	-0.00356007943625767	-0.050131842605053	-0.00640914789237883	0.00144869145194846
0.527238682272377	0.00363672511984933	0.00914285224510747	-0.0496961203675731	0.00205460820208082	0.00545063190856041
0.449612861618221	0.00199577781922285	-0.0214783176164204	-0.0494506039969404	-0.00073672607442946	-0.00216114945968391
0.318672039566809	0.00135432771448365	-0.0593009795956091	-0.0499474243008067	0.000794632457310397	-0.000985799352762143
0.399769752899286	-0.000959292657814364	0.0274289063916026	-0.0497167003524114	-0.000864153384636412	-0.00209594050487637
0.491904922481208	-0.00379354445688673	0.0268159441776217	-0.0495930644805522	-0.00111773169307342	-0.00505841572956953
0.487297967764306	0.00351097829465149	0.0292485322398165	-0.0495999133659876	0.000466301105008051	0.00178706601614747
0.458994645751539	0.00525691474432766	-0.0127784594309271	-0.0507988174972402	-0.00221248917904875	0.00302522479188756
0.467032256518394	0.00783980873163436	-0.00388500482779252	-0.0506211139745039	0.0035170396817552	0.00486918554986104
0.474870087262659	0.00386128738090886	0.00165923346713144	-0.0502850419941131	0.00547966615462956	-0.0010297647573027
0.486414483586831	-0.000198990953693337	0.0169984163854253	-0.0502258722301064	-0.000937376085974572	0.000877449230921937
0.483508359580997	-0.00158565754826495	-0.0118336936205314	-0.0498559565500654	-0.000756721298599155	0.00196847912778072
0.481625166366722	0.00764493255555098	0.00619166830646612	-0.0503872933259891	0.000428373147909213	0.0033407845079667
0.487905156505214	0.000654618079449143	0.0311091364944665	-0.0496007678242213	-0.00155758948929083	-0.000902311015424616
0.486075118822079	0.00960532727903913	-0.0249403161472969	-0.0501791723700696	-0.000407089166555507	0.00816305171058558
0.488199488995641	-0.000450790088415351	-0.0200892057002169	-0.0504116042510411	-0.00243752465392261	-0.000760724695716683
0.484812457687601	0.000667049853214714	0.0275287026045214	-0.0494906324582175	-0.00493055455145347	-0.00303770508081916
0.473349557735325	0.00403224496851346	-0.0346533904631218	-0.0503478577101144	-0.000900280217348098	0.00349622123211556
0.490416023477338	-0.00256895222150535	-0.0114095736262797	-0.0497812926701583	0.00419994986407045	-0.00121550758746013
0.487456384693871	0.00313280860357893	0.0124408925816367	-0.0500471479851599	-0.00227442587611452	0.0014419796815943
0.476480146653416	-0.00011335381859309	0.0153341289982659	-0.050521441891026	-0.00273149436658861	-0.000966578389575951
0.466063107851371	0.00277497378627821	0.0219291006197184	-0.0500025349515787	-0.00118387120819061	0.00189777961896694
0.472032967672398	0.00272197910489847	0.00679497772020221	-0.0497650050996124	0.00240784957051175	-0.000713513578774191
0.482902415733053	0.00747830372840496	0.013933747255298	-0.0499033265704368	0.00545117837338445	0.00352543982637622
0.442577863307069	0.00178431891686351	0.020308705379827	-0.0501485709725493	-0.00294405345210846	-0.00125642694227289
0.459529810478045	0.000493347373061247	-0.0320409296141183	-0.0504414470132285	-0.00518858652228416	-0.000723576360209223
0.466277616971403	0.00240107007052089	-0.026943001287381	-0.0501345541578742	0.00035636465146737	0.0022677360391208
0.446622965183361	0.00634474153518887	0.0474753224042787	-0.050360158091809	0.00221005341719945	0.00133871385952746
0.455442778048626	0.00632778710183661	0.0158893862393689	-0.0502142510262863	0.00241423298924753	0.000784691724268324
0.479966453270749	0.00112804481995884	0.0578136685332675	-0.0498932459732456	-0.00638497529572853	-0.00370625601996829
0.476272000948246	0.00618749148837044	-0.0268938015629845	-0.0504862128181701	-0.00171947286914576	0.00300266612950459
0.473627104930135	0.00614315927183092	-0.0440107338099633	-0.0497922392187735	-0.00115632208718459	0.00287998312641433
0.490135445006008	-8.08147235095871e-05	-0.0154092722652881	-0.0498492518479219	-0.00381533025194957	-0.00555624055977783
0.500095440883056	-0.00222514828380997	-0.0255150931842933	-0.0499312649667369	-0.00141320438733181	-0.000313988027719081
0.474136485902951	0.00305800096270153	0.0239799035576771	-0.04961140985953	0.000431699124853809	-0.00244381100386037
0.441602099513353	0.00150327362265138	-0.00571713585082123	-0.0496634141702198	0.00285596712307419	0.00373324935543689
0.414201477276584	0.0040878566219005	0.0120037253167345	-0.0500877000767903	-0.00711836445355258	-0.00246875849589214
0.451078931601569	-0.00303075921432886	-0.028345437290269	-0.0500594288967183	0.00191649206353702	-0.00613695411762899
0.419791026040633	-0.00205960332887712	0.0308076633050079	-0.0500498206060513	0.00127697387080023	-0.00338835237234155
0.410246035510734	-0.000399402318722992	-0.0261403795484577	-0.0499960655404563	0.000213568894153116	-0.000954702699891043
0.46817992166124	0.00316358182170857	-0.0103697981547603	-0.0497448689023673	-0.00106126194940043	0.00168923103254465
0.525392013380167	-0.00235765037069824	0.0509093237970514	-0.049841003465557	-0.001030842719981	-0.00449525360145555
0.364870841291119	0.00148256957376816	-0.0259291717946818	-0.0499863801736634	-0.00437947739063196	0.000704320028495629
0.501831198835838	0.0015070132159138	0.00373545016692944	-0.0495796093163146	-0.0032089316069909	0.00445226099657732
0.464274649870036	0.000448163904350565	-0.00656363830946037	-0.0498675822515151	-0.0044783402629853	0.00105241998029252
0.477151489004493	-0.0024498679524043	0.0347498547744315	-0.0498321393943762	0.000700806243019626	-0.000667519514599245
