0.498122495659512	-0.000245234006466342	0.00410868102995416	-0.0500201499394492	-0.000582535968248725	0.00014549405058473
0.496991950303798	-0.000115049527486298	-0.00288896398719709	-0.0500082692308761	0.000127070452870776	-0.000270423184400702
0.500021032323419	0.000570566727715387	-0.00239657817203352	-0.0499929922947113	-0.000384448020861486	3.63529300972973e-05
0.49978429365509	0.000150716943603858	0.00470191984458097	-0.0499929088687301	-0.000324061685125436	0.000191135478196191
0.500915680950172	0.00037507163081974	-0.00337479192173972	-0.050019939298665	-0.000528116120561835	-0.000335624529363445
0.499710690510485	-0.000268829310149697	-0.000515662797489484	-0.0500123944309953	-0.000616479891766466	-1.4357506513314e-05
0.498966246705955	0.000332204264760607	0.0186009006484802	-0.0500016515551984	0.000545130481917255	0.000717367082792525
0.49966296471636	0.000322241530160823	-0.000702420954880128	-0.0500134298444051	-0.000231779001894042	-0.000250760838098689
0.502034916857561	0.00092342492636777	0.0283277964778669	-0.0500157869300566	-0.00192704268926703	0.00169029464359852
0.49921292244821	9.34874933197019e-05	-0.00152966103872951	-0.0499870539340103	-0.000365148320527515	-6.99895829193593e-05
0.4976502243004	3.75077664728171e-05	-0.00107771524589373	-0.0500185864355861	-0.000577022156544394	-0.000121496959265044
0.499209190133164	-9.43119060525886e-05	-0.0068622394428135	-0.0500181609947704	-0.000358077668918276	-0.000163588465079511
0.500766909281659	-0.000439669709140473	-0.0129490427520441	-0.0500031856267242	-0.00076264709630698	-0.000439997086796843
0.497900499031171	-0.000250821190186744	-0.0013080303999053	-0.0499798156589989	-0.000236920860689225	-0.000202841009346626
0.498362193869983	2.61191066476661e-05	0.00668995185741613	-0.0500006433833325	-0.000688390420711885	0.000337540267268775
0.500841636541071	0.0010591263547167	0.0239180922615283	-0.0499686740700991	-0.00103932941782054	0.0015583069602427
0.499369022834518	0.000169573596473864	0.00433123420144695	-0.0499986895838054	-0.000125840190409609	1.63050798273256e-05
0.499155582052355	0.000261622140661109	0.00278340464088578	-0.0500058185524424	-0.00023128880688758	6.88403073105499e-05
0.505397887955244	0.000163744319999075	-0.000980039200482707	-0.0499936787456213	-0.000434519881323455	2.33919896864911e-05
0.50032043720078	-7.5506948716404e-05	-0.0171175317724778	-0.0500136954860422	-0.000225649564096169	-0.000592386488705801
0.50103255846926	-0.000210695297221399	-0.0212430245460064	-0.0500102123100831	-0.000201616963479849	-0.00107556526279114
0.503964917437235	0.000694447376389822	0.0206379463452967	-0.0499971832474501	-0.00224216685222397	0.00116180528441332
0.50113935237104	0.000460843091271419	0.00410564619013545	-0.0499885636204626	-0.000502056029317647	0.000204157671714287
0.500344561149314	0.000902117249337527	0.021609309707267	-0.0500176949981068	-0.000267008798301189	0.00130127905044974
0.501048563725381	-8.6869462157174e-06	-0.00342129268294224	-0.050004765240202	-0.00053987159326314	-0.00010668350673659
0.497809754134435	0.000469223504096254	0.00580115145041171	-0.0500249033516262	-0.000821937765825602	0.000247183573871621
0.500137511449836	7.98412143964384e-06	0.00273449695491448	-0.0499971040824764	-0.000329145524376412	-0.000214813040337985
0.502145075379849	-5.12389473209921e-05	-0.000499205020624023	-0.0500140238783759	-0.000889623900648532	7.80399891111576e-05
0.501627952636594	-0.000750456826040329	-0.0132593733301815	-0.050012309583966	-0.000105471626091767	-0.000616001913886942
0.499003091377072	0.00118539610548757	0.016404945961286	-0.0500035135137223	-0.00304078887249737	0.00140830208540816
0.500832813022885	0.000526521770444601	-0.00125103968300865	-0.0500112149936159	-0.000464329819616832	0.000182350341576348
0.498351502966592	-0.000242357467274233	-0.00354343494514405	-0.0499703959542998	-0.00286486144551273	-7.72300148471509e-07
0.500232549005497	0.000231946947788844	-0.00350266269793645	-0.049985590438119	-0.000544946224113864	0.00010755039267671
0.498534820744972	1.67116345924502e-05	-0.000655865538108952	-0.0499964140343181	-0.000232234522639426	0.000178138180150029
0.499003701650259	0.000209861630249422	0.000734322499172293	-0.0499850191992924	-0.000540143944130392	3.02668687694943e-05
0.499143339046692	-4.70121020021033e-05	-0.00141147023650847	-0.0500018445566335	-0.000649449628517886	1.8594248059026e-05
0.499721074702718	0.000354799700977951	-0.000912749359255093	-0.0499825249614897	-0.00062627817020917	-3.44805303178345e-05
0.500202103292719	0.000108506732361933	-0.00749642562295637	-0.0500032782354669	-0.000170578648207049	-0.000499207078038366
0.49826535403866	0.000358045735033205	0.000753213468090912	-0.0500205062510181	-0.000546156983820759	5.83415414309142e-05
0.498577475772728	0.000264293226465507	-0.00218126774667071	-0.0500073801340167	-1.99279220801199e-05	-2.71801521613551e-05
0.499735677038466	0.000757900947511304	0.0262706373312106	-0.0499991013845806	-0.00177202669272393	0.0015629248503278
0.500714190311917	0.000470641536704404	0.0110281002729136	-0.0500147193321886	-0.000179302156613877	0.000554852126399488
0.501376317792721	0.000228399373804303	0.0101112365287111	-0.0500172260851813	-0.00151610508545976	0.0003995211441733
0.499611549206536	0.0001139203812308	0.00343501203736313	-0.0500148766448375	-0.000153567934772298	9.31031672291063e-05
0.499931079987326	-0.000854046108162957	-0.00601126581167907	-0.050015254547517	-0.000585375048257479	-0.000486001069204931
0.498853995355477	6.66822684441514e-05	0.00714589116032164	-0.0499996982312834	-0.000585899274850087	0.000113210860142064
0.499660106563351	4.90606812583199e-05	-0.00885644569410789	-0.0500040227227016	-0.000714816011925758	-0.000555953760494862
0.499265658698813	9.44508799047125e-05	-0.00393905409670813	-0.0499824883181521	-0.000426672256343192	-2.62265446140445e-05
0.502765278830118	0.000125167364500764	0.0164177301793814	-0.0499975019086419	-0.000373788531636741	0.000736916548639592
0.500970215102173	-0.000156616444391175	-0.00449039994961749	-0.0500044400643348	-0.000656938332313764	-0.000375077032618646
0.497461612331453	0.000119462217257902	0.0319794943280305	-0.0500010087988698	0.00341791212989867	0.000635316832108785
0.499137319131064	0.000150448635019888	0.000551116655991426	-0.0499760126471065	-0.000444069725851704	-1.63088705838049e-05
0.500661269577706	0.000285412648751184	-0.00887821561102038	-0.0499936954971846	-2.00628388486569e-05	-0.000124908605900015
0.502656257638426	-0.000206386028835161	-0.0116928821839189	-0.0499975746263346	-0.000719691137910595	-0.000267309472864622
0.498984744874751	-0.000328017403600291	-0.00220905512686483	-0.0500149611572842	-0.000647100803935375	-0.000399571328699367
0.500721664148714	0.000670404642293852	0.0291628672159584	-0.0499852137273262	0.00014605603871811	0.00148134104254489
0.499321580300988	-0.000134316918071998	-0.000229449042358347	-0.0500255404716277	-0.000119797421998739	-0.000295270306728608
0.496919589378298	0.00111284181476665	0.0322644727628363	-0.0500026581581806	0.000398570400771819	0.00167268771441665
0.50020312305829	0.00107581129285946	0.0262596082156551	-0.0500041113053413	-0.000920778203225299	0.00139726593522111
0.500100947279029	0.000268254150217062	0.00494641108928443	-0.0500085019836598	-0.00049149615725385	0.000262667788075643
0.498840088992366	0.000207639542050057	0.00665137793268077	-0.0499963365271574	-0.000986070260068429	0.000321016503525799
0.499002601611138	5.45445894082142e-05	-0.000345556110581635	-0.049990313210435	-0.000343587395957155	2.712259511214e-05
0.502489265735343	-4.94508418377577e-05	0.00384990443680425	-0.0500067945029007	-0.000594424298163701	0.000240954421224924
0.501401046930184	5.00680504563477e-05	0.00105026811515922	-0.0500061150461441	-0.000557685990643507	0.000200010126046747
0.498816759471153	-0.000613489818425963	-0.00850257775228239	-0.049982757296725	0.000340031308040953	-0.00060031474935794
0.500512468827239	-0.000789277770657918	-0.0206294715614714	-0.0500108346464309	0.000193118658625798	-0.00135951305771416
0.500229432870311	-0.000234353837029559	-0.00119263710814586	-0.0500015568342505	-0.000661592542901382	-0.000102093438415591
0.501590099002313	-3.95121914985561e-05	-0.000279579073950002	-0.0500114358621609	-0.000549852608759311	-0.000166104406653065
0.501682255920208	0.000196787641222328	0.00398954388266361	-0.0499825539113511	-0.00104842977313953	0.000402505191880283
0.499342428938552	0.0003717981460834	0.00160275293108941	-0.0500200926685283	-0.000347750130419865	8.07218755668886e-05
0.496073314895694	0.000244354645294963	0.0101235163071969	-0.0499951187528707	-0.00147893730961504	0.000479637312773384
0.499117514300294	0.000288177233228154	0.000465342200074115	-0.0499885222257782	-0.000661992899677958	-0.000110473157698601
0.497379031558594	0.000289199164480933	0.00222395482242921	-0.050018548835935	4.4910335180975e-05	-5.58457114814092e-05
0.497690128083387	0.000140531318299915	0.000683232998629006	-0.0500150076311916	-0.000659501216089057	6.21592738181924e-05
0.502965954894155	-0.000142912826806586	-0.000408506857366878	-0.050011605313486	-0.000544947749259304	4.95418343579062e-05
0.497706227762669	0.000157221903400971	-0.000220683457456629	-0.0499865858075474	-0.000197740458451567	0.000233283801402806
0.498754589112003	0.00127617606967074	0.0363564994166499	-0.049981923232377	-0.000934746458621093	0.00241536309925049
0.498684415967096	-0.000106702911408017	-0.00137240652658295	-0.0500121398879596	-0.000604155414568202	-5.7569849492004e-05
0.500383166203311	9.18003668012749e-05	-0.00433207743801418	-0.0500253926029887	-0.000480437183944017	-1.13864193198108e-05
0.499676942632564	0.000660750295449587	0.00434494227252293	-0.050014087425714	-0.000537962743126916	4.83262773530893e-05
0.499761095111188	0.000587730747905552	0.0110719977403637	-0.0500267073026164	-0.000539036938264501	0.00061120300913208
0.500066166137115	0.000403068678488545	0.00364955795755253	-0.0500050877514676	-0.000492501405565014	-0.000336226739790198
0.498391778945736	0.000526971815441992	0.0030498858942836	-0.0499926678492452	-0.000810014320398932	-0.000105293453748504
0.499401700704092	0.00123945582374816	0.0414029540996364	-0.0500131842351679	-0.00101242569331168	0.00254246204075455
0.497239797606619	-0.000559670363324646	-0.00211765450347134	-0.0500425968848448	0.00542922960896672	-0.000313833649826125
0.496478109345992	-0.000108762101842729	-0.01674712343703	-0.0500282111442248	0.0034411928197433	6.94881164698197e-05
0.498771971502007	0.000453507448254107	-0.00238702176252974	-0.0500252208470943	-0.000608741362560348	0.000167829746232832
0.499927483034662	0.000204689301905005	-0.00260332584267068	-0.0500107914698199	-0.000427242119888693	-8.22968177414771e-05
0.50273292665077	0.000373455430905175	0.00276282840111774	-0.0500261300281581	-0.00566565052453173	0.000493227994691505
0.498380340259069	0.000704540353275817	0.00327099603501203	-0.0499910692860924	-0.000700998203849021	-2.71119361040689e-05
0.49916129611108	0.000149607245691181	0.00273200233766683	-0.0500098772880214	-0.00053174741528218	0.000365271663968737
0.49905074403687	0.0004288563230999	0.00297103904579866	-0.0500061366794322	-0.00063727654671963	-3.18369223292683e-05
0.500535520434395	0.000134690525797722	0.000264320697707735	-0.0499926363459179	-0.000771254494278695	5.95208809470159e-05
0.499866615262016	0.000291698392110254	-0.0010299370410804	-0.0500050931590448	-0.000843796011294253	-0.000148602749805638
0.5003425551964	-0.000286157371715354	-0.00166609687859881	-0.0500039836628264	-0.000582464665604127	-0.000127228932728871
0.498676095784366	0.00034859629102775	0.0100949931437341	-0.0500205165676541	-0.000468539212617663	0.000362050958898524
0.498425442944202	0.00010356023465005	0.00332303307839849	-0.0500096244895616	-0.000864925355242102	5.0045516270993e-05
0.50111803983447	-0.000444725248700097	-0.0153524792544096	-0.0500005637505805	-0.000489052315361309	-0.00088533694353837
0.502291024077932	-0.000895200606684476	-0.0206761463793681	-0.0500123650056457	-0.00205912468104597	-0.000805450559691254
0.498010282136508	0.000438830517880054	0.00492755311421359	-0.0499953465750577	-0.000345187037085315	0.000293642141276629
0.500854180736612	-8.92121111501535e-06	-0.00264444933880841	-0.0500098575163032	-0.000238914773605979	-0.000125811468151473
0.499217404218572	-7.78979897308271e-06	-0.00848475979159813	-0.0499962153558979	-0.000136530233572775	-0.000544844460575727
0.49839096265738	0.000130749706536232	-0.00326471212144915	-0.0499971079335469	-0.000687539210262321	-0.000297664238037771
0.500735442277933	0.000507703227341098	-0.00226369255711641	-0.0499920825703044	-0.000732269480364936	0.000242330228392337
0.502388214673254	7.73742117841519e-06	-0.00424458172314865	-0.0499958353448644	-0.000341946071601169	-0.000304932685267103
0.500606750755938	-0.000193976788248431	0.000258093380315752	-0.0500017873985872	-0.000502925240254862	-0.000312494496694576
0.502614184225446	-0.000317472289930282	-0.000422132733775119	-0.0499863994161121	-0.000314411190643261	-0.000244907423572914
0.498885981978671	6.87070599948672e-05	0.000710516531322642	-0.0500025348184875	-0.0007637088191504	3.44183496513057e-05
0.501432287543914	8.34986962578944e-05	-0.00157829532185762	-0.0500291792498875	-0.000248121142412304	0.000133254905526806
0.498408861017116	-0.000153841132693933	-0.00103936726389534	-0.0499937139927468	-0.000453598625262763	-0.000306261587275667
0.498218062458303	-4.04676458250161e-05	-0.00149809553639554	-0.050010749493464	-0.000739437563182711	0.000231478114522517
0.496599017736745	9.43219341734207e-06	0.00428461342592513	-0.05001899549777	-0.000672012851974615	0.000186941863314903
0.500609160541929	0.00115751661859119	0.0365655185537271	-0.0499986918446911	-0.00344927505991108	0.00205185625704273
0.498381885451568	0.00028317980759357	0.000740576127817762	-0.0499951798736097	-0.000350879148871926	-4.48858625897377e-05
0.496593178723196	0.000157449445192313	0.000825700186859945	-0.0500079689694507	-0.000538856717263997	0.000290728908724821
0.499338886185555	0.000340495450929235	0.000992701484097845	-0.0500152985382517	-6.11986618730149e-05	-0.000159108394968872
0.498002843999419	-5.5395511783308e-05	0.00198361492519146	-0.0499949709038199	-0.000470391128714742	0.000207726302881795
0.497807754510401	0.000126787494963834	0.00040585323450408	-0.0499968927299508	-0.000497368242852789	0.000115216466672776
0.498817555423211	-8.53920467637979e-05	0.00970838968722004	-0.0499941145691724	-0.0019887916686245	0.000467006003551208
0.501048388393795	0.000136955306057225	-0.000587215399345469	-0.049991283776388	-0.000892743790944542	-8.05008452137323e-05
