-2.861050423234701157e-03 7.284280657768249512e-02 7.195600483100861311e-05 2.220063033746555448e-04 -5.740428459830582142e-04 1.507817651145160198e-04
1.652406645007431507e-03 6.934417784214019775e-02 -2.152945962734520435e-04 -9.822366337175481021e-06 -3.841452708002179861e-04 9.326721192337572575e-05
2.735036832746118307e-04 6.114467978477478027e-02 2.964264131151139736e-04 -3.016594746441114694e-05 4.440857446752488613e-04 5.546207830775529146e-07
2.212941413745284081e-03 5.497241020202636719e-02 -7.346439087996259332e-05 1.521312660770490766e-04 6.054560071788728237e-04 7.275475581991486251e-06
1.294401881750673056e-04 4.520116373896598816e-02 3.546054358594119549e-04 -5.095962023915490136e-06 4.789457307197153568e-04 -2.406635176157578826e-04
1.125506125390529633e-03 4.038374125957489014e-02 -4.003661160822957754e-05 1.167100926977582276e-04 1.995590282604098320e-04 -1.651731054153060541e-06
-1.641748822294175625e-03 3.268528357148170471e-02 -5.457830411614850163e-05 2.024234272539615631e-04 -1.050406062859110534e-04 2.583793248049914837e-04
1.001623168122023344e-04 2.811753004789352417e-02 -2.762612712103873491e-04 1.771781535353511572e-04 -2.528969198465347290e-04 1.467873662477359176e-04
-8.718054159544408321e-04 2.611402049660682678e-02 -2.882227709051221609e-04 1.460815983591601253e-04 -2.531534992158412933e-04 3.226011540391482413e-05
2.375853946432471275e-03 1.673852093517780304e-02 -7.182449189713224769e-05 1.616034569451585412e-04 -3.070449747610837221e-05 -6.680341175524517894e-05
-1.075426349416375160e-03 2.181316725909709930e-02 -1.467305992264300585e-04 4.004255752079188824e-04 1.901297946460545063e-04 -2.838707005139440298e-04
-1.053556799888610840e-03 1.492408663034439087e-02 -2.984150778502225876e-04 7.884742808528244495e-04 6.917438440723344684e-05 1.532342139398679137e-06
-3.028734936378896236e-04 2.059272304177284241e-02 -8.704217616468667984e-04 5.960674025118350983e-04 1.251957874046638608e-04 3.133590507786720991e-04
3.602454904466867447e-03 2.948994375765323639e-02 1.651055645197629929e-04 -1.971243764273822308e-04 6.740447133779525757e-06 2.309537230757996440e-04
-2.276246901601552963e-03 3.217267990112304688e-02 9.412646613782271743e-05 -3.480579762253910303e-04 -4.021168206236325204e-05 -1.727455237414687872e-04
-3.215277683921158314e-05 3.487443551421165466e-02 -6.288819713518023491e-04 7.343357719946652651e-05 2.151427179342135787e-04 -2.628420479595661163e-04
3.087212331593036652e-03 4.390421137213706970e-02 -5.547857144847512245e-04 4.558932778309099376e-05 6.378396938089281321e-05 1.351754763163626194e-04
-1.020274357870221138e-03 4.598322138190269470e-02 -4.723534948425367475e-05 -1.354519481537863612e-04 -1.040930001181550324e-04 2.525109739508479834e-04
-1.160473679192364216e-03 5.098926648497581482e-02 4.914376186206936836e-04 1.465497916797176003e-06 2.850392193067818880e-04 1.579815871082246304e-04
-2.363260282436385751e-04 5.449810996651649475e-02 4.806666984222829342e-04 1.959245710168033838e-04 5.961862625554203987e-04 -3.676712221931666136e-04
5.968872457742691040e-03 6.063242629170417786e-02 -1.043894735630601645e-04 5.034107016399502754e-04 6.997651653364300728e-04 -2.551659417804330587e-04
1.697765896096825600e-03 6.755302846431732178e-02 9.271661983802914619e-04 7.347935461439192295e-04 9.427723707631230354e-04 -1.582106779096648097e-04
-3.113629645667970181e-04 7.775519788265228271e-02 1.064447569660842419e-03 7.364900084212422371e-04 8.923800196498632431e-04 -7.017699681455269456e-05
5.096551496535539627e-03 9.662700444459915161e-02 1.335835317149758339e-03 1.682573347352445126e-04 8.428338915109634399e-04 2.520342241041362286e-04
2.074954798445105553e-03 1.094934195280075073e-01 1.132105360738933086e-03 -6.334247882477939129e-04 3.198113990947604179e-04 1.564564445288851857e-04
-2.109345514327287674e-03 1.266716420650482178e-01 1.035071560181677341e-03 -8.733386057429015636e-04 3.908554208464920521e-04 -4.098637145943939686e-05
2.574611688032746315e-03 1.417784541845321655e-01 -1.667082542553544044e-03 -2.462878182996064425e-04 4.977254429832100868e-04 -9.346990555059164762e-05
4.598658066242933273e-03 1.589972674846649170e-01 -1.035775523632764816e-03 1.648411125643178821e-04 -2.481337105564307421e-05 1.221270067617297173e-04
2.987727755680680275e-03 1.778031140565872192e-01 -8.924431167542934418e-04 2.000938256969675422e-04 -5.358461057767271996e-04 2.385364350629970431e-04
4.925540451949927956e-06 1.543504893779754639e-01 -1.365748932585120201e-03 2.526098396629095078e-04 -4.099204379599541426e-04 4.556704152491874993e-05
-1.205824897624552250e-03 2.474639266729354858e-01 -1.060437760315835476e-03 1.985357812372967601e-04 -3.470446681603789330e-04 6.368117174133658409e-04
4.746465478092432022e-03 2.227192372083663940e-01 -2.403622958809137344e-03 -1.301466982113197446e-04 -1.012369029922410846e-04 6.776571390219032764e-04
9.924008045345544815e-04 2.445258796215057373e-01 -1.634135609492659569e-03 -2.084221050608903170e-04 1.015398520394228399e-04 -1.473045413149520755e-04
6.489709019660949707e-03 2.627556622028350830e-01 -1.885797828435897827e-03 1.236947136931121349e-04 5.318265757523477077e-04 -2.517337561585009098e-04
6.410086527466773987e-03 2.798096835613250732e-01 -1.323026022873818874e-03 4.877549072261899710e-04 8.684532367624342442e-04 -4.780384188052266836e-05
3.152342047542333603e-03 2.912137210369110107e-01 -6.419508135877549648e-04 5.791476578451693058e-04 1.130391727201640606e-03 -1.520240475656464696e-04
1.095609460026025772e-02 3.082027137279510498e-01 -2.586454153060913086e-03 2.855797065421938896e-04 3.643476811703294516e-04 5.172726814635097980e-04
4.294097423553466797e-03 3.266840279102325439e-01 -1.791245071217417717e-03 -5.882232799194753170e-04 1.005551966954953969e-04 2.235235006082803011e-04
4.533338826149702072e-03 3.501114845275878906e-01 -2.233365550637245178e-03 4.514493411988951266e-06 2.412377943983301520e-04 3.183513763360679150e-05
8.142947219312191010e-03 3.579975366592407227e-01 -2.266179304569959641e-03 4.578556108754128218e-04 -2.690025430638343096e-04 -7.234507211251184344e-05
1.686288393102586269e-03 3.525038659572601318e-01 -3.871069988235831261e-03 2.103559672832489014e-04 -3.843602607958018780e-04 -5.601596785709261894e-05
9.031895548105239868e-03 4.309226274490356445e-01 -2.737216418609023094e-03 -3.920388408005237579e-04 4.436064627952873707e-04 -4.754884284920990467e-04
2.284818096086382866e-03 4.095102548599243164e-01 -2.531703328713774681e-03 -2.122138539562001824e-04 2.348798152524977922e-04 -2.828331198543310165e-04
6.104387808591127396e-03 4.271968007087707520e-01 -2.212550258263945580e-03 8.775126771070063114e-04 2.243966155219823122e-04 -2.195976267103105783e-04
6.678953301161527634e-03 4.030335247516632080e-01 -1.982525456696748734e-03 1.610064413398504257e-03 -1.257356598216574639e-05 -4.191641346551477909e-04
7.372084073722362518e-03 4.538837671279907227e-01 -1.132668810896575451e-03 1.034809742122888565e-03 -6.406294414773583412e-04 8.390884613618254662e-04
4.869949538260698318e-03 5.022287368774414062e-01 -9.134972933679819107e-04 8.538966649211943150e-04 -6.942775216884911060e-04 2.820348308887332678e-04
9.712820872664451599e-03 4.804100394248962402e-01 -3.693923121318221092e-03 1.389357727020978928e-03 -1.663422444835305214e-03 -5.215464043430984020e-04
-3.013919107615947723e-03 4.919207692146301270e-01 -1.909621525555849075e-03 8.514805813319981098e-04 -3.580809338018298149e-03 -1.003027195110917091e-03
1.726575137581676245e-04 4.068103134632110596e-01 -5.804781336337327957e-03 1.282309414818882942e-03 -2.801790600642561913e-03 -3.239350917283445597e-04
9.932741522789001465e-03 5.671911239624023438e-01 -9.174538776278495789e-03 -4.571212339214980602e-04 -1.988676842302083969e-03 1.728841161821037531e-04
1.102035865187644958e-02 5.776028037071228027e-01 -8.112842217087745667e-03 -9.113517007790505886e-04 3.275898343417793512e-04 -7.059701019898056984e-04
1.378780882805585861e-02 4.420811235904693604e-01 -6.931615527719259262e-03 -1.446384005248546600e-03 2.474629087373614311e-03 -1.025153906084597111e-03
1.698578521609306335e-02 6.539856791496276855e-01 -1.341918832622468472e-03 7.291910005733370781e-04 2.856165170669555664e-03 -8.554287487640976906e-04
5.389258265495300293e-03 5.070331096649169922e-01 -1.964158844202756882e-03 9.697879431769251823e-04 -2.080951118841767311e-03 -1.081347698345780373e-03
-3.899704199284315109e-03 5.826814770698547363e-01 -3.317611117381602526e-04 -2.502849092707037926e-04 -4.639422986656427383e-03 -1.933751977048814297e-03
-7.688866462558507919e-04 5.776200294494628906e-01 -4.617818631231784821e-03 -6.641297368332743645e-04 -4.339433740824460983e-03 -1.182821346446871758e-03
4.945903550833463669e-03 5.986956357955932617e-01 -1.002368424087762833e-02 -3.937872825190424919e-04 -2.910157898440957069e-03 -4.414322756929323077e-05
9.612948633730411530e-03 6.090199351310729980e-01 -9.263334795832633972e-03 -9.693059255369007587e-04 -1.506125205196440220e-03 3.823993029072880745e-04
1.509944535791873932e-02 5.587352514266967773e-01 -1.279993727803230286e-02 -1.815671217627823353e-03 2.023983979597687721e-03 -1.614119973964989185e-04
2.104778774082660675e-02 7.126190066337585449e-01 -4.915465833619236946e-04 -2.848407486453652382e-03 4.074029624462127686e-03 -2.774259541183710098e-03
6.748280487954616547e-03 6.311006546020507812e-01 1.177140744403004646e-03 -2.785053569823503494e-03 2.410295419394969940e-03 -3.295782487839460373e-03
2.133113099262118340e-03 6.729514002799987793e-01 -7.495248573832213879e-04 -7.761576562188565731e-04 -2.484846627339720726e-03 -9.989119134843349457e-04
1.764031825587153435e-03 6.258655190467834473e-01 -3.475037403404712677e-03 -4.808945814147591591e-04 -3.590078093111515045e-03 -1.275749993510544300e-03
1.050474401563405991e-02 6.696373224258422852e-01 -4.783244337886571884e-03 -1.147162402048707008e-03 -7.932169828563928604e-04 -1.189358532428741455e-03
2.519334852695465088e-02 6.877110600471496582e-01 -4.737291019409894943e-03 -1.475684111937880516e-03 4.249843303114175797e-03 -2.244586823508143425e-03
4.864073917269706726e-02 7.213276624679565430e-01 -5.973453633487224579e-03 1.055148662999272346e-03 5.990294739603996277e-03 -1.015506964176893234e-02
2.289002761244773865e-02 6.888927817344665527e-01 -5.896078655496239662e-04 1.336518558673560619e-03 3.340704832226037979e-03 -1.003904850222170353e-03
1.325416192412376404e-02 6.967151165008544922e-01 3.407120704650878906e-03 1.179586048237979412e-03 -9.907891508191823959e-04 -1.091656507924199104e-03
-6.272241007536649704e-04 6.248007416725158691e-01 -5.474161356687545776e-03 3.308058250695466995e-03 -3.864468308165669441e-03 -7.141745300032198429e-04
6.164326146245002747e-02 5.247711539268493652e-01 -1.185918599367141724e-02 2.382122678682208061e-03 -4.407774657011032104e-03 9.416150860488414764e-03
1.405009999871253967e-02 7.112306356430053711e-01 -1.071684993803501129e-02 -5.046754376962780952e-04 1.730879303067922592e-03 7.707871554885059595e-05
2.471625991165637970e-02 6.520227789878845215e-01 -2.503425814211368561e-03 -4.370562732219696045e-03 6.196482107043266296e-03 -7.662400603294372559e-04
2.516592480242252350e-02 7.952719330787658691e-01 3.864041063934564590e-03 -7.832783740013837814e-04 4.780220333486795425e-03 1.228577166330069304e-04
4.404140636324882507e-03 7.332484126091003418e-01 1.368446275591850281e-03 1.168284565210342407e-03 -2.963752485811710358e-04 -5.540953716263175011e-04
2.703333448152989149e-04 7.471289038658142090e-01 -4.986510612070560455e-03 2.173547167330980301e-03 -4.343784414231777191e-03 -1.356325810775160789e-03
-5.690392106771469116e-03 7.298935651779174805e-01 -5.765786394476890564e-03 9.227389236912131310e-04 -3.888271050527691841e-03 9.867702610790729523e-04
2.691425848752260208e-03 7.426081895828247070e-01 -6.929308176040649414e-03 -1.214463612996041775e-03 -4.057658661622554064e-04 1.464707776904106140e-03
-9.483081288635730743e-03 4.330916106700897217e-01 -3.195723984390497208e-03 -3.799950703978538513e-03 2.943751402199268341e-03 2.129000844433903694e-03
1.843306794762611389e-02 6.774213314056396484e-01 -4.101542581338435411e-04 -3.362245392054319382e-03 3.085586242377758026e-03 -1.188007765449583530e-03
-8.503598161041736603e-03 6.428459286689758301e-01 -1.225712825544178486e-03 -4.483656084630638361e-04 1.000340562313795090e-03 6.774885114282369614e-04
4.365259315818548203e-03 7.512373924255371094e-01 2.432874898659065366e-04 4.033648001495748758e-04 -1.173741067759692669e-03 2.210599486716091633e-04
4.279052838683128357e-03 7.788159251213073730e-01 1.830144552513957024e-03 -1.226005406351760030e-05 -1.688895281404256821e-03 6.450938526540994644e-04
1.369938347488641739e-02 7.182173728942871094e-01 -4.554494749754667282e-03 4.349666996859014034e-04 8.769280975684523582e-04 1.263227663002908230e-03
1.599600724875926971e-02 7.382568717002868652e-01 -3.481901483610272408e-03 8.819089998723939061e-06 1.898258691653609276e-03 1.037788810208439827e-03
1.544449385255575180e-02 7.531634569168090820e-01 -1.842940982896834612e-04 -1.748298964230343699e-04 1.702206907793879509e-03 4.364938067737966776e-04
1.168393529951572418e-02 7.441449165344238281e-01 1.657278742641210556e-03 -3.779749677050858736e-04 -6.132348207756876945e-04 7.385966018773615360e-04
1.085083652287721634e-02 7.653746008872985840e-01 2.956073032692074776e-03 7.978595094755291939e-04 -2.605790738016366959e-03 -7.639743125764653087e-05
2.012543613091111183e-03 7.488107085227966309e-01 -6.406604778021574020e-03 4.373590461909770966e-03 -2.771856030449271202e-03 4.659455735236406326e-04
1.331770606338977814e-02 6.819195747375488281e-01 -8.508102037012577057e-03 3.793851705268025398e-03 -2.790582948364317417e-04 -5.113254301249980927e-04
1.665497384965419769e-02 8.280251026153564453e-01 6.579603068530559540e-04 -1.748561044223606586e-04 1.369566423818469048e-03 6.225854740478098392e-04
1.588606275618076324e-02 7.655583620071411133e-01 -8.424947969615459442e-03 -2.387240529060363770e-04 -1.292528584599494934e-03 2.988879568874835968e-04
5.653382278978824615e-03 6.826878786087036133e-01 -5.088190548121929169e-03 -1.469713402912020683e-03 -2.766436198726296425e-03 8.585202158428728580e-04
4.549640230834484100e-03 8.427397608757019043e-01 6.173871923238039017e-03 -3.492496209219098091e-03 -2.690761815756559372e-03 8.764899102970957756e-04
1.143747474998235703e-02 7.634340524673461914e-01 7.815642748028039932e-04 -2.819926710799336433e-03 -8.163299062289297581e-04 1.473664306104183197e-04
1.021880377084016800e-02 7.643885612487792969e-01 -2.709513064473867416e-03 -5.009650485590100288e-04 1.605615369044244289e-03 5.615480476990342140e-04
1.706371270120143890e-02 7.616273164749145508e-01 -7.651436142623424530e-03 -6.166850216686725616e-04 1.756632584147155285e-03 -1.146247028373181820e-03
1.804882101714611053e-02 7.615786194801330566e-01 -1.637614332139492035e-05 -4.164700862020254135e-03 1.993238925933837891e-03 -2.033844357356429100e-04
7.750864140689373016e-03 7.779040336608886719e-01 5.399275105446577072e-03 -1.874695299193263054e-03 -3.615981549955904484e-04 -1.265153172425925732e-03
-1.596500165760517120e-03 6.747940182685852051e-01 3.872191999107599258e-03 2.513941377401351929e-03 -2.100558951497077942e-03 8.884220151230692863e-04
-7.469472009688615799e-03 6.845600008964538574e-01 -1.164608448743820190e-02 2.919588005170226097e-03 -2.327162306755781174e-03 3.749201307073235512e-03
8.273805491626262665e-03 7.606471180915832520e-01 -4.152918234467506409e-03 -5.206577407079748809e-05 -7.663400028832256794e-04 9.735654457472264767e-04
1.841619424521923065e-02 7.873126864433288574e-01 -5.752254277467727661e-03 1.795369898900389671e-03 3.591388929635286331e-03 4.771806998178362846e-04
1.452973857522010803e-02 7.070794105529785156e-01 -1.091875368729233742e-03 1.524739898741245270e-03 1.980348490178585052e-03 1.934690517373383045e-04
8.402047678828239441e-03 7.471656203269958496e-01 9.859734214842319489e-03 -9.899941505864262581e-04 -1.423271140083670616e-03 -1.420371554559096694e-04
7.882289937697350979e-04 7.447491288185119629e-01 4.308681236580014229e-04 9.806851157918572426e-04 -2.701517893001437187e-03 -6.076345016481354833e-05
-3.269000910222530365e-03 7.351817488670349121e-01 -1.905611716210842133e-02 4.273519385606050491e-03 -3.650139551609754562e-03 -2.047145680990070105e-04
7.194091565907001495e-03 7.419311404228210449e-01 -1.462311204522848129e-02 -2.655829070135951042e-03 -2.337860642001032829e-03 5.790421855635941029e-04
3.518152236938476562e-02 7.521887421607971191e-01 5.278237164020538330e-03 -8.144699968397617340e-03 5.440966342575848103e-04 5.120065179653465748e-04
2.266094554215669632e-03 6.828804612159729004e-01 5.297896452248096466e-03 -7.736722473055124283e-03 1.769190654158592224e-03 -1.141530461609363556e-03
5.354202352464199066e-03 8.103475570678710938e-01 1.080797286704182625e-03 -2.229544101282954216e-03 1.456213067285716534e-03 2.049416216323152184e-04
4.300130531191825867e-03 7.309275865554809570e-01 -1.553021720610558987e-03 4.520532675087451935e-03 4.079861100763082504e-04 -7.398434099741280079e-04
9.340099059045314789e-03 6.451881527900695801e-01 -6.314082536846399307e-03 5.055932328104972839e-03 -1.792962662875652313e-03 -5.037861992605030537e-04
1.821250841021537781e-02 7.942547798156738281e-01 6.622671498917043209e-04 -1.485387445427477360e-03 -1.195483375340700150e-03 8.368325652554631233e-04
5.368801765143871307e-03 7.276140451431274414e-01 -1.294752291869372129e-05 -9.174678416457027197e-05 4.524318501353263855e-04 -9.014854731503874063e-05
7.253384217619895935e-03 7.295315861701965332e-01 -1.098666526377201080e-02 2.711126348003745079e-03 2.214362029917538166e-04 -8.517662063241004944e-04
1.405087858438491821e-02 7.245156168937683105e-01 -4.505422897636890411e-03 -9.370824554935097694e-04 -6.926475325599312782e-04 -2.811071863106917590e-05
1.002828683704137802e-02 7.284757494926452637e-01 -2.920135855674743652e-03 -3.664467018097639084e-03 -4.222724237479269505e-04 4.101757658645510674e-04
-4.801069386303424835e-03 7.331938147544860840e-01 1.233174582011997700e-03 -2.567324321717023849e-03 3.590064588934183121e-04 -9.626994142308831215e-04
8.593491278588771820e-03 6.539438962936401367e-01 7.805463392287492752e-04 -1.025920035317540169e-03 9.540148312225937843e-04 -4.265496681910008192e-04
1.319294236600399017e-02 7.898115515708923340e-01 4.967491608113050461e-03 1.394668477587401867e-03 1.157077029347419739e-03 -3.948127559851855040e-04
7.511797826737165451e-03 7.085706591606140137e-01 5.199410021305084229e-03 1.584176556207239628e-03 2.557597181294113398e-04 -7.628063322044909000e-04
1.616610027849674225e-02 6.317276954650878906e-01 -4.639199934899806976e-03 1.411977689713239670e-03 -1.032679458148777485e-03 8.109081682050600648e-05
8.260428905487060547e-03 7.634664177894592285e-01 -7.884413003921508789e-03 2.315926598384976387e-03 -1.281138684134930372e-04 -2.285924565512686968e-04
1.603102125227451324e-02 6.904292106628417969e-01 -3.464195178821682930e-03 9.342101111542433500e-05 1.678461325354874134e-03 -8.377480116905644536e-05
1.995333284139633179e-02 6.826723814010620117e-01 9.949463419616222382e-04 -2.107653999701142311e-03 2.528401557356119156e-03 2.695521980058401823e-04
1.432731188833713531e-02 6.882084012031555176e-01 5.312636960297822952e-03 -1.097333733923733234e-03 2.696850337088108063e-03 -5.529471673071384430e-04
1.669518835842609406e-02 6.621818542480468750e-01 -1.973027392523363233e-04 2.379274228587746620e-03 2.884227083995938301e-03 -1.342326519079506397e-03
1.448259130120277405e-02 6.521487236022949219e-01 -6.490540225058794022e-03 2.185577759519219398e-03 8.303856011480093002e-04 1.123870897572487593e-04
1.050576847046613693e-02 5.920097827911376953e-01 -1.802594587206840515e-02 -3.449015552178025246e-03 3.300551907159388065e-05 3.130544209852814674e-04
6.926821079105138779e-03 7.127369642257690430e-01 -6.251930259168148041e-03 -4.342220723628997803e-03 -3.516647499054670334e-03 1.613423810340464115e-03
-1.903546217363327742e-05 6.447176933288574219e-01 -2.538600936532020569e-03 -3.608925500884652138e-03 -1.468870439566671848e-03 1.535888586658984423e-04
6.173705682158470154e-03 5.676362514495849609e-01 2.817215863615274429e-03 -2.303901594132184982e-03 2.335941651836037636e-03 -2.938033721875399351e-04
1.323735248297452927e-02 6.811533570289611816e-01 6.508748047053813934e-03 -2.109102206304669380e-04 3.164971480146050453e-03 9.150889236479997635e-04
6.647469475865364075e-03 6.038752794265747070e-01 5.500339902937412262e-03 -3.023995668627321720e-04 -3.048723097890615463e-03 2.015320817008614540e-03
2.912353724241256714e-03 6.060861945152282715e-01 -1.181294443085789680e-03 1.356278546154499054e-03 -2.674125600606203079e-03 1.143266563303768635e-03
9.075383422896265984e-04 5.886370539665222168e-01 -6.406228523701429367e-03 5.280082579702138901e-03 -1.017179572954773903e-03 -5.672285915352404118e-04
3.808950306847691536e-03 5.774557590484619141e-01 3.731843316927552223e-04 3.728418843820691109e-03 -9.724193369038403034e-04 -6.668803980574011803e-04
8.780743926763534546e-03 5.749272108078002930e-01 1.140890759415924549e-03 -1.549723674543201923e-04 -2.705456281546503305e-04 3.078920126426964998e-04
1.366590335965156555e-02 5.145716071128845215e-01 4.917097277939319611e-03 -3.602912882342934608e-03 1.593250926816835999e-04 1.958431443199515343e-03
1.201721001416444778e-02 6.101663112640380859e-01 -4.908984061330556870e-03 -5.030766478739678860e-04 1.557280542328953743e-03 3.715153725352138281e-04
5.005700979381799698e-03 6.018397808074951172e-01 -1.046432554721832275e-02 9.962540352717041969e-04 -6.919904844835400581e-04 1.864302248577587306e-06
6.430721841752529144e-03 5.387697219848632812e-01 -9.617412462830543518e-03 -1.369175966829061508e-03 -2.147524646716192365e-04 -7.676053792238235474e-04
2.524948678910732269e-03 4.300849437713623047e-01 5.607257597148418427e-03 -6.493383087217807770e-03 -8.626400376670062542e-04 4.007235111203044653e-04
1.398556958884000778e-02 5.240649580955505371e-01 1.014092285186052322e-02 -5.675647873431444168e-03 1.853468827903270721e-03 3.346061799675226212e-03
1.306390669196844101e-02 5.025222301483154297e-01 1.003450341522693634e-02 -8.490548934787511826e-04 5.798865575343370438e-03 1.332296058535575867e-03
2.387598901987075806e-02 4.818841516971588135e-01 -2.991018118336796761e-03 3.813288174569606781e-03 6.641043350100517273e-03 4.783986369147896767e-04
1.398391928523778915e-02 4.683462679386138916e-01 -1.559064025059342384e-03 2.850113669410347939e-03 2.882064785808324814e-03 -9.064151090569794178e-04
9.456239640712738037e-03 4.655168056488037109e-01 2.563587157055735588e-03 -8.282391936518251896e-04 -1.510339556261897087e-03 -2.024911664193496108e-04
-2.853596117347478867e-03 4.516542255878448486e-01 3.862024284899234772e-03 -1.863193581812083721e-03 -4.081335384398698807e-03 7.707377662882208824e-04
1.514146919362246990e-03 4.290274083614349365e-01 -7.017898838967084885e-03 2.874780213460326195e-03 -8.924475987441837788e-04 2.082276390865445137e-03
8.412973955273628235e-03 4.236984550952911377e-01 1.715641119517385960e-04 1.028908649459481239e-03 1.784729422070086002e-03 1.128815580159425735e-03
1.300974003970623016e-02 4.163814187049865723e-01 1.206874847412109375e-03 3.870947693940252066e-04 3.628413891419768333e-03 2.803563547786325216e-04
1.411833614110946655e-02 4.024062752723693848e-01 2.165206708014011383e-03 1.899542286992073059e-03 4.162534140050411224e-03 -4.410676192492246628e-04
1.393654290586709976e-02 3.848548233509063721e-01 -2.073475916404277086e-04 2.656254218891263008e-03 2.254400635138154030e-03 1.243379316292703152e-03
8.510524407029151917e-03 3.749475181102752686e-01 7.361241150647401810e-04 1.829202519729733467e-04 2.384284889558330178e-04 1.203419757075607777e-03
3.149329219013452530e-03 3.671963512897491455e-01 1.735786208882927895e-03 7.364508928731083870e-04 -2.138940384611487389e-03 6.275846972130239010e-04
1.528950524516403675e-03 3.532183170318603516e-01 1.888870465336367488e-04 6.960317259654402733e-04 -1.591841224581003189e-03 -2.266754308948293328e-04
9.725069976411759853e-04 3.431638181209564209e-01 -1.181717263534665108e-03 -8.412220049649477005e-04 -2.434920519590377808e-03 1.920845243148505688e-04
-9.187563555315136909e-04 3.239248096942901611e-01 -1.014326466247439384e-03 -9.673120803199708462e-04 -1.485213288106024265e-03 7.390418322756886482e-04
6.384632084518671036e-03 3.138551712036132812e-01 -4.383691120892763138e-03 5.690058460459113121e-04 2.323612861800938845e-04 1.116821309551596642e-03
7.461812347173690796e-03 2.975734174251556396e-01 -2.842495450749993324e-03 3.728620358742773533e-04 1.786704640835523605e-03 8.406417910009622574e-04
5.827982909977436066e-03 2.879359424114227295e-01 1.782553037628531456e-03 -7.676134118810296059e-04 2.426905324682593346e-03 2.127625630237162113e-04
1.213467773050069809e-02 2.736662924289703369e-01 6.406859029084444046e-04 -2.781114308163523674e-04 1.871801330707967281e-03 8.070425246842205524e-05
2.789227291941642761e-03 2.570108473300933838e-01 3.248128108680248260e-03 9.133383864536881447e-04 8.723541395738720894e-04 4.759287694469094276e-04
1.056068809702992439e-03 2.371731698513031006e-01 5.354052409529685974e-04 1.622846233658492565e-03 -8.923714631237089634e-04 6.957125151529908180e-04
-4.243435978423804045e-04 2.276873886585235596e-01 1.010677777230739594e-03 3.846461768262088299e-04 -1.846528262831270695e-03 4.276673716958612204e-04
-4.991548485122621059e-04 2.191167920827865601e-01 1.984996721148490906e-03 -5.532354116439819336e-04 -2.045959234237670898e-03 4.662521532736718655e-04
1.342473551630973816e-03 2.091635614633560181e-01 -1.217239605466602370e-05 -1.105010393075644970e-03 -7.411835249513387680e-04 7.325931801460683346e-04
4.298922140151262283e-03 1.895586699247360229e-01 2.143844263628125191e-03 6.112770643085241318e-05 9.782363194972276688e-04 6.559278117492794991e-04
5.150683224201202393e-03 1.767215430736541748e-01 8.660353487357497215e-04 1.354018109850585461e-03 2.218276029452681541e-03 5.041589029133319855e-04
5.205573048442602158e-03 1.698558479547500610e-01 1.316334703005850315e-03 7.400090689770877361e-04 1.215973403304815292e-03 3.620411152951419353e-04
2.236828906461596489e-03 1.593749970197677612e-01 2.943687140941619873e-03 -1.196041048387996852e-04 2.103639999404549599e-04 -1.452263950341148302e-05
2.631698502227663994e-03 1.481617838144302368e-01 1.067784382030367851e-03 -3.544602368492633104e-04 -7.651042542420327663e-04 4.901348147541284561e-04
-1.586661790497601032e-03 1.378848850727081299e-01 1.402902649715542793e-03 9.053717076312750578e-05 1.396843581460416317e-04 6.645930698141455650e-04
3.202280960977077484e-03 1.293146014213562012e-01 2.822100650519132614e-04 1.230923575349152088e-03 7.909880368970334530e-04 2.809764118865132332e-04
5.554346716962754726e-04 1.203918457031250000e-01 -1.177016762085258961e-03 9.658334311097860336e-04 -1.927102275658398867e-04 -3.804318548645824194e-04
3.363813972100615501e-03 1.153217405080795288e-01 5.871895118616521358e-04 5.157505511306226254e-04 3.992126439698040485e-04 2.714198781177401543e-04
-2.021402360696811229e-05 1.017705798149108887e-01 2.072928939014673233e-03 5.205540219321846962e-05 6.763120763935148716e-04 5.258629680611193180e-04
6.427909713238477707e-03 1.007686629891395569e-01 1.222468446940183640e-03 3.654064785223454237e-04 7.486962713301181793e-04 5.169724463485181332e-04
5.517649115063250065e-04 8.681774139404296875e-02 -6.481073796749114990e-06 6.255283369682729244e-04 3.839967539533972740e-04 1.303993485635146499e-04
1.331450417637825012e-03 7.841598987579345703e-02 7.011658744886517525e-04 3.458295250311493874e-04 6.696668569929897785e-04 -3.957505105063319206e-04
1.262523815967142582e-03 6.938887387514114380e-02 1.303340832237154245e-04 2.610946648928802460e-05 8.152656373567879200e-04 1.683657319517806172e-04
4.783045966178178787e-03 6.718392670154571533e-02 -5.235616699792444706e-04 4.091287701157853007e-05 7.085478282533586025e-04 2.065903536276891828e-04
1.510832807980477810e-03 5.675142630934715271e-02 -2.931734779849648476e-04 1.066994518623687327e-04 5.121415597386658192e-04 2.377193886786699295e-04
8.416906930506229401e-04 5.200886353850364685e-02 -5.610120715573430061e-04 2.810406840580981225e-05 4.350466188043355942e-04 -2.543513801356311888e-06
2.116306917741894722e-03 4.623667523264884949e-02 1.834204012993723154e-04 -1.536950876470655203e-04 5.424721748568117619e-04 1.650198973948135972e-04
1.468183705583214760e-03 4.234603047370910645e-02 -1.603385026101022959e-04 -1.253550090041244403e-05 4.089776775799691677e-04 2.342399093322455883e-04
3.088969970121979713e-04 3.235779330134391785e-02 -9.753049234859645367e-04 7.377802830887958407e-05 -3.829573688562959433e-04 -4.811265389434993267e-04
-1.848040963523089886e-03 3.347139433026313782e-02 -1.146375325333792716e-06 -1.062956871464848518e-04 -4.244796873535960913e-04 1.468779519200325012e-04
-4.788600781466811895e-04 2.413650788366794586e-02 -7.536360062658786774e-04 -1.997663202928379178e-04 -2.177706046495586634e-04 3.187723050359636545e-04
6.777651724405586720e-04 2.297985740005970001e-02 -4.391562542878091335e-04 -1.473089359933510423e-04 -5.852077156305313110e-04 -2.093151997542008758e-04
-3.019210649654269218e-03 1.777254231274127960e-02 -3.633330343291163445e-04 -3.529545210767537355e-05 -2.336643374292179942e-04 6.383243453456088901e-05
1.474594697356224060e-03 1.742107048630714417e-02 -7.062127115204930305e-04 9.615717135602608323e-05 -2.031383337453007698e-05 5.370252620195969939e-05
-2.809604920912533998e-04 1.021252479404211044e-02 -1.618490350665524602e-04 -6.951427167223300785e-06 1.019619812723249197e-04 -6.673155439784750342e-05
-1.928543904796242714e-03 9.795051068067550659e-03 -1.953753817360848188e-04 4.028488183394074440e-05 -1.538802025606855750e-04 -2.244592906208708882e-05
1.636959641473367810e-04 5.477697122842073441e-03 -2.688613894861191511e-04 2.566959592513740063e-04 -1.314334513153880835e-04 2.875147329177707434e-04
-8.567753829993307590e-04 5.010432563722133636e-03 -1.505536958575248718e-03 8.065845468081533909e-04 -3.988201788160949945e-04 2.834967199305538088e-05
6.175355520099401474e-04 1.189632620662450790e-02 -1.927570207044482231e-03 6.169350817799568176e-04 -1.082063303329050541e-03 -1.637655950617045164e-04
-3.052353160455822945e-03 2.184802666306495667e-02 -9.674322791397571564e-05 -7.015614537522196770e-04 -1.504175364971160889e-03 3.354509826749563217e-04
-4.062383435666561127e-03 2.311084046959877014e-02 1.072364248102530837e-04 -9.825160959735512733e-04 -1.089420518837869167e-03 2.321433566976338625e-04
1.464467379264533520e-03 3.395567089319229126e-02 -2.050381386652588844e-03 -2.800298971123993397e-04 -5.747884279116988182e-04 3.639900824055075645e-04
-6.844991585239768028e-04 4.513370618224143982e-02 -1.707991934381425381e-03 -2.179172879550606012e-04 -7.852382259443402290e-04 1.946991542354226112e-04
-3.692901693284511566e-03 4.878446459770202637e-02 -1.767327310517430305e-03 -7.317026611417531967e-04 -1.336394809186458588e-03 2.633990079630166292e-04
-1.345348893664777279e-03 5.930963903665542603e-02 -1.135916914790868759e-03 -1.303910044953227043e-03 -1.312725362367928028e-03 9.693751926533877850e-04
-1.600559335201978683e-03 6.398099660873413086e-02 -1.620932598598301411e-03 -3.339981194585561752e-04 -4.548373690340667963e-04 1.062332536093890667e-03
-1.156347643700428307e-04 6.427039206027984619e-02 -1.814580173231661320e-04 8.691356051713228226e-04 6.888760835863649845e-04 8.759864431340247393e-05
5.028324201703071594e-03 6.910282373428344727e-02 1.895016408525407314e-03 1.435871818102896214e-03 1.477025682106614113e-03 -6.963714840821921825e-04
4.065482877194881439e-03 7.265695929527282715e-02 2.816367894411087036e-03 1.627886202186346054e-03 2.765850629657506943e-03 -3.987490199506282806e-04
7.991902530193328857e-03 8.083080500364303589e-02 1.752721611410379410e-03 1.652528299018740654e-03 3.902093973010778427e-03 -2.374484893152839504e-06
5.835855845361948013e-03 9.249612689018249512e-02 3.110631601884961128e-03 7.516507175751030445e-04 3.478006459772586823e-03 1.225456828251481056e-03
6.536220200359821320e-03 1.123482882976531982e-01 8.669104427099227905e-04 -2.207164070568978786e-04 1.902435207739472389e-03 1.440669409930706024e-03
2.084148814901709557e-03 1.277551800012588501e-01 2.076298929750919342e-03 -1.248978427611291409e-03 -4.119740333408117294e-04 1.872956636361777782e-03
-8.224857971072196960e-03 1.428719460964202881e-01 -2.529625082388520241e-03 -1.582155004143714905e-03 -2.068111440166831017e-03 2.162976423278450966e-03
-1.045820023864507675e-02 1.636550277471542358e-01 -5.006823688745498657e-03 -1.394247869029641151e-03 -3.297846997156739235e-03 3.012760542333126068e-03
-7.687577977776527405e-03 1.813436895608901978e-01 -3.727567847818136215e-03 -1.484897336922585964e-03 -3.712247824296355247e-03 3.244841471314430237e-03
-1.020319107919931412e-02 1.957940757274627686e-01 -3.588142339140176773e-03 -1.044091419316828251e-03 -2.715526847168803215e-03 3.082582028582692146e-03
-6.649786606431007385e-03 2.118919789791107178e-01 -2.295931102707982063e-03 -4.054447053931653500e-04 -6.681634695269167423e-04 3.214128781110048294e-03
4.880297638010233641e-04 2.257678508758544922e-01 -1.797253789845854044e-04 -1.162679633125662804e-03 4.740938602481037378e-04 3.163329791277647018e-03
2.383537357673048973e-03 2.363008409738540649e-01 2.637933648657053709e-04 -1.401819987222552299e-03 4.199149552732706070e-04 3.165229922160506248e-03
-1.407359959557652473e-03 2.556604146957397461e-01 2.701874356716871262e-03 -4.418518510647118092e-04 2.657995792105793953e-03 4.441136959940195084e-03
1.779642421752214432e-03 2.657663226127624512e-01 3.791112219914793968e-03 1.857825322076678276e-03 3.836968215182423592e-03 4.182342439889907837e-03
4.268905031494796276e-04 2.801435291767120361e-01 4.498030524700880051e-03 2.287250012159347534e-03 9.085923666134476662e-04 4.312226083129644394e-03
-4.034494049847126007e-03 2.842619419097900391e-01 9.148254059255123138e-03 1.183420885354280472e-03 -7.970971055328845978e-04 4.478315822780132294e-03
-1.006488455459475517e-03 3.075203001499176025e-01 6.692500784993171692e-03 1.251610228791832924e-03 6.457816925831139088e-05 5.192004609853029251e-03
4.472100175917148590e-03 3.162285089492797852e-01 5.037910304963588715e-04 4.346602596342563629e-03 2.716597868129611015e-03 4.543010611087083817e-03
-3.986303694546222687e-03 3.235771358013153076e-01 -1.140498183667659760e-02 7.449781987816095352e-03 7.777121209073811769e-05 2.600775333121418953e-03
-6.513895932585000992e-03 3.281575739383697510e-01 -6.139076314866542816e-03 1.996692270040512085e-03 -1.769006368704140186e-03 4.520277492702007294e-03
6.606051465496420860e-04 3.590579926967620850e-01 1.767729059793055058e-03 -9.234991739504039288e-04 1.620483235456049442e-04 5.202037747949361801e-03
-5.147329531610012054e-03 3.672772943973541260e-01 -3.437937935814261436e-03 2.955623436719179153e-03 -1.914661726914346218e-03 3.820075653493404388e-03
-4.757196642458438873e-03 3.784173130989074707e-01 -1.115209236741065979e-02 3.951664548367261887e-03 -3.980938345193862915e-03 2.838970860466361046e-03
-9.072680026292800903e-03 3.908919095993041992e-01 -1.369191613048315048e-02 3.516361815854907036e-03 -5.225905682891607285e-03 2.793684601783752441e-03
-5.764462519437074661e-03 4.113941490650177002e-01 -1.060109678655862808e-02 7.190933683887124062e-04 -4.595100879669189453e-03 2.232158323749899864e-03
1.308147981762886047e-02 4.384234845638275146e-01 7.987660355865955353e-04 -7.061039097607135773e-03 7.176137878559529781e-04 1.851978013291954994e-03
1.197717431932687759e-02 4.333002567291259766e-01 9.717915672808885574e-04 -4.267999436706304550e-03 5.740859545767307281e-03 1.444645342417061329e-03
1.915606856346130371e-02 4.434379041194915771e-01 2.677315846085548401e-03 2.377101918682456017e-03 4.764261655509471893e-03 6.557758315466344357e-04
8.338606916368007660e-03 4.335925281047821045e-01 1.971544232219457626e-03 4.266241565346717834e-03 2.130165928974747658e-03 7.326757768169045448e-04
1.096700131893157959e-02 3.545249402523040771e-01 5.990787176415324211e-04 1.433183555491268635e-03 -1.837855088524520397e-03 5.752613651566207409e-04
5.538802593946456909e-03 4.737023711204528809e-01 1.573029672726988792e-03 -2.710330067202448845e-03 -3.794334130361676216e-03 -2.491146733518689871e-04
-3.233108436688780785e-04 4.766008257865905762e-01 -9.513353928923606873e-03 -1.066193217411637306e-03 -2.954723080620169640e-03 -1.030404004268348217e-03
9.094503475353121758e-04 4.857524037361145020e-01 -8.286413736641407013e-03 1.034021028317511082e-03 -9.466483024880290031e-04 -1.730387099087238312e-03
2.705787541344761848e-03 4.777036607265472412e-01 -1.127527095377445221e-02 5.046463571488857269e-03 -1.003446290269494057e-03 3.588481631595641375e-04
2.052998170256614685e-03 4.793230295181274414e-01 -4.273044876754283905e-03 4.791943356394767761e-03 -2.016470301896333694e-03 2.010216936469078064e-03
1.757024228572845459e-02 5.169528126716613770e-01 7.316164672374725342e-03 -6.459784926846623421e-04 4.904731176793575287e-04 6.111165275797247887e-04
1.027820724993944168e-02 5.195996165275573730e-01 5.088615696877241135e-03 -5.630237865261733532e-04 1.144719426520168781e-03 -3.189810784533619881e-03
-4.780308902263641357e-02 6.865891162306070328e-03 1.064967643469572067e-02 1.816637115553021431e-03 1.153830555267632008e-03 -4.730895161628723145e-03
1.741020195186138153e-02 5.231523513793945312e-01 -1.280364301055669785e-02 2.263371599838137627e-03 1.427977695129811764e-04 -3.221661318093538284e-03
1.262125279754400253e-02 5.526335239410400391e-01 -1.771233044564723969e-02 -2.316387137398123741e-03 -2.123540034517645836e-03 -1.395754516124725342e-04
2.053500525653362274e-02 5.033072829246520996e-01 -1.136246509850025177e-02 -9.921467863023281097e-03 -1.536620547994971275e-03 -8.414065232500433922e-04
6.052433047443628311e-03 5.775277614593505859e-01 -1.077768974937498569e-04 -1.099935825914144516e-02 1.880630850791931152e-03 -2.174892229959368706e-03
1.513414084911346436e-02 5.929631590843200684e-01 1.071815378963947296e-02 -6.291477475315332413e-03 1.312495442107319832e-03 -2.366896485909819603e-03
2.360214246436953545e-03 5.692068934440612793e-01 1.206987909972667694e-02 -1.963462913408875465e-03 -2.861144486814737320e-03 -3.115912433713674545e-03
-4.232545848935842514e-03 5.745078921318054199e-01 1.061577815562486649e-02 -3.502702107653021812e-03 -4.425486084073781967e-03 -1.131058786995708942e-03
7.349396124482154846e-03 5.968604087829589844e-01 2.693265210837125778e-03 -1.211282797157764435e-03 -2.806910779327154160e-03 -8.679578313603997231e-04
1.130157522857189178e-02 5.984185338020324707e-01 -7.057657930999994278e-03 2.567805582657456398e-03 -2.054524957202374935e-04 -2.520618261769413948e-03
9.176825173199176788e-03 6.105364561080932617e-01 -1.302261278033256531e-02 1.304824021644890308e-03 1.979026477783918381e-03 -4.585750401020050049e-03
1.712324470281600952e-02 5.922294855117797852e-01 -1.174577325582504272e-02 -3.071245271712541580e-03 2.655941527336835861e-03 -2.837698440998792648e-03
4.416490439325571060e-03 6.320732831954956055e-01 1.281403092434629798e-04 -6.273332517594099045e-03 4.550648445729166269e-04 -3.353968262672424316e-03
1.386226061731576920e-02 6.627569198608398438e-01 2.684196457266807556e-03 -3.697564359754323959e-03 -1.893943292088806629e-03 -2.722301753237843513e-03
9.616886265575885773e-03 6.513490080833435059e-01 4.958884674124419689e-04 8.777335169725120068e-04 -1.242218422703444958e-03 -3.040593350306153297e-03
1.539176981896162033e-02 6.750548481941223145e-01 1.820816978579387069e-04 1.398689346387982368e-03 6.408483022823929787e-04 -3.290249966084957123e-03
1.805463060736656189e-02 6.228738427162170410e-01 3.263904945924878120e-03 -6.093340343795716763e-04 1.446041394956409931e-03 -1.516829943284392357e-03
2.071611210703849792e-02 6.804302930831909180e-01 -2.484850352630019188e-03 -5.186218913877382874e-05 1.058656838722527027e-03 -2.942835446447134018e-03
2.337680011987686157e-02 6.965053081512451172e-01 -1.036297064274549484e-02 2.560759894549846649e-03 1.990095479413866997e-03 -3.006826853379607201e-03
2.033992856740951538e-02 6.960616707801818848e-01 -9.688491001725196838e-03 1.519725075922906399e-03 2.923891879618167877e-03 -3.003639401867985725e-03
1.917419396340847015e-02 7.072074413299560547e-01 6.805555894970893860e-04 -9.693122410681098700e-05 1.885065576061606407e-03 -3.715491620823740959e-03
1.552981976419687271e-02 7.156019210815429688e-01 2.802116796374320984e-03 -2.091612113872542977e-04 1.176565769128501415e-03 -4.284577444195747375e-03
7.150377146899700165e-03 6.866841316223144531e-01 -3.180968575179576874e-03 4.235495813190937042e-03 1.877454109489917755e-03 -5.243430379778146744e-03
1.605589129030704498e-02 7.257609963417053223e-01 -5.159606225788593292e-03 3.343791235238313675e-03 -2.926183515228331089e-05 -2.648117719218134880e-03
1.699055172502994537e-02 7.404693365097045898e-01 -4.592436365783214569e-03 1.530023524537682533e-03 -3.562643541954457760e-06 -3.067257115617394447e-03
1.753097400069236755e-02 7.484716773033142090e-01 -1.958008855581283569e-03 -2.044623950496315956e-03 -1.394345017615705729e-04 -2.859170548617839813e-03
1.767270825803279877e-02 7.527999877929687500e-01 -7.343046017922461033e-04 -3.263948950916528702e-03 1.481337938457727432e-03 -3.750988282263278961e-03
1.903324574232101440e-02 7.461634278297424316e-01 -1.106752641499042511e-02 8.360926876775920391e-04 3.379167290404438972e-03 -1.709734438918530941e-03
-6.535396445542573929e-03 4.301898479461669922e-01 -2.954390598461031914e-03 7.557812496088445187e-04 2.722486853599548340e-03 -6.157685071229934692e-03
1.026110444217920303e-02 7.646692395210266113e-01 1.993997721001505852e-03 1.924188836710527539e-04 5.060565890744328499e-04 -2.553117461502552032e-03
1.425896212458610535e-02 7.955391407012939453e-01 -2.318561775609850883e-03 6.001722649671137333e-04 -5.045388825237751007e-04 -1.961433561518788338e-03
-5.199623992666602135e-04 9.563875943422317505e-02 -4.000260494649410248e-03 8.894556667655706406e-04 -3.392064536456018686e-05 3.378734108991920948e-04
1.782988570630550385e-02 8.494102954864501953e-01 -6.502306088805198669e-03 -7.282377919182181358e-04 -1.307916827499866486e-04 -3.593498840928077698e-04
1.041475683450698853e-02 8.073428273200988770e-01 1.387796597555279732e-03 -3.237379947677254677e-03 7.896342867752537131e-05 1.847429812187328935e-04
1.920235715806484222e-02 8.222377896308898926e-01 9.835794335231184959e-04 -1.893395674414932728e-03 2.023529261350631714e-03 -1.130655407905578613e-03
1.425246521830558777e-02 8.079690337181091309e-01 -1.644594594836235046e-03 8.940363768488168716e-04 1.156461890786886215e-03 -4.493121523410081863e-04
1.282822992652654648e-02 8.139957189559936523e-01 -3.701791167259216309e-03 8.966585155576467514e-04 -1.962992537301033735e-04 4.623981367330998182e-04
1.198032405227422714e-02 8.258158564567565918e-01 -7.326462771743535995e-03 8.587732445448637009e-04 -8.562841685488820076e-04 3.314817440696060658e-04
1.316152699291706085e-02 8.406743407249450684e-01 -1.817606680560857058e-04 -3.854397509712725878e-04 -9.321238758275285363e-05 -6.512911204481497407e-05
1.070629805326461792e-02 8.464850783348083496e-01 2.630966482684016228e-04 -5.358618800528347492e-04 2.299379557371139526e-04 -2.902678097598254681e-04
1.130827702581882477e-02 8.393805027008056641e-01 -5.019383970648050308e-03 2.363091189181432128e-04 7.090428262017667294e-04 -2.759253547992557287e-04
1.762049458920955658e-02 8.475974202156066895e-01 -7.379026152193546295e-03 1.173324882984161377e-03 1.604308374226093292e-03 -2.657787117641419172e-04
1.231754850596189499e-02 8.495811820030212402e-01 -5.216702353209257126e-03 1.105918432585895061e-03 1.458805782021954656e-04 -2.951906935777515173e-04
9.633623412810266018e-04 8.545199632644653320e-01 6.003684829920530319e-04 -2.119169104844331741e-03 -1.796924392692744732e-03 9.002516744658350945e-04
1.093722600489854813e-02 8.735669851303100586e-01 2.937059616670012474e-03 -3.653466235846281052e-03 -1.115533872507512569e-03 -3.505855565890669823e-04
1.610412821173667908e-02 8.902792334556579590e-01 1.771587412804365158e-03 -1.070030732080340385e-03 1.565907965414226055e-03 -8.672739495523273945e-04
1.652962900698184967e-02 8.601292371749877930e-01 -3.672545775771141052e-03 2.964522456750273705e-03 8.227277430705726147e-04 3.705853014253079891e-04
1.106360554695129395e-02 8.538503646850585938e-01 -7.291039451956748962e-03 3.601060248911380768e-03 4.180790856480598450e-04 -1.836095005273818970e-03
3.808361012488603592e-03 8.755254149436950684e-01 -6.339992862194776535e-03 2.583128516562283039e-04 -1.685003750026226044e-03 -7.069593993946909904e-04
9.677307680249214172e-03 8.773188591003417969e-01 -8.155060349963605404e-04 -1.568769221194088459e-03 -9.149985271506011486e-04 -2.671650436241179705e-04
1.039129775017499924e-02 8.775913715362548828e-01 -4.662094172090291977e-03 -9.717679349705576897e-04 -2.308817056473344564e-04 -3.838957636617124081e-04
1.826380193233489990e-02 8.659054040908813477e-01 -4.390405956655740738e-04 -7.154495688155293465e-04 8.953289943747222424e-05 -1.063312171027064323e-03
1.543969940394163132e-02 8.823057413101196289e-01 -2.743336837738752365e-03 -3.913522232323884964e-04 1.037008711136877537e-03 -5.364829557947814465e-04
1.588971354067325592e-02 8.794983029365539551e-01 -9.597773663699626923e-03 1.867201644927263260e-03 8.901043329387903214e-04 -1.212283270433545113e-03
1.170578133314847946e-02 8.903371691703796387e-01 -7.632067892700433731e-03 2.934557851403951645e-04 2.133215893991291523e-04 -2.183199540013447404e-04
8.577054366469383240e-03 9.049564599990844727e-01 3.910030238330364227e-03 -3.202585969120264053e-03 -2.357317571295425296e-04 3.246979322284460068e-04
1.129697263240814209e-02 8.887673616409301758e-01 2.659682184457778931e-03 -3.048100974410772324e-03 -5.495487130247056484e-04 -2.915455261245369911e-04
1.439068280160427094e-02 8.945918679237365723e-01 -8.350228890776634216e-03 1.754866098053753376e-03 -2.076084725558757782e-03 -6.048669456504285336e-04
9.551029652357101440e-03 8.929333686828613281e-01 -5.324476864188909531e-03 3.041287651285529137e-03 -1.730739837512373924e-03 -6.960103200981393456e-05
1.128928456455469131e-02 8.904252648353576660e-01 -9.656758047640323639e-03 2.063011052086949348e-03 1.326560741290450096e-03 -1.314897235715761781e-04
1.873595453798770905e-02 9.000571966171264648e-01 2.248030505143105984e-04 -1.445184345357120037e-03 2.371597802266478539e-03 -9.405216551385819912e-04
1.086526829749345779e-02 8.003338575363159180e-01 1.750577939674258232e-03 -2.536575077101588249e-03 5.392594030126929283e-04 -8.498902432620525360e-03
1.198234315961599350e-02 8.964352607727050781e-01 -1.454781042411923409e-03 -2.565771806985139847e-03 5.301938508637249470e-04 -1.473886892199516296e-03
1.081617362797260284e-02 8.014636039733886719e-01 -5.471545271575450897e-03 2.085594693198800087e-03 -1.766202622093260288e-04 -5.152689991518855095e-04
1.178830396384000778e-02 8.852604627609252930e-01 -1.514395233243703842e-02 2.745428355410695076e-03 -1.306792371906340122e-03 2.397920034127309918e-04
1.738450862467288971e-02 8.965472579002380371e-01 -5.529806949198246002e-03 -8.507729507982730865e-04 -8.105917368084192276e-04 -5.537518882192671299e-04
1.488859299570322037e-02 8.986730575561523438e-01 -3.107565222308039665e-03 -1.535509596578776836e-03 2.238211454823613167e-03 -1.387393800541758537e-03
2.096414379775524139e-02 8.990588188171386719e-01 6.250763777643442154e-03 -3.467116272076964378e-03 2.722581848502159119e-03 -1.994589547393843532e-04
1.486841961741447449e-02 9.117540121078491211e-01 2.725224010646343231e-03 2.179881266783922911e-04 7.535623735748231411e-04 -2.205370459705591202e-03
6.417302414774894714e-03 8.796760439872741699e-01 -1.385148800909519196e-02 3.745653899386525154e-03 -1.862395089119672775e-03 -1.979936350835487247e-04
1.079412456601858139e-02 8.710133433341979980e-01 -4.346712026745080948e-03 1.875259331427514553e-03 -3.984170965850353241e-03 4.677019605878740549e-04
1.830372028052806854e-02 8.743276596069335938e-01 -9.510775562375783920e-04 -4.012545978184789419e-04 -1.740552484989166260e-03 1.673834049142897129e-06
1.852382905781269073e-02 8.885781764984130859e-01 -9.412937215529382229e-04 -5.448252195492386818e-04 8.810846484266221523e-04 -7.087446283549070358e-04
1.496289204806089401e-02 8.889374136924743652e-01 2.471709391102194786e-03 -9.054072434082627296e-04 1.331547391600906849e-03 -3.393957740627229214e-04
1.175078563392162323e-02 8.713524937629699707e-01 -2.408694475889205933e-03 5.476954393088817596e-04 5.040407995693385601e-04 6.882670568302273750e-04
7.671688683331012726e-03 8.682932257652282715e-01 -5.125750787556171417e-03 2.110245171934366226e-03 -1.460080384276807308e-04 1.273465022677555680e-05
2.065690979361534119e-02 7.968939542770385742e-01 -3.351194784045219421e-03 1.374278945149853826e-04 -6.713474867865443230e-04 4.956884309649467468e-03
2.121423929929733276e-02 8.912038803100585938e-01 2.242595888674259186e-03 -2.100257901474833488e-03 8.324838127009570599e-04 -7.196734659373760223e-04
9.198378771543502808e-03 8.778223991394042969e-01 -4.133349284529685974e-05 -5.971834179945290089e-04 1.126118469983339310e-03 -1.845770166255533695e-04
1.247477531433105469e-02 8.724355697631835938e-01 -2.982211997732520103e-03 -7.085113902576267719e-04 1.073252497008070350e-05 -4.527375276666134596e-04
1.504760608077049255e-02 8.712487220764160156e-01 1.006378442980349064e-03 -1.873729866929352283e-03 1.933456165716052055e-03 1.756122073857113719e-04
1.411520317196846008e-02 8.619387745857238770e-01 -1.214802032336592674e-03 3.787307068705558777e-04 1.694310572929680347e-03 -4.030217678518965840e-05
8.063171990215778351e-03 8.736111521720886230e-01 1.973895123228430748e-03 1.671765116043388844e-03 7.326841005124151707e-04 -4.281628644093871117e-04
3.002212382853031158e-03 8.078289031982421875e-01 1.299120485782623291e-03 9.863128652796149254e-04 7.700772257521748543e-04 5.255674012005329132e-03
1.141272112727165222e-02 8.437820672988891602e-01 -4.886143840849399567e-03 2.035388955846428871e-03 -9.416426182724535465e-04 1.100156572647392750e-03
8.537465706467628479e-03 8.481585383415222168e-01 -1.010036189109086990e-02 -1.800473546609282494e-05 -1.166531001217663288e-03 1.629519974812865257e-03
1.418232358992099762e-02 8.382768630981445312e-01 -6.056588143110275269e-03 -3.383655333891510963e-03 8.152175578288733959e-04 1.070235855877399445e-03
1.376467943191528320e-02 7.333504557609558105e-01 9.839720092713832855e-03 -4.660685546696186066e-03 1.853679306805133820e-03 -5.437823710963129997e-04
1.092372741550207138e-02 8.308343887329101562e-01 4.800142254680395126e-03 1.280158990994095802e-03 -7.826088403817266226e-05 7.910076528787612915e-04
1.149595342576503754e-02 8.255606889724731445e-01 -2.917669713497161865e-03 4.068851005285978317e-03 -1.490797149017453194e-03 6.027356721460819244e-04
-2.256446145474910736e-02 -2.606913149356842041e-01 1.017454662360250950e-03 2.100423909723758698e-03 -3.542071906849741936e-03 4.633126314729452133e-03
1.270425319671630859e-02 2.854919992387294769e-02 -1.666210126131772995e-03 -2.078152727335691452e-03 -3.607815830036997795e-03 1.512506045401096344e-02
5.280514713376760483e-03 7.678335309028625488e-01 -2.154382877051830292e-03 -3.066404024139046669e-03 -1.364296535030007362e-03 1.225783722475171089e-03
5.923335906118154526e-03 8.056293129920959473e-01 3.383679315447807312e-03 -3.403396578505635262e-03 3.847201587632298470e-04 3.200182691216468811e-04
1.251655723899602890e-02 7.878490090370178223e-01 4.272056743502616882e-03 -1.217272831127047539e-03 1.872796099632978439e-03 -2.098650293191894889e-04
1.215878129005432129e-02 7.744430303573608398e-01 7.422785856761038303e-04 2.275829203426837921e-03 8.640215964987874031e-04 9.053979010786861181e-05
1.062190067023038864e-02 7.530275583267211914e-01 -1.727066119201481342e-03 3.062381641939282417e-03 -6.314993952400982380e-04 1.637611538171768188e-03
8.634172379970550537e-03 7.274073958396911621e-01 8.391004521399736404e-04 3.961697802878916264e-04 -2.968572080135345459e-03 3.820967860519886017e-03
7.061584386974573135e-03 7.360920310020446777e-01 -5.405587609857320786e-03 -9.331412147730588913e-04 -1.890244195237755775e-03 1.953484490513801575e-03
1.328385341912508011e-02 7.420987486839294434e-01 -4.918819176964461803e-04 -2.146162791177630424e-03 -1.533660688437521458e-04 1.167180249467492104e-03
1.234372332692146301e-02 7.217074036598205566e-01 9.980460163205862045e-05 -2.109661436406895518e-04 9.780131513252854347e-04 2.415437716990709305e-03
1.550141815096139908e-02 7.151722311973571777e-01 4.284922499209642410e-03 -9.182061767205595970e-04 8.621803863206878304e-05 1.047480385750532150e-03
1.364296954125165939e-02 6.835124492645263672e-01 5.112182814627885818e-03 7.047223043628036976e-04 9.916117414832115173e-04 7.793125114403665066e-04
1.482134219259023666e-02 7.008494138717651367e-01 -2.496563829481601715e-03 3.056263551115989685e-03 4.022100474685430527e-04 7.540445076301693916e-04
1.139386557042598724e-02 6.831860542297363281e-01 -3.951551858335733414e-03 1.299356692470610142e-03 -2.185338642448186874e-03 7.610755274072289467e-04
3.198739839717745781e-03 6.869508624076843262e-01 4.011737648397684097e-03 -2.639890182763338089e-03 -3.055094741284847260e-03 1.309993822360411286e-04
2.283479261677712202e-04 6.529452800750732422e-01 -1.538133714348077774e-03 -2.016630489379167557e-03 -1.379975816234946251e-03 2.234321800642646849e-05
1.043318584561347961e-02 6.296885609626770020e-01 -5.529067479074001312e-03 -7.592255715280771255e-04 4.783479380421340466e-05 9.890443179756402969e-04
6.556000094860792160e-03 6.223887205123901367e-01 -3.509425092488527298e-03 -9.916822891682386398e-04 2.273969585075974464e-05 8.121406426653265953e-05
9.930031374096870422e-03 6.148524284362792969e-01 1.641655573621392250e-03 -1.434115692973136902e-04 8.996950055006891489e-05 4.486938705667853355e-04
4.023303743451833725e-03 5.833400487899780273e-01 1.648446312174201012e-03 -2.629927475936710835e-04 3.734056372195482254e-04 -6.849531200714409351e-04
8.531082421541213989e-03 5.979763269424438477e-01 2.140619792044162750e-03 -2.479926217347383499e-03 5.540086422115564346e-04 -6.783049902878701687e-04
9.836073964834213257e-03 5.481490492820739746e-01 3.764421213418245316e-03 -2.260895445942878723e-03 -7.128507422748953104e-05 8.250907994806766510e-04
1.078357361257076263e-02 5.531601905822753906e-01 -9.998844470828771591e-04 1.355881569907069206e-03 3.051735693588852882e-04 5.895417416468262672e-04
1.411456800997257233e-02 5.372587442398071289e-01 -6.639890838414430618e-03 3.891784697771072388e-03 6.848685443401336670e-04 3.748818999156355858e-04
7.405431475490331650e-03 5.127053260803222656e-01 5.414772313088178635e-03 -1.293837791308760643e-03 -7.568391156382858753e-04 5.185392801649868488e-04
6.023852620273828506e-04 5.043194890022277832e-01 8.138782344758510590e-03 -3.040276467800140381e-03 -1.786473440006375313e-03 3.274155023973435163e-04
6.695881485939025879e-03 4.909808039665222168e-01 6.187716033309698105e-03 5.190287483856081963e-04 -8.020251989364624023e-04 9.953023400157690048e-04
8.902065455913543701e-03 4.633418619632720947e-01 -1.851132023148238659e-03 2.865361282601952553e-03 4.407308733789250255e-05 1.871237764135003090e-04
9.058551862835884094e-03 4.597239196300506592e-01 -4.445985890924930573e-03 3.113952931016683578e-03 3.933613188564777374e-04 -7.623984711244702339e-04
9.624435566365718842e-03 4.314445555210113525e-01 -2.750333165749907494e-03 1.573978690430521965e-03 8.842026581987738609e-04 -7.988836732693016529e-04
7.605549413710832596e-03 4.218815863132476807e-01 5.190374329686164856e-03 -1.667320262640714645e-03 4.641014093067497015e-04 -3.443218884058296680e-05
1.047658920288085938e-02 4.019764363765716553e-01 7.873089984059333801e-03 -1.539923599921166897e-03 3.702669055201113224e-04 1.120008091675117612e-04
9.989961981773376465e-03 3.776406049728393555e-01 1.153598423115909100e-04 1.584424870088696480e-03 4.922815132886171341e-04 -8.434192859567701817e-04
8.765364065766334534e-03 3.613424003124237061e-01 -3.610559040680527687e-03 4.266222473233938217e-03 6.603388465009629726e-04 -1.226543099619448185e-03
-3.029683604836463928e-03 3.379622399806976318e-01 -1.877439208328723907e-03 -1.017654576571658254e-04 -3.080988069996237755e-03 3.340822877362370491e-05
-5.157314590178430080e-04 3.311381936073303223e-01 -2.562628593295812607e-03 -2.667875261977314949e-03 -3.907804843038320541e-03 5.636827554553747177e-04
-3.024768549948930740e-03 3.068691194057464600e-01 9.540914907120168209e-04 -2.556137507781386375e-03 -2.949566813185811043e-03 1.198745914734899998e-03
4.553982871584594250e-04 2.933797538280487061e-01 -4.965937696397304535e-04 -6.114145508036017418e-04 -2.517761895433068275e-03 1.792810508050024509e-04
-8.298638276755809784e-04 2.646878659725189209e-01 -2.805622993037104607e-03 1.135629368945956230e-03 -3.697274078149348497e-04 -1.077777124010026455e-03
7.654304150491952896e-03 2.458812892436981201e-01 -6.381762214004993439e-04 1.765060820616781712e-03 2.329129958525300026e-03 -5.631266394630074501e-04
1.139773987233638763e-02 2.254901528358459473e-01 2.773952204734086990e-03 4.742074816022068262e-04 3.132026409730315208e-03 -3.428637501201592386e-05
7.187399081885814667e-03 2.107948362827301025e-01 2.327729482203722000e-03 1.743912289384752512e-04 1.821821671910583973e-03 4.858910688199102879e-04
4.118377808481454849e-03 1.960653960704803467e-01 2.666945103555917740e-03 3.314326459076255560e-04 1.550481189042329788e-03 1.119308435590937734e-04
2.981474390253424644e-03 1.768907159566879272e-01 -2.055994002148509026e-03 8.975932141765952110e-04 1.252085436135530472e-03 -2.061315899481996894e-04
3.346050158143043518e-03 1.642444431781768799e-01 -1.729903975501656532e-03 7.361086318269371986e-08 -7.177498191595077515e-04 1.032236541504971683e-04
-4.631519783288240433e-03 1.511712819337844849e-01 -1.292390661546960473e-04 -1.032674917951226234e-03 -1.277315081097185612e-03 5.401384551078081131e-04
3.228620393201708794e-03 1.424250304698944092e-01 -4.619571263901889324e-04 -4.310693475417792797e-04 -5.165727343410253525e-04 6.674394244328141212e-04
1.634724321775138378e-04 1.314452886581420898e-01 1.348158693872392178e-03 3.023446188308298588e-04 -4.718345007859170437e-04 1.173220516648143530e-04
2.327190246433019638e-03 1.109799146652221680e-01 -3.617401816882193089e-04 3.287184808868914843e-04 -2.546672767493873835e-04 -2.949269837699830532e-04
-4.603562410920858383e-04 1.101097688078880310e-01 -3.953555715270340443e-04 5.510924966074526310e-04 8.830380393192172050e-04 -2.510362828616052866e-04
4.651518072932958603e-03 1.018284112215042114e-01 2.935868396889418364e-04 1.849272375693544745e-04 1.244212500751018524e-03 -5.528843030333518982e-05
3.314004512503743172e-03 9.119867533445358276e-02 -1.085561525542289019e-04 -1.062606024788692594e-04 7.578042568638920784e-04 5.730408011004328728e-04
7.592164911329746246e-04 8.681530505418777466e-02 9.670907165855169296e-04 3.578239993657916784e-04 2.084143343381583691e-04 1.503015373600646853e-04
-1.415546983480453491e-03 7.973545789718627930e-02 -1.718409475870430470e-05 1.191098242998123169e-03 -2.306572569068521261e-04 -1.343709591310471296e-04
-3.251877380535006523e-03 7.678708434104919434e-02 -1.301939133554697037e-03 3.148819378111511469e-04 -1.192600815556943417e-03 -2.348602138226851821e-04
1.212366158142685890e-03 8.176969736814498901e-02 -5.577055853791534901e-04 -1.579166506417095661e-03 -1.414618454873561859e-03 -4.707396728917956352e-04
-2.741006202995777130e-03 8.236653357744216919e-02 1.148952404037117958e-03 -1.284421887248754501e-03 -1.214753487147390842e-03 5.168072311789728701e-05
-5.095279775559902191e-03 8.125954866409301758e-02 1.414087601006031036e-03 6.041707820259034634e-04 -2.976185933221131563e-04 8.473442285321652889e-04
2.293432829901576042e-03 8.703880757093429565e-02 -1.038591261021792889e-03 1.085564494132995605e-03 -7.075707253534346819e-05 4.234147199895232916e-04
3.976166248321533203e-03 9.609369188547134399e-02 -7.169956224970519543e-04 4.222040588501840830e-04 3.088758967351168394e-04 -2.368688874412328005e-04
-2.317940816283226013e-03 9.744790196418762207e-02 8.024937706068158150e-04 9.549377136863768101e-05 5.103329895064234734e-04 -4.397135053295642138e-04
4.879865329712629318e-03 1.008416637778282166e-01 4.989529261365532875e-04 4.527080454863607883e-04 5.852074827998876572e-04 -2.616838319227099419e-04
-3.795386059209704399e-03 1.004993245005607605e-01 1.029469131026417017e-04 1.437983708456158638e-03 4.430187109392136335e-04 -1.764863554853945971e-05
3.063127864152193069e-03 1.123417243361473083e-01 -2.713083813432604074e-05 1.088212127797305584e-03 1.027711623464711010e-04 5.874338967259973288e-05
2.613703254610300064e-03 1.217684149742126465e-01 -6.312149344012141228e-04 4.407002415973693132e-04 -7.851377013139426708e-04 3.017380731762386858e-05
-3.663515672087669373e-04 1.310540586709976196e-01 1.197974925162270665e-04 3.260062367189675570e-04 -9.814413497224450111e-04 -1.719164720270782709e-05
8.117969264276325703e-05 1.369427442550659180e-01 -5.668830708600580692e-04 8.834133623167872429e-04 -4.812938859686255455e-04 1.424275542376562953e-04
-1.204449683427810669e-03 1.458192914724349976e-01 -6.608754047192633152e-04 1.391632133163511753e-03 -1.015885136439464986e-04 3.569202381186187267e-04
3.075827611610293388e-03 1.686008423566818237e-01 -3.048121463507413864e-03 4.346538335084915161e-04 -4.107316490262746811e-04 6.693952600471675396e-04
1.564705371856689453e-02 1.928881704807281494e-01 -1.539312675595283508e-02 -5.350347142666578293e-03 1.081043854355812073e-03 -8.583174785599112511e-04
1.362679991871118546e-02 2.143860012292861938e-01 -7.712306454777717590e-03 -4.222869873046875000e-03 3.864240134134888649e-03 -1.517412369139492512e-03
1.155498903244733810e-02 2.147497534751892090e-01 -2.229221630841493607e-03 -1.736232894472777843e-03 4.507434554398059845e-03 -8.585607865825295448e-04
-3.964494680985808372e-04 2.223715335130691528e-01 1.564433798193931580e-03 9.036118281073868275e-04 3.454359946772456169e-03 1.794627751223742962e-03
9.144822135567665100e-03 2.440987229347229004e-01 3.943047486245632172e-03 1.239965320564806461e-03 1.401647808961570263e-03 2.543773036450147629e-03
1.254427828826010227e-03 2.681749761104583740e-01 5.523182917386293411e-03 1.107534626498818398e-03 -1.778487581759691238e-03 2.852297620847821236e-05
-3.230215981602668762e-03 2.807574272155761719e-01 1.813289476558566093e-03 1.068867510184645653e-03 -3.142970148473978043e-03 -1.447217422537505627e-03
2.175779547542333603e-03 2.904185652732849121e-01 -2.829726086929440498e-03 5.270085530355572701e-04 -1.645964104682207108e-03 -1.255951006896793842e-03
1.959408633410930634e-03 3.024583458900451660e-01 -7.027946412563323975e-03 -2.001212909817695618e-03 -9.509348892606794834e-04 6.792905624024569988e-04
3.700172761455178261e-03 3.120430409908294678e-01 3.082329872995615005e-03 1.247625914402306080e-03 2.500974107533693314e-03 1.971771707758307457e-03
1.303987950086593628e-02 3.277558684349060059e-01 2.790065715089440346e-03 1.962314127013087273e-03 2.109219203703105450e-04 1.444081077352166176e-03
3.515589050948619843e-04 3.477251529693603516e-01 1.207810943014919758e-03 1.944797986652702093e-04 -5.922312848269939423e-04 -2.037599624600261450e-04
-8.764908416196703911e-04 3.639429807662963867e-01 1.075649051927030087e-03 -7.461921777576208115e-04 -2.253696089610457420e-03 -9.558738092891871929e-04
-8.547469973564147949e-03 3.689944446086883545e-01 5.700290203094482422e-03 -5.627942155115306377e-04 -4.329497460275888443e-03 -1.878846960607916117e-04
-1.272678934037685394e-02 3.730995357036590576e-01 -1.792408712208271027e-02 5.492256022989749908e-03 -5.242291372269392014e-03 2.402298385277390480e-03
3.340026363730430603e-03 4.002349972724914551e-01 -2.020038478076457977e-02 3.648567013442516327e-03 -2.266219351440668106e-03 1.779306214302778244e-03
1.351247727870941162e-02 4.313403069972991943e-01 -1.859248802065849304e-02 -2.634830772876739502e-03 5.965732503682374954e-03 -8.179598371498286724e-04
2.064436860382556915e-02 4.385989606380462646e-01 1.615745713934302330e-04 -6.027624011039733887e-03 8.995266631245613098e-03 -8.554214728064835072e-04
1.077521778643131256e-02 4.511352479457855225e-01 1.388887502253055573e-02 -1.961405389010906219e-03 4.740521311759948730e-03 -4.927024710923433304e-04
9.674442932009696960e-03 4.571219384670257568e-01 3.843606682494282722e-04 2.512282691895961761e-03 2.946592168882489204e-03 -1.623705611564218998e-04
1.024020090699195862e-02 4.683468043804168701e-01 6.338748149573802948e-03 1.615427550859749317e-03 3.084328782279044390e-04 -4.795718123205006123e-04
-7.803410408087074757e-04 4.778460860252380371e-01 1.353429630398750305e-03 1.680428278632462025e-03 -4.618443083018064499e-03 -1.249915803782641888e-03
-9.324721992015838623e-03 4.850906431674957275e-01 -3.932802006602287292e-03 4.337513237260282040e-04 -5.726721137762069702e-03 -4.283459275029599667e-04
8.307188982143998146e-04 5.087938904762268066e-01 -6.047681905329227448e-03 9.204883244819939137e-04 -5.829177331179380417e-03 6.714016781188547611e-04
4.133897833526134491e-03 5.130152702331542969e-01 -1.053710374981164932e-02 2.515742788091301918e-03 -2.732560969889163971e-03 2.134687965735793114e-03
2.736946381628513336e-02 4.950680136680603027e-01 -1.221414841711521149e-02 3.185128734912723303e-04 2.626469591632485390e-03 5.941892974078655243e-03
3.596792370080947876e-02 4.777497351169586182e-01 -2.540291519835591316e-03 -4.567212890833616257e-03 5.679669789969921112e-03 7.160447537899017334e-03
2.273558638989925385e-02 5.451600551605224609e-01 -4.084442276507616043e-03 -3.774220123887062073e-03 7.355431094765663147e-03 -1.109357690438628197e-03
1.056486181914806366e-02 5.703765153884887695e-01 -2.830893732607364655e-03 -2.250203629955649376e-03 4.519521258771419525e-03 -1.016596099361777306e-03
-2.885089255869388580e-03 5.693030357360839844e-01 -4.369876347482204437e-03 -1.079494599252939224e-03 -1.566840917803347111e-03 -7.392893894575536251e-04
-2.212772145867347717e-03 5.823613405227661133e-01 -1.880361232906579971e-03 -3.120144130662083626e-03 -4.230096936225891113e-03 1.823589089326560497e-03
-3.000631928443908691e-03 5.873264074325561523e-01 4.761644639074802399e-03 -4.502677358686923981e-03 -4.208452533930540085e-03 6.186126265674829483e-04
7.423751056194305420e-03 6.042741537094116211e-01 -2.547980751842260361e-03 5.082684801891446114e-04 -1.169845229014754295e-03 1.282756857108324766e-04
1.460081618279218674e-02 6.087585091590881348e-01 -8.981802500784397125e-03 3.884520614519715309e-03 1.354384818114340305e-03 2.372778719291090965e-03
1.641413755714893341e-02 6.172171235084533691e-01 -3.252789843827486038e-03 2.196063986048102379e-03 2.291186247020959854e-03 2.625705907121300697e-03
1.712175644934177399e-02 6.145836114883422852e-01 -2.509011421352624893e-03 1.589186373166739941e-03 2.263434696942567825e-03 2.115512266755104065e-03
4.313007928431034088e-03 6.325169205665588379e-01 4.131819587200880051e-04 -1.630289014428853989e-03 -6.042508175596594810e-04 2.636485500261187553e-03
7.942809723317623138e-03 6.495173573493957520e-01 -7.169508375227451324e-03 -1.303129596635699272e-03 -1.628382131457328796e-03 2.243640483357012272e-04
-1.791715854778885841e-03 8.142250776290893555e-02 -8.001981303095817566e-03 1.426531525794416666e-05 -5.184239125810563564e-04 1.269079744815826416e-03
2.022898569703102112e-02 6.687746644020080566e-01 -2.568971831351518631e-03 -1.609809696674346924e-03 -1.604582648724317551e-03 7.168178563006222248e-04
1.783050782978534698e-02 6.755311489105224609e-01 5.161139182746410370e-03 -2.881942782551050186e-03 -3.877109556924551725e-04 2.967844484373927116e-04
1.561338454484939575e-02 6.980463266372680664e-01 7.749032229185104370e-03 -1.620771363377571106e-03 1.180212828330695629e-03 -2.090453490382060409e-04
1.551216468214988708e-02 6.833087205886840820e-01 -3.594296053051948547e-03 3.372088540345430374e-03 7.626210572198033333e-04 4.114989424124360085e-04
9.843423962593078613e-03 7.007270455360412598e-01 -1.095750741660594940e-02 4.235520493239164352e-03 -1.985107373911887407e-04 -3.046799101866781712e-04
1.148313563317060471e-02 7.093545198440551758e-01 -3.122995840385556221e-04 -8.644508197903633118e-04 -9.840168058872222900e-04 1.395690953359007835e-03
7.235391065478324890e-03 7.173402309417724609e-01 2.518721157684922218e-04 -2.840376691892743111e-03 -1.282002078369259834e-03 6.595544982701539993e-05
6.087811663746833801e-03 7.269436717033386230e-01 1.869308995082974434e-03 -2.293591154739260674e-03 5.999236600473523140e-05 3.726009745150804520e-04
5.478547420352697372e-03 7.057619690895080566e-01 -3.347150515764951706e-03 1.524898456409573555e-03 5.473218625411391258e-04 -6.435504183173179626e-04
5.641980096697807312e-03 7.088752985000610352e-01 -4.158833529800176620e-03 1.788158202543854713e-03 -8.593841921538114548e-04 -3.016683913301676512e-04
1.193513441830873489e-02 7.132691740989685059e-01 2.442771801725029945e-04 -8.238649461418390274e-04 -1.517580356448888779e-03 -6.635184399783611298e-05
1.456591393798589706e-02 7.122160792350769043e-01 5.853163311257958412e-04 -1.820613048039376736e-03 1.023142685880884528e-04 6.720366654917597771e-04
1.534523256123065948e-02 7.103298902511596680e-01 1.866276725195348263e-03 -1.295952126383781433e-03 6.644205423071980476e-04 1.601856900379061699e-03
7.620100863277912140e-03 7.088019847869873047e-01 1.316766021773219109e-03 -2.139019925380125642e-04 1.841965713538229465e-04 1.587748760357499123e-03
7.560226600617170334e-03 7.072649598121643066e-01 7.204749272204935551e-04 1.063969335518777370e-03 -1.040852948790416121e-04 6.398626719601452351e-04
1.091935206204652786e-02 6.716597676277160645e-01 -2.200974384322762489e-03 7.600988028571009636e-04 -1.404709299094974995e-03 4.279149579815566540e-04
1.469985954463481903e-02 6.598888635635375977e-01 -7.420239038765430450e-03 7.271895883604884148e-04 -1.720488071441650391e-03 8.074577199295163155e-04
2.190152928233146667e-02 7.741695642471313477e-01 9.136407170444726944e-04 -1.837595365941524506e-03 -6.230974104255437851e-04 9.072743123397231102e-04
2.699892222881317139e-02 7.096074819564819336e-01 -2.138621639460325241e-04 -2.912776079028844833e-03 2.971160924062132835e-03 1.087066717445850372e-03
2.036801353096961975e-02 7.297561764717102051e-01 6.952378316782414913e-05 -3.411343088373541832e-03 6.847234326414763927e-04 1.348594203591346741e-03
1.109413895756006241e-02 7.169410586357116699e-01 3.077890723943710327e-04 -5.681871552951633930e-04 -2.017273509409278631e-04 7.738487329334020615e-04
5.120154935866594315e-03 6.441470980644226074e-01 1.085206313291564584e-04 3.690767916850745678e-04 -1.365340314805507660e-03 4.530926526058465242e-05
3.939195070415735245e-03 7.812463641166687012e-01 1.509275985881686211e-03 -1.362582901492714882e-03 -3.554137656465172768e-03 9.875312680378556252e-04
7.326690014451742172e-03 6.522430777549743652e-01 4.790989216417074203e-03 -3.690908662974834442e-03 -1.533370930701494217e-03 1.906042103655636311e-03
1.520675886422395706e-02 7.200229167938232422e-01 -4.717827308923006058e-03 -7.469477131962776184e-04 2.816754393279552460e-03 6.864293827675282955e-04
9.389667771756649017e-03 6.372448801994323730e-01 -8.366796188056468964e-03 6.274505285546183586e-04 2.517894841730594635e-03 -1.298708957619965076e-04
1.713901385664939880e-02 7.845496535301208496e-01 3.114539198577404022e-03 -1.467157155275344849e-03 2.127983607351779938e-03 4.287427291274070740e-04
8.754915557801723480e-03 7.724915742874145508e-01 1.000412181019783020e-02 -2.411709399893879890e-03 -2.060182159766554832e-03 1.055061467923223972e-03
7.225790992379188538e-03 6.554669141769409180e-01 2.918515820056200027e-03 1.569405780173838139e-03 -1.290133921429514885e-03 1.313166460022330284e-03
5.280018784105777740e-03 6.927610635757446289e-01 -9.947405196726322174e-03 4.691231995820999146e-03 -1.154612866230309010e-03 2.835063962265849113e-03
6.559977307915687561e-03 6.842046976089477539e-01 9.580831974744796753e-03 -1.611705403774976730e-03 -3.684842493385076523e-03 3.258503973484039307e-03
9.423417970538139343e-03 7.107428908348083496e-01 -6.266633863560855389e-05 -9.600431658327579498e-04 1.299213618040084839e-03 1.882625045254826546e-03
1.828448288142681122e-02 7.724020481109619141e-01 3.467834321781992912e-03 -5.998999113216996193e-04 8.152588270604610443e-04 1.549298467580229044e-04
1.820627413690090179e-02 6.434653997421264648e-01 2.780870767310261726e-03 1.807966968044638634e-03 2.269546268507838249e-03 4.243815492372959852e-04
2.079327031970024109e-02 6.947321295738220215e-01 -1.715980819426476955e-03 2.336924662813544273e-03 1.834165013860911131e-04 5.522256833501160145e-04
1.261210162192583084e-02 6.785589456558227539e-01 -1.078816014342010021e-03 7.400091271847486496e-04 -9.596878662705421448e-04 7.190917385742068291e-04
1.024801749736070633e-02 7.090194821357727051e-01 -9.853483177721500397e-03 1.394361024722456932e-03 -2.395247807726264000e-03 1.084806630387902260e-03
3.220458747819066048e-03 7.387437224388122559e-01 -9.182876674458384514e-04 -1.886928570456802845e-03 -1.366362557746469975e-03 1.102054957300424576e-03
6.448835134506225586e-03 6.235238313674926758e-01 3.391575533896684647e-03 -2.826947486028075218e-03 2.906588488258421421e-04 1.294702757149934769e-03
1.694699190557003021e-02 6.752836108207702637e-01 1.023855991661548615e-02 -1.336977584287524223e-03 1.904821954667568207e-03 -3.390862257219851017e-04
1.531006395816802979e-02 6.581424474716186523e-01 5.914788227528333664e-03 2.392141148447990417e-03 3.080495167523622513e-03 2.314849698450416327e-04
1.651562564074993134e-02 6.488488912582397461e-01 -8.922522887587547302e-03 4.063463304191827774e-03 2.244219649583101273e-03 1.832926209317520261e-04
6.926498375833034515e-03 6.308335661888122559e-01 -7.919367402791976929e-03 7.712937658652663231e-04 -5.205442430451512337e-04 2.661776088643819094e-04
9.667635895311832428e-03 6.386837363243103027e-01 -3.905723104253411293e-03 -1.080722198821604252e-03 -1.831516157835721970e-03 4.631502961274236441e-04
6.606227718293666840e-03 6.282755732536315918e-01 1.873077126219868660e-03 -2.188325161114335060e-03 -1.378127723000943661e-03 1.017408794723451138e-03
4.986800253391265869e-03 5.556883811950683594e-01 2.966314787045121193e-03 -1.498315832577645779e-03 -9.731180616654455662e-04 1.289744395762681961e-03
1.388722192496061325e-02 6.679394841194152832e-01 -3.335931687615811825e-04 -2.525196468923240900e-04 5.153901292942464352e-04 5.756174796260893345e-04
1.018779072910547256e-02 5.749976038932800293e-01 -1.513216993771493435e-03 1.816469477489590645e-03 3.724110778421163559e-03 -5.667839432135224342e-04
1.732514426112174988e-02 5.824550986289978027e-01 -4.046047106385231018e-04 2.023104112595319748e-03 3.447505412623286247e-03 -9.472882375121116638e-04
9.701716713607311249e-03 5.529428124427795410e-01 1.207427470944821835e-03 4.657002864405512810e-04 1.374541316181421280e-03 2.158706338377669454e-04
7.583789993077516556e-03 5.468295216560363770e-01 4.182191565632820129e-03 4.145057755522429943e-04 -1.394142978824675083e-03 5.021569086238741875e-04
4.717633128166198730e-03 5.434265136718750000e-01 -6.806906778365373611e-03 -3.549256070982664824e-04 -2.827865304425358772e-03 -8.889216696843504906e-04
1.923622447066009045e-03 5.113332271575927734e-01 -8.775169961154460907e-03 -1.423124340362846851e-03 -1.583662000484764576e-03 -1.604767167009413242e-03
1.619598595425486565e-03 5.051780343055725098e-01 -3.485921770334243774e-03 -1.040809904225170612e-03 -8.394940523430705070e-04 -1.046619960106909275e-03
1.362866628915071487e-02 4.955783188343048096e-01 -1.499034697189927101e-03 -2.034223289228975773e-04 1.129290671087801456e-03 6.581138004548847675e-04
1.074485294520854950e-02 4.595910906791687012e-01 7.396823260933160782e-03 -1.258550444617867470e-03 2.170027000829577446e-03 3.765833971556276083e-04
