2.657834556885063648e-04 1.963820075616240501e-03 3.399625420570373535e-04 3.517091681715101004e-05 6.238926289370283484e-05 4.884174632024951279e-05
2.611191011965274811e-04 1.929192570969462395e-03 3.556969168130308390e-04 3.511083195917308331e-05 6.856233085272833705e-05 4.730664659291505814e-05
2.610852825455367565e-04 2.017414895817637444e-03 3.539744939189404249e-04 6.070965173421427608e-05 7.366517093032598495e-05 4.690585774369537830e-05
2.651181421242654324e-04 1.987336669117212296e-03 3.556314622983336449e-04 6.136619776953011751e-05 7.085089600877836347e-05 4.792997424374334514e-05
2.653171832207590342e-04 2.069802721962332726e-03 3.534436109475791454e-04 6.185733218444511294e-05 7.354254921665415168e-05 4.800756869371980429e-05
2.482635027263313532e-04 2.009605523198843002e-03 3.532347327563911676e-04 5.958415931672789156e-05 7.356650166912004352e-05 4.514208194450475276e-05
2.752720320131629705e-04 2.178466646000742912e-03 3.611576103139668703e-04 6.297610525507479906e-05 7.349548832280561328e-05 4.794782580574974418e-05
2.698219905141741037e-04 2.209678292274475098e-03 3.665812546387314796e-04 3.101548645645380020e-05 6.693484465358778834e-05 4.754841575049795210e-05
2.452422922942787409e-04 2.168024191632866859e-03 3.755968937184661627e-04 3.190581628587096930e-05 6.896773265907540917e-05 4.405409708851948380e-05
2.494670043233782053e-04 1.783824525773525238e-03 3.822921717073768377e-04 6.820853741373866796e-05 7.688993355259299278e-05 4.473397711990401149e-05
2.691542613320052624e-04 1.715317368507385254e-03 3.998165193479508162e-04 3.984885188401676714e-05 7.621222175657749176e-05 4.714906026492826641e-05
2.780608774628490210e-04 1.748775830492377281e-03 4.159489180892705917e-04 4.425089719006791711e-05 8.030905155465006828e-05 4.738721690955571830e-05
2.669847744982689619e-04 1.864591496996581554e-03 4.135731142014265060e-04 4.092906965524889529e-05 7.411927072098478675e-05 4.788658770848996937e-05
2.701793855521827936e-04 2.249739831313490868e-03 3.868126077577471733e-04 4.468243423616513610e-05 7.705103053012862802e-05 4.920923311146907508e-05
2.755254972726106644e-04 2.212261315435171127e-03 3.886057820636779070e-04 4.739588257507421076e-05 7.660001574549823999e-05 4.854039798374287784e-05
2.745146921370178461e-04 1.917561399750411510e-03 3.694049955811351538e-04 5.298088581184856594e-05 7.264064333867281675e-05 4.794748747372068465e-05
2.981169673148542643e-04 1.776876044459640980e-03 3.734912315849214792e-04 4.513746898737736046e-05 6.307430157903581858e-05 4.829629324376583099e-05
3.016544505953788757e-04 2.021003747358918190e-03 3.687701246235519648e-04 3.911567546310834587e-05 7.408605597447603941e-05 5.298719042912125587e-05
2.970984496641904116e-04 1.836618757806718349e-03 3.821578866336494684e-04 3.876659320667386055e-05 7.674069638596847653e-05 5.368718120735138655e-05
2.958562981802970171e-04 1.922759809531271458e-03 4.037619219161570072e-04 5.441099347081035376e-05 8.232169784605503082e-05 4.941039514960721135e-05
3.036294656340032816e-04 1.967448275536298752e-03 4.442945355549454689e-04 7.014277070993557572e-05 7.919328345451503992e-05 4.867112511419691145e-05
3.189754788763821125e-04 1.856747781857848167e-03 4.199817485641688108e-04 6.909870717208832502e-05 7.530041330028325319e-05 4.803348201676271856e-05
3.174543380737304688e-04 2.044463530182838440e-03 4.359228769317269325e-04 6.695543561363592744e-05 7.803834159858524799e-05 4.960005753673613071e-05
3.317724622320383787e-04 1.817259588278830051e-03 4.409122921060770750e-04 6.955838762223720551e-05 7.546267443103715777e-05 5.068461541668511927e-05
3.272198664490133524e-04 2.103946637362241745e-03 4.384921921882778406e-04 6.589532858924940228e-05 6.739159289281815290e-05 4.743370300275273621e-05
3.367492463439702988e-04 1.679254695773124695e-03 4.506738914642482996e-04 6.074210614315234125e-05 6.601502536796033382e-05 4.959190482622943819e-05
3.437191480770707130e-04 1.967860851436853409e-03 4.810121899936348200e-04 6.678781210212036967e-05 6.978087913012132049e-05 5.089948172098957002e-05
3.682216629385948181e-04 1.931929495185613632e-03 5.032828776165843010e-04 6.565297371707856655e-05 9.278947982238605618e-05 5.403891918831504881e-05
3.856942057609558105e-04 2.308561699464917183e-03 5.140914581716060638e-04 6.341975677059963346e-05 9.172830323223024607e-05 5.417581996880471706e-05
4.373156698420643806e-04 2.272637328132987022e-03 4.956516786478459835e-04 5.625861376756802201e-05 8.075193181866779923e-05 6.328755989670753479e-05
4.594741330947726965e-04 2.365606604143977165e-03 6.267083808779716492e-04 6.628211122006177902e-05 1.000950942398048937e-04 6.441886216634884477e-05
4.621223197318613529e-04 2.287323819473385811e-03 5.149657372385263443e-04 5.788434646092355251e-05 5.109521953272633255e-05 7.977509812917560339e-05
5.372531013563275337e-04 3.137382678687572479e-03 5.332159926183521748e-04 5.553914525080472231e-05 8.520109258824959397e-05 9.027477062772959471e-05
5.325638921931385994e-04 2.517224987968802452e-03 4.749464860651642084e-04 4.127232386963441968e-05 3.538194869179278612e-05 7.314062531804665923e-05
5.704205832444131374e-04 2.187113277614116669e-03 4.697875701822340488e-04 6.031966040609404445e-05 7.450157136190682650e-05 7.853801071178168058e-05
5.420011002570390701e-04 2.063805703073740005e-03 4.527181445155292749e-04 7.632026972714811563e-05 4.337221616879105568e-05 7.948688289616256952e-05
5.736294551752507687e-04 2.191687235608696938e-03 5.252003902569413185e-04 9.612273424863815308e-05 5.203383625485002995e-05 8.045748836593702435e-05
6.334359641186892986e-04 2.173242392018437386e-03 4.476004396565258503e-04 9.022904851008206606e-05 4.128870568820275366e-05 7.732203812338411808e-05
6.487842183560132980e-04 1.569475745782256126e-03 4.080066864844411612e-04 8.540383714716881514e-05 5.742537177866324782e-05 7.858156459406018257e-05
8.120867423713207245e-04 2.110032364726066589e-03 3.697209467645734549e-04 7.689656922593712807e-05 4.644058208214119077e-05 1.042833246174268425e-04
7.576607749797403812e-04 1.473658718168735504e-03 3.867342893499881029e-04 8.670530223753303289e-05 3.823554652626626194e-05 9.556838631397113204e-05
7.585634593851864338e-04 1.718090730719268322e-03 3.630258142948150635e-04 7.522493251599371433e-05 3.537960947141982615e-05 9.346592560177668929e-05
8.384121465496718884e-04 1.320259063504636288e-03 3.760504478123039007e-04 7.498505146941170096e-05 4.175140202278271317e-05 9.699213114799931645e-05
8.249626262113451958e-04 1.699002692475914955e-03 4.103614483028650284e-04 7.339738658629357815e-05 7.089799328241497278e-05 8.877064828993752599e-05
9.439526475034654140e-04 1.541555044241249561e-03 3.482136235106736422e-04 6.651965668424963951e-05 3.195949830114841461e-05 9.653755114413797855e-05
8.402523817494511604e-04 1.578605850227177143e-03 3.923617186956107616e-04 6.696585478493943810e-05 6.741244578734040260e-05 8.779402560321614146e-05
1.115294988267123699e-03 1.788604189641773701e-03 3.655565087683498859e-04 6.841143476776778698e-05 4.194151551928371191e-05 1.169867100543342531e-04
1.040873466990888119e-03 1.838474185205996037e-03 3.854884416796267033e-04 6.411416688933968544e-05 4.719125354313291609e-05 1.067230550688691437e-04
1.229066983796656132e-03 1.741445041261613369e-03 3.951548133045434952e-04 7.054494926705956459e-05 3.043140350200701505e-05 1.160341780632734299e-04
1.189987291581928730e-03 1.617670757696032524e-03 3.565091465134173632e-04 5.897321534575894475e-05 4.333303149905987084e-05 1.022126234602183104e-04
9.125204524025321007e-04 1.997576793655753136e-03 3.797708195634186268e-04 6.010590368532575667e-05 5.070525003247894347e-05 8.025165880098938942e-05
1.172976917587220669e-03 2.001123968511819839e-03 3.793536161538213491e-04 6.747636507498100400e-05 5.646526915370486677e-05 1.064439347828738391e-04
1.154133700765669346e-03 1.458423095755279064e-03 3.519767778925597668e-04 5.964708179817534983e-05 5.418938599177636206e-05 9.015764226205646992e-05
1.015072688460350037e-03 1.720733940601348877e-03 3.134593134745955467e-04 5.617800707113929093e-05 2.983435115311294794e-05 7.865691441111266613e-05
1.168989925645291805e-03 2.161378739401698112e-03 3.481001185718923807e-04 5.945333032286725938e-05 5.676312503055669367e-05 8.943887223722413182e-05
1.324310433119535446e-03 1.980645814910531044e-03 4.170036409050226212e-04 6.979575846344232559e-05 8.381113002542406321e-05 1.056358960340730846e-04
1.335998065769672394e-03 2.013455610722303391e-03 4.767591017298400402e-04 7.979031215654686093e-05 7.503356027882546186e-05 1.058814596035517752e-04
1.299731549806892872e-03 1.772908028215169907e-03 4.063700034748762846e-04 6.333182682283222675e-05 6.516646681120619178e-05 1.005698577500879765e-04
1.153078279457986355e-03 2.302847336977720261e-03 5.208042566664516926e-04 8.693950803717598319e-05 6.965728243812918663e-05 9.166046947939321399e-05
1.271841349080204964e-03 2.061198931187391281e-03 4.580893146339803934e-04 7.666121382499113679e-05 7.532238669227808714e-05 9.608070104150101542e-05
1.193034811876714230e-03 1.920789829455316067e-03 4.273576196283102036e-04 5.853434049640782177e-05 6.627842958550900221e-05 1.009598345262929797e-04
1.253375899977982044e-03 1.733780140057206154e-03 5.090080085210502148e-04 8.827518468024209142e-05 7.033155998215079308e-05 8.629984222352504730e-05
1.121860579587519169e-03 1.562708872370421886e-03 3.960639878641813993e-04 6.321293767541646957e-05 6.679144280496984720e-05 9.700553346192464232e-05
1.355068525299429893e-03 1.847947831265628338e-03 4.369177040643990040e-04 7.105186523403972387e-05 7.278713746927678585e-05 1.152225959231145680e-04
1.009915838949382305e-03 2.017211867496371269e-03 3.424669848755002022e-04 4.933137824991717935e-05 5.609792788163758814e-05 7.069542334647849202e-05
9.688375284895300865e-04 2.230799756944179535e-03 3.428337804507464170e-04 4.842256385018117726e-05 5.764870729763060808e-05 7.055037713143974543e-05
9.936300339177250862e-04 2.029432216659188271e-03 3.351584600750356913e-04 5.189588773646391928e-05 5.602430974249728024e-05 9.638354094931855798e-05
1.076540327630937099e-03 2.109701279550790787e-03 3.162772627547383308e-04 4.765893754665739834e-05 5.461403270601294935e-05 1.088962453650310636e-04
1.157710095867514610e-03 2.841858658939599991e-03 3.569712280295789242e-04 5.247419176157563925e-05 6.648114504059776664e-05 1.664347510086372495e-04
9.966687066480517387e-04 2.689188346266746521e-03 3.913339460268616676e-04 6.738932279404252768e-05 6.833014776930212975e-05 1.202523271786049008e-04
8.348001865670084953e-04 1.774424104951322079e-03 3.579394542612135410e-04 4.964115578331984580e-05 6.297460640780627728e-05 9.873392264125868678e-05
8.437764481641352177e-04 1.782568288035690784e-03 3.791370836552232504e-04 5.370597864384762943e-05 6.472972745541483164e-05 8.607540803495794535e-05
9.219977655448019505e-04 1.912149833515286446e-03 3.672204329632222652e-04 5.440011227619834244e-05 6.816384120611473918e-05 1.226988097187131643e-04
8.510370971634984016e-04 2.034817822277545929e-03 3.677479107864201069e-04 5.688703822670504451e-05 7.328659557970240712e-05 1.313160464633256197e-04
9.161981288343667984e-04 2.131527056917548180e-03 3.901167074218392372e-04 5.046214209869503975e-05 8.110898488666862249e-05 1.369948295177891850e-04
9.355843067169189453e-04 2.042977139353752136e-03 3.858924610540270805e-04 3.808556357398629189e-05 6.334855424938723445e-05 1.487760455347597599e-04
7.784278714098036289e-04 1.737132435664534569e-03 4.023675865028053522e-04 3.969959652749821544e-05 7.488553092116490006e-05 1.203333958983421326e-04
7.595252827741205692e-04 2.054149284958839417e-03 4.450366541277617216e-04 4.249306948622688651e-05 8.408850408159196377e-05 1.360304886475205421e-04
6.366060697473585606e-04 1.769340829923748970e-03 4.708210763055831194e-04 4.609737516148015857e-05 7.880634802859276533e-05 1.060035574482753873e-04
5.915714427828788757e-04 1.996755134314298630e-03 4.533984174486249685e-04 3.845271567115560174e-05 6.930676318006590009e-05 1.015929665300063789e-04
5.750120617449283600e-04 1.825896324589848518e-03 5.157493287697434425e-04 4.019001426058821380e-05 7.858085882617160678e-05 9.252649761037901044e-05
5.358999478630721569e-04 1.286760903894901276e-03 5.303811049088835716e-04 4.508420533966273069e-05 6.563740316778421402e-05 6.954064883757382631e-05
5.604750476777553558e-04 1.485255314037203789e-03 4.807667282875627279e-04 4.732912202598527074e-05 7.009603723417967558e-05 8.397581405006349087e-05
5.606070044450461864e-04 1.695850165560841560e-03 4.236540116835385561e-04 4.318770515965297818e-05 6.545639189425855875e-05 8.817163325147703290e-05
5.828694556839764118e-04 1.568293082527816296e-03 4.235166707076132298e-04 3.768130773096345365e-05 6.005795512464828789e-05 7.715690298937261105e-05
6.626922404393553734e-04 1.889133825898170471e-03 3.795360098592936993e-04 4.063389133079908788e-05 6.053196557331830263e-05 9.047362982528284192e-05
7.292900700122117996e-04 1.490623690187931061e-03 3.859421995002776384e-04 3.842804653686471283e-05 6.470086373155936599e-05 9.332839545095339417e-05
8.042849949561059475e-04 1.484298380091786385e-03 3.908110375050455332e-04 3.454522448009811342e-05 6.710202433168888092e-05 9.605854575056582689e-05
8.150190114974975586e-04 1.689685508608818054e-03 4.051437135785818100e-04 3.575272421585395932e-05 5.887435327167622745e-05 8.504608558723703027e-05
9.275173069909214973e-04 1.691647921688854694e-03 4.157706862315535545e-04 3.607981489039957523e-05 6.177640170790255070e-05 9.962655894923955202e-05
8.371018921025097370e-04 1.656229374930262566e-03 4.003187932539731264e-04 3.476512574707157910e-05 4.457738759811036289e-05 9.916795534081757069e-05
8.469044114463031292e-04 1.840353943407535553e-03 4.351616662461310625e-04 7.170860772021114826e-05 8.425943815382197499e-05 1.164262575912289321e-04
7.816304569132626057e-04 1.738124177791178226e-03 4.133781767450273037e-04 5.955462620477192104e-05 6.846834730822592974e-05 1.121928216889500618e-04
6.523267948068678379e-04 1.747454050928354263e-03 3.827937762252986431e-04 2.670186586328782141e-05 3.870314685627818108e-05 9.941722964867949486e-05
6.857843836769461632e-04 1.366386422887444496e-03 3.899505245499312878e-04 5.550132118514738977e-05 3.016997288796119392e-05 8.543766307411715388e-05
8.117068209685385227e-04 1.735394936986267567e-03 3.597626928240060806e-04 4.553788312477990985e-05 3.311375985504128039e-05 1.117940119002014399e-04
8.382209925912320614e-04 1.727415597997605801e-03 4.848087846767157316e-04 3.763256609090603888e-05 3.362486313562840223e-05 9.852297807810828090e-05
9.309225133620202541e-04 1.392112229950726032e-03 4.056011384818702936e-04 4.489409911911934614e-05 3.274972186773084104e-05 8.797160262474790215e-05
9.520901949144899845e-04 1.368609606288373470e-03 5.556257092393934727e-04 8.251071267295628786e-05 4.042243745061568916e-05 8.695834549143910408e-05
8.066985174082219601e-04 1.306766760535538197e-03 4.960938240401446819e-04 6.908373325131833553e-05 3.676265259855426848e-05 8.193940448109060526e-05
