4.023917717859148979e-04 7.250630855560302734e-02 -3.658877394627779722e-04 2.715945884119719267e-04 -4.309762443881481886e-04 1.220371050294488668e-04
3.050601575523614883e-03 6.950841099023818970e-02 -7.018891628831624985e-04 -1.207351670018397272e-05 -2.727526880335062742e-04 -6.854215826024301350e-06
1.648959121666848660e-03 6.242615357041358948e-02 -6.195970927365124226e-04 1.817377597035374492e-05 3.580656484700739384e-04 1.276958755624946207e-05
4.151121713221073151e-03 5.549734830856323242e-02 -6.006247713230550289e-04 2.103364095091819763e-04 5.251714610494673252e-04 -8.743812941247597337e-06
-1.758057187544181943e-04 4.390634968876838684e-02 -2.098944532917812467e-04 5.200816303840838373e-05 4.305508919060230255e-04 -1.739832223393023014e-04
1.845956197939813137e-03 4.147121682763099670e-02 -5.591847584582865238e-04 1.621567935217171907e-04 1.401637418894097209e-04 7.515284232795238495e-05
-7.365432102233171463e-04 3.328109905123710632e-02 -4.196308145765215158e-04 2.237459120806306601e-04 -1.401970221195369959e-04 1.552936009829863906e-04
-1.526329433545470238e-03 2.833801321685314178e-02 -4.734733665827661753e-04 1.785848144209012389e-04 -2.096360549330711365e-04 1.017324102576822042e-04
2.968447806779295206e-04 2.545530721545219421e-02 -5.259946337901055813e-04 1.492800947744399309e-04 -2.354772150283679366e-04 3.161204585921950638e-05
1.254966366104781628e-03 1.810328848659992218e-02 -4.352176329120993614e-04 1.732364034978672862e-04 -2.905713699874468148e-05 -5.006864012102596462e-05
-9.132234263233840466e-04 2.267778664827346802e-02 2.973225491587072611e-06 2.519282861612737179e-04 1.569665619172155857e-04 -3.189244307577610016e-04
-1.372839207760989666e-03 1.419730577617883682e-02 -4.283373127691447735e-04 7.245020824484527111e-04 3.944066702388226986e-05 1.130578166339546442e-04
-1.168111557490192354e-04 2.057180181145668030e-02 -9.945326019078493118e-04 6.016685510985553265e-04 9.735878848005086184e-05 3.197520563844591379e-04
4.951689857989549637e-03 2.985665574669837952e-02 -1.877775212051346898e-04 -2.030570321949198842e-04 4.135800190852023661e-05 1.665593008510768414e-04
-5.459372187033295631e-05 3.187695890665054321e-02 -4.823402850888669491e-04 -2.984215971082448959e-04 -1.134412814280949533e-04 -1.393310085404664278e-04
-1.515566254965960979e-03 3.544114157557487488e-02 -9.696515044197440147e-04 2.276016675750724971e-05 1.685895258560776711e-04 -1.182846608571708202e-04
4.251583945006132126e-03 4.467545077204704285e-02 -6.478967261500656605e-04 7.328121864702552557e-05 3.601263233576901257e-05 -3.440281579969450831e-05
-6.684813415631651878e-04 4.729600995779037476e-02 -4.967759596183896065e-04 -9.262227831641212106e-05 -6.478203431470319629e-05 2.324825181858614087e-04
-5.556712858378887177e-04 4.909414425492286682e-02 4.946687113260850310e-05 8.528671605745330453e-05 2.258797758258879185e-04 3.286047722212970257e-04
-2.727893181145191193e-03 5.555731430649757385e-02 1.396236912114545703e-04 2.957589458674192429e-04 4.857563180848956108e-04 -1.720321743050590158e-04
4.752350039780139923e-03 5.936801433563232422e-02 -7.422450580634176731e-04 5.486190784722566605e-04 5.776535836048424244e-04 -1.253921946045011282e-04
-6.945081986486911774e-04 6.567424535751342773e-02 7.181270048022270203e-04 6.816366221755743027e-04 7.974319742061197758e-04 1.445418456569314003e-04
9.424434392713010311e-04 8.033900707960128784e-02 6.227082340046763420e-04 7.428204989992082119e-04 7.924552191980183125e-04 8.325178350787609816e-05
3.334765555337071419e-03 9.569370001554489136e-02 1.092558261007070541e-03 2.409901790088042617e-04 8.450761670246720314e-04 4.462531360331922770e-04
1.790013746358454227e-03 1.086361110210418701e-01 3.275070339441299438e-04 -5.636091227643191814e-04 3.327597223687916994e-04 8.137134864227846265e-05
-3.797913203015923500e-03 1.251303851604461670e-01 7.908870466053485870e-04 -9.857348632067441940e-04 2.834085316862910986e-04 7.594496128149330616e-05
1.596554066054522991e-04 1.384755373001098633e-01 -1.629310892894864082e-03 -5.298224859870970249e-04 4.035552847199141979e-04 -6.140155892353504896e-05
4.090562462806701660e-03 1.620314717292785645e-01 -1.688521122559905052e-03 1.337013327429303899e-05 -6.827733886893838644e-05 1.152156037278473377e-04
3.090197918936610222e-03 1.806809455156326294e-01 -1.282454701140522957e-03 6.132734415587037802e-05 -4.966686828993260860e-04 -1.361028407700359821e-04
1.893352833576500416e-03 1.535735875368118286e-01 -1.901456154882907867e-03 -4.391379115986637771e-05 -4.350773815531283617e-04 8.099090337054803967e-05
2.374819247052073479e-03 2.506447136402130127e-01 -1.263846876099705696e-03 2.231953476439230144e-05 -3.943789051845669746e-04 4.213967185933142900e-04
4.737635143101215363e-03 2.215613722801208496e-01 -3.282242221757769585e-03 -1.575747155584394932e-04 -1.921636285260319710e-04 7.496291073039174080e-04
1.336999703198671341e-03 2.440920770168304443e-01 -2.069809939712285995e-03 -2.964651503134518862e-04 -7.944610115373507142e-05 -1.410465047229081392e-04
5.535942036658525467e-03 2.643715441226959229e-01 -2.895213197916746140e-03 -2.455100366205442697e-05 3.111895639449357986e-04 -3.696797939483076334e-04
5.562549922615289688e-03 2.792698442935943604e-01 -1.399034401401877403e-03 2.456280053593218327e-04 6.106144865043461323e-04 2.560692373663187027e-04
4.310792312026023865e-03 2.910150885581970215e-01 -6.150702829472720623e-04 4.243424336891621351e-04 6.697369972243905067e-04 2.841039386112242937e-04
1.147633697837591171e-02 3.063389956951141357e-01 -3.526004729792475700e-03 4.353807016741484404e-04 2.390601293882355094e-04 4.096712218597531319e-04
8.471354842185974121e-03 3.283723294734954834e-01 -3.008622908964753151e-03 -6.637699552811682224e-04 -1.729752693790942430e-04 8.628692012280225754e-05
3.182743676006793976e-03 3.480564653873443604e-01 -1.682975329458713531e-03 -2.127255720552057028e-04 1.650462218094617128e-04 1.011872445815242827e-04
1.172623597085475922e-02 3.567833900451660156e-01 -2.644906984642148018e-03 3.898364957422018051e-04 -1.564484118716791272e-04 -8.838862413540482521e-05
7.695906097069382668e-04 3.505253493785858154e-01 -5.570787936449050903e-03 4.070351133123040199e-04 -3.594663576222956181e-04 1.296309783356264234e-04
1.289878040552139282e-02 4.283410012722015381e-01 -5.416298285126686096e-03 7.962704694364219904e-05 2.227554214186966419e-04 -1.274992246180772781e-04
3.734362777322530746e-03 4.087166488170623779e-01 -4.179679322987794876e-03 -8.309479744639247656e-05 4.863595822826027870e-04 -6.234752800082787871e-05
5.541393067687749863e-03 4.258435964584350586e-01 -1.627140562050044537e-03 7.679821574129164219e-04 6.806977326050400734e-04 -3.856972907669842243e-04
7.313241716474294662e-03 4.013257622718811035e-01 -3.106978256255388260e-03 1.608575577847659588e-03 1.950128062162548304e-04 -7.164164708228781819e-05
6.821523886173963547e-03 4.556163251399993896e-01 -3.400691552087664604e-03 1.445434289053082466e-03 -5.907517625018954277e-04 5.835769698023796082e-04
3.842163132503628731e-03 5.031240582466125488e-01 -2.850317396223545074e-03 1.035197870805859566e-03 -6.399228004738688469e-04 5.404258263297379017e-04
1.087488234043121338e-02 4.836598336696624756e-01 -5.973236635327339172e-03 1.597824040800333023e-03 -1.534057664684951305e-03 -6.059064617147669196e-05
-3.892537206411361694e-03 4.936579167842864990e-01 -4.394817631691694260e-03 1.098979380913078785e-03 -3.511617891490459442e-03 -3.464301989879459143e-04
1.349334255792200565e-03 4.068177640438079834e-01 -6.455094087868928909e-03 1.527542946860194206e-03 -2.860722830519080162e-03 2.490109473001211882e-04
3.687907475978136063e-03 5.745487809181213379e-01 -7.841269485652446747e-03 2.551107172621414065e-05 -2.001260640099644661e-03 1.525281841168180108e-04
1.101611740887165070e-02 5.765102505683898926e-01 -6.833107676357030869e-03 -7.637804374098777771e-04 2.634124539326876402e-04 2.194995031459257007e-04
2.979885414242744446e-02 4.382617473602294922e-01 -7.479452993720769882e-03 -8.987584151327610016e-04 2.592324512079358101e-03 1.050235005095601082e-05
2.111192606389522552e-02 6.581662893295288086e-01 5.211948882788419724e-04 6.499086739495396614e-04 3.354447660967707634e-03 -2.091794158332049847e-04
8.059179410338401794e-03 5.082613229751586914e-01 -1.928293495438992977e-03 1.081341295503079891e-03 -1.811436610296368599e-03 -5.811036098748445511e-04
-6.573424674570560455e-03 5.863808989524841309e-01 -1.556649571284651756e-03 2.282681234646588564e-04 -4.446824081242084503e-03 -1.383697497658431530e-03
3.783703432418406010e-04 5.785370469093322754e-01 -3.305907594040036201e-03 -1.068249461241066456e-03 -4.770452622324228287e-03 -1.003903569653630257e-03
9.779269807040691376e-03 5.977045297622680664e-01 -9.684244170784950256e-03 -3.052266547456383705e-04 -2.862612018361687660e-03 -4.256088141119107604e-05
5.299863871186971664e-03 6.066086888313293457e-01 -1.086225267499685287e-02 -8.375159814022481441e-04 -1.002196571789681911e-03 6.040368461981415749e-04
1.678275130689144135e-02 5.633355975151062012e-01 -9.054618887603282928e-03 -2.601360203698277473e-03 1.897136215120553970e-03 2.681518089957535267e-04
1.641304604709148407e-02 7.065427303314208984e-01 -1.930090133100748062e-03 -4.382798913866281509e-03 4.142447840422391891e-03 -8.771133143454790115e-04
4.755855537950992584e-03 6.243542432785034180e-01 -2.612250624224543571e-03 -6.977235898375511169e-04 3.768799128010869026e-03 -2.663475228473544121e-03
-4.693644586950540543e-03 6.744767427444458008e-01 -1.088212244212627411e-03 -1.971326128114014864e-05 -2.161775017157196999e-03 -8.540908456780016422e-04
2.137670293450355530e-03 6.275454759597778320e-01 -4.542909562587738037e-03 -3.474714758340269327e-04 -3.067184239625930786e-03 -3.866330080199986696e-04
1.112768799066543579e-02 6.710878014564514160e-01 -6.111081223934888840e-03 -1.458747894503176212e-03 -1.374783023493364453e-04 -1.436876831576228142e-03
2.073423005640506744e-02 6.852778196334838867e-01 -5.925338715314865112e-03 -1.394952763803303242e-03 4.936863202601671219e-03 -1.881425618194043636e-03
2.361758612096309662e-02 6.785178184509277344e-01 -2.966088009998202324e-03 1.163447042927145958e-03 6.872205063700675964e-03 -1.919864909723401070e-03
2.059292607009410858e-02 6.880419254302978516e-01 -7.741597073618322611e-05 1.077927066944539547e-03 3.958060871809720993e-03 -1.049205427989363670e-03
8.197410032153129578e-03 6.886451840400695801e-01 4.761014133691787720e-03 9.940487798303365707e-04 -6.852751830592751503e-04 -9.774354839464649558e-05
-3.353568026795983315e-03 6.264769434928894043e-01 -4.034603480249643326e-03 3.408457851037383080e-03 -3.773978212848305702e-03 -2.750290732365101576e-04
2.769634593278169632e-03 7.943263053894042969e-01 -9.385169483721256256e-03 2.417743671685457230e-03 -3.738818923011422157e-03 4.777191497851163149e-04
1.078881509602069855e-02 7.077822089195251465e-01 -1.147779636085033417e-02 -1.096094143576920033e-03 1.158998464234173298e-03 5.798035417683422565e-04
1.951267011463642120e-02 6.522423028945922852e-01 -4.303870256990194321e-03 -3.692068159580230713e-03 5.597033072263002396e-03 -2.710888511501252651e-04
2.890457212924957275e-02 8.088391423225402832e-01 1.308182836510241032e-03 -1.842262223362922668e-03 5.317555274814367294e-03 -3.639730566646903753e-04
9.362622164189815521e-03 7.324865460395812988e-01 1.306436257436871529e-03 1.311193336732685566e-03 1.604871649760752916e-04 -1.957622298505157232e-04
2.528699347749352455e-03 7.470327019691467285e-01 -3.481984604150056839e-03 2.261963207274675369e-03 -4.092740826308727264e-03 -1.257999101653695107e-03
-1.696287421509623528e-03 7.330771684646606445e-01 -5.153949372470378876e-03 6.486647762358188629e-04 -4.220820497721433640e-03 1.217823475599288940e-03
8.344666101038455963e-03 7.436563968658447266e-01 -7.520191837102174759e-03 -2.005029702559113503e-03 -1.132145174778997898e-03 1.290063839405775070e-03
1.446329522877931595e-02 7.617212533950805664e-01 -4.529628437012434006e-03 -4.180347081273794174e-03 3.160519758239388466e-03 5.867718573426827788e-05
1.664551533758640289e-02 6.832206845283508301e-01 -2.887773327529430389e-03 -3.440257161855697632e-03 3.745288355275988579e-03 -8.656310383230447769e-04
9.769320487976074219e-03 8.331000208854675293e-01 -1.421180553734302521e-03 -2.474210341461002827e-04 1.438615494407713413e-03 1.201898703584447503e-05
7.909271866083145142e-03 7.470534443855285645e-01 -2.657480537891387939e-03 1.631459570489823818e-03 -2.624909102451056242e-04 1.042224233970046043e-03
9.020671714097261429e-04 7.778198719024658203e-01 -1.686531933955848217e-03 3.323369310237467289e-04 -1.256401068530976772e-03 2.954041701741516590e-04
1.695313304662704468e-02 7.259693741798400879e-01 -6.697108037769794464e-03 8.075342047959566116e-04 8.914112695492804050e-04 1.506639237049967051e-04
1.275897491723299026e-02 7.456392049789428711e-01 -5.002907477319240570e-03 4.498122725635766983e-04 2.305678790435194969e-03 9.402567229699343443e-05
1.918799988925457001e-02 7.546337842941284180e-01 -1.431028358638286591e-03 -1.118186992243863642e-04 2.034150529652833939e-03 5.380139918997883797e-04
9.987114928662776947e-03 7.485448718070983887e-01 -9.653801098465919495e-04 8.657336002215743065e-05 -5.499628605321049690e-04 5.431734607554972172e-04
1.340965647250413895e-02 7.638642191886901855e-01 1.152239623479545116e-03 8.393373718718066812e-05 -1.545587670989334583e-03 -5.570476059801876545e-05
7.462034933269023895e-03 7.478315830230712891e-01 -1.827872591093182564e-03 4.144385457038879395e-03 -2.239104826003313065e-03 1.593171153217554092e-03
1.154721342027187347e-02 6.807176470756530762e-01 -6.726947613060474396e-03 3.669235622510313988e-03 -2.597372222226113081e-04 -1.110283483285456896e-05
1.244920585304498672e-02 8.355048894882202148e-01 -4.756263922899961472e-03 -5.997826810926198959e-04 9.243711247108876705e-05 -2.698511234484612942e-04
1.184757426381111145e-02 7.626524567604064941e-01 -1.017949916422367096e-02 -2.192278625443577766e-04 -9.285401320084929466e-04 8.039585663937032223e-04
2.951740287244319916e-03 6.929463744163513184e-01 -6.664454936981201172e-03 -1.769631518982350826e-03 -2.400195226073265076e-03 2.186240744777023792e-04
7.517458871006965637e-03 8.421902060508728027e-01 3.616550005972385406e-03 -3.583151847124099731e-03 -2.779248403385281563e-03 1.013820947264321148e-04
1.096510887145996094e-02 7.652972340583801270e-01 -2.357040531933307648e-03 -2.608690410852432251e-03 -3.286379214841872454e-04 2.043118875008076429e-04
7.745985407382249832e-03 7.611856460571289062e-01 -4.715419840067625046e-03 -7.692870567552745342e-04 2.212369814515113831e-03 5.070013576187193394e-04
1.669852435588836670e-02 7.733664512634277344e-01 -7.570269051939249039e-03 -4.211376653984189034e-05 2.378243720158934593e-03 -1.284038648009300232e-03
1.546538621187210083e-02 7.473659515380859375e-01 -4.186792299151420593e-03 -3.098884131759405136e-03 2.356478245928883553e-03 6.686928682029247284e-04
9.759513661265373230e-03 7.722785472869873047e-01 2.711740555241703987e-03 -1.811541500501334667e-03 3.852126828860491514e-04 -1.000233460217714310e-03
3.938497509807348251e-03 6.820595264434814453e-01 6.570874713361263275e-03 1.449915696866810322e-03 -1.442039385437965393e-03 2.631015377119183540e-05
