-7.131220772862434387e-03 4.415434598922729492e-01 6.601671688258647919e-03 9.908656356856226921e-04 -1.496162032708525658e-03 -1.471675204811617732e-04
-2.498374087736010551e-03 4.171441495418548584e-01 7.626088336110115051e-03 2.299161395058035851e-03 -1.951727666892111301e-03 -1.689806929789483547e-03
4.259943496435880661e-03 4.079706072807312012e-01 9.126914083026349545e-04 1.480386476032435894e-03 -2.085552085191011429e-03 -1.204379834234714508e-03
-4.259595647454261780e-03 4.198160469532012939e-01 3.337654052302241325e-03 -4.146644379943609238e-03 -1.360277296043932438e-03 1.146980561316013336e-03
1.040788833051919937e-02 4.071972668170928955e-01 1.729941868688911200e-04 -1.985149923712015152e-03 -7.410030812025070190e-04 2.173710381612181664e-03
1.286624837666749954e-02 3.792792260646820068e-01 6.755763664841651917e-03 1.241559162735939026e-03 3.899045754224061966e-03 1.336205983534455299e-03
2.686778083443641663e-02 3.704364895820617676e-01 -5.777949467301368713e-03 2.325126202777028084e-03 3.171076765283942223e-03 1.201447332277894020e-03
1.214191596955060959e-02 3.639596998691558838e-01 -5.908663850277662277e-03 1.567580184200778604e-04 1.751632546074688435e-03 -1.977762003662064672e-04
4.711991641670465469e-03 3.725816905498504639e-01 4.913676530122756958e-03 -2.468138234689831734e-03 8.079488179646432400e-04 -1.097976346500217915e-04
-3.229191526770591736e-03 3.512717485427856445e-01 -1.830039313063025475e-03 -2.081978018395602703e-04 -2.234932500869035721e-03 4.373619740363210440e-04
-3.732566721737384796e-03 3.403514325618743896e-01 -2.580446191132068634e-03 3.557168529368937016e-04 -2.179727423936128616e-03 6.701997481286525726e-04
-1.372838579118251801e-02 3.381302654743194580e-01 -3.821480087935924530e-03 -1.740242703817784786e-03 -2.042115200310945511e-03 6.125247455202043056e-05
-4.209370817989110947e-03 3.361473083496093750e-01 4.901803098618984222e-03 -2.984916791319847107e-03 -2.442837867420166731e-04 1.245271880179643631e-03
3.558196825906634331e-03 3.342265188694000244e-01 -4.271434154361486435e-04 -2.748549450188875198e-03 1.504429383203387260e-03 1.043508760631084442e-03
1.695867441594600677e-02 3.273209333419799805e-01 -7.448338437825441360e-04 -2.129069529473781586e-03 4.361542407423257828e-03 8.237185538746416569e-04
2.063395082950592041e-02 3.105688989162445068e-01 5.584556143730878830e-03 4.294934915378689766e-04 3.871315158903598785e-03 1.494702068157494068e-03
1.117848884314298630e-02 3.020274639129638672e-01 2.449229545891284943e-02 1.185809378512203693e-04 3.984797280281782150e-03 -4.577764775604009628e-05
3.156286897137761116e-03 3.014303743839263916e-01 8.512033149600028992e-03 2.033289754763245583e-03 -7.947330595925450325e-04 7.605914142914116383e-04
-5.060852039605379105e-03 2.653254568576812744e-01 -6.588723510503768921e-03 4.805391188710927963e-03 -3.073489526286721230e-03 -5.125739844515919685e-04
-8.156746625900268555e-03 2.921020686626434326e-01 2.543307142332196236e-03 4.576820356305688620e-04 -2.567504998296499252e-03 3.341290284879505634e-04
-2.811236772686243057e-03 2.923046648502349854e-01 -8.032732876017689705e-04 3.977758751716464758e-04 -2.549699973315000534e-03 1.268674735911190510e-03
6.529746577143669128e-03 2.859891653060913086e-01 1.845242106355726719e-03 1.116103376261889935e-04 -1.549379376228898764e-04 2.757135953288525343e-04
8.709204383194446564e-03 2.818025350570678711e-01 6.742880214005708694e-04 -2.178834110964089632e-04 1.436178805306553841e-03 7.332770037464797497e-04
1.576036773622035980e-02 2.827920913696289062e-01 1.588165177963674068e-03 -7.153139449656009674e-07 1.440348452888429165e-03 1.448617666028439999e-03
1.139081548899412155e-02 2.746194899082183838e-01 1.959997927770018578e-03 1.434371573850512505e-03 1.590445870533585548e-03 1.308931503444910049e-03
1.302988920360803604e-02 3.120314180850982666e-01 -6.362865678966045380e-05 1.408632611855864525e-03 1.206091139465570450e-03 3.189748676959425211e-04
7.044370286166667938e-03 2.539496719837188721e-01 2.659528981894254684e-03 1.462201587855815887e-03 1.090571749955415726e-03 9.079334558919072151e-04
7.023914717137813568e-03 2.623481452465057373e-01 -3.094077343121170998e-03 1.191507210023701191e-03 -3.560250333976000547e-04 1.024307333864271641e-03
2.497875597327947617e-03 2.610188722610473633e-01 -1.678321324288845062e-02 -2.298823324963450432e-03 -9.996559238061308861e-04 1.590813510119915009e-03
2.740059513598680496e-03 3.007808923721313477e-01 2.968462649732828140e-05 -2.543977694585919380e-03 -2.960063284263014793e-04 8.684136555530130863e-04
2.174950437620282173e-03 2.929263412952423096e-01 5.684143863618373871e-03 -7.081120274960994720e-04 2.531529171392321587e-04 3.955944848712533712e-04
7.200943306088447571e-03 2.783900797367095947e-01 -2.350670984014868736e-03 -9.154512372333556414e-05 9.100313181988894939e-04 4.677681135945022106e-04
5.817350465804338455e-04 2.720746695995330811e-01 -4.052414093166589737e-03 -1.205780572490766644e-04 -5.265711806714534760e-04 4.884745576418936253e-04
4.679479636251926422e-03 2.772652804851531982e-01 -1.648793986532837152e-04 -1.901161973364651203e-03 2.024608111241832376e-04 1.213516225107014179e-03
4.470917396247386932e-03 2.812536954879760742e-01 1.335784792900085449e-03 -1.811002264730632305e-03 6.062729516997933388e-04 9.658610797487199306e-04
4.290733952075242996e-03 2.638000547885894775e-01 3.392633749172091484e-03 -6.978645687922835350e-04 1.148118637502193451e-03 7.062865188345313072e-04
4.098580218851566315e-03 2.541340291500091553e-01 3.854177892208099365e-03 -7.118447101674973965e-04 7.348381332121789455e-04 3.486897912807762623e-04
5.737228784710168839e-03 2.415081262588500977e-01 3.811392933130264282e-03 -5.933477077633142471e-04 5.599600845016539097e-04 6.858577835373580456e-04
5.591080058366060257e-03 2.261722236871719360e-01 7.143179420381784439e-03 -1.835818402469158173e-03 2.585010079201310873e-04 1.119508291594684124e-03
-3.012775443494319916e-03 2.286996841430664062e-01 1.134382188320159912e-02 -2.146425656974315643e-03 -4.951999289914965630e-05 9.403906296938657761e-04
1.171537791378796101e-03 2.222328782081604004e-01 8.228465914726257324e-03 -1.769232680089771748e-03 5.752393917646259069e-05 9.495848789811134338e-04
5.172570236027240753e-04 2.140823602676391602e-01 1.158520113676786423e-02 -2.882924862205982208e-03 4.826732620131224394e-04 3.486583591438829899e-04
3.013218985870480537e-03 2.034404277801513672e-01 3.961724694818258286e-03 -1.071708160452544689e-03 7.204355788417160511e-04 -8.521631389157846570e-05
3.370193764567375183e-03 1.866282373666763306e-01 -1.470638089813292027e-03 1.091789454221725464e-05 7.475606398656964302e-04 -4.933930904371663928e-05
1.223726430907845497e-03 1.700814962387084961e-01 2.385755069553852081e-03 2.165692567359656096e-04 6.125344661995768547e-04 3.906052443198859692e-04
1.424300717189908028e-04 1.551215797662734985e-01 -1.005089259706437588e-03 -2.080859558191150427e-04 3.844341845251619816e-04 6.046628113836050034e-04
2.544459886848926544e-03 1.417811065912246704e-01 -3.177192993462085724e-03 -1.866144157247617841e-04 5.567527841776609421e-05 2.780047361738979816e-04
6.858806591480970383e-04 1.452670842409133911e-01 1.589835505001246929e-03 4.659325350075960159e-05 -1.953953178599476814e-04 -5.009595770388841629e-05
1.898507121950387955e-03 1.254996657371520996e-01 -6.293932674452662468e-04 -2.635300625115633011e-04 3.715662169270217419e-04 -1.809043606044724584e-04
3.578809089958667755e-03 1.113275662064552307e-01 1.411950914189219475e-03 2.073349605780094862e-04 3.300491371192038059e-04 4.122278187423944473e-05
2.225846052169799805e-03 1.051457822322845459e-01 -1.713436795398592949e-04 -4.259193374309688807e-04 2.722181961871683598e-04 3.472850075922906399e-04
2.381916157901287079e-03 1.057596430182456970e-01 1.793175935745239258e-03 7.434269355144351721e-05 6.365082226693630219e-04 3.064825432375073433e-04
1.930926810018718243e-03 9.491237252950668335e-02 -1.489185960963368416e-03 2.346305700484663248e-04 2.748647239059209824e-05 2.023437409661710262e-04
-9.838262340053915977e-04 8.165299147367477417e-02 3.104166593402624130e-03 4.349881201051175594e-04 1.876491296570748091e-04 -2.376434713369235396e-05
-4.213513806462287903e-03 7.120478898286819458e-02 2.128802239894866943e-03 6.512784748338162899e-04 -1.629009202588349581e-04 3.135356382699683309e-05
-2.628356683999300003e-03 6.513103097677230835e-02 2.167855156585574150e-03 6.456385017372667789e-05 -6.040043081156909466e-04 2.955803065560758114e-04
2.810457022860646248e-03 5.906468257308006287e-02 1.412889920175075531e-03 3.040610463358461857e-04 -9.829194459598511457e-05 4.123328253626823425e-04
2.963211853057146072e-03 5.637718737125396729e-02 7.180601824074983597e-04 4.913553129881620407e-04 4.261211724951863289e-04 1.622778363525867462e-04
3.132383339107036591e-03 5.312429741024971008e-02 -1.729609444737434387e-03 1.116987317800521851e-03 2.138689451385289431e-04 1.936532935360446572e-04
-8.253714768216013908e-04 4.443532600998878479e-02 2.892616204917430878e-03 3.446172340773046017e-04 4.305695183575153351e-04 -8.288520621135830879e-05
3.507379908114671707e-03 3.655953332781791687e-02 -3.994248807430267334e-03 2.284413640154525638e-04 1.173619020846672356e-04 4.462202196009457111e-05
-3.130932571366429329e-03 3.520926088094711304e-02 -3.042998025193810463e-03 1.192696276120841503e-03 -6.138617754913866520e-04 6.966901855776086450e-05
-2.881678054109215736e-03 2.811448276042938232e-02 -5.775415338575839996e-04 6.907056667841970921e-04 -6.698690121993422508e-04 1.612931373529136181e-04
-9.191752178594470024e-04 2.822147309780120850e-02 -2.106130123138427734e-03 4.482423537410795689e-05 -3.458225546637549996e-05 -1.563139667268842459e-04
5.627762293443083763e-04 1.766081154346466064e-02 -1.136878039687871933e-03 1.095662737498059869e-04 -6.621637294301763177e-05 -8.670358511153608561e-05
-1.730805728584527969e-03 2.085978537797927856e-02 -5.756373284384608269e-04 4.686759202741086483e-04 1.857489551184698939e-04 -2.283681678818538785e-04
-1.035780762322247028e-03 1.211677491664886475e-02 -1.616876106709241867e-04 3.331473853904753923e-04 4.773308755829930305e-04 6.599255721084773540e-05
1.996881794184446335e-03 1.937883347272872925e-02 -7.420505862683057785e-04 9.283394319936633110e-07 -3.370094054844230413e-05 2.685365325305610895e-04
3.543672151863574982e-03 3.672327101230621338e-02 -7.852334529161453247e-04 -2.293914731126278639e-04 3.748068120330572128e-04 1.125392154790461063e-04
-3.322424832731485367e-03 3.554301708936691284e-02 5.307790706865489483e-05 -8.690207323525100946e-05 7.978267240105196834e-05 -2.919674152508378029e-04
-1.184775028377771378e-03 3.330057486891746521e-02 -1.124532660469412804e-03 7.102396339178085327e-04 -3.215033211745321751e-04 2.016832877416163683e-05
4.890414886176586151e-03 4.025050625205039978e-02 -3.039665054529905319e-03 1.389486860716715455e-04 -1.545251870993524790e-04 -9.550993854645639658e-05
-3.329963074065744877e-04 4.608859866857528687e-02 2.836677304003387690e-04 -2.783034142339602113e-05 1.058426423696801066e-04 3.697500214911997318e-04
-1.337551395408809185e-03 4.622814804315567017e-02 -3.206869587302207947e-04 5.017457879148423672e-04 -1.770022208802402020e-05 2.026574511546641588e-04
-1.999144209548830986e-03 5.448470637202262878e-02 1.820175792090594769e-03 4.127542779315263033e-04 3.888690844178199768e-04 -2.051185874734073877e-04
7.477749604731798172e-03 5.434885248541831970e-02 3.274250077083706856e-03 1.193825039081275463e-03 5.706165102310478687e-04 1.597243099240586162e-04
1.139224274083971977e-03 7.113388925790786743e-02 2.032019896432757378e-03 1.683593844063580036e-03 1.193857402540743351e-03 -1.664196133788209409e-06
3.754248609766364098e-03 7.800465077161788940e-02 6.460630334913730621e-03 9.782095439732074738e-04 6.547167431563138962e-04 3.603756485972553492e-04
3.772346535697579384e-03 9.650864452123641968e-02 4.895548336207866669e-03 4.232250212226063013e-04 7.438769680447876453e-04 2.970132627524435520e-04
2.920444356277585030e-03 1.005388721823692322e-01 1.220823032781481743e-03 -4.022890061605721712e-05 -9.229188435710966587e-07 -1.255392126040533185e-04
-2.511279657483100891e-03 1.211904138326644897e-01 2.754715038463473320e-03 -2.142395824193954468e-04 1.462641812395304441e-04 -1.292010711040347815e-05
6.824960000813007355e-04 1.389417648315429688e-01 1.422878121957182884e-03 9.575920994393527508e-04 4.496327310334891081e-04 -7.775261474307626486e-05
4.193242173641920090e-03 1.629802584648132324e-01 -2.988497260957956314e-03 2.125589642673730850e-03 4.178643575869500637e-04 3.106504736933857203e-04
3.247972112149000168e-03 1.800009161233901978e-01 1.698792213574051857e-03 1.000683056190609932e-03 1.929190621012821794e-04 2.148544008377939463e-04
1.406952214892953634e-04 1.527942568063735962e-01 1.178561244159936905e-03 -3.757166850846260786e-04 -6.883483729325234890e-04 1.189705217257142067e-04
6.709733279421925545e-04 2.498887926340103149e-01 -3.094828920438885689e-03 7.926105754449963570e-04 -4.837926244363188744e-04 9.690575534477829933e-04
4.684389103204011917e-03 2.260814458131790161e-01 3.942492883652448654e-03 -3.470662923064082861e-04 1.632997591514140368e-04 3.932454856112599373e-04
1.155960024334490299e-03 2.407539039850234985e-01 1.838254975154995918e-04 -4.406350199133157730e-04 -2.172989770770072937e-04 -1.920546055771410465e-04
6.764044053852558136e-03 2.634182572364807129e-01 -3.014440648257732391e-03 9.211667929776012897e-05 9.101157775148749352e-05 -3.693420730996876955e-04
6.818381603807210922e-03 2.825573682785034180e-01 -4.724828060716390610e-03 1.662268303334712982e-03 5.839322693645954132e-04 -3.816123644355684519e-04
3.927094861865043640e-03 2.905033826828002930e-01 4.596904851496219635e-03 1.234187511727213860e-03 1.634691609069705009e-03 -1.506432163296267390e-04
1.202174462378025055e-02 3.085901737213134766e-01 2.125078346580266953e-03 -6.761649856343865395e-04 1.802692771889269352e-03 4.160034877713769674e-04
6.475258152931928635e-03 3.297187089920043945e-01 -6.598906591534614563e-03 -7.559951627627015114e-04 6.694413605146110058e-04 -1.937512934091500938e-05
2.643804065883159637e-03 3.498600423336029053e-01 1.019673887640237808e-03 5.243988707661628723e-04 2.147860941477119923e-04 -1.380190515192225575e-04
6.886007264256477356e-03 3.517101705074310303e-01 -6.764135789126157761e-03 4.482679360080510378e-04 -8.805135148577392101e-04 2.291933633387088776e-04
2.237775130197405815e-03 3.518044054508209229e-01 -2.228319877758622169e-03 8.396171033382415771e-04 1.029328675940632820e-03 -7.000897312536835670e-05
1.063846703618764877e-02 4.237512946128845215e-01 -7.000450044870376587e-03 -6.004399619996547699e-04 2.161634474759921432e-04 -2.318053157068789005e-04
3.453237470239400864e-03 4.088779091835021973e-01 -4.717355594038963318e-03 1.841598423197865486e-04 3.486390924081206322e-04 -5.452367477118968964e-04
5.623480305075645447e-03 4.229778945446014404e-01 -2.094424096867442131e-03 6.359224207699298859e-04 1.108046853914856911e-05 -7.921206997707486153e-05
7.472294382750988007e-03 4.000827968120574951e-01 3.645181655883789062e-03 1.840177719714120030e-04 1.008977415040135384e-03 7.314076647162437439e-04
8.621696382761001587e-03 4.483277499675750732e-01 6.599047919735312462e-04 -7.096423651091754436e-04 1.071332371793687344e-04 5.695183645002543926e-04
4.719121847301721573e-03 4.957206547260284424e-01 4.967101849615573883e-03 -7.718508131802082062e-04 3.148594987578690052e-04 4.741059965454041958e-04
8.604781702160835266e-03 4.836126863956451416e-01 3.223416628316044807e-03 5.799529608339071274e-04 -6.776602822355926037e-04 -3.837727708742022514e-04
-3.206050721928477287e-03 4.910175502300262451e-01 -3.095367690548300743e-03 -2.151697990484535694e-04 -3.513532457873225212e-03 -3.510367823764681816e-04
-9.217636543326079845e-04 3.984836935997009277e-01 -1.461496111005544662e-03 7.170929457060992718e-04 -3.063959768041968346e-03 -3.211784060113132000e-04
6.735692732036113739e-03 5.743030905723571777e-01 -3.743066219612956047e-03 -2.808402059599757195e-04 -3.414807375520467758e-03 5.560864228755235672e-04
1.230025757104158401e-02 5.754737854003906250e-01 -1.373359235003590584e-03 -1.409696997143328190e-03 -1.004464429570361972e-04 -6.714997580274939537e-04
1.113040000200271606e-02 4.457982480525970459e-01 1.201657112687826157e-03 -7.645194418728351593e-04 4.004018846899271011e-03 -1.267149229533970356e-03
2.183671854436397552e-02 6.515819430351257324e-01 5.248489789664745331e-03 7.151932222768664360e-04 2.594244899228215218e-03 -1.091062906198203564e-03
7.047780789434909821e-03 5.034062266349792480e-01 -3.907888662070035934e-03 3.547446802258491516e-03 -1.782148727215826511e-03 -1.470968360081315041e-03
-6.023479625582695007e-03 5.861830115318298340e-01 4.054153803735971451e-03 -4.087141132913529873e-04 -4.585364367812871933e-03 -4.610097676049917936e-04
-3.685420379042625427e-03 5.278040766716003418e-01 -8.126451633870601654e-03 -1.271869521588087082e-03 -1.241807476617395878e-03 -1.324974931776523590e-03
4.016548860818147659e-03 5.813480615615844727e-01 -1.195094920694828033e-02 4.297252453397959471e-04 -2.167965751141309738e-03 2.096893149428069592e-05
7.605288177728652954e-03 5.687484741210937500e-01 -2.802423201501369476e-02 -1.231458969414234161e-03 4.756864509545266628e-04 7.674659136682748795e-04
4.237934481352567673e-03 5.445829033851623535e-01 -1.761585287749767303e-02 -2.817351836711168289e-03 2.771169645711779594e-03 -3.556003503035753965e-04
-1.557298749685287476e-02 5.140585899353027344e-01 -1.030739583075046539e-02 -5.340086296200752258e-03 2.544132992625236511e-03 -2.458684612065553665e-03
8.085038512945175171e-03 6.139352917671203613e-01 -1.129824668169021606e-04 -9.459647699259221554e-04 3.809644607827067375e-03 -7.806826615706086159e-04
4.054689314216375351e-03 6.682590842247009277e-01 -1.590167358517646790e-02 1.552261994220316410e-03 -1.169327879324555397e-03 -1.493947638664394617e-04
9.691307786852121353e-04 6.138923764228820801e-01 -8.748682215809822083e-03 -2.576971659436821938e-03 -3.079467685893177986e-03 6.061234744265675545e-04
6.600419525057077408e-03 6.701855063438415527e-01 1.603961363434791565e-02 -2.692203270271420479e-03 -2.200913382694125175e-03 -1.450644456781446934e-03
1.920748502016067505e-02 6.826847791671752930e-01 -7.342037744820117950e-03 1.498985802754759789e-04 5.227565765380859375e-03 -1.719590858556330204e-03
-1.675081253051757812e-02 6.402183175086975098e-01 1.740375533699989319e-02 1.789647794794291258e-04 5.089780781418085098e-03 6.711483001708984375e-03
2.153659984469413757e-02 6.677637696266174316e-01 1.426533609628677368e-02 6.199304480105638504e-04 3.642704337835311890e-03 -4.042656801175326109e-04
3.847621846944093704e-03 6.712952852249145508e-01 4.976367577910423279e-03 1.709083910100162029e-03 -1.800349418772384524e-04 1.740114646963775158e-03
3.643643343821167946e-03 6.232233643531799316e-01 7.006371859461069107e-03 3.028384409844875336e-03 -3.362154588103294373e-03 -6.202284712344408035e-04
-7.132939063012599945e-03 7.668279409408569336e-01 -1.534789055585861206e-02 6.668532150797545910e-04 -2.508751815184950829e-03 2.597278449684381485e-03
1.213780790567398071e-02 6.970705389976501465e-01 9.188934229314327240e-03 -2.528679789975285530e-03 6.624073284910991788e-05 1.031034189509227872e-04
1.964720897376537323e-02 6.655868887901306152e-01 1.409801281988620758e-02 -2.095208736136555672e-03 4.586946219205856323e-03 -1.813132839743047953e-04
3.207441046833992004e-02 8.067023754119873047e-01 1.421759836375713348e-02 -2.994507085531949997e-04 4.824911709874868393e-03 -5.698432214558124542e-04
-4.178590606898069382e-03 7.086760997772216797e-01 -1.880193874239921570e-02 -1.180929830297827721e-04 7.741497363895177841e-03 1.849249703809618950e-03
-1.716869068332016468e-03 7.235957980155944824e-01 -1.469545625150203705e-02 1.616782508790493011e-03 -1.121011679060757160e-03 -5.873957998119294643e-04
-2.910117618739604950e-04 7.294834852218627930e-01 9.625195525586605072e-05 -8.056931255850940943e-05 -1.937184482812881470e-03 7.879764889366924763e-04
7.542873732745647430e-03 7.327445149421691895e-01 -2.857411745935678482e-03 -1.278360490687191486e-03 -6.783831049688160419e-04 9.797894163057208061e-04
1.104880217462778091e-02 7.180093526840209961e-01 -6.995207630097866058e-03 -4.156826529651880264e-03 3.148316405713558197e-03 -1.949020952451974154e-04
1.202915236353874207e-02 6.903082728385925293e-01 8.960714563727378845e-03 -2.547829877585172653e-03 2.677347743883728981e-03 -2.643102779984474182e-04
1.133865956217050552e-02 8.242751955986022949e-01 6.672945804893970490e-03 1.528536668047308922e-04 2.392955357208848000e-03 8.336408791365101933e-05
-6.034720572642982006e-04 6.997435092926025391e-01 6.708482746034860611e-03 -3.919215232599526644e-04 -1.178272068500518799e-04 1.191086630569770932e-04
-1.389784971252083778e-03 8.561020493507385254e-01 2.462191740050911903e-03 3.123561386018991470e-03 -2.438803669065237045e-03 5.864684935659170151e-04
2.823705412447452545e-02 7.847784161567687988e-01 -6.691830698400735855e-03 4.553518258035182953e-03 2.617991995066404343e-03 1.220162492245435715e-03
9.594202041625976562e-03 7.596608996391296387e-01 -7.953210733830928802e-04 9.082697797566652298e-04 3.026900114491581917e-03 -4.265692841727286577e-04
1.305523235350847244e-02 7.618857026100158691e-01 7.059942930936813354e-03 6.644072127528488636e-04 2.205725992098450661e-03 5.171159864403307438e-04
-5.131240934133529663e-03 7.272815704345703125e-01 -5.516118369996547699e-03 -5.640216404572129250e-04 -6.390553317032754421e-04 9.190390119329094887e-05
6.519803777337074280e-03 7.304955720901489258e-01 -8.495815098285675049e-03 1.250684494152665138e-03 5.656782886944711208e-04 1.486243098042905331e-03
-1.824405044317245483e-04 7.546912431716918945e-01 -5.306124221533536911e-03 6.330442614853382111e-03 -2.178630791604518890e-03 7.375092245638370514e-04
8.718669414520263672e-03 6.891608238220214844e-01 -7.597828283905982971e-03 5.403114948421716690e-03 -3.944637137465178967e-04 2.801239606924355030e-04
1.480374485254287720e-02 8.334320187568664551e-01 -5.916836671531200409e-04 -1.408056414220482111e-04 1.791607355698943138e-03 -2.852064499165862799e-04
1.456081122159957886e-02 7.466113567352294922e-01 -4.294017795473337173e-03 -2.531300415284931660e-04 -6.170594133436679840e-06 6.373204523697495461e-04
1.014829613268375397e-02 6.988144516944885254e-01 -6.979012396186590195e-04 -8.051899494603276253e-04 -2.975617535412311554e-03 7.618168601766228676e-04
3.941216040402650833e-03 8.145087361335754395e-01 -5.377098917961120605e-03 -1.864923629909753799e-03 -3.802502527832984924e-03 -3.081317117903381586e-04
9.341974742710590363e-03 7.596809864044189453e-01 1.969083212316036224e-02 -1.430489355698227882e-03 -1.016429043374955654e-03 2.199276932515203953e-04
1.532640680670738220e-02 7.799265980720520020e-01 5.157471634447574615e-03 4.782365867868065834e-04 1.392452744767069817e-03 1.504350453615188599e-03
1.351455040276050568e-02 7.710587382316589355e-01 -3.715765196830034256e-04 5.413117469288408756e-04 3.982715425081551075e-04 -4.871236160397529602e-04
2.137351967394351959e-02 7.650281786918640137e-01 3.679888555780053139e-03 -1.753399497829377651e-03 1.976077910512685776e-03 -8.699875324964523315e-04
1.112286746501922607e-02 7.641531825065612793e-01 1.072658109478652477e-03 -6.139180622994899750e-04 8.174614049494266510e-04 5.438872904051095247e-05
4.333863034844398499e-03 5.927165746688842773e-01 1.511829905211925507e-02 1.543413731269538403e-03 -1.002182252705097198e-03 1.425605005351826549e-04
1.281147822737693787e-03 8.514430522918701172e-01 1.308871433138847351e-04 2.291246550157666206e-03 -2.734925830736756325e-03 3.801102575380355120e-04
1.167547516524791718e-02 7.941921353340148926e-01 -2.650373987853527069e-02 4.195122048258781433e-03 9.783084969967603683e-04 8.879485540091991425e-04
2.497966028749942780e-02 8.591375350952148438e-01 -8.309684693813323975e-03 3.547614673152565956e-03 2.310185693204402924e-03 1.698209671303629875e-03
1.632129400968551636e-02 7.097467780113220215e-01 1.193221751600503922e-02 6.396496319212019444e-04 1.399056869558990002e-03 3.356157685630023479e-05
4.824266768991947174e-03 7.094061970710754395e-01 1.147801987826824188e-02 -7.439416367560625076e-04 2.209820668213069439e-04 1.570695894770324230e-05
4.421206656843423843e-03 7.238911390304565430e-01 7.791655138134956360e-03 -1.954580802703276277e-04 2.829190925695002079e-04 -3.051894018426537514e-04
1.109135802835226059e-03 7.288463115692138672e-01 7.556878030300140381e-03 -3.685473930090665817e-04 -1.628617756068706512e-03 2.107320324284955859e-05
8.301681838929653168e-03 7.448920607566833496e-01 -2.438623458147048950e-03 -2.092930721119046211e-03 -2.495786175131797791e-03 1.043832395225763321e-03
1.145620737224817276e-02 7.568385004997253418e-01 -2.173678250983357430e-03 -4.857732914388179779e-03 -1.028367434628307819e-03 1.879789342638105154e-04
7.387163117527961731e-03 6.751780509948730469e-01 2.208846248686313629e-02 -3.859540680423378944e-03 -4.979156074114143848e-04 -9.410548955202102661e-05
1.871523633599281311e-02 8.161116242408752441e-01 2.255495265126228333e-02 3.894963767379522324e-03 1.817315816879272461e-03 9.061697055585682392e-04
1.664721779525279999e-02 7.287037968635559082e-01 -7.302751298993825912e-03 7.869153283536434174e-03 3.140702028758823872e-04 1.610129256732761860e-04
3.166079521179199219e-03 6.530210375785827637e-01 -1.139552332460880280e-02 9.683898650109767914e-03 2.008371666306629777e-05 2.983771264553070068e-05
6.609243806451559067e-03 7.984862327575683594e-01 7.902555167675018311e-03 -7.337870774790644646e-04 -4.609574098140001297e-04 1.009376865113154054e-04
1.768811605870723724e-02 7.180643677711486816e-01 1.349795609712600708e-02 -1.693184603936970234e-04 -2.960427082143723965e-06 6.428165361285209656e-04
9.620009921491146088e-03 7.232813835144042969e-01 7.128245662897825241e-03 2.083653816953301430e-03 2.429532120004296303e-03 2.710537810344249010e-04
8.048851974308490753e-03 7.293911576271057129e-01 2.266109455376863480e-03 8.224259363487362862e-04 -1.052754465490579605e-03 -3.991618868894875050e-04
7.432496640831232071e-03 7.473398447036743164e-01 1.113645546138286591e-02 -1.218580291606485844e-03 -8.255305583588778973e-04 9.097188012674450874e-05
7.069143000990152359e-03 7.377054691314697266e-01 1.750236935913562775e-02 -3.901947638951241970e-04 8.506582817062735558e-04 -2.396868949290364981e-04
9.748384356498718262e-03 6.573219895362854004e-01 1.599938422441482544e-02 -7.367102662101387978e-04 5.070679471828043461e-04 -8.310914563480764627e-05
1.266217511147260666e-02 7.962134480476379395e-01 1.265253033488988876e-02 1.040848088450729847e-03 4.402550694067031145e-04 -4.590448224917054176e-04
1.326150144450366497e-03 7.136538624763488770e-01 1.415882073342800140e-02 1.584815443493425846e-03 -6.540995673276484013e-05 -7.435992592945694923e-04
1.044292189180850983e-02 6.300277709960937500e-01 7.438173517584800720e-03 1.933011808432638645e-03 -1.553334994241595268e-03 -6.089581293053925037e-04
9.565409272909164429e-03 7.623429894447326660e-01 3.796597942709922791e-03 -4.582724795909598470e-05 -1.260666642338037491e-03 -9.314679482486099005e-05
1.153316814452409744e-02 6.966998577117919922e-01 3.996345214545726776e-03 -1.297991140745580196e-03 -8.424799307249486446e-05 -2.810109290294349194e-04
1.638160087168216705e-02 6.874123215675354004e-01 1.296328380703926086e-02 -2.458109054714441299e-03 1.984389033168554306e-03 -1.455629972042515874e-04
1.956172473728656769e-02 6.954857110977172852e-01 1.950869336724281311e-02 1.442865119315683842e-03 3.400492249056696892e-03 -2.307389513589441776e-05
1.187041401863098145e-02 6.681618094444274902e-01 2.044972497969865799e-03 2.427614293992519379e-03 1.974380575120449066e-03 -1.456309692002832890e-03
1.017829589545726776e-02 6.527096033096313477e-01 -4.210406448692083359e-03 2.981011290103197098e-03 -4.512746818363666534e-05 -7.991733145900070667e-04
6.795087363570928574e-03 5.961374044418334961e-01 -1.111081428825855255e-02 -1.341087045148015022e-03 -1.636838656850159168e-03 -1.223180006491020322e-04
4.396635107696056366e-03 7.133001089096069336e-01 -1.829742686823010445e-03 -5.449887365102767944e-03 -2.074202056974172592e-03 1.301686512306332588e-03
1.235643867403268814e-03 6.397417783737182617e-01 3.186240210197865963e-04 -3.513231175020337105e-03 -2.338710241019725800e-03 4.393659473862498999e-04
8.501744829118251801e-03 5.720103383064270020e-01 5.561546422541141510e-03 3.953438717871904373e-04 2.395731629803776741e-03 1.645549491513520479e-04
1.342673785984516144e-02 6.749260425567626953e-01 1.430000923573970795e-02 -2.181092044338583946e-03 1.234737108461558819e-03 9.228580165654420853e-04
3.287784289568662643e-03 6.115334033966064453e-01 1.533518359065055847e-02 -6.979934405535459518e-04 -3.164004534482955933e-03 1.806218293495476246e-03
3.771903458982706070e-03 5.958185791969299316e-01 7.545892149209976196e-03 1.524008694104850292e-03 -4.228599835187196732e-03 1.731709460727870464e-03
2.466492354869842529e-03 5.888203978538513184e-01 2.034991281107068062e-03 1.857344992458820343e-03 -1.396148232743144035e-03 2.081636630464345217e-04
1.442575245164334774e-03 5.730281472206115723e-01 8.590554818511009216e-03 -5.035791546106338501e-04 -2.875804784707725048e-05 -8.670865208841860294e-04
7.538539357483386993e-03 5.661868453025817871e-01 -7.754181511700153351e-03 -5.281715653836727142e-03 1.295946072787046432e-03 4.422665006131865084e-05
8.938261307775974274e-03 5.118952393531799316e-01 -1.148417592048645020e-03 -4.608043935149908066e-03 2.648952417075634003e-03 1.072003273293375969e-03
1.133740600198507309e-02 6.065529584884643555e-01 -1.011574175208806992e-03 2.640257589519023895e-04 -1.284545578528195620e-04 5.865211132913827896e-04
1.819147262722253799e-03 6.042641997337341309e-01 1.191360317170619965e-02 -2.067499095574021339e-03 -3.148591844365000725e-03 -1.095490879379212856e-04
5.296798422932624817e-03 5.365074276924133301e-01 4.628730937838554382e-03 -6.641040556132793427e-03 -1.230993657372891903e-03 -7.889884291216731071e-04
1.316358451731503010e-03 4.256599247455596924e-01 5.567206069827079773e-03 -5.776981823146343231e-03 -1.117374049499630928e-03 8.681684266775846481e-05
