-2.014115219935774803e-03 1.176388468593358994e-02 -4.564419796224683523e-04 -3.268710861448198557e-05 -1.152977783931419253e-04 -1.612225896678864956e-04
1.744038017932325602e-04 6.834450177848339081e-03 -2.996081602759659290e-04 1.346204808214679360e-04 -2.292151621077209711e-04 3.441071021370589733e-04
-6.954902783036231995e-04 3.580864984542131424e-03 -1.713044825010001659e-03 6.534475833177566528e-04 -6.616277969442307949e-04 -2.718974610615987331e-05
4.375325515866279602e-04 8.568066172301769257e-03 -2.132544526830315590e-03 7.193060009740293026e-04 -1.017285394482314587e-03 -1.800664322217926383e-04
-3.087148768827319145e-03 2.095137350261211395e-02 -1.563910860568284988e-03 -3.367895260453224182e-04 -1.039678696542978287e-03 3.377062967047095299e-04
-4.156074486672878265e-03 2.330766990780830383e-02 -7.946909172460436821e-04 -8.299355977214872837e-04 -8.920882828533649445e-04 2.634924894664436579e-04
1.192774740047752857e-03 3.862710669636726379e-02 -1.778144622221589088e-03 -3.798709076363593340e-04 -7.544076070189476013e-04 2.820162335410714149e-04
-1.157559454441070557e-03 4.347021505236625671e-02 -1.765924505889415741e-03 -1.960192457772791386e-04 -7.754871621727943420e-04 2.828751166816800833e-04
-3.730902215465903282e-03 4.655551910400390625e-02 -2.081663347780704498e-03 -3.443573659751564264e-04 -1.191625138744711876e-03 2.433444897178560495e-04
-1.333569642156362534e-03 5.917217954993247986e-02 -2.130963606759905815e-03 -1.069994759745895863e-03 -1.130195683799684048e-03 8.964832522906363010e-04
-1.587677281349897385e-03 6.740867346525192261e-02 -1.792635652236640453e-03 -9.856763062998652458e-04 -4.658483376260846853e-04 8.825479308143258095e-04
-2.602505846880376339e-04 6.865759938955307007e-02 9.294667979702353477e-04 -2.211315440945327282e-04 4.789051017723977566e-04 6.700980884488672018e-05
5.220307502895593643e-03 7.163124531507492065e-02 2.446666359901428223e-03 1.134112477302551270e-03 1.449991250410676003e-03 -7.804808556102216244e-04
3.676097141578793526e-03 7.512346655130386353e-02 3.863979130983352661e-03 1.580080366693437099e-03 2.423134166747331619e-03 -3.792435745708644390e-04
7.690071593970060349e-03 8.214163035154342651e-02 3.510292153805494308e-03 1.590617350302636623e-03 3.559733042493462563e-03 -1.375075662508606911e-04
5.381408613175153732e-03 9.093561768531799316e-02 2.693373477086424828e-03 9.350132895633578300e-04 3.347572404891252518e-03 1.221611979417502880e-03
5.864468403160572052e-03 1.093701198697090149e-01 8.753170841373503208e-04 5.787120608147233725e-05 2.028435934334993362e-03 1.431681565009057522e-03
1.390976016409695148e-03 1.309991627931594849e-01 -1.780366757884621620e-03 -7.457404281012713909e-04 -1.678963308222591877e-04 1.915103523060679436e-03
-8.692976087331771851e-03 1.463272869586944580e-01 -3.884453326463699341e-03 -1.310813240706920624e-03 -1.863010111264884472e-03 2.161933109164237976e-03
-1.107129082083702087e-02 1.624531745910644531e-01 -6.228069774806499481e-03 -1.376903732307255268e-03 -3.160405438393354416e-03 2.956251148134469986e-03
-8.825272321701049805e-03 1.828249841928482056e-01 -5.709747318178415298e-03 -1.292844885028898716e-03 -3.518960904330015182e-03 3.336257766932249069e-03
-1.115975435823202133e-02 1.947734653949737549e-01 -4.528459627181291580e-03 -8.916048100218176842e-04 -2.519445028156042099e-03 3.136889543384313583e-03
-7.544569671154022217e-03 2.101416289806365967e-01 -2.791476203128695488e-03 -7.686588796786963940e-04 -7.597094518132507801e-04 3.124460112303495407e-03
-3.538808668963611126e-04 2.223444730043411255e-01 -7.569005829282104969e-04 -1.082437345758080482e-03 4.222973366267979145e-04 3.064080141484737396e-03
1.254721544682979584e-03 2.389925420284271240e-01 -5.651637329719960690e-04 -1.108670723624527454e-03 6.425071042031049728e-04 3.065770724788308144e-03
-3.608817001804709435e-03 2.578601837158203125e-01 -2.237133681774139404e-03 -1.319370465353131294e-03 1.455365447327494621e-03 4.387911409139633179e-03
-3.325687721371650696e-04 2.678319215774536133e-01 8.140563732013106346e-04 1.027748512569814920e-04 2.039296319708228111e-03 3.952751401811838150e-03
-1.334822271019220352e-03 2.793567776679992676e-01 1.976582687348127365e-03 1.278111594729125500e-03 1.469887210987508297e-04 4.208807833492755890e-03
-4.659702070057392120e-03 2.923029065132141113e-01 6.462580058723688126e-03 1.555809169076383114e-03 -8.302754722535610199e-04 4.304238129407167435e-03
-2.561220666393637657e-03 3.078893423080444336e-01 5.622111260890960693e-03 1.204509171657264233e-03 2.990878419950604439e-05 5.087128374725580215e-03
2.714934526011347771e-03 3.146783709526062012e-01 -3.438051789999008179e-04 2.210578648373484612e-03 1.729951938614249229e-03 4.354916047304868698e-03
-3.551431698724627495e-03 3.265172243118286133e-01 -6.003071088343858719e-03 5.856450647115707397e-03 1.800092868506908417e-04 2.185055054724216461e-03
-9.763052687048912048e-03 3.334334492683410645e-01 -2.390993200242519379e-02 5.813264288008213043e-03 -4.748794250190258026e-03 4.541808739304542542e-03
-2.387924585491418839e-03 3.603751957416534424e-01 -4.287648014724254608e-03 1.129963435232639313e-03 -5.503813008544966578e-05 5.444519221782684326e-03
-5.558556411415338516e-03 3.681626021862030029e-01 -2.513985149562358856e-03 1.584036741405725479e-03 -1.156638143584132195e-03 3.575622569769620895e-03
-4.516215063631534576e-03 3.881758749485015869e-01 -1.224506832659244537e-02 3.990322351455688477e-03 -3.946206066757440567e-03 2.579668071120977402e-03
-1.079027913510799408e-02 3.925821185111999512e-01 -1.587941311299800873e-02 3.719555912539362907e-03 -5.288418382406234741e-03 2.725378610193729401e-03
-8.590859360992908478e-03 4.107578992843627930e-01 -1.998967304825782776e-02 -3.608944243751466274e-04 -4.912653006613254547e-03 2.350038615986704826e-03
7.104175165295600891e-03 4.351163506507873535e-01 -7.114314474165439606e-03 -6.705676671117544174e-03 9.019643766805529594e-04 2.627444220706820488e-03
1.930783130228519440e-02 4.388779103755950928e-01 -6.213982123881578445e-04 -5.382176954299211502e-03 4.752633627504110336e-03 1.139081141445785761e-04
2.299550361931324005e-02 4.408855140209197998e-01 -4.452589899301528931e-03 -5.741296336054801941e-04 3.889629151672124863e-03 -3.299852833151817322e-04
5.671008024364709854e-03 4.317990243434906006e-01 3.987193107604980469e-03 4.343370907008647919e-03 1.909548882395029068e-03 8.990801288746297359e-04
8.442050777375698090e-03 4.121136367321014404e-01 -3.655919572338461876e-03 1.880637137219309807e-03 -1.300815958529710770e-03 1.674669212661683559e-03
2.779407426714897156e-03 4.761820733547210693e-01 -1.269282540306448936e-03 -3.193127689883112907e-03 -3.688359400257468224e-03 1.925304241012781858e-04
1.002865098416805267e-02 4.853143393993377686e-01 -9.476733393967151642e-03 -1.086993608623743057e-03 -2.993297763168811798e-03 -2.222118899226188660e-03
3.140329383313655853e-03 4.816464185714721680e-01 -8.974649012088775635e-03 1.014864770695567131e-03 -3.594179579522460699e-04 -1.847030594944953918e-03
8.427408523857593536e-03 4.849371016025543213e-01 -1.004114560782909393e-02 4.511726088821887970e-03 -1.202165265567600727e-03 -3.041764139197766781e-04
4.999028518795967102e-03 4.946115612983703613e-01 -3.783449064940214157e-03 4.600586835294961929e-03 -1.499540056101977825e-03 1.356844906695187092e-03
1.459737215191125870e-02 5.210520029067993164e-01 4.935362841933965683e-03 -4.209338221698999405e-04 9.773499332368373871e-04 5.023968406021595001e-04
2.177423983812332153e-02 5.348204374313354492e-01 3.333258908241987228e-03 -1.206203829497098923e-03 1.040528644807636738e-03 -4.005040042102336884e-03
-3.469345392659306526e-04 5.203489661216735840e-01 -8.074541576206684113e-03 1.779237063601613045e-03 8.862965041771531105e-04 -4.241342656314373016e-03
9.733363054692745209e-03 5.371878147125244141e-01 -1.663050055503845215e-02 9.612735011614859104e-04 -6.943951593711972237e-04 -2.433208981528878212e-03
1.140716485679149628e-02 5.532511472702026367e-01 -2.210040204226970673e-02 -3.021094482392072678e-03 -2.357439370825886726e-03 -3.014637622982263565e-04
1.106931734830141068e-02 5.778299570083618164e-01 -1.587109453976154327e-02 -9.738055989146232605e-03 -1.031828112900257111e-03 -9.012321243062615395e-06
2.331185154616832733e-02 5.881353020668029785e-01 -5.853965878486633301e-03 -1.081885490566492081e-02 2.307286718860268593e-03 -3.558204043656587601e-03
1.453056465834379196e-02 5.795677900314331055e-01 -8.794818073511123657e-03 -8.423347026109695435e-03 9.179562330245971680e-04 -3.462911350652575493e-03
1.779945567250251770e-03 5.736293196678161621e-01 8.437757380306720734e-03 -3.190066898241639137e-03 -1.699627842754125595e-03 -2.601507119834423065e-03
-9.654090972617268562e-04 5.895794630050659180e-01 9.138426743447780609e-03 -3.484171349555253983e-03 -4.186892881989479065e-03 -1.068639103323221207e-03
8.275165222585201263e-03 5.997235774993896484e-01 3.666477277874946594e-05 -1.714716898277401924e-03 -2.056956756860017776e-03 -8.516142843291163445e-04
1.809998974204063416e-02 6.065331697463989258e-01 -8.848462253808975220e-03 2.503013471141457558e-03 6.012053927406668663e-05 -2.500297501683235168e-03
1.794942840933799744e-02 6.234567761421203613e-01 -1.243265625089406967e-02 1.481859944760799408e-03 1.938879722729325294e-03 -3.931846003979444504e-03
1.762945018708705902e-02 6.415413618087768555e-01 -2.599895186722278595e-02 4.241428396198898554e-04 6.299611995927989483e-04 -3.898461116477847099e-03
7.938534021377563477e-03 6.442254185676574707e-01 -5.212543997913599014e-03 -5.565143190324306488e-03 3.633122541941702366e-04 -3.435517894104123116e-03
1.691609621047973633e-02 6.609280109405517578e-01 -3.475299105048179626e-03 -3.897902090102434158e-03 -6.883118185214698315e-04 -2.772756153717637062e-03
2.041444554924964905e-02 6.384854316711425781e-01 -2.878509927541017532e-03 1.675122650340199471e-03 -4.879878833889961243e-04 -3.524690982885658741e-04
1.881557703018188477e-02 6.601255536079406738e-01 -1.016430906020104885e-03 1.165837515145540237e-03 8.561797440052032471e-04 -3.381324699148535728e-03
1.377751957625150681e-02 6.776065230369567871e-01 1.173119642771780491e-03 -4.113897157367318869e-04 1.831766334362328053e-03 -3.412856720387935638e-03
2.357203513383865356e-02 6.926014423370361328e-01 -2.398153068497776985e-03 -1.465338282287120819e-04 1.289252657443284988e-03 -3.176672151312232018e-03
1.920867525041103363e-02 7.015828490257263184e-01 -8.661428466439247131e-03 2.484444994479417801e-03 1.920643146149814129e-03 -3.625859972089529037e-03
2.409764006733894348e-02 7.045293450355529785e-01 -9.441358037292957306e-03 1.906991819851100445e-03 2.538978820666670799e-03 -2.987755695357918739e-03
2.299777790904045105e-02 7.232158780097961426e-01 -1.412119134329259396e-03 -5.275619914755225182e-04 1.806132844649255276e-03 -3.477422986179590225e-03
2.181760780513286591e-02 7.188689112663269043e-01 -7.204867870314046741e-05 -3.273157344665378332e-04 1.340733026154339314e-03 -3.670296166092157364e-03
2.014738321304321289e-02 7.231121659278869629e-01 -4.319532774388790131e-03 1.389115117490291595e-03 6.142556085251271725e-04 -3.925764467567205429e-03
1.766124367713928223e-02 7.368579506874084473e-01 -3.365205833688378334e-03 3.339045681059360504e-03 -3.147278912365436554e-04 -3.034349298104643822e-03
1.756248064339160919e-02 7.379056215286254883e-01 -4.687424283474683762e-03 1.723878551274538040e-03 -2.568881609477102757e-04 -3.018097952008247375e-03
1.953946053981781006e-02 7.472982406616210938e-01 -6.225857883691787720e-03 -6.465445039793848991e-05 -1.886906393337994814e-04 -3.315117675811052322e-03
2.082519419491291046e-02 7.628602385520935059e-01 -3.790979040786623955e-03 -2.449207240715622902e-03 2.165694022551178932e-03 -3.679079702123999596e-03
2.030472084879875183e-02 7.630903124809265137e-01 -6.855257321149110794e-03 -2.257489366456866264e-03 3.031130181625485420e-03 -2.704834332689642906e-03
2.307027019560337067e-02 7.532265186309814453e-01 1.535762276034802198e-04 -5.358108319342136383e-04 2.944309730082750320e-03 -2.100281883031129837e-03
1.244936790317296982e-02 7.688467502593994141e-01 -6.988766836002469063e-05 -1.397806481691077352e-04 6.458120769821107388e-04 -2.426952589303255081e-03
1.432271301746368408e-02 7.699937224388122559e-01 -8.253292762674391270e-04 -2.166871490771882236e-05 1.954453473445028067e-04 -1.109005999751389027e-03
1.573666930198669434e-02 7.853061556816101074e-01 -7.065966725349426270e-03 1.096055493690073490e-03 8.051814802456647158e-05 -6.970948306843638420e-04
1.615158841013908386e-02 7.949774861335754395e-01 -1.392373349517583847e-02 3.633825399447232485e-04 -7.902936195023357868e-04 6.777045200578868389e-06
1.119553484022617340e-02 8.098067641258239746e-01 -5.115855019539594650e-03 -1.825180836021900177e-03 -1.567683066241443157e-04 2.718206378631293774e-04
1.762904226779937744e-02 8.197048902511596680e-01 -3.411679062992334366e-03 -2.751027233898639679e-03 1.318620285019278526e-03 -6.464124890044331551e-04
1.220000628381967545e-02 8.149651885032653809e-01 -4.137126263231039047e-03 -3.113967250101268291e-04 2.624902408570051193e-04 -2.585414913482964039e-04
1.418330334126949310e-02 8.070022463798522949e-01 -2.721206750720739365e-03 1.252653542906045914e-03 -2.084588486468419433e-04 3.678682842291891575e-04
1.228913199156522751e-02 8.252906799316406250e-01 -6.866399198770523071e-03 1.062717754393815994e-03 -7.875671144574880600e-04 2.607984351925551891e-04
1.098471321165561676e-02 8.391612768173217773e-01 -3.111393423750996590e-03 3.484763146843761206e-04 -1.863845973275601864e-04 -1.356774300802499056e-04
1.421182416379451752e-02 8.396178483963012695e-01 -1.294758752919733524e-03 -7.931470463518053293e-05 5.901838303543627262e-04 -3.313985362183302641e-04
1.307293400168418884e-02 8.361948132514953613e-01 -4.051228519529104233e-03 -5.141702131368219852e-04 -2.466980367898941040e-05 -4.148231237195432186e-04
1.915502734482288361e-02 8.455227613449096680e-01 -8.566535077989101410e-03 1.072567421942949295e-03 1.097763888537883759e-03 -5.210663657635450363e-04
1.519645005464553833e-02 8.410818576812744141e-01 -4.034392535686492920e-03 1.254440983757376671e-03 2.456718648318201303e-04 -5.852925824001431465e-04
7.358085829764604568e-03 8.637593984603881836e-01 3.146757837384939194e-03 -8.337414474226534367e-04 -1.028078142553567886e-03 2.752015134319663048e-04
1.261937245726585388e-02 8.665156960487365723e-01 -8.660093299113214016e-04 -4.044793546199798584e-03 -1.221805345267057419e-03 -2.670119574759155512e-04
1.833214610815048218e-02 8.645390272140502930e-01 -6.546659395098686218e-03 -1.678039785474538803e-03 1.030326588079333305e-03 -2.412852918496355414e-04
1.819892227649688721e-02 8.608631491661071777e-01 -8.686820045113563538e-03 7.870739209465682507e-04 -6.690568989142775536e-05 3.240189107600599527e-05
1.475549768656492233e-02 8.654493093490600586e-01 -6.108347326517105103e-03 3.902522381395101547e-03 1.315480330958962440e-04 -1.726377638988196850e-03
5.001521669328212738e-03 8.835809230804443359e-01 -1.030594296753406525e-02 1.842056401073932648e-03 -1.877778209745883942e-03 -5.803164094686508179e-04
1.050656661391258240e-02 8.740075230598449707e-01 -5.946889519691467285e-03 -1.221319427713751793e-03 -1.309412880800664425e-03 -3.186624235240742564e-05
