-2.015494275838136673e-03 1.147667225450277328e-02 -3.879371797665953636e-04 -2.887264599849004298e-05 -9.762539411894977093e-05 -1.556234637973830104e-04
2.001379325520247221e-04 6.174419075250625610e-03 -1.785453641787171364e-04 1.268807100132107735e-04 -1.939237990882247686e-04 3.416419494897127151e-04
-7.167112198658287525e-04 3.240738995373249054e-03 -1.448175753466784954e-03 6.981422193348407745e-04 -6.085940985940396786e-04 -5.696892912965267897e-08
3.739291278179734945e-04 9.332722052931785583e-03 -2.178013091906905174e-03 6.822290015406906605e-04 -1.039895229041576385e-03 -1.470306306146085262e-04
-3.099386347457766533e-03 2.074073813855648041e-02 -1.880844123661518097e-03 -4.272752557881176472e-04 -1.127708354033529758e-03 3.290648746769875288e-04
-4.145478829741477966e-03 2.331133373081684113e-02 -7.372809923253953457e-04 -8.368117269128561020e-04 -8.816281333565711975e-04 2.657934674061834812e-04
1.209832844324409962e-03 3.821850568056106567e-02 -1.702916924841701984e-03 -3.561789053492248058e-04 -7.572151371277868748e-04 2.791521837934851646e-04
-1.079205423593521118e-03 4.381404444575309753e-02 -1.844286802224814892e-03 -2.893493801821023226e-04 -7.773599354550242424e-04 2.691451809369027615e-04
-3.743816632777452469e-03 4.717748239636421204e-02 -2.173356711864471436e-03 -3.564790822565555573e-04 -1.236533047631382942e-03 2.437129733152687550e-04
-1.305530196987092495e-03 5.910196527838706970e-02 -2.208546036854386330e-03 -1.087974989786744118e-03 -1.137288636527955532e-03 8.845779229886829853e-04
-1.552419969812035561e-03 6.720487773418426514e-02 -1.446316600777208805e-03 -9.695654152892529964e-04 -4.384486237540841103e-04 8.743251091800630093e-04
-8.106397581286728382e-05 6.911625713109970093e-02 1.921845134347677231e-03 -1.619995746295899153e-04 6.552064442075788975e-04 5.569629138335585594e-05
5.203606095165014267e-03 7.167192548513412476e-02 2.706477418541908264e-03 1.135758822783827782e-03 1.467379159294068813e-03 -7.802572799846529961e-04
3.623689990490674973e-03 7.431173324584960938e-02 4.031536169350147247e-03 1.576028997078537941e-03 2.417995128780603409e-03 -3.660242655314505100e-04
7.607317995280027390e-03 8.029469847679138184e-02 3.666908945888280869e-03 1.586879487149417400e-03 3.577179042622447014e-03 -1.096318301279097795e-04
5.328145809471607208e-03 9.016746282577514648e-02 2.712889341637492180e-03 9.040739387273788452e-04 3.323982236906886101e-03 1.227691187523305416e-03
6.426151376217603683e-03 1.167866811156272888e-01 5.379871581681072712e-04 -7.670192280784249306e-05 1.697450177744030952e-03 1.304577453993260860e-03
1.417594961822032928e-03 1.308934390544891357e-01 -1.691575278528034687e-03 -7.761880406178534031e-04 -1.950789592228829861e-04 1.911863568238914013e-03
-8.787824772298336029e-03 1.460688710212707520e-01 -4.017586819827556610e-03 -1.333467545919120312e-03 -1.929620513692498207e-03 2.177970251068472862e-03
-1.107118278741836548e-02 1.615431755781173706e-01 -6.402136292308568954e-03 -1.399272354319691658e-03 -3.147247014567255974e-03 2.945093205198645592e-03
-8.892009966075420380e-03 1.821968108415603638e-01 -5.525852553546428680e-03 -1.364005496725440025e-03 -3.554581431671977043e-03 3.330802312120795250e-03
-1.114449743181467056e-02 1.955467313528060913e-01 -4.603992216289043427e-03 -9.483284084126353264e-04 -2.537262393161654472e-03 3.136122133582830429e-03
-7.257885765284299850e-03 2.109629809856414795e-01 -2.772680949419736862e-03 -7.659629336558282375e-04 -7.447710377164185047e-04 3.078337758779525757e-03
-3.203730157110840082e-04 2.225509583950042725e-01 -8.625795016996562481e-04 -1.083561335690319538e-03 4.155371570959687233e-04 3.059427021071314812e-03
1.237244927324354649e-03 2.387399077415466309e-01 -4.667488974519073963e-04 -1.077482593245804310e-03 6.725622806698083878e-04 3.070471808314323425e-03
-2.630106406286358833e-03 2.616350650787353516e-01 -1.377084641717374325e-03 -1.286450540646910667e-03 1.440144027583301067e-03 4.259631969034671783e-03
1.985405106097459793e-04 2.682687938213348389e-01 4.016051068902015686e-03 5.588555359281599522e-04 2.755687106400728226e-03 3.952520433813333511e-03
-8.480007527396082878e-04 2.798529863357543945e-01 4.904356785118579865e-03 1.675107399933040142e-03 9.192151483148336411e-04 4.225391428917646408e-03
-4.822896327823400497e-03 2.915351092815399170e-01 6.767076905816793442e-03 1.520409714430570602e-03 -8.432460599578917027e-04 4.316318780183792114e-03
-2.745090983808040619e-03 3.050808608531951904e-01 6.363955792039632797e-03 1.220314879901707172e-03 9.331823821412399411e-05 5.101690068840980530e-03
3.758236998692154884e-03 3.150877356529235840e-01 1.333111990243196487e-02 1.832323730923235416e-03 3.980378154665231705e-03 4.450212232768535614e-03
-3.950507380068302155e-03 3.218450844287872314e-01 -4.643066320568323135e-03 5.864685866981744766e-03 2.931940543930977583e-04 2.186301629990339279e-03
-8.573069237172603607e-03 3.377917110919952393e-01 -1.304604392498731613e-02 5.749176256358623505e-03 -2.842857036739587784e-03 4.618708044290542603e-03
-2.332011470571160316e-03 3.608132302761077881e-01 -4.970612935721874237e-03 1.123956171795725822e-03 -1.034355809679254889e-04 5.417690612375736237e-03
-5.361601710319519043e-03 3.676626682281494141e-01 -3.925879718735814095e-05 1.730862190015614033e-03 -7.118958747014403343e-04 3.590112086385488510e-03
-5.800339393317699432e-03 3.823497593402862549e-01 -1.173640973865985870e-02 4.049127455800771713e-03 -3.920456860214471817e-03 2.695427043363451958e-03
-1.147654652595520020e-02 3.901135921478271484e-01 -1.541799306869506836e-02 3.670232137665152550e-03 -5.253122653812170029e-03 2.816636580973863602e-03
-9.027944877743721008e-03 4.094600677490234375e-01 -2.018871903419494629e-02 -9.201130596920847893e-04 -4.867393523454666138e-03 2.389374189078807831e-03
7.087573874741792679e-03 4.353883564472198486e-01 -7.733644917607307434e-03 -6.843695882707834244e-03 8.811831357888877392e-04 2.627316862344741821e-03
1.572348736226558685e-02 4.352595806121826172e-01 5.136313382536172867e-03 -3.602991113439202309e-03 5.087269470095634460e-03 6.335164071060717106e-04
1.916693150997161865e-02 4.290255010128021240e-01 1.510408613830804825e-02 4.802811890840530396e-03 4.309750162065029144e-03 1.866203674580901861e-04
5.848114844411611557e-03 4.325301945209503174e-01 4.324698355048894882e-03 4.379508085548877716e-03 1.932964310981333256e-03 9.025407489389181137e-04
9.294334799051284790e-03 4.132110774517059326e-01 -4.946365952491760254e-03 1.482402789406478405e-03 -1.332898740656673908e-03 1.568862935528159142e-03
3.374378196895122528e-03 4.767867624759674072e-01 -1.494355266913771629e-03 -3.469389863312244415e-03 -3.917546011507511139e-03 1.063335512299090624e-04
9.759439155459403992e-03 4.838006794452667236e-01 -8.291371166706085205e-03 -7.731679361313581467e-04 -2.990992972627282143e-03 -2.202410483732819557e-03
4.067703615874052048e-03 4.837908148765563965e-01 -7.493298035115003586e-03 1.551891677081584930e-03 -1.563639671076089144e-04 -1.923034549690783024e-03
8.695362135767936707e-03 4.845188260078430176e-01 -7.584873121231794357e-03 5.006687715649604797e-03 -1.174691715277731419e-03 -3.103111812379211187e-04
3.562352387234568596e-03 4.923456013202667236e-01 -4.212807863950729370e-03 4.495855886489152908e-03 -1.494570751674473286e-03 1.532308990135788918e-03
1.388447359204292297e-02 5.196972489356994629e-01 4.730682354420423508e-03 -6.661937222816050053e-04 9.521025349386036396e-04 5.640173912979662418e-04
2.006523497402667999e-02 5.339805483818054199e-01 3.439203137531876564e-03 -1.170286093838512897e-03 1.020139083266258240e-03 -3.863014513626694679e-03
2.652810653671622276e-03 5.207034349441528320e-01 -6.676974240690469742e-03 1.980284228920936584e-03 9.373068460263311863e-04 -4.539533052593469620e-03
7.849706336855888367e-03 5.356594324111938477e-01 -1.539156027138233185e-02 1.140214386396110058e-03 -6.480836309492588043e-04 -2.315200632438063622e-03
9.067884646356105804e-03 5.530505180358886719e-01 -2.103381976485252380e-02 -2.923652296885848045e-03 -2.198376227170228958e-03 -4.288756827008910477e-05
1.122760865837335587e-02 5.773131251335144043e-01 -1.545703224837779999e-02 -9.663019329309463501e-03 -1.041631214320659637e-03 -1.112174359150230885e-04
2.474416792392730713e-02 5.880990028381347656e-01 -4.785181488841772079e-03 -1.054765284061431885e-02 2.375196898356080055e-03 -3.489168826490640640e-03
1.445441972464323044e-02 5.815337896347045898e-01 -8.046314120292663574e-03 -8.259357884526252747e-03 1.213894109241664410e-03 -3.837311174720525742e-03
1.502642291598021984e-03 5.782501697540283203e-01 1.007379125803709030e-02 -2.208816586062312126e-03 -9.950951207429170609e-04 -2.959080040454864502e-03
-4.402147140353918076e-03 5.915119647979736328e-01 9.265388362109661102e-03 -3.518320387229323387e-03 -4.136784002184867859e-03 -1.390786143019795418e-03
9.430267848074436188e-03 6.037786602973937988e-01 7.988198194652795792e-04 -9.364096913486719131e-04 -1.889164093881845474e-03 -1.260200981050729752e-03
1.707794703543186188e-02 6.073541641235351562e-01 -8.054887875914573669e-03 2.668418455868959427e-03 8.783049997873604298e-05 -2.462598728016018867e-03
1.777273043990135193e-02 6.202655434608459473e-01 -1.395680662244558334e-02 1.628826488740742207e-03 1.838477212004363537e-03 -3.819430479779839516e-03
1.452475041151046753e-02 6.375033259391784668e-01 -1.459879148751497269e-02 -2.224810887128114700e-03 1.940822461619973183e-03 -4.123844671994447708e-03
8.051122538745403290e-03 6.472393870353698730e-01 -5.333996843546628952e-03 -5.106481257826089859e-03 1.315714325755834579e-04 -3.535858821123838425e-03
1.918011903762817383e-02 6.601193547248840332e-01 -1.868392806500196457e-03 -2.491135848686099052e-03 -6.521047907881438732e-04 -2.555863698944449425e-03
4.507434554398059845e-03 6.776632666587829590e-01 -5.766774993389844894e-04 2.277154941111803055e-03 -6.339215324260294437e-04 -2.576630096882581711e-03
2.180728316307067871e-02 6.624162197113037109e-01 -2.481180708855390549e-04 8.602482266724109650e-04 6.442849989980459213e-04 -4.194139968603849411e-03
1.357383001595735550e-02 6.765460968017578125e-01 1.079540234059095383e-03 -3.872406086884438992e-04 1.809227163903415203e-03 -3.344891127198934555e-03
2.273453772068023682e-02 6.943583488464355469e-01 -1.465337583795189857e-03 -1.005314697977155447e-05 1.256508636288344860e-03 -3.205562708899378777e-03
2.147785574197769165e-02 6.995311379432678223e-01 -8.455992676317691803e-03 2.451329259201884270e-03 1.857616822235286236e-03 -3.251184476539492607e-03
2.341929823160171509e-02 7.032009363174438477e-01 -9.101636707782745361e-03 1.714232377707958221e-03 2.439229749143123627e-03 -3.242147155106067657e-03
2.277320437133312225e-02 7.166555523872375488e-01 -1.114299753680825233e-03 -5.199400475248694420e-04 1.742560998536646366e-03 -3.407802665606141090e-03
2.123064920306205750e-02 7.248618006706237793e-01 8.285100338980555534e-04 -9.552589472150430083e-05 1.440232736058533192e-03 -3.592344699427485466e-03
2.158909849822521210e-02 7.267720699310302734e-01 -7.950520957820117474e-04 1.835130969993770123e-03 1.121561857871711254e-03 -3.667055629193782806e-03
1.687259972095489502e-02 7.288015484809875488e-01 -3.622594987973570824e-03 3.325167577713727951e-03 -3.476692945696413517e-04 -3.232490271329879761e-03
1.719249971210956573e-02 7.349187731742858887e-01 -5.821214988827705383e-03 2.216847380623221397e-03 -4.198705137241631746e-04 -2.950053429231047630e-03
2.055442892014980316e-02 7.457572221755981445e-01 -7.737851236015558243e-03 -6.017973646521568298e-04 -1.606014673598110676e-03 -2.589918207377195358e-03
2.093356475234031677e-02 7.543125748634338379e-01 -3.628660691902041435e-03 -2.406652551144361496e-03 2.382624661549925804e-03 -3.273611888289451599e-03
1.992705650627613068e-02 7.603475451469421387e-01 -5.156203173100948334e-03 -2.168897073715925217e-03 3.493160475045442581e-03 -2.757465932518243790e-03
2.279285341501235962e-02 7.573493123054504395e-01 5.834640469402074814e-04 -4.593629855662584305e-04 3.106608055531978607e-03 -2.365390537306666374e-03
1.213360484689474106e-02 7.682811021804809570e-01 -3.645659598987549543e-04 -1.492461597081273794e-04 5.572671652771532536e-04 -2.372895833104848862e-03
1.441860757768154144e-02 7.720358967781066895e-01 -7.348936633206903934e-04 -9.774304999154992402e-06 1.714437821647152305e-04 -1.155290403403341770e-03
1.552427560091018677e-02 7.805080413818359375e-01 -7.264502812176942825e-03 1.092057325877249241e-03 8.210198575397953391e-05 -3.698551445268094540e-04
1.638278178870677948e-02 7.937998175621032715e-01 -1.308360043913125992e-02 3.439749707467854023e-04 -5.252080736681818962e-04 5.706217052647843957e-05
1.082217879593372345e-02 8.099421858787536621e-01 -5.328240338712930679e-03 -1.543260645121335983e-03 -1.490968861617147923e-04 2.565437171142548323e-04
1.635148935019969940e-02 7.995293736457824707e-01 -6.117503507994115353e-04 -2.392344642430543900e-03 2.890063216909766197e-03 1.252158399438485503e-04
9.848548099398612976e-03 7.905850410461425781e-01 -2.104244660586118698e-03 -3.264576662331819534e-07 1.406476832926273346e-03 5.157474661245942116e-04
1.406236644834280014e-02 8.081427216529846191e-01 -2.703446429222822189e-03 1.271499902941286564e-03 -1.499881327617913485e-04 3.401599824428558350e-04
1.187529135495424271e-02 8.251089453697204590e-01 -7.042211480438709259e-03 1.055631437338888645e-03 -8.130694623105227947e-04 2.598509308882057667e-04
1.041900087147951126e-02 8.365941047668457031e-01 -3.138534724712371826e-03 3.311563050374388695e-04 -1.881000061985105276e-04 -6.259606743697077036e-05
1.399894990026950836e-02 8.389250636100769043e-01 -1.433872152119874954e-03 -1.098935754271224141e-04 4.147443105466663837e-04 -4.816628934349864721e-04
1.265329495072364807e-02 8.291785717010498047e-01 -2.629599999636411667e-03 -4.961048252880573273e-04 2.030519826803356409e-04 -9.444161696592345834e-05
1.987325213849544525e-02 8.442877531051635742e-01 -7.920595817267894745e-03 1.107491552829742432e-03 1.165449386462569237e-03 -4.961644881404936314e-04
1.474423054605722427e-02 8.347525596618652344e-01 -3.759526414796710014e-03 1.319978153333067894e-03 4.402405174914747477e-04 -1.889952109195291996e-04
7.149467244744300842e-03 8.631076216697692871e-01 3.288140753284096718e-03 -8.396436460316181183e-04 -1.022866461426019669e-03 3.031211672350764275e-04
1.157266553491353989e-02 8.605915307998657227e-01 1.438979525119066238e-04 -3.833831986412405968e-03 -1.051170285791158676e-03 1.864067453425377607e-04
1.712206937372684479e-02 8.641194701194763184e-01 -2.337132580578327179e-03 -1.250941422767937183e-03 1.470243907533586025e-03 -5.045115831308066845e-04
1.837511919438838959e-02 8.593922257423400879e-01 -7.287333719432353973e-03 7.546843262389302254e-04 2.241296897409483790e-05 7.143057882785797119e-05
1.471889019012451172e-02 8.669910430908203125e-01 -5.989069584757089615e-03 3.855887101963162422e-03 1.217063181684352458e-04 -1.598057337105274200e-03
5.228125955909490585e-03 8.802722692489624023e-01 -9.561439044773578644e-03 1.874299370683729649e-03 -1.796761294826865196e-03 -8.769416017457842827e-04
1.089220121502876282e-02 8.746696710586547852e-01 -5.068053957074880600e-03 -1.342287752777338028e-03 -1.262109493836760521e-03 -1.487802655901759863e-04
