2.769772429019212723e-03 4.032230004668235779e-03 3.445173613727092743e-03 3.874321409966796637e-04 4.194893990643322468e-04 3.121776389889419079e-04
3.060630289837718010e-03 3.560036187991499901e-03 3.502439241856336594e-03 5.141532164998352528e-04 3.617805778048932552e-04 3.033094108104705811e-04
2.443754114210605621e-03 3.563703270629048347e-03 2.982975682243704796e-03 4.911513533443212509e-04 3.624365781433880329e-04 2.159338619094341993e-04
3.157563274726271629e-03 3.163492307066917419e-03 3.090664278715848923e-03 4.328547802288085222e-04 3.974869614467024803e-04 3.552726120688021183e-04
2.475180430337786674e-03 3.770921612158417702e-03 3.412169869989156723e-03 4.887404502369463444e-04 3.830013738479465246e-04 2.371215086895972490e-04
2.808599267154932022e-03 5.019302479922771454e-03 2.622095867991447449e-03 4.443146463017910719e-04 2.904217690229415894e-04 2.508480392862111330e-04
2.182914875447750092e-03 4.411716945469379425e-03 2.609189134091138840e-03 4.715037066489458084e-04 2.700218465179204941e-04 2.876844373531639576e-04
2.590379444882273674e-03 3.947008401155471802e-03 3.095790510997176170e-03 4.090725851710885763e-04 3.267742577008903027e-04 3.118736203759908676e-04
2.822418697178363800e-03 3.724061883985996246e-03 3.389495424926280975e-03 4.586459544952958822e-04 3.501150349620729685e-04 2.688628446776419878e-04
3.741554217413067818e-03 4.136370494961738586e-03 3.101321170106530190e-03 4.332634271122515202e-04 3.993470163550227880e-04 3.112749254796653986e-04
2.535970881581306458e-03 4.198840819299221039e-03 3.552605863660573959e-03 4.069446877110749483e-04 3.875627298839390278e-04 2.484609140083193779e-04
2.672919537872076035e-03 4.519043024629354477e-03 3.337272908538579941e-03 3.458350256551057100e-04 3.312272892799228430e-04 3.237394848838448524e-04
3.729573916643857956e-03 5.387247540056705475e-03 3.776636207476258278e-03 4.522203525993973017e-04 3.865197650156915188e-04 3.498755395412445068e-04
2.721188822761178017e-03 5.485237110406160355e-03 3.737364895641803741e-03 4.347082285676151514e-04 3.761885163839906454e-04 2.959389530587941408e-04
2.507926896214485168e-03 4.177341237664222717e-03 3.397162770852446556e-03 3.425134054850786924e-04 4.060025094076991081e-04 2.901332336477935314e-04
2.864612732082605362e-03 3.603147575631737709e-03 3.449318930506706238e-03 3.753423225134611130e-04 4.481482028495520353e-04 2.433328481856733561e-04
2.588201314210891724e-03 5.357690621167421341e-03 3.589613130316138268e-03 3.604070225264877081e-04 4.294978280086070299e-04 2.421670360490679741e-04
2.819626592099666595e-03 3.456859150901436806e-03 3.682511392980813980e-03 5.039022653363645077e-04 4.350482486188411713e-04 3.349588660057634115e-04
4.734101239591836929e-03 5.400644149631261826e-03 4.944269079715013504e-03 5.493048811331391335e-04 6.650172290392220020e-04 3.774138749577105045e-04
2.661688486114144325e-03 5.696769803762435913e-03 3.565559396520256996e-03 3.824881569016724825e-04 4.043951339554041624e-04 2.399431396042928100e-04
2.340061590075492859e-03 5.841965321451425552e-03 4.572047851979732513e-03 4.723290912806987762e-04 4.419038596097379923e-04 2.818520006258040667e-04
1.848655403591692448e-03 4.414694849401712418e-03 2.846679184585809708e-03 3.964658244512975216e-04 3.252682799939066172e-04 2.386803535046055913e-04
1.881800359115004539e-03 4.509128630161285400e-03 3.040115116164088249e-03 3.522036131471395493e-04 3.131643461529165506e-04 2.440529206069186330e-04
3.221797291189432144e-03 4.973594564944505692e-03 3.536631818860769272e-03 3.830907808151096106e-04 4.140364471822977066e-04 3.562932834029197693e-04
2.432809444144368172e-03 4.714706912636756897e-03 3.070835955440998077e-03 4.301821172703057528e-04 3.501951869111508131e-04 2.616304554976522923e-04
2.020875690504908562e-03 4.775425884872674942e-03 3.735508536919951439e-03 4.486514080781489611e-04 4.024929658044129610e-04 1.524490071460604668e-04
2.262779744341969490e-03 6.002686917781829834e-03 3.182835644111037254e-03 3.903419128619134426e-04 3.751417389139533043e-04 2.860233944375067949e-04
2.758640795946121216e-03 4.875507205724716187e-03 3.171212738379836082e-03 3.254036419093608856e-04 4.032908182125538588e-04 1.946382835740223527e-04
2.570243086665868759e-03 6.024574860930442810e-03 3.444754984229803085e-03 3.744227578863501549e-04 3.690247249323874712e-04 1.991033350350335240e-04
1.841577468439936638e-03 4.494590684771537781e-03 3.053871216252446175e-03 4.265794123057276011e-04 3.479308215901255608e-04 1.887895778054371476e-04
2.182709984481334686e-03 5.827087443321943283e-03 3.688068361952900887e-03 4.780586459673941135e-04 4.175332433078438044e-04 1.666413154453039169e-04
2.348735928535461426e-03 4.144540056586265564e-03 3.262457903474569321e-03 3.914357221219688654e-04 3.845002211164683104e-04 1.613258209545165300e-04
2.124435734003782272e-03 4.540144465863704681e-03 2.863642992451786995e-03 3.444449685048311949e-04 3.416883992031216621e-04 2.396669879090040922e-04
2.262216759845614433e-03 4.665008746087551117e-03 3.247996559366583824e-03 4.432184505276381969e-04 3.751750627998262644e-04 1.734788529574871063e-04
2.611250383779406548e-03 4.022165201604366302e-03 3.432509722188115120e-03 4.040372732561081648e-04 4.111714661121368408e-04 1.655172090977430344e-04
1.684129354543983936e-03 4.721721168607473373e-03 3.611708525568246841e-03 4.453143628779798746e-04 4.247931938152760267e-04 2.806860138662159443e-04
1.580440672114491463e-03 5.588750354945659637e-03 3.075552172958850861e-03 3.567584499251097441e-04 3.021676384378224611e-04 1.580872340127825737e-04
2.042232779785990715e-03 4.200961440801620483e-03 3.158748615533113480e-03 3.914622648153454065e-04 3.779145772568881512e-04 1.963599788723513484e-04
2.221810864284634590e-03 4.524374846369028091e-03 2.755073131993412971e-03 3.960914909839630127e-04 3.401052381377667189e-04 1.758991711540147662e-04
2.198569010943174362e-03 4.247290082275867462e-03 3.482426749542355537e-03 4.804690252058207989e-04 4.250297497492283583e-04 1.519271900178864598e-04
1.841020071879029274e-03 3.940559457987546921e-03 3.300664480775594711e-03 3.748139424715191126e-04 3.715515194926410913e-04 1.285458856727927923e-04
1.928830402903258801e-03 5.493425298482179642e-03 3.352648811414837837e-03 4.037324979435652494e-04 3.560938348527997732e-04 1.247932377737015486e-04
1.765201333910226822e-03 5.684195552021265030e-03 3.192410105839371681e-03 3.710245364345610142e-04 3.594837617129087448e-04 1.246630417881533504e-04
1.618064008653163910e-03 4.091327078640460968e-03 2.922876039519906044e-03 3.388010372873395681e-04 3.304221318103373051e-04 1.324304903391748667e-04
1.955233747139573097e-03 4.221507813781499863e-03 2.943417988717556000e-03 3.923696058336645365e-04 3.357910027261823416e-04 1.465242821723222733e-04
1.731173018924891949e-03 4.095821641385555267e-03 2.696940442547202110e-03 3.329321916680783033e-04 3.578923642635345459e-04 1.286641199840232730e-04
1.644702744670212269e-03 4.036279860883951187e-03 2.929849550127983093e-03 3.522243641782552004e-04 3.252404567319899797e-04 1.383495982736349106e-04
1.972797093912959099e-03 3.711425466462969780e-03 2.097566844895482063e-03 3.391502832528203726e-04 3.082571201957762241e-04 2.247731899842619896e-04
2.027375623583793640e-03 4.197548609226942062e-03 3.080017166212201118e-03 3.513531119097024202e-04 3.101610345765948296e-04 1.394417486153542995e-04
1.677191350609064102e-03 4.338170401751995087e-03 2.819131361320614815e-03 3.639890928752720356e-04 3.008225467056035995e-04 1.361000613542273641e-04
1.803282066248357296e-03 4.285802133381366730e-03 2.404140075668692589e-03 3.239258949179202318e-04 2.716260496526956558e-04 1.437640603398904204e-04
1.933483639732003212e-03 3.956635482609272003e-03 2.812994178384542465e-03 3.375491360202431679e-04 2.903519780375063419e-04 1.453720615245401859e-04
1.953307073563337326e-03 3.912384156137704849e-03 2.965236082673072815e-03 3.932161780539900064e-04 3.106274816673249006e-04 2.696622686926275492e-04
2.086219843477010727e-03 3.978789784014225006e-03 2.336536999791860580e-03 3.496316785458475351e-04 3.184035595040768385e-04 1.515550538897514343e-04
2.467677695676684380e-03 3.817382967099547386e-03 2.072375267744064331e-03 3.455657861195504665e-04 2.777275221887975931e-04 1.591296604601666331e-04
2.478134352713823318e-03 3.093874081969261169e-03 1.897920155897736549e-03 3.269361332058906555e-04 2.632376272231340408e-04 2.559596614446491003e-04
2.084431936964392662e-03 4.048860631883144379e-03 2.532223239541053772e-03 3.818963014055043459e-04 3.043422766495496035e-04 2.684082719497382641e-04
1.844003912992775440e-03 3.982506692409515381e-03 2.204011194407939911e-03 3.465106419753283262e-04 2.918546379078179598e-04 1.560252421768382192e-04
1.889680163003504276e-03 3.184521803632378578e-03 2.464224817231297493e-03 3.419292334001511335e-04 2.722339122556149960e-04 1.956594642251729965e-04
1.798844663426280022e-03 3.123321337625384331e-03 2.296062419191002846e-03 4.512374871410429478e-04 3.114843857474625111e-04 1.425467344233766198e-04
2.068123081699013710e-03 3.375214524567127228e-03 2.046200213953852654e-03 3.751706681214272976e-04 2.846360730472952127e-04 1.504163083154708147e-04
1.955379964783787727e-03 3.701644949615001678e-03 1.747861737385392189e-03 3.830712812487035990e-04 2.748325641732662916e-04 1.341782772215083241e-04
2.181400544941425323e-03 3.509124508127570152e-03 1.579845324158668518e-03 3.444408066570758820e-04 2.863013942260295153e-04 1.439320330973714590e-04
2.072779694572091103e-03 3.393307328224182129e-03 1.413630438037216663e-03 3.379283880349248648e-04 2.098065306199714541e-04 1.915069005917757750e-04
1.872799592092633247e-03 2.654267242178320885e-03 1.357672852464020252e-03 3.607549588195979595e-04 2.573279198259115219e-04 1.349249796476215124e-04
2.156324218958616257e-03 3.553606569766998291e-03 1.917767920531332493e-03 4.319191211834549904e-04 3.204274398740381002e-04 2.188157086493447423e-04
1.749244867824018002e-03 3.394815139472484589e-03 1.777835423126816750e-03 3.734546771738678217e-04 2.573532692622393370e-04 1.233675429830327630e-04
1.930456375703215599e-03 3.852290567010641098e-03 2.758036134764552116e-03 3.800936683546751738e-04 2.935294178314507008e-04 1.330607628915458918e-04
1.780149876140058041e-03 2.756124362349510193e-03 1.717379549518227577e-03 4.106561536900699139e-04 2.531510835979133844e-04 1.293843524763360620e-04
1.688948948867619038e-03 3.825167194008827209e-03 1.919950125738978386e-03 4.195461806375533342e-04 2.603201428428292274e-04 1.335246488451957703e-04
2.034750767052173615e-03 4.155728500336408615e-03 1.882637618109583855e-03 4.001816851086914539e-04 2.868096344172954559e-04 2.569581847637891769e-04
1.635029911994934082e-03 3.448562463745474815e-03 1.728035509586334229e-03 3.014330577570945024e-04 2.807195123750716448e-04 1.185781220556236804e-04
1.573956571519374847e-03 3.241723170503973961e-03 2.249595941975712776e-03 4.010205157101154327e-04 2.880651445593684912e-04 1.255003735423088074e-04
1.722807064652442932e-03 3.090393729507923126e-03 2.042267704382538795e-03 3.762632841244339943e-04 2.925957960542291403e-04 1.397951564285904169e-04
1.781544880941510201e-03 3.465431975200772285e-03 2.960066776722669601e-03 4.199839895591139793e-04 3.203148080501705408e-04 1.315518165938556194e-04
2.417552983388304710e-03 4.146456718444824219e-03 2.766736317425966263e-03 4.058232880197465420e-04 3.430853248573839664e-04 2.757114416453987360e-04
2.500384813174605370e-03 4.438170231878757477e-03 2.742542885243892670e-03 4.627183370757848024e-04 3.345117729622870684e-04 2.928376197814941406e-04
1.693789730779826641e-03 3.567942185327410698e-03 2.174359047785401344e-03 4.234576481394469738e-04 2.815972547978162766e-04 1.535796327516436577e-04
1.771234092302620411e-03 3.239462850615382195e-03 2.690010005608201027e-03 3.723608097061514854e-04 2.939263358712196350e-04 1.603105192771181464e-04
1.983008347451686859e-03 4.747729748487472534e-03 3.024690318852663040e-03 3.806438762694597244e-04 3.374508523847907782e-04 2.580699801910668612e-04
1.902126590721309185e-03 4.621974192559719086e-03 3.197613870725035667e-03 3.533819690346717834e-04 3.027515194844454527e-04 2.072239149129018188e-04
1.930239726789295673e-03 4.825196694582700729e-03 2.964734565466642380e-03 4.042600630782544613e-04 2.963388396892696619e-04 1.639172987779602408e-04
2.207334386184811592e-03 3.792500356212258339e-03 2.963381353765726089e-03 4.384283383842557669e-04 3.057398134842514992e-04 3.256732597947120667e-04
1.860796473920345306e-03 3.549896879121661186e-03 3.886528313159942627e-03 4.400163888931274414e-04 3.735620994120836258e-04 2.526654279790818691e-04
1.896014902740716934e-03 3.507614368572831154e-03 2.587770111858844757e-03 3.496499848552048206e-04 2.895253128372132778e-04 1.698483683867380023e-04
2.598605351522564888e-03 4.656898789107799530e-03 3.250156994909048080e-03 3.791119961533695459e-04 3.715622297022491693e-04 4.126369894947856665e-04
1.909702550619840622e-03 2.881130436435341835e-03 3.832175396382808685e-03 4.056359466630965471e-04 4.705082974396646023e-04 2.647383371368050575e-04
1.984010217711329460e-03 3.531245747581124306e-03 2.782998839393258095e-03 4.175233480054885149e-04 3.010718210134655237e-04 1.932870218297466636e-04
1.738880178891122341e-03 4.667627159506082535e-03 4.113255068659782410e-03 4.699367855209857225e-04 4.124975239392369986e-04 1.975376217160373926e-04
1.870974199846386909e-03 3.836899064481258392e-03 4.215999506413936615e-03 3.913577529601752758e-04 3.710087330546230078e-04 2.632026444189250469e-04
1.777111086994409561e-03 3.748383373022079468e-03 4.279196262359619141e-03 5.287691019475460052e-04 4.366597277112305164e-04 1.748747308738529682e-04
2.239518333226442337e-03 3.956008702516555786e-03 4.257079213857650757e-03 4.287117335479706526e-04 4.785462224390357733e-04 3.499093290884047747e-04
1.683753216639161110e-03 3.511657472699880600e-03 3.570796456187963486e-03 3.839314449578523636e-04 4.188682942185550928e-04 2.487015735823661089e-04
2.255215775221586227e-03 3.862424753606319427e-03 3.736407263204455376e-03 3.603163931984454393e-04 3.864279133267700672e-04 3.314765635877847672e-04
1.796858268789947033e-03 3.398335073143243790e-03 3.719407366588711739e-03 3.676654596347361803e-04 3.900406300090253353e-04 2.778301131911575794e-04
1.715058228000998497e-03 3.260626457631587982e-03 3.836723510175943375e-03 4.087373963557183743e-04 4.214421787764877081e-04 2.668892266228795052e-04
1.822132617235183716e-03 3.800350474193692207e-03 3.740976564586162567e-03 4.302625602576881647e-04 4.238113178871572018e-04 2.979708951897919178e-04
2.040767343714833260e-03 3.609895240515470505e-03 3.944863099604845047e-03 3.948665398638695478e-04 4.787681391462683678e-04 2.912076888605952263e-04
1.775831566192209721e-03 4.027853254228830338e-03 3.763334127143025398e-03 4.673908115364611149e-04 4.298439016565680504e-04 2.665283391252160072e-04
2.256207866594195366e-03 3.780764061957597733e-03 3.433523932471871376e-03 4.678354598581790924e-04 4.154009220656007528e-04 3.337842936161905527e-04
1.710405922494828701e-03 3.443635534495115280e-03 4.348325543105602264e-03 5.462780245579779148e-04 4.694827657658606768e-04 2.761487849056720734e-04
2.009441144764423370e-03 4.038587678223848343e-03 4.211483523249626160e-03 4.084907413925975561e-04 4.238369874656200409e-04 3.364516596775501966e-04
1.559502445161342621e-03 2.813881961628794670e-03 3.556860843673348427e-03 4.427942913025617599e-04 3.943688934668898582e-04 2.624259213916957378e-04
1.971964491531252861e-03 2.909850794821977615e-03 3.341100644320249557e-03 4.207822785247117281e-04 4.209079488646239042e-04 3.173987206537276506e-04
2.156918635591864586e-03 5.452486220747232437e-03 3.439589636400341988e-03 4.588046867866069078e-04 4.200901312287896872e-04 3.189236158505082130e-04
2.180655486881732941e-03 3.420933149755001068e-03 3.314829897135496140e-03 4.035438178107142448e-04 3.821312566287815571e-04 3.634483146015554667e-04
2.035216195508837700e-03 3.234060248360037804e-03 3.368458012118935585e-03 3.716153150890022516e-04 3.973363200202584267e-04 2.591969096101820469e-04
2.299379790201783180e-03 6.383634172379970551e-03 4.621868021786212921e-03 4.675489617511630058e-04 4.799230664502829313e-04 3.694988554343581200e-04
2.228086581453680992e-03 4.226475488394498825e-03 4.399466328322887421e-03 5.299043841660022736e-04 4.721888108178973198e-04 3.130955738015472889e-04
2.883391687646508217e-03 4.001522436738014221e-03 3.835267852991819382e-03 5.430958117358386517e-04 5.453857011161744595e-04 3.326336736790835857e-04
1.792696653865277767e-03 4.394508432596921921e-03 4.259830806404352188e-03 5.557562108151614666e-04 4.958226345479488373e-04 2.919090620707720518e-04
1.911319908685982227e-03 4.738334100693464279e-03 3.216129494830965996e-03 3.971701953560113907e-04 3.016030241269618273e-04 2.124612510669976473e-04
2.173431450501084328e-03 3.732494544237852097e-03 3.727314062416553497e-03 4.497862537391483784e-04 3.997003659605979919e-04 2.736636961344629526e-04
2.751540392637252808e-03 4.041382577270269394e-03 3.382711904123425484e-03 4.647624446079134941e-04 3.278898657299578190e-04 3.108495438937097788e-04
2.493011299520730972e-03 4.305075854063034058e-03 3.386909374967217445e-03 4.114530456718057394e-04 3.386751050129532814e-04 2.716243325266987085e-04
5.637292284518480301e-03 8.036984130740165710e-03 5.650826264172792435e-03 5.201605963520705700e-04 3.475991252344101667e-04 4.104955878574401140e-04
3.268677741289138794e-03 5.520652048289775848e-03 4.243816714733839035e-03 4.838939348701387644e-04 3.973791026510298252e-04 4.299680003896355629e-04
4.023383837193250656e-03 5.000658798962831497e-03 3.291549393907189369e-03 4.376948345452547073e-04 3.863705205731093884e-04 3.433715901337563992e-04
2.093367045745253563e-03 2.993665868416428566e-03 2.885133493691682816e-03 4.380000173114240170e-04 2.739093615673482418e-04 2.506949240341782570e-04
2.898348495364189148e-03 2.902063308283686638e-03 3.433962818235158920e-03 3.479190927464514971e-04 3.489566151984035969e-04 3.237489145249128342e-04
2.392466412857174873e-03 3.673226106911897659e-03 3.569853957742452621e-03 3.361606213729828596e-04 3.374846419319510460e-04 2.490055921953171492e-04
4.228095524013042450e-03 3.787520341575145721e-03 4.965395200997591019e-03 5.353006417863070965e-04 6.042426102794706821e-04 5.790939903818070889e-04
2.917683683335781097e-03 4.300091881304979324e-03 4.084489773958921432e-03 4.979821387678384781e-04 4.092919407412409782e-04 2.901022671721875668e-04
3.607407910749316216e-03 4.159737844020128250e-03 3.328422317281365395e-03 3.477705758996307850e-04 3.606261161621659994e-04 4.141903191339224577e-04
2.735981019213795662e-03 3.031368833035230637e-03 4.011283162981271744e-03 3.774261858779937029e-04 4.211312916595488787e-04 2.439692034386098385e-04
2.659776480868458748e-03 4.591525532305240631e-03 3.152445424348115921e-03 4.349577939137816429e-04 3.312724293209612370e-04 2.614097320474684238e-04
2.662295475602149963e-03 4.137979820370674133e-03 4.179197829216718674e-03 6.584911607205867767e-04 3.958205052185803652e-04 2.558341075200587511e-04
2.822404028847813606e-03 5.022535566240549088e-03 4.044613800942897797e-03 4.414704453665763140e-04 3.546377120073884726e-04 2.556009858381003141e-04
3.088385099545121193e-03 4.745849408209323883e-03 4.422326572239398956e-03 5.154047976247966290e-04 4.220829869154840708e-04 2.789770078379660845e-04
2.830281388014554977e-03 4.635735414922237396e-03 4.543097224086523056e-03 7.144236587919294834e-04 4.783442418556660414e-04 2.632960677146911621e-04
1.998582622036337852e-03 4.867098294198513031e-03 4.981583915650844574e-03 4.427869571372866631e-04 4.287941846996545792e-04 1.886938407551497221e-04
2.246828982606530190e-03 3.997322637587785721e-03 4.639714024960994720e-03 7.220628322102129459e-04 4.837817687075585127e-04 2.008861629292368889e-04
2.559720771387219429e-03 6.661314982920885086e-03 5.946627818048000336e-03 4.091729933861643076e-04 4.211339692119508982e-04 2.232272090623155236e-04
2.311630640178918839e-03 5.714908707886934280e-03 4.852292593568563461e-03 3.576091548893600702e-04 3.874640096910297871e-04 1.992330944631248713e-04
3.067640820518136024e-03 6.432173307985067368e-03 4.562557209283113480e-03 3.169191477354615927e-04 3.916854911949485540e-04 2.608881623018532991e-04
2.231217920780181885e-03 4.936251789331436157e-03 4.615239333361387253e-03 4.923069500364363194e-04 4.886014503426849842e-04 2.541272260714322329e-04
2.510730409994721413e-03 5.334802437573671341e-03 5.457758437842130661e-03 4.762785392813384533e-04 4.827708180528134108e-04 2.630402741488069296e-04
4.010264761745929718e-03 8.837256580591201782e-03 1.058343797922134399e-02 1.279872143641114235e-03 1.001447672024369240e-03 2.944967709481716156e-04
2.978002652525901794e-03 6.376847159117460251e-03 7.288987748324871063e-03 1.240412704646587372e-03 6.810968625359237194e-04 2.814907347783446312e-04
3.132750978693366051e-03 4.731587134301662445e-03 6.866929586976766586e-03 6.287628784775733948e-04 5.645010387524962425e-04 2.557013358455151320e-04
2.649732865393161774e-03 4.800618626177310944e-03 4.500312265008687973e-03 4.115646588616073132e-04 3.952712868340313435e-04 1.823545899242162704e-04
3.376341192051768303e-03 4.812301136553287506e-03 4.203398246318101883e-03 3.367004683241248131e-04 3.799913974944502115e-04 2.403215185040608048e-04
2.435344038531184196e-03 4.369817674160003662e-03 4.625007044523954391e-03 4.537201893981546164e-04 4.699886776506900787e-04 1.776012941263616085e-04
2.008368261158466339e-03 4.351640585809946060e-03 4.801862407475709915e-03 4.227294411975890398e-04 3.852784866467118263e-04 1.663027796894311905e-04
2.000212203711271286e-03 5.069425795227289200e-03 5.085285753011703491e-03 4.555184568744152784e-04 4.894310259260237217e-04 1.637637033127248287e-04
2.146657323464751244e-03 4.177418071776628494e-03 3.996924497187137604e-03 3.827782929874956608e-04 4.189907340332865715e-04 1.794292475096881390e-04
2.310213400050997734e-03 5.456330254673957825e-03 5.503897555172443390e-03 4.343455075286328793e-04 3.610137500800192356e-04 2.383784012636169791e-04
2.049981616437435150e-03 4.994329065084457397e-03 5.170334596186876297e-03 4.283908056095242500e-04 5.449790041893720627e-04 2.392754540778696537e-04
1.788689871318638325e-03 5.249214824289083481e-03 4.186102654784917831e-03 3.157559549435973167e-04 4.232551727909594774e-04 2.118317497661337256e-04
2.489882055670022964e-03 4.908207803964614868e-03 5.043659824877977371e-03 3.488626680336892605e-04 4.162012482993304729e-04 2.418373187538236380e-04
1.987940398976206779e-03 6.487977690994739532e-03 4.780482500791549683e-03 3.834079834632575512e-04 5.096186650916934013e-04 2.548615157138556242e-04
2.584611065685749054e-03 3.261902136728167534e-03 5.240080878138542175e-03 5.412113387137651443e-04 5.767324473708868027e-04 2.506659948267042637e-04
1.762858009897172451e-03 3.750350326299667358e-03 3.385521704331040382e-03 3.102892078459262848e-04 2.984653983730822802e-04 2.136921248165890574e-04
1.655644038692116737e-03 3.820681711658835411e-03 3.300522919744253159e-03 4.187457088846713305e-04 3.170527925249189138e-04 1.986277347896248102e-04
2.341427374631166458e-03 8.050010539591312408e-03 6.700129713863134384e-03 8.123543229885399342e-04 6.264339899644255638e-04 2.928781905211508274e-04
1.822579884901642799e-03 5.203434731811285019e-03 3.395749256014823914e-03 5.532414652407169342e-04 3.972735721617937088e-04 2.243991912109777331e-04
1.808034256100654602e-03 7.678624242544174194e-03 5.335258785635232925e-03 6.126599037088453770e-04 4.846954543609172106e-04 2.312407741555944085e-04
2.400301629677414894e-03 7.564327213913202286e-03 4.623997490853071213e-03 9.191596182063221931e-04 4.188183520454913378e-04 3.213826566934585571e-04
2.453157445415854454e-03 5.156463943421840668e-03 3.138728439807891846e-03 4.453276633284986019e-04 3.663499956019222736e-04 1.950494915945455432e-04
2.599928062409162521e-03 5.572939291596412659e-03 4.008109681308269501e-03 3.569064137991517782e-04 2.926167799159884453e-04 2.718474715948104858e-04
2.753271954134106636e-03 4.998753778636455536e-03 4.459951072931289673e-03 3.474853874649852514e-04 4.662793653551489115e-04 2.468471357133239508e-04
3.534458577632904053e-03 3.612868953496217728e-03 4.504435695707798004e-03 3.805208252742886543e-04 5.138511187396943569e-04 2.523871371522545815e-04
2.468475839123129845e-03 3.228053217753767967e-03 4.563896916806697845e-03 4.262216098140925169e-04 4.926364636048674583e-04 2.191548119299113750e-04
2.615374978631734848e-03 3.228934248909354210e-03 4.550201818346977234e-03 4.177899681963026524e-04 4.349774681031703949e-04 2.298634499311447144e-04
2.292035147547721863e-03 3.408343065530061722e-03 4.821466282010078430e-03 3.965712094213813543e-04 4.001071210950613022e-04 1.811111578717827797e-04
3.220603335648775101e-03 4.691454581916332245e-03 5.925488192588090897e-03 4.516232875175774097e-04 4.880397464148700237e-04 2.732100547291338444e-04
2.984739607200026512e-03 4.983552265912294388e-03 5.152942612767219543e-03 4.622089618351310492e-04 4.527671262621879578e-04 2.394889306742697954e-04
1.936930697411298752e-03 2.662527607753872871e-03 6.173453759402036667e-03 4.590221215039491653e-04 5.506369634531438351e-04 1.828474050853401423e-04
2.774425083771348000e-03 2.746949670836329460e-03 4.826332908123731613e-03 4.208903701510280371e-04 3.986697702202945948e-04 2.087565808324143291e-04
3.289531683549284935e-03 3.637907560914754868e-03 3.591474844142794609e-03 3.835700044874101877e-04 3.568723041098564863e-04 2.727619721554219723e-04
2.789277350530028343e-03 4.901053849607706070e-03 5.189431365579366684e-03 4.384618659969419241e-04 4.384689382277429104e-04 2.500920963939279318e-04
2.240593777969479561e-03 3.040003124624490738e-03 4.031250253319740295e-03 4.038339830003678799e-04 3.801654384005814791e-04 1.729841169435530901e-04
2.339437836781144142e-03 4.206423647701740265e-03 3.823245177045464516e-03 3.866542538162320852e-04 4.031356074847280979e-04 2.573141246102750301e-04
1.895299763418734074e-03 3.974747378379106522e-03 3.382823197171092033e-03 4.518072819337248802e-04 3.464062174316495657e-04 1.472933217883110046e-04
1.882058917544782162e-03 2.472950378432869911e-03 4.677481018006801605e-03 4.645560402423143387e-04 4.262380534783005714e-04 1.534926414024084806e-04
1.778304460458457470e-03 2.932373201474547386e-03 3.986136522144079208e-03 5.629703518934547901e-04 3.293076006229966879e-04 1.532882597530260682e-04
1.577536691911518574e-03 2.906796289607882500e-03 4.039878956973552704e-03 4.289910430088639259e-04 3.250627196393907070e-04 1.369600940961390734e-04
1.448393100872635841e-03 3.609074745327234268e-03 3.216584213078022003e-03 3.580893389880657196e-04 2.822338719852268696e-04 1.388323144055902958e-04
1.472214586101472378e-03 3.105341689661145210e-03 3.067662939429283142e-03 4.073870659340173006e-04 3.020266303792595863e-04 1.634236687095835805e-04
1.191971357911825180e-03 3.198361722752451897e-03 3.199766390025615692e-03 4.209337930660694838e-04 3.502852050587534904e-04 1.259631098946556449e-04
1.180786523036658764e-03 4.068747628480195999e-03 4.011345095932483673e-03 6.235772743821144104e-04 4.109817964490503073e-04 1.155097270384430885e-04
1.268165302462875843e-03 4.249814897775650024e-03 3.209870308637619019e-03 4.617619269993156195e-04 4.290616780053824186e-04 1.274810347240418196e-04
1.144830603152513504e-03 3.514680312946438789e-03 3.261641832068562508e-03 5.223632324486970901e-04 3.361731942277401686e-04 1.260423305211588740e-04
1.187081914395093918e-03 2.575072227045893669e-03 2.559951040893793106e-03 2.689246030058711767e-04 2.096910902764648199e-04 1.200344559038057923e-04
1.014391425997018814e-03 3.755057463422417641e-03 3.233420429751276970e-03 4.140920063946396112e-04 3.643341769929975271e-04 1.146771537605673075e-04
9.853217052295804024e-04 3.201573621481657028e-03 2.753618173301219940e-03 4.470905987545847893e-04 3.669158322736620903e-04 1.102702590287663043e-04
9.093568660318851471e-04 3.100480651482939720e-03 2.547538140788674355e-03 2.811266749631613493e-04 2.850327873602509499e-04 1.005268786684609950e-04
9.712264873087406158e-04 2.531938720494508743e-03 2.928490051999688148e-03 5.462516564875841141e-04 4.825512005481868982e-04 1.238319964613765478e-04
7.605925784446299076e-04 2.628249581903219223e-03 3.224029205739498138e-03 5.537394317798316479e-04 3.717174113262444735e-04 7.488926348742097616e-05
7.341136224567890167e-04 2.493421314284205437e-03 2.845316426828503609e-03 3.886887861881405115e-04 3.559092583600431681e-04 8.364462701138108969e-05
7.423729402944445610e-04 3.069238271564245224e-03 3.458827035501599312e-03 6.329729221761226654e-04 4.543760733213275671e-04 9.506380592938512564e-05
6.079934537410736084e-04 2.788841957226395607e-03 3.118873573839664459e-03 5.161165026947855949e-04 4.066793189849704504e-04 7.818310405127704144e-05
6.426858599297702312e-04 2.557285130023956299e-03 3.122059162706136703e-03 5.689953686669468880e-04 4.405362997204065323e-04 7.961817027535289526e-05
5.641418392769992352e-04 2.197490539401769638e-03 3.052558749914169312e-03 6.335838115774095058e-04 3.964135248679667711e-04 7.422012276947498322e-05
5.989023484289646149e-04 2.513004001230001450e-03 3.425048897042870522e-03 6.051093223504722118e-04 4.421624471433460712e-04 8.061881089815869927e-05
5.894352798350155354e-04 3.132360754534602165e-03 3.120541339740157127e-03 5.809493013657629490e-04 4.206670855637639761e-04 9.268364374293014407e-05
5.878500523976981640e-04 2.756073838099837303e-03 3.366456367075443268e-03 6.721134413965046406e-04 4.147806612309068441e-04 7.813933916622772813e-05
4.824176430702209473e-04 3.035619389265775681e-03 3.265833482146263123e-03 8.789455168880522251e-04 3.685238189063966274e-04 7.209353498183190823e-05
4.588401061482727528e-04 3.017194801941514015e-03 3.179612103849649429e-03 7.091153529472649097e-04 3.902643802575767040e-04 6.851566286059096456e-05
