1.167238573543727398e-03 -6.759724928997457027e-04 -1.661067508393898606e-04 6.897143612150102854e-05 -4.672882278100587428e-05 3.753204509848728776e-05
1.445061992853879929e-03 -3.126915311440825462e-03 7.821882900316268206e-05 -2.052199306490365416e-06 3.064700285904109478e-05 8.991585491457954049e-05
-1.503824722021818161e-03 3.436948405578732491e-03 -5.216312274569645524e-05 -3.420289431232959032e-05 -6.005319846735801548e-06 -1.529524597572162747e-04
3.371088532730937004e-03 -1.532360329292714596e-03 1.313413085881620646e-04 1.471051291446201503e-05 -2.474799657647963613e-05 -2.314735138497781008e-05
2.915957884397357702e-05 -9.870463982224464417e-04 -9.854496965999715030e-06 -1.693759077170398086e-05 9.738723747432231903e-06 1.799405072233639657e-05
-3.182672080583870411e-04 1.855295267887413502e-03 1.462682266719639301e-04 -1.208297544508241117e-05 2.901696097978856415e-05 -5.753647201345302165e-05
5.442314781248569489e-03 -1.720924396067857742e-03 -4.577578874886967242e-05 3.509093585307709873e-05 -3.591291897464543581e-05 -6.403496081475168467e-05
-3.006458282470703125e-03 3.732764162123203278e-03 3.228596324333921075e-05 4.093379175174050033e-06 3.556503361323848367e-05 4.715043360192794353e-06
-1.461075968109071255e-03 -2.964859828352928162e-03 -2.920794941019266844e-06 -8.520977280568331480e-05 2.158325514756143093e-05 6.229609425645321608e-05
-3.031016094610095024e-04 1.140003209002315998e-03 -1.704841852188110352e-04 7.549211295554414392e-05 -8.016864740056917071e-05 -5.550666537601500750e-05
7.917068433016538620e-04 2.000873442739248276e-03 -1.870025735115632415e-04 6.409458728739991784e-05 2.745819074334576726e-05 3.476463098195381463e-05
-1.048245467245578766e-03 -2.962661907076835632e-03 2.128503256244584918e-04 -3.924427801393903792e-05 2.702776146179530770e-05 9.476229024585336447e-06
1.605922356247901917e-03 1.444705179892480373e-03 8.027036674320697784e-04 -3.036741691175848246e-05 -8.018050721148028970e-05 -1.191810661111958325e-04
5.531382281333208084e-03 2.625881927087903023e-03 -1.205204825964756310e-04 -5.060283001512289047e-05 -8.529539627488702536e-05 -1.007977480185218155e-04
-4.229458980262279510e-03 1.437024562619626522e-03 2.277436724398285151e-04 -8.047123264987021685e-05 5.973868155706441030e-06 5.333494482329115272e-05
1.419688574969768524e-03 5.042009288445115089e-04 2.348738198634237051e-04 -2.067183959297835827e-05 9.000879072118550539e-05 -1.115259510697796941e-05
9.959603659808635712e-03 2.266233786940574646e-05 -9.437396511202678084e-05 1.403521018801257014e-04 1.591948384884744883e-04 -6.038044375600293279e-05
-3.511245828121900558e-03 6.238760426640510559e-03 1.915503526106476784e-05 5.326232712832279503e-05 1.154525671154260635e-04 9.784274152480065823e-05
-2.753312292043119669e-04 6.575965089723467827e-04 -1.040485803969204426e-03 -1.552415196783840656e-04 -7.644411380169913173e-05 -6.615441816393285990e-05
-6.095765857025980949e-04 -1.234486699104309082e-03 -1.931089209392666817e-04 8.529672049917280674e-05 -3.631065192166715860e-04 3.604440644267015159e-05
-6.838651373982429504e-03 -1.925523625686764717e-03 1.643277937546372414e-04 7.180242391768842936e-05 -3.491923562251031399e-04 2.638285513967275620e-04
-2.656774129718542099e-03 -2.435268834233283997e-05 4.624601933755911887e-05 -1.719076499284710735e-05 1.047359983203932643e-04 -4.138377335038967431e-05
7.771036121994256973e-03 6.488179322332143784e-03 -4.055249446537345648e-04 -2.975898314616642892e-05 2.154577086912468076e-04 -2.486919402144849300e-04
4.318426072131842375e-04 -5.994709208607673645e-04 2.970427449326962233e-04 6.281091918935999274e-05 2.303997462149709463e-05 8.222263568313792348e-05
-2.644362393766641617e-04 -7.268552435562014580e-04 -3.219420905224978924e-04 -1.500098005635663867e-05 -2.762563781288918108e-05 4.573968908516690135e-05
-3.203290048986673355e-03 -9.366938611492514610e-04 -7.522677333327010274e-05 1.354940031887963414e-04 -2.549706550780683756e-04 1.825254148570820689e-04
-6.657645571976900101e-03 5.986812175251543522e-05 2.826986019499599934e-04 -1.872037682915106416e-05 -3.575278678908944130e-04 1.618007809156551957e-04
1.089641591534018517e-03 4.867858369834721088e-04 2.318669867236167192e-04 -5.206281639402732253e-05 3.159602056257426739e-04 -1.558840012876316905e-04
9.626505896449089050e-03 -2.956565702334046364e-03 -1.316447887802496552e-04 -3.841401485260576010e-05 4.087795678060501814e-04 -1.758793077897280455e-04
4.335000179708003998e-03 3.139039501547813416e-03 1.696565159363672137e-04 4.153853660682216287e-05 2.892220509238541126e-04 3.953244595322757959e-05
-1.515288837254047394e-03 3.384956624358892441e-03 -4.267636395525187254e-04 -1.462298132537398487e-05 5.122748552821576595e-05 -7.392719271592795849e-05
-2.159480238333344460e-03 -1.260809134691953659e-03 2.256287552881985903e-04 -1.268712935598159675e-06 -1.050179998856037855e-04 1.025699311867356300e-04
-5.476351361721754074e-03 2.483753487467765808e-04 -1.538400101708248258e-05 3.073669358855113387e-05 -3.859035496134310961e-04 1.442315551685169339e-04
1.285698148421943188e-03 -6.407928885892033577e-04 -1.162190528702922165e-06 -5.142073860042728484e-05 -1.657874236116185784e-04 5.418647924670949578e-05
-1.342841656878590584e-03 5.603397265076637268e-03 -2.114653470925986767e-04 -2.316126938239904121e-06 2.102383732562884688e-04 -9.546122601022943854e-05
9.465336799621582031e-03 -2.969305962324142456e-03 2.882271655835211277e-04 4.641475243261083961e-05 1.986311253858730197e-04 -5.249234891380183399e-05
1.058043912053108215e-03 1.162551692686975002e-03 -1.874951412901282310e-04 2.020860847551375628e-05 1.706573384581133723e-04 -2.819281871779821813e-05
-9.924116311594843864e-04 1.164554967544972897e-03 3.036572707060258836e-05 -3.363286305102519691e-05 -3.898600334650836885e-05 1.247706495632883161e-05
-5.146571435034275055e-03 1.548466156236827374e-03 -2.729555853875353932e-05 -1.428143878001719713e-05 -1.530763256596401334e-04 8.821034134598448873e-05
8.428705768892541528e-06 -5.934780347160995007e-04 -2.877031874959357083e-05 -7.782321063132258132e-07 -1.242303260369226336e-04 3.013009518326725811e-05
-3.690593177452683449e-03 2.241814974695444107e-03 6.602006615139544010e-04 2.349823080294299871e-05 3.694066617754288018e-05 -1.339429218205623329e-05
5.090989172458648682e-03 -2.853906247764825821e-03 -7.381229806924238801e-06 -6.943088919797446579e-06 5.545095336856320500e-05 -3.601838034228421748e-05
1.318803639151155949e-03 3.145280061289668083e-03 1.334728731308132410e-04 2.537096406740602106e-05 1.739975996315479279e-04 2.272716301376931369e-05
-9.769733296707272530e-04 1.949207624420523643e-03 -2.165767218684777617e-04 -2.388834218436386436e-05 -5.565716855926439166e-05 2.957583092211280018e-06
-1.189905335195362568e-03 -6.737551884725689888e-04 -6.854370440123602748e-05 -1.027222788252402097e-05 -8.282045746454969049e-05 3.208958878531120718e-05
-3.869845386361703277e-05 -5.569913191720843315e-04 -1.572012843098491430e-04 1.401951521984301507e-05 -1.516357442596927285e-04 2.332955773454159498e-06
-8.502755663357675076e-04 1.183484098874032497e-03 1.324859913438558578e-04 -1.823296952352393419e-05 -3.128385287709534168e-05 3.083595947828143835e-05
1.685746712610125542e-03 -7.764116744510829449e-04 6.197833499754779041e-06 -1.266866092919372022e-05 5.809682988910935819e-06 1.125745711760828272e-05
-1.837762305513024330e-03 6.626965478062629700e-04 -7.610996544826775789e-05 6.519691669382154942e-05 3.296361683169379830e-05 -4.703761078417301178e-05
1.121008535847067833e-03 -1.044018790707923472e-04 -6.728339940309524536e-06 -5.941922427155077457e-05 2.331568066438194364e-05 6.453727837651968002e-05
-1.461259089410305023e-04 7.647926686331629753e-04 -4.553652252070605755e-04 -2.258032327517867088e-05 -5.151514415047131479e-07 -6.372942152665928006e-06
-1.083771698176860809e-03 4.159505479037761688e-03 -7.699976558797061443e-04 2.898916864069178700e-05 -9.771669283509254456e-06 -2.175878216803539544e-05
1.408591168001294136e-03 -7.087418925948441029e-04 -2.518554101698100567e-04 1.138556854130001739e-05 -3.325967918499372900e-05 -2.909096565417712554e-06
-1.261216355487704277e-03 -1.866777543909847736e-03 2.986150211654603481e-04 -5.905193029320798814e-05 4.399177487357519567e-05 2.188965481764171273e-05
-2.257616491988301277e-03 5.994063802063465118e-03 -3.363793075550347567e-04 1.508704372099600732e-05 -4.794826236320659518e-05 5.796115146949887276e-05
2.976852701976895332e-03 -3.389588091522455215e-03 2.025938883889466524e-04 1.356574102828744799e-05 5.447665898827835917e-05 5.473561941471416503e-06
-3.071692481171339750e-04 -8.498014649376273155e-04 6.039388827048242092e-04 1.497056382504524663e-05 -8.609257929492741823e-05 5.775244062533602118e-05
-1.082487986423075199e-03 2.282661385834217072e-03 1.198295140056870878e-04 2.457864638927276246e-06 3.587774335755966604e-05 -5.490879266289994121e-05
1.987051218748092651e-03 3.471297095529735088e-04 -5.183887697057798505e-05 4.271085344953462481e-05 1.194985597976483405e-04 -1.093370428861817345e-05
5.379979964345693588e-03 -9.109090897254645824e-04 2.637119177961722016e-05 -7.527063280576840043e-05 9.978734306059777737e-05 -8.235310087911784649e-05
4.827800206840038300e-03 2.664131345227360725e-03 6.527058430947363377e-04 2.117482363246381283e-04 4.210275365039706230e-04 -4.511040606303140521e-05
1.189335715025663376e-03 -3.955193795263767242e-03 1.446988608222454786e-04 7.238599937409162521e-04 2.643994812387973070e-04 1.177272788481786847e-04
4.415068775415420532e-03 -2.581381238996982574e-03 9.139972971752285957e-04 4.244025039952248335e-04 8.502880518790334463e-05 -1.880798299680463970e-05
9.829910704866051674e-04 4.305525217205286026e-03 1.725836627883836627e-04 3.004222526215016842e-04 1.463002408854663372e-04 -9.507030335953459144e-05
3.471396863460540771e-03 1.398049946874380112e-02 1.012394088320434093e-03 -7.713387021794915199e-04 1.656566018937155604e-05 -1.448464900022372603e-04
-6.147951819002628326e-03 1.164011936634778976e-02 -7.854716386646032333e-04 -1.180437539005652070e-04 -1.394784194417297840e-04 -4.156739578320411965e-06
2.561050467193126678e-03 1.854348927736282349e-02 -5.727460375055670738e-04 -2.709435648284852505e-05 -1.872127468232065439e-04 8.837731002131476998e-05
-8.511834777891635895e-03 2.074816823005676270e-02 6.167406681925058365e-04 -1.761314924806356430e-04 -1.459909108234569430e-04 2.150078071281313896e-04
-6.927262060344219208e-03 2.080989070236682892e-02 -6.135627627372741699e-04 1.291021908400580287e-04 -5.382118397392332554e-04 7.247908797580748796e-06
-1.636946573853492737e-03 2.331215515732765198e-02 -1.579009258421137929e-04 8.006513235159218311e-05 -3.055485140066593885e-04 1.235841227753553540e-05
-7.909941487014293671e-03 2.219180762767791748e-02 5.566434119828045368e-04 -1.217300159623846412e-04 -2.794082975015044212e-04 -2.441728611302096397e-05
1.882433309219777584e-03 2.746513113379478455e-02 -5.348158883862197399e-04 -1.745163535815663636e-05 -1.519435900263488293e-04 -1.966573763638734818e-04
1.904941163957118988e-04 3.337776288390159607e-02 2.083581639453768730e-04 -1.161529144155792892e-04 -6.070171366445720196e-05 -1.680015411693602800e-04
3.932381980121135712e-03 3.310287371277809143e-02 -7.532965391874313354e-04 7.487635593861341476e-05 -3.601559437811374664e-04 -4.157069488428533077e-04
-2.422532765194773674e-03 3.704445436596870422e-02 -6.661110091954469681e-04 2.812156526488251984e-05 -5.385113181546330452e-04 -4.202224954497069120e-04
-1.709394273348152637e-03 4.246987774968147278e-02 -5.556996984523721039e-05 -6.433062662836164236e-05 -3.652363957371562719e-04 -5.998936831019818783e-04
-5.152864468982443213e-05 4.057513922452926636e-02 -8.343723020516335964e-04 9.853491792455315590e-05 -2.117953699780628085e-04 -9.489341755397617817e-04
7.892522029578685760e-03 3.951272368431091309e-02 2.354168536840006709e-04 3.101257607340812683e-04 -1.634077052585780621e-04 -1.084383344277739525e-03
4.191666841506958008e-03 4.818935319781303406e-02 -2.580787695478647947e-04 2.954715164378285408e-04 -1.382639311486855149e-04 -1.370321377180516720e-03
3.385645104572176933e-03 4.977578669786453247e-02 4.010346310678869486e-04 1.232213835464790463e-04 -1.897718466352671385e-04 -1.680390210822224617e-03
3.733420977368950844e-03 5.792248994112014771e-02 -5.047706072218716145e-04 1.427093957317993045e-04 -4.499749338719993830e-04 -2.093675080686807632e-03
5.732860881835222244e-03 5.468040704727172852e-02 -3.446012560743838549e-04 7.342128810705617070e-05 -4.526159900706261396e-04 -2.776448614895343781e-03
3.627301892265677452e-03 7.814942300319671631e-02 -3.435006656218320131e-04 9.380388655699789524e-05 -6.446559564210474491e-04 -2.932137809693813324e-03
-3.659430367406457663e-04 6.797905266284942627e-02 -5.121787544339895248e-04 1.147095244959928095e-04 -8.623091271147131920e-04 -3.575238632038235664e-03
3.679632674902677536e-03 7.805117964744567871e-02 -3.103282142546959221e-05 1.020395357045345008e-04 -6.926850182935595512e-04 -4.022472072392702103e-03
5.554724484682083130e-03 8.508010953664779663e-02 7.928977720439434052e-05 7.628664025105535984e-05 -5.847747670486569405e-04 -4.762201104313135147e-03
1.075223274528980255e-02 8.895260095596313477e-02 1.644046860747039318e-04 8.156304102158173919e-05 -5.528538022190332413e-04 -5.420931614935398102e-03
1.573506928980350494e-02 9.777522832155227661e-02 -3.437348641455173492e-05 -3.331008701934479177e-05 -3.401651047170162201e-04 -6.357066333293914795e-03
1.754906587302684784e-02 9.762014448642730713e-02 -5.890520988032221794e-04 -2.003027475439012051e-05 2.804988434945698828e-05 -7.661879528313875198e-03
1.737051457166671753e-02 1.203400716185569763e-01 -3.141822817269712687e-04 1.376375003019347787e-04 -6.588788528461009264e-05 -6.992780137807130814e-03
1.824503205716609955e-02 1.051217839121818542e-01 -9.843560110311955214e-05 2.012430340982973576e-04 -3.510479582473635674e-04 -7.989232428371906281e-03
2.053283341228961945e-02 1.202086731791496277e-01 -3.825822786893695593e-04 1.481301878811791539e-04 -3.942588518839329481e-04 -8.709160611033439636e-03
1.820353977382183075e-02 1.284814029932022095e-01 -7.545057451352477074e-04 2.978227712446823716e-05 -4.468106781132519245e-04 -9.344974532723426819e-03
2.305469848215579987e-02 1.337579935789108276e-01 -1.107149291783571243e-03 -2.121906727552413940e-04 -5.690999096259474754e-04 -1.000002399086952209e-02
2.118361555039882660e-02 1.454247683286666870e-01 -1.808722619898617268e-03 -1.358402660116553307e-04 -5.653090775012969971e-04 -1.016185339540243149e-02
2.456715889275074005e-02 1.570967733860015869e-01 -2.408184111118316650e-03 1.637729001231491566e-04 -6.486269994638860226e-04 -1.056081335991621017e-02
1.799689047038555145e-02 1.576646715402603149e-01 -1.501912716776132584e-03 -6.736602517776191235e-05 -7.173751946538686752e-04 -1.118817646056413651e-02
1.144480891525745392e-02 1.651204377412796021e-01 -2.455077134072780609e-03 -6.946223584236577153e-05 -1.077932189218699932e-03 -1.184153184294700623e-02
3.120493330061435699e-02 1.708888262510299683e-01 -1.389158889651298523e-03 -3.870863292831927538e-05 -7.652249187231063843e-04 -1.367305498570203781e-02
2.384869195520877838e-02 1.865332573652267456e-01 -1.101070782169699669e-03 -4.803833689948078245e-06 -1.087850658223032951e-03 -1.160445250570774078e-02
2.988648600876331329e-02 1.917582303285598755e-01 -1.046647550538182259e-03 -3.433987440075725317e-04 -1.210389775224030018e-03 -1.354068331420421600e-02
3.093522228300571442e-02 1.775748878717422485e-01 -1.368535100482404232e-03 -2.449436578899621964e-04 -1.391669502481818199e-03 -1.555088534951210022e-02
2.968470193445682526e-02 2.257011085748672485e-01 -5.812507006339728832e-04 -8.477268420392647386e-05 -1.790285343304276466e-03 -1.381765305995941162e-02
3.262359648942947388e-02 2.148182392120361328e-01 -1.286856480874121189e-03 5.857976248080376536e-06 -1.624289317987859249e-03 -1.603410206735134125e-02
2.522447705268859863e-02 2.152078151702880859e-01 -1.211018534377217293e-03 2.565423164924141020e-05 -1.397940912283957005e-03 -1.641493663191795349e-02
3.352141752839088440e-02 2.179381102323532104e-01 -1.713225618004798889e-03 2.054825890809297562e-04 -1.129054697230458260e-03 -1.796155981719493866e-02
3.589744120836257935e-02 2.213894128799438477e-01 -2.602732973173260689e-03 -7.853262650314718485e-05 -7.082974188961088657e-04 -1.828159764409065247e-02
3.494038060307502747e-02 2.325691133737564087e-01 -2.571908757090568542e-03 -4.152230976615101099e-04 -4.711576621048152447e-04 -1.873948611319065094e-02
3.878216072916984558e-02 2.334343492984771729e-01 -2.386677078902721405e-03 -5.499690305441617966e-04 -3.489369992166757584e-04 -2.041837759315967560e-02
3.534694015979766846e-02 2.498817145824432373e-01 -1.450362615287303925e-03 -4.129076842218637466e-04 -6.258584908209741116e-04 -1.779063791036605835e-02
3.990003094077110291e-02 2.520033121109008789e-01 -9.114773711189627647e-04 3.011280496139079332e-04 -2.447549195494502783e-04 -2.025595679879188538e-02
4.506485536694526672e-02 2.271016687154769897e-01 -2.207675715908408165e-03 1.077703782357275486e-03 1.024051161948591471e-04 -2.307769656181335449e-02
4.406955093145370483e-02 2.836517095565795898e-01 -2.307111164554953575e-03 5.417193169705569744e-04 -5.864122067578136921e-04 -1.921006850898265839e-02
4.211252927780151367e-02 2.652982175350189209e-01 -1.725556328892707825e-03 2.377632772549986839e-04 -1.210315851494669914e-03 -2.147347852587699890e-02
3.904911875724792480e-02 2.682726979255676270e-01 -3.484171116724610329e-03 1.587889346410520375e-05 -1.148215960711240768e-03 -2.153931371867656708e-02
4.211116954684257507e-02 2.723632454872131348e-01 -1.756932586431503296e-03 -3.510309616103768349e-04 -1.832372858189046383e-03 -2.204732969403266907e-02
3.725591674447059631e-02 2.724471390247344971e-01 -1.018833601847290993e-03 -4.353694966994225979e-04 -1.876594847999513149e-03 -2.224242128431797028e-02
4.596337303519248962e-02 2.857458591461181641e-01 -7.705228636041283607e-04 -3.450691001489758492e-04 -1.107393065467476845e-03 -2.252990193665027618e-02
4.754817485809326172e-02 2.436094433069229126e-01 -1.433438970707356930e-03 4.286280891392379999e-04 -8.830732986098155379e-05 -2.695042453706264496e-02
4.779386892914772034e-02 3.380872905254364014e-01 -1.118548098020255566e-03 1.000013202428817749e-03 -3.690360463224351406e-04 -1.978527382016181946e-02
4.494731873273849487e-02 2.889740169048309326e-01 -2.181370975449681282e-03 9.424564777873456478e-04 -4.459171614143997431e-04 -2.400691993534564972e-02
5.877006426453590393e-02 2.660235464572906494e-01 -3.851135028526186943e-03 5.090329213999211788e-04 -4.898589686490595341e-04 -2.648052945733070374e-02
4.866833239793777466e-02 3.239875137805938721e-01 -3.289774758741259575e-03 -9.987445082515478134e-05 -7.655547960894182324e-05 -2.138275280594825745e-02
5.736612901091575623e-02 3.058315813541412354e-01 -3.434715326875448227e-03 -5.072714411653578281e-04 9.929522639140486717e-04 -2.435855008661746979e-02
5.293354392051696777e-02 3.008797168731689453e-01 -2.695425413548946381e-03 -2.026674483204260468e-04 6.071425741538405418e-04 -2.469616755843162537e-02
5.145338177680969238e-02 3.000381588935852051e-01 -4.157137125730514526e-03 4.628957831300795078e-04 2.096988609991967678e-04 -2.477018348872661591e-02
5.555051192641258240e-02 3.053685724735260010e-01 -3.354632295668125153e-03 4.125612322241067886e-04 -4.831502446904778481e-04 -2.459204755723476410e-02
5.148453265428543091e-02 3.075406253337860107e-01 -3.648569574579596519e-03 -2.253567945444956422e-04 -1.060569309629499912e-03 -2.417015284299850464e-02
5.118475109338760376e-02 2.915384173393249512e-01 -2.994977636262774467e-03 -8.820061921142041683e-04 -7.322222809307277203e-04 -2.684198506176471710e-02
5.196141451597213745e-02 3.251275420188903809e-01 -1.079919049516320229e-03 -8.992851944640278816e-04 -5.071930354461073875e-04 -2.187471091747283936e-02
5.961834639310836792e-02 3.060926496982574463e-01 -5.664264317601919174e-04 -3.214298631064593792e-04 1.943629467859864235e-04 -2.393893897533416748e-02
6.556385755538940430e-02 2.770812213420867920e-01 -2.232801867648959160e-03 2.483075950294733047e-04 3.859851858578622341e-04 -2.662336453795433044e-02
5.096761882305145264e-02 3.369897305965423584e-01 -2.315916586667299271e-03 -1.486225373810157180e-04 -5.305265076458454132e-04 -2.168708108365535736e-02
5.552376434206962585e-02 3.134938776493072510e-01 -1.285797450691461563e-03 -6.173597066663205624e-04 -1.400193781591951847e-03 -2.427162788808345795e-02
5.809387937188148499e-02 3.107516169548034668e-01 -7.905128877609968185e-04 -1.792821101844310760e-03 -5.461961263790726662e-04 -2.400694601237773895e-02
6.276749819517135620e-02 2.837325930595397949e-01 -3.664694959297776222e-04 -1.909798244014382362e-03 7.605437713209539652e-05 -2.605013549327850342e-02
5.616740137338638306e-02 3.114355802536010742e-01 -1.845866907387971878e-03 -1.690912904450669885e-05 6.249444559216499329e-04 -2.480312436819076538e-02
5.426614731550216675e-02 3.158213794231414795e-01 -4.203197546303272247e-03 1.409629709087312222e-03 7.552674505859613419e-04 -2.579117938876152039e-02
4.792690277099609375e-02 2.885986864566802979e-01 -4.999336786568164825e-03 1.780614722520112991e-03 6.178349576657637954e-05 -2.787070535123348236e-02
3.272539377212524414e-02 3.551577329635620117e-01 -3.544253413565456867e-04 -9.429660276509821415e-04 1.249045017175376415e-04 -2.163287438452243805e-02
4.532799497246742249e-02 3.289672136306762695e-01 -5.343648954294621944e-04 -1.862407196313142776e-03 -7.739829015918076038e-04 -2.314089611172676086e-02
4.353029280900955200e-02 3.273931741714477539e-01 1.859561598394066095e-04 -1.508974819444119930e-03 -7.910401909612119198e-04 -2.374184317886829376e-02
4.919835552573204041e-02 3.267973959445953369e-01 -6.084329448640346527e-03 -4.853237769566476345e-04 9.358545648865401745e-04 -2.573004364967346191e-02
4.700462147593498230e-02 3.305657804012298584e-01 -2.165074460208415985e-03 2.623331783979665488e-05 6.837372784502804279e-04 -2.591189555823802948e-02
3.546527400612831116e-02 3.228021264076232910e-01 -8.269207319244742393e-04 5.873549889656715095e-05 -1.192610478028655052e-03 -2.423734031617641449e-02
3.699358925223350525e-02 3.277850449085235596e-01 -6.517962319776415825e-04 -1.039242022670805454e-03 -6.628717528656125069e-04 -2.395526506006717682e-02
4.730365052819252014e-02 3.250924348831176758e-01 -3.038393333554267883e-03 -1.337990863248705864e-03 2.304275054484605789e-03 -2.422382123768329620e-02
5.194414034485816956e-02 3.225873410701751709e-01 -2.966434229165315628e-03 -8.856785134412348270e-04 2.586149610579013824e-03 -2.390210889279842377e-02
5.144479498267173767e-02 2.905086874961853027e-01 -3.323701908811926842e-03 3.969385579694062471e-04 9.427220793440937996e-04 -2.651150524616241455e-02
3.065006434917449951e-02 3.499247133731842041e-01 -2.796364424284547567e-04 5.256448639556765556e-04 -3.904796321876347065e-04 -2.117757126688957214e-02
3.991974890232086182e-02 3.205597996711730957e-01 2.645605243742465973e-03 -1.009444822557270527e-03 -1.244628336280584335e-03 -2.336011640727519989e-02
4.938494786620140076e-02 3.182691633701324463e-01 1.355334650725126266e-03 -9.881345322355628014e-04 -2.987896790727972984e-03 -2.348408475518226624e-02
3.691609203815460205e-02 3.192983269691467285e-01 -2.823371440172195435e-03 2.880362444557249546e-04 -3.180595114827156067e-03 -2.585461363196372986e-02
4.334523528814315796e-02 3.176032602787017822e-01 -4.258037079125642776e-03 1.062168303178623319e-04 -1.793790375813841820e-03 -2.717213891446590424e-02
5.124519020318984985e-02 3.158291578292846680e-01 -7.212953059934079647e-04 -1.138293999247252941e-03 2.414038754068315029e-04 -2.806419134140014648e-02
5.252947658300399780e-02 3.126862645149230957e-01 -1.435238635167479515e-03 -1.284754369407892227e-03 7.572553386125946417e-06 -2.783885784447193146e-02
4.845700785517692566e-02 3.071843385696411133e-01 -9.312275215052068233e-04 -6.473780958913266659e-04 -3.483452601358294487e-04 -2.750709280371665955e-02
5.209273844957351685e-02 3.073338270187377930e-01 -1.498926780186593533e-03 1.235782838193699718e-04 2.009549934882670641e-04 -2.722295746207237244e-02
4.590734839439392090e-02 3.388531506061553955e-01 1.312819193117320538e-03 -1.377207663608714938e-04 4.527524870354682207e-04 -2.486748993396759033e-02
6.441373378038406372e-02 2.710370719432830811e-01 -1.493731746450066566e-03 -1.004853911581449211e-04 2.783655654639005661e-04 -3.156515210866928101e-02
5.791468918323516846e-02 3.094469308853149414e-01 -1.813369570299983025e-03 -2.965655585285276175e-04 -6.225057295523583889e-04 -2.974803186953067780e-02
6.384576857089996338e-02 3.055635690689086914e-01 -4.566860734485089779e-04 -8.455842616967856884e-04 -1.037756563164293766e-03 -3.165959939360618591e-02
5.935468897223472595e-02 2.956848740577697754e-01 4.976960481144487858e-04 -2.659770252648741007e-04 -1.931210048496723175e-03 -3.192726150155067444e-02
6.256653368473052979e-02 2.933693528175354004e-01 -1.782705425284802914e-03 -1.000517586362548172e-04 -1.493078656494617462e-03 -3.279708325862884521e-02
6.937923282384872437e-02 2.926032245159149170e-01 -3.546757390722632408e-03 -2.545558381825685501e-04 -1.188934984384104609e-04 -3.344780579209327698e-02
6.993684172630310059e-02 2.916761636734008789e-01 -3.178454702720046043e-03 -8.251897525042295456e-04 7.741310400888323784e-05 -3.401216492056846619e-02
7.176165282726287842e-02 2.971528768539428711e-01 -3.609431209042668343e-03 -1.133361016400158405e-03 -4.717614501714706421e-05 -3.534598648548126221e-02
6.602875143289566040e-02 2.944976091384887695e-01 -3.337312722578644753e-03 -1.077533583156764507e-03 -5.473841520142741501e-05 -3.613788634538650513e-02
7.657803595066070557e-02 2.975974082946777344e-01 -3.927280195057392120e-03 -7.139254594221711159e-04 -1.139220876211766154e-05 -3.702005371451377869e-02
6.852915138006210327e-02 2.932238578796386719e-01 -2.780428621917963028e-03 -6.733547779731452465e-04 -1.347622135654091835e-03 -3.785138949751853943e-02
6.993396580219268799e-02 2.964296936988830566e-01 -1.398727064952254295e-03 -1.394572202116250992e-03 -1.950253150425851345e-03 -3.761908411979675293e-02
7.973008602857589722e-02 3.021781742572784424e-01 1.247344887815415859e-03 -1.825331128202378750e-03 -1.122941146604716778e-03 -3.814494609832763672e-02
7.881376147270202637e-02 2.945609688758850098e-01 -1.576950191520154476e-03 -1.486599794588983059e-03 1.179168699309229851e-03 -3.945009037852287292e-02
8.181911706924438477e-02 2.932369410991668701e-01 -1.825480605475604534e-03 -7.932459993753582239e-05 2.512826118618249893e-03 -4.073509946465492249e-02
8.732367306947708130e-02 2.976080179214477539e-01 2.917939564213156700e-03 -9.712582104839384556e-04 3.327158745378255844e-03 -4.098446667194366455e-02
8.941383659839630127e-02 2.971164286136627197e-01 -6.517752190120518208e-04 -3.123013884760439396e-04 4.233149811625480652e-03 -4.078261926770210266e-02
8.611987531185150146e-02 2.965755462646484375e-01 -2.572244266048073769e-03 9.066699421964585781e-04 2.994601847603917122e-03 -4.024826362729072571e-02
8.279498666524887085e-02 3.013806343078613281e-01 -1.211715862154960632e-03 4.040354688186198473e-04 2.274132712045684457e-04 -4.133559763431549072e-02
7.854814082384109497e-02 2.797333002090454102e-01 2.316245518159121275e-04 -8.043525158427655697e-04 -1.933940104208886623e-03 -4.614444449543952942e-02
6.690563261508941650e-02 3.364134132862091064e-01 3.681741654872894287e-04 -1.092864549718797207e-03 -2.077493816614151001e-03 -3.894566372036933899e-02
7.420175522565841675e-02 3.118310868740081787e-01 -3.524801693856716156e-03 2.184457262046635151e-04 -1.312270527705550194e-03 -4.309308901429176331e-02
7.412753254175186157e-02 3.189526498317718506e-01 -1.290493062697350979e-03 1.664916089794132859e-05 -2.424755832180380821e-03 -4.276819527149200439e-02
7.860004156827926636e-02 3.189772665500640869e-01 -1.563240773975849152e-03 -7.122665410861372948e-04 -1.030524843372404575e-03 -4.340342804789543152e-02
7.475231587886810303e-02 3.245865106582641602e-01 -3.435594961047172546e-03 -6.292747566476464272e-04 1.475800527259707451e-03 -4.459169134497642517e-02
8.165216445922851562e-02 3.265351355075836182e-01 -3.084990661591291428e-03 -7.162461988627910614e-04 1.934572472237050533e-03 -4.509093239903450012e-02
8.032557368278503418e-02 3.350086510181427002e-01 -4.716983530670404434e-03 9.024975588545203209e-05 1.102315261960029602e-03 -4.573189094662666321e-02
7.380259782075881958e-02 3.456986844539642334e-01 -2.586811315268278122e-03 -4.931035800836980343e-04 2.717306197155267000e-04 -4.507046192884445190e-02
6.740751862525939941e-02 3.484483957290649414e-01 2.317460486665368080e-03 -2.060238737612962723e-03 6.307063740678131580e-04 -4.192802682518959045e-02
8.341407030820846558e-02 3.221366405487060547e-01 -1.617414876818656921e-03 -2.395247574895620346e-03 1.792238093912601471e-03 -4.534769430756568909e-02
5.927561596035957336e-02 3.978800177574157715e-01 -4.844825714826583862e-03 -1.083738097804598510e-04 3.061678260564804077e-03 -3.590916469693183899e-02
6.174476444721221924e-02 3.662388622760772705e-01 -5.361309740692377090e-03 1.006864011287689209e-03 1.978936605155467987e-03 -3.714025393128395081e-02
5.385802686214447021e-02 3.746039867401123047e-01 -4.139839671552181244e-03 1.811323600122705102e-04 2.143645193427801132e-03 -3.506111726164817810e-02
5.132119730114936829e-02 3.829721808433532715e-01 1.238479046151041985e-03 -1.318797701969742775e-03 2.675462281331419945e-03 -3.087313473224639893e-02
4.658538848161697388e-02 3.921258449554443359e-01 -2.690732479095458984e-03 -1.322158728726208210e-03 1.568831619806587696e-03 -2.806910313665866852e-02
4.559351503849029541e-02 4.060004651546478271e-01 -5.653934087604284286e-03 -7.305711042135953903e-04 -2.034518183791078627e-05 -2.636437118053436279e-02
3.273021057248115540e-02 4.195314645767211914e-01 -5.320001859217882156e-03 -1.248646178282797337e-03 3.101965194218792021e-05 -2.624699473381042480e-02
4.026417061686515808e-02 4.288637340068817139e-01 -3.294206457212567329e-03 -1.777736237272620201e-03 1.745041809044778347e-03 -2.447706274688243866e-02
3.506646305322647095e-02 4.349550604820251465e-01 -8.238718146458268166e-04 -1.618093578144907951e-03 1.373703824356198311e-03 -2.131450362503528595e-02
3.309245780110359192e-02 3.986186385154724121e-01 1.757946098223328590e-03 -1.240650191903114319e-03 4.541989619610831141e-05 -2.139177918434143066e-02
1.625310443341732025e-02 4.957401454448699951e-01 6.025096517987549305e-04 -3.533335693646222353e-04 -1.604491961188614368e-03 -1.507463864982128143e-02
2.670544572174549103e-02 4.586139321327209473e-01 6.052792305126786232e-04 -3.025039914064109325e-04 -7.271292270161211491e-04 -1.667841151356697083e-02
2.549916692078113556e-02 4.722781777381896973e-01 -6.500532617792487144e-04 -8.138538396451622248e-05 2.542626170907169580e-04 -1.594129018485546112e-02
2.597136050462722778e-02 4.749481678009033203e-01 -2.318472688784822822e-04 -6.814836524426937103e-04 1.473764423280954361e-03 -1.401171088218688965e-02
2.496070601046085358e-02 4.793341457843780518e-01 -2.631693147122859955e-03 -2.798193891067057848e-04 1.694611506536602974e-03 -1.195758953690528870e-02
2.035924978554248810e-02 4.881303608417510986e-01 -5.201558582484722137e-03 3.173854202032089233e-04 7.599862292408943176e-04 -9.898344054818153381e-03
1.410534605383872986e-02 4.977076053619384766e-01 -8.431494934484362602e-04 -8.703341009095311165e-04 -3.292339970357716084e-04 -8.231738582253456116e-03
1.113965269178152084e-02 5.002761483192443848e-01 -2.458972390741109848e-03 -2.343013184145092964e-04 -5.837606149725615978e-04 -7.232955656945705414e-03
1.054504886269569397e-02 5.072919726371765137e-01 -3.790823684539645910e-04 -2.611425879877060652e-04 8.059813990257680416e-05 -6.396969314664602280e-03
1.633540168404579163e-02 4.591364860534667969e-01 -2.600762061774730682e-03 1.633823121665045619e-04 -1.725604524835944176e-04 -6.150790955871343613e-03
1.208349782973527908e-02 5.585690140724182129e-01 -3.316312795504927635e-03 1.548914005979895592e-04 -8.029186865314841270e-04 -3.967054188251495361e-03
1.301665510982275009e-02 5.212115645408630371e-01 -2.533074002712965012e-03 -4.315385886002331972e-04 -1.850748813012614846e-04 -4.602465312927961349e-03
1.138656027615070343e-02 4.739868342876434326e-01 -4.976397380232810974e-03 7.727131596766412258e-04 -1.031234045512974262e-03 -4.616145044565200806e-03
8.228965103626251221e-03 5.310689210891723633e-01 -3.658179892227053642e-03 -5.848794826306402683e-04 -1.023154123686254025e-03 -3.971862141042947769e-03
5.894014611840248108e-03 5.436351299285888672e-01 -6.835974287241697311e-03 -3.468552604317665100e-04 -2.352606737986207008e-03 -2.599947154521942139e-03
7.143068592995405197e-03 5.361438989639282227e-01 -1.638016838114708662e-04 -1.594412489794194698e-03 -7.071971194818615913e-04 -2.643978688865900040e-03
8.101315237581729889e-03 5.380834937095642090e-01 2.243017312139272690e-03 -1.073524472303688526e-03 4.033292061649262905e-04 -2.006930066272616386e-03
1.165289804339408875e-02 5.354369282722473145e-01 -1.019186922349035740e-03 4.789764643646776676e-04 9.786788141354918480e-04 -2.038195962086319923e-03
9.908074513077735901e-03 5.365926623344421387e-01 -3.698052605614066124e-03 8.205748745240271091e-04 1.033811480738222599e-03 -2.244974253699183464e-03
8.422729559242725372e-03 5.365272760391235352e-01 -2.690440043807029724e-03 2.698020834941416979e-04 7.266873726621270180e-04 -1.975707476958632469e-03
4.106707405298948288e-03 5.406650900840759277e-01 -8.889015298336744308e-04 -6.521311588585376740e-04 -8.451889152638614178e-04 -7.652246276848018169e-04
1.572421402670443058e-03 5.458804965019226074e-01 -9.639268973842263222e-04 -1.184065127745270729e-03 -2.705498132854700089e-03 2.338651829631999135e-04
-2.882675733417272568e-03 5.490409731864929199e-01 -2.297749044373631477e-03 -4.097702039871364832e-04 -2.822976326569914818e-03 4.204984579700976610e-04
5.191914271563291550e-03 5.426838994026184082e-01 -4.585827700793743134e-03 1.038484333548694849e-05 -7.636474911123514175e-04 5.510084447450935841e-04
6.800638511776924133e-03 5.459874272346496582e-01 -3.022981574758887291e-03 2.515678934287279844e-04 5.446135764941573143e-04 2.749144914560019970e-04
7.976880297064781189e-03 5.489639639854431152e-01 -3.864240832626819611e-03 6.979882600717246532e-04 1.651625148952007294e-03 1.014619949273765087e-03
8.227881975471973419e-03 5.476192235946655273e-01 -2.327509690076112747e-03 2.093904768116772175e-04 1.845804974436759949e-03 1.210878486745059490e-03
9.219093248248100281e-03 5.424416065216064453e-01 -7.037241011857986450e-04 -3.652612795121967793e-04 2.820859954226762056e-04 1.200346508994698524e-03
2.866483759135007858e-03 5.506024360656738281e-01 -9.703518007881939411e-04 9.649914136389270425e-05 -1.745731220580637455e-03 1.920137321576476097e-03
-2.118719276040792465e-03 5.493479371070861816e-01 -3.531074617058038712e-04 -2.537902037147432566e-04 -4.538828507065773010e-03 1.851947512477636337e-03
-4.372572526335716248e-03 5.422934889793395996e-01 -4.138816148042678833e-03 -4.790290840901434422e-04 -2.807678887620568275e-03 2.173032378777861595e-03
3.681106027215719223e-03 5.512868165969848633e-01 -2.330171642825007439e-03 -2.531446807552129030e-04 -1.319448929280042648e-03 1.822870341129601002e-03
3.940982278436422348e-03 5.533611178398132324e-01 4.030633135698735714e-04 1.358867739327251911e-04 3.929446975234895945e-04 1.962753012776374817e-03
1.342350244522094727e-02 5.481490492820739746e-01 -1.851331209763884544e-03 4.873723082710057497e-04 2.288520568981766701e-03 1.438174978829920292e-03
8.676249533891677856e-03 5.447126030921936035e-01 -1.791234128177165985e-03 4.378292069304734468e-04 1.388650387525558472e-03 1.496986718848347664e-03
9.122724644839763641e-03 5.436109304428100586e-01 -2.180323936045169830e-03 -1.019382616505026817e-04 1.897706824820488691e-04 1.206167158670723438e-03
-1.641824375838041306e-03 5.465328693389892578e-01 -1.420708373188972473e-03 -6.257095374166965485e-04 -1.769609050825238228e-03 1.255553332157433033e-03
9.782876586541533470e-04 5.474318861961364746e-01 -4.691892769187688828e-03 -3.295256465207785368e-04 -2.105224644765257835e-03 1.833413378335535526e-03
6.536980159580707550e-03 5.419999957084655762e-01 -5.006290040910243988e-03 -1.242319005541503429e-03 -1.365726348012685776e-03 1.872269902378320694e-03
5.272282287478446960e-03 5.445474386215209961e-01 -1.224929117597639561e-03 -1.470327493734657764e-03 -1.207999419420957565e-03 2.091063186526298523e-03
2.061175415292382240e-03 5.589145421981811523e-01 -1.115953928092494607e-04 -1.116145867854356766e-03 3.943397023249417543e-04 1.133087556809186935e-03
6.561047863215208054e-03 5.533645153045654297e-01 3.031731466762721539e-04 -6.425634492188692093e-04 3.232369781471788883e-04 9.523320477455854416e-04
3.875934984534978867e-03 5.441933870315551758e-01 5.987607873976230621e-04 -3.705112903844565153e-04 1.851375855039805174e-04 1.019738032482564449e-03
8.815904147922992706e-03 5.313734412193298340e-01 4.967771237716078758e-04 1.604330900590866804e-04 -8.959108527051284909e-05 1.939701265655457973e-03
4.731512162834405899e-03 4.897665679454803467e-01 2.892912598326802254e-04 -1.038130867527797818e-04 -3.312547341920435429e-04 2.226061886176466942e-03
3.549912013113498688e-03 5.030276179313659668e-01 -2.645975910127162933e-03 6.691402522847056389e-04 -5.595152615569531918e-04 1.571291475556790829e-03
4.610619973391294479e-03 5.107411742210388184e-01 -5.338047631084918976e-03 1.188332913443446159e-03 -7.168524898588657379e-04 5.759417545050382614e-04
4.817606415599584579e-03 5.033789277076721191e-01 -2.781652845442295074e-03 -1.677853870205581188e-04 1.433630968676880002e-04 9.653935558162629604e-04
1.003480516374111176e-02 4.897741973400115967e-01 -2.709284657612442970e-03 -8.288135286420583725e-04 -2.251883997814729810e-04 1.124355476349592209e-03
1.743879518471658230e-03 5.067821145057678223e-01 2.831302699632942677e-04 -4.563199181575328112e-04 4.837158194277435541e-04 1.786585198715329170e-03
7.138170767575502396e-03 4.984075725078582764e-01 -4.381755134090781212e-04 2.128251362591981888e-04 1.436052843928337097e-03 1.532199676148593426e-03
8.007124066352844238e-03 4.900963306427001953e-01 -6.380528211593627930e-04 2.847757714334875345e-04 3.092635015491396189e-04 8.367727277800440788e-04
-3.517735749483108521e-04 4.867020249366760254e-01 -2.847448340617120266e-04 -5.574959795922040939e-04 -9.472148958593606949e-04 8.976378594525158405e-04
4.225074313580989838e-03 4.709611535072326660e-01 -9.266667766496539116e-04 -1.000707736238837242e-03 -1.612645690329372883e-03 1.934176078066229820e-03
7.951243896968662739e-04 4.622425734996795654e-01 1.270203792955726385e-04 -3.228668065275996923e-04 -2.045258646830916405e-03 2.521822694689035416e-03
3.144061658531427383e-03 4.665583074092864990e-01 2.914501819759607315e-03 -2.374281757511198521e-04 -1.358729787170886993e-03 2.716861665248870850e-03
-1.796941272914409637e-03 4.658193290233612061e-01 1.363861607387661934e-03 8.853720501065254211e-04 -1.092286081984639168e-03 1.765151158906519413e-03
2.904952270910143852e-03 4.058755338191986084e-01 -1.324077369645237923e-03 1.069148769602179527e-03 -1.406894763931632042e-03 1.861505326814949512e-03
9.596329182386398315e-04 3.090564906597137451e-01 -5.893330089747905731e-04 -1.301827840507030487e-03 -1.506811007857322693e-03 1.230240799486637115e-03
2.756617963314056396e-03 4.001147449016571045e-01 -1.837086630985140800e-03 -1.921673072502017021e-03 -2.454952104017138481e-03 2.360415179282426834e-03
-2.259853063151240349e-04 3.558371365070343018e-01 -3.388986457139253616e-03 -1.906239311210811138e-03 -3.165115369483828545e-03 2.882239408791065216e-03
-1.006563100963830948e-02 4.034116566181182861e-01 -4.610354080796241760e-03 -1.946911681443452835e-03 -5.942756310105323792e-03 2.985012717545032501e-03
-1.520075369626283646e-02 4.115226566791534424e-01 2.647383604198694229e-03 -8.633763063699007034e-04 -5.571270827203989029e-03 1.742034917697310448e-03
-1.063605677336454391e-02 3.814949095249176025e-01 1.592354848980903625e-02 2.354036318138241768e-03 -3.011517459526658058e-03 5.575841641984879971e-04
-7.704202551394701004e-03 3.601981103420257568e-01 2.872861735522747040e-02 6.559949833899736404e-03 1.876549795269966125e-03 7.898798212409019470e-04
2.449082676321268082e-03 3.853089809417724609e-01 1.918530277907848358e-02 1.020630728453397751e-02 2.753606298938393593e-03 1.320789451710879803e-03
1.492808945477008820e-02 3.174206018447875977e-01 1.170371565967798233e-02 9.542747400701045990e-03 4.213285632431507111e-03 2.316209953278303146e-03
4.432516172528266907e-03 2.722083926200866699e-01 4.899887368083000183e-03 7.340323645621538162e-03 2.647968009114265442e-03 2.156632952392101288e-03
7.279846351593732834e-03 3.341420590877532959e-01 -3.954023122787475586e-03 5.060614552348852158e-03 2.105061896145343781e-03 4.718260606750845909e-04
1.774508855305612087e-03 1.952013820409774780e-01 -5.186336580663919449e-03 4.855173639953136444e-03 1.642872462980449200e-03 3.207020927220582962e-05
1.687329495325684547e-03 3.044003248214721680e-01 -8.021974936127662659e-03 4.546679556369781494e-03 -3.824100363999605179e-03 -7.297068950720131397e-04
-1.006726641207933426e-02 2.873017787933349609e-01 -6.826495286077260971e-03 4.773530643433332443e-03 -6.576987449079751968e-03 -7.470732671208679676e-04
-1.542349997907876968e-02 2.757126390933990479e-01 -1.032586861401796341e-02 5.405059084296226501e-03 -6.790570449084043503e-03 -2.268977463245391846e-03
4.561475478112697601e-03 2.606846392154693604e-01 -1.667164638638496399e-02 4.146508406847715378e-03 -3.780529601499438286e-03 -3.412003861740231514e-03
8.846369571983814240e-03 2.589528560638427734e-01 -1.379141490906476974e-02 9.922292083501815796e-04 -4.350065719336271286e-03 -2.341562416404485703e-03
6.527936551719903946e-03 2.579554319381713867e-01 -5.710946395993232727e-03 -2.071127295494079590e-03 -2.602007938548922539e-03 -1.318399794399738312e-03
1.135276071727275848e-02 2.569762468338012695e-01 -5.135279148817062378e-03 -4.293506499379873276e-03 -1.715444668661803007e-04 -3.336662659421563148e-03
1.332631707191467285e-02 2.733691036701202393e-01 -6.079121027141809464e-03 -4.480123054236173630e-03 1.633135601878166199e-03 -5.137207917869091034e-03
1.822050288319587708e-02 2.844035029411315918e-01 -1.860062405467033386e-02 -6.858496926724910736e-03 3.578149480745196342e-04 -7.068460807204246521e-03
1.795888133347034454e-02 2.733185887336730957e-01 -1.360709127038717270e-02 -9.320924058556556702e-03 1.434965233784168959e-04 -8.864747360348701477e-03
1.364121679216623306e-02 2.805691361427307129e-01 -1.612403057515621185e-02 -1.085153874009847641e-02 7.211980846477672458e-05 -6.898376159369945526e-03
1.005491334944963455e-02 2.760819494724273682e-01 -6.887565366923809052e-03 -1.003671623766422272e-02 2.621140156406909227e-04 -5.231430754065513611e-03
1.088372711092233658e-02 2.826220691204071045e-01 -3.081374452449381351e-04 -8.641432970762252808e-03 7.453501457348465919e-04 -6.494636647403240204e-03
1.869600825011730194e-02 2.827916145324707031e-01 1.328828861005604267e-03 -6.779875606298446655e-03 1.086751697584986687e-03 -1.005187164992094040e-02
1.930083893239498138e-02 2.801533937454223633e-01 3.605375532060861588e-04 -6.525738630443811417e-03 -6.285227136686444283e-04 -1.235729642212390900e-02
1.260628364980220795e-02 2.944355607032775879e-01 -2.293792495038360357e-04 -7.147847674787044525e-03 -3.007003804668784142e-03 -1.357813645154237747e-02
2.023565024137496948e-02 2.824539542198181152e-01 3.716145642101764679e-03 -8.560181595385074615e-03 -3.334064967930316925e-03 -1.566698960959911346e-02
2.347600087523460388e-02 2.591084241867065430e-01 5.446438211947679520e-03 -7.594057358801364899e-03 -2.265633549541234970e-03 -1.582072488963603973e-02
3.573747724294662476e-02 2.404523789882659912e-01 4.695175681263208389e-03 -4.899157211184501648e-03 -3.885659680236130953e-04 -1.664218120276927948e-02
3.945320099592208862e-02 2.608249783515930176e-01 3.596213879063725471e-03 -4.938119556754827499e-03 1.942150061950087547e-03 -1.819412969052791595e-02
4.151320829987525940e-02 2.565608918666839600e-01 5.634003318846225739e-03 -5.180025473237037659e-03 3.193844342604279518e-03 -2.019137702882289886e-02
5.358280614018440247e-02 2.366522848606109619e-01 1.208573672920465469e-02 -2.448228420689702034e-03 4.253569059073925018e-03 -2.340432442724704742e-02
3.902618587017059326e-02 2.392156273126602173e-01 2.114899456501007080e-02 8.904401329346001148e-05 1.080621615983545780e-03 -2.166232652962207794e-02
-1.007081242278218269e-03 2.580847740173339844e-01 1.812526211142539978e-02 2.918749116361141205e-03 3.042714903131127357e-03 -1.998299732804298401e-02
5.109867453575134277e-02 2.215325683355331421e-01 9.018023498356342316e-03 6.181909702718257904e-03 5.247225519269704819e-03 -2.473062090575695038e-02
5.993906036019325256e-02 2.178605943918228149e-01 1.840589917264878750e-03 8.490174077451229095e-03 2.436617156490683556e-03 -2.393948659300804138e-02
5.653990805149078369e-02 2.384691089391708374e-01 1.795914606191217899e-03 6.390770897269248962e-03 -6.661715451627969742e-04 -2.425677143037319183e-02
6.699969619512557983e-02 2.391076982021331787e-01 1.765908673405647278e-03 2.728238934651017189e-03 -3.645580727607011795e-04 -2.643086947500705719e-02
6.107919663190841675e-02 2.332413494586944580e-01 9.616852621547877789e-04 2.211314858868718147e-03 7.101711526047438383e-05 -2.769526839256286621e-02
5.587031692266464233e-02 2.189017385244369507e-01 -2.773720538243651390e-03 5.362171679735183716e-03 -1.421272172592580318e-03 -2.827965095639228821e-02
4.301724955439567566e-02 2.165250927209854126e-01 -4.609271883964538574e-03 6.449290551245212555e-03 -5.035692825913429260e-03 -2.758867666125297546e-02
