1.188238617032766342e-03 -3.958158195018768311e-03 1.460550265619531274e-04 7.240466075018048286e-04 2.644784690346568823e-04 1.177639423985965550e-04
4.415736533701419830e-03 -2.579545369371771812e-03 9.141197660937905312e-04 4.243995063006877899e-04 8.505550795234739780e-05 -1.868185972853098065e-05
9.864608291536569595e-04 4.304904025048017502e-03 1.726839982438832521e-04 3.004465543199330568e-04 1.463238440919667482e-04 -9.513401164440438151e-05
3.466198220849037170e-03 1.398067921400070190e-02 1.012193970382213593e-03 -7.713443483226001263e-04 1.655422965995967388e-05 -1.448668481316417456e-04
-6.149529479444026947e-03 1.164015848189592361e-02 -7.857021992094814777e-04 -1.180511608254164457e-04 -1.394806167809292674e-04 -4.155102942604571581e-06
2.560912864282727242e-03 1.854224316775798798e-02 -5.729752010665833950e-04 -2.708680767682380974e-05 -1.872366847237572074e-04 8.828782301861792803e-05
-8.511483669281005859e-03 2.074706181883811951e-02 6.166809471324086189e-04 -1.761132298270240426e-04 -1.460024068364873528e-04 2.147057384718209505e-04
-6.927837617695331573e-03 2.081059478223323822e-02 -6.135290605016052723e-04 1.291067455895245075e-04 -5.382275558076798916e-04 7.280364116013515741e-06
-1.638670219108462334e-03 2.331113442778587341e-02 -1.578026422066614032e-04 8.004803385119885206e-05 -3.055752022191882133e-04 1.221839193021878600e-05
-7.910734973847866058e-03 2.219280600547790527e-02 5.564729799516499043e-04 -1.217130629811435938e-04 -2.793749154079705477e-04 -2.447589758958201855e-05
1.882389420643448830e-03 2.746702171862125397e-02 -5.346617545001208782e-04 -1.744579094520304352e-05 -1.519429060863330960e-04 -1.965135161299258471e-04
1.927067642100155354e-04 3.337748348712921143e-02 2.083282452076673508e-04 -1.161631880677305162e-04 -6.068994116503745317e-05 -1.679526612861081958e-04
3.932639956474304199e-03 3.310212865471839905e-02 -7.530310540460050106e-04 7.485561218345537782e-05 -3.601395292207598686e-04 -4.157042130827903748e-04
-2.421068958938121796e-03 3.704658895730972290e-02 -6.658534402959048748e-04 2.811671402014326304e-05 -5.385177792049944401e-04 -4.201829724479466677e-04
-1.708228606730699539e-03 4.247068241238594055e-02 -5.562755541177466512e-05 -6.432337249862030149e-05 -3.652514715213328600e-04 -6.000660941936075687e-04
-5.496517769643105567e-05 4.057292267680168152e-02 -8.345462265424430370e-04 9.852142829913645983e-05 -2.117916301358491182e-04 -9.489327785558998585e-04
7.891726680099964142e-03 3.951205685734748840e-02 2.352980809519067407e-04 3.101487527601420879e-04 -1.634227228350937366e-04 -1.084306277334690094e-03
4.190439824014902115e-03 4.818882048130035400e-02 -2.581016451586037874e-04 2.954787341877818108e-04 -1.382555201416835189e-04 -1.370396348647773266e-03
3.383789910003542900e-03 4.977525025606155396e-02 4.011260753031820059e-04 1.232308568432927132e-04 -1.897499314509332180e-04 -1.680397544987499714e-03
3.731278469786047935e-03 5.792257934808731079e-02 -5.047810263931751251e-04 1.427091192454099655e-04 -4.499617498368024826e-04 -2.093792660161852837e-03
5.731411743909120560e-03 5.468072369694709778e-02 -3.447796916589140892e-04 7.341784657910466194e-05 -4.525949480012059212e-04 -2.776260254904627800e-03
3.618222894147038460e-03 7.814763486385345459e-02 -3.435424005147069693e-04 9.380433039041236043e-05 -6.446289480663836002e-04 -2.932172268629074097e-03
-3.648642741609364748e-04 6.797818094491958618e-02 -5.121010472066700459e-04 1.146976937889121473e-04 -8.623063331469893456e-04 -3.575308714061975479e-03
3.681878559291362762e-03 7.805357128381729126e-02 -3.113636921625584364e-05 1.020549825625494123e-04 -6.926949718035757542e-04 -4.022588953375816345e-03
5.557253025472164154e-03 8.508037030696868896e-02 7.929094135761260986e-05 7.629934407304972410e-05 -5.847737775184214115e-04 -4.762263037264347076e-03
