3.709744513034820557e-01 5.676817614585161209e-03 -1.761456369422376156e-03 5.748222465626895428e-04 2.088246401399374008e-03 4.479115363210439682e-03
3.803427517414093018e-01 8.245007134974002838e-03 -1.033126376569271088e-03 1.688818156253546476e-04 2.291607204824686050e-03 6.037625949829816818e-03
3.753630220890045166e-01 1.016059238463640213e-02 -2.728205290623009205e-04 -3.168900366290472448e-05 1.700016553513705730e-03 6.672751158475875854e-03
3.705296218395233154e-01 1.082556322216987610e-02 -2.140017895726487041e-04 -1.932538580149412155e-04 5.760114872828125954e-04 6.371956784278154373e-03
3.829258084297180176e-01 1.068658940494060516e-02 -3.167649265378713608e-04 2.768918602669145912e-05 -2.807077253237366676e-04 7.001839578151702881e-03
3.975157141685485840e-01 1.188828516751527786e-02 -6.095808348618447781e-04 2.003026602324098349e-04 -5.189427756704390049e-04 7.988656871020793915e-03
4.146000146865844727e-01 1.442218758165836334e-02 -7.046421524137258530e-04 4.505150136537849903e-04 -3.394209779798984528e-04 1.025814004242420197e-02
4.244243204593658447e-01 1.744004338979721069e-02 -6.858705310150980949e-04 8.463259291602298617e-05 8.098602847894653678e-05 1.123563293367624283e-02
4.329373836517333984e-01 1.847015134990215302e-02 -6.386747118085622787e-04 1.427327788405818865e-05 4.359672893770039082e-04 1.185318548232316971e-02
4.357000589370727539e-01 1.789523661136627197e-02 -3.790734335780143738e-04 -1.123304173233918846e-04 5.131233483552932739e-04 1.165650971233844757e-02
4.385305047035217285e-01 1.748431473970413208e-02 -1.791262184269726276e-04 -1.204906147904694080e-04 3.883020835928618908e-04 1.132301893085241318e-02
4.337773025035858154e-01 1.661748625338077545e-02 -3.807288157986477017e-05 5.419751687441021204e-05 2.430484892101958394e-04 1.149889640510082245e-02
4.342943131923675537e-01 1.717889122664928436e-02 -9.274246986024081707e-05 7.634509529452770948e-05 1.332876709057018161e-04 1.198348030447959900e-02
4.334857463836669922e-01 1.826769299805164337e-02 -5.487079761223867536e-06 1.496784079790813848e-06 5.283905920805409551e-05 1.217475626617670059e-02
4.345811903476715088e-01 1.815778948366641998e-02 3.139988257316872478e-05 -3.710270539158955216e-05 3.137536987196654081e-05 1.220436207950115204e-02
4.433367550373077393e-01 1.808521337807178497e-02 -3.694559563882648945e-04 9.021189907798543572e-05 -7.568995351903140545e-04 1.256967429071664810e-02
4.648533761501312256e-01 1.977986097335815430e-02 -8.390965522266924381e-04 3.808076871791854501e-05 -1.005520462058484554e-03 1.292536221444606781e-02
4.837179780006408691e-01 2.116400562226772308e-02 -1.052500447258353233e-03 4.276692052371799946e-04 -2.359964855713769794e-04 1.465561799705028534e-02
4.929569363594055176e-01 2.148161083459854126e-02 -8.078609826043248177e-04 1.919791538966819644e-04 6.153331487439572811e-04 1.571178622543811798e-02
4.890997409820556641e-01 2.421965450048446655e-02 -3.519038145896047354e-04 -3.959909081459045410e-04 9.284028201363980770e-04 1.445837784558534622e-02
4.796242713928222656e-01 1.969073340296745300e-02 7.641514821443706751e-05 -2.535586245357990265e-04 6.586464005522429943e-04 1.303406059741973877e-02
4.752900898456573486e-01 1.977426931262016296e-02 9.130979015026241541e-05 -1.026207883114693686e-05 1.516537740826606750e-04 1.285197865217924118e-02
4.765287935733795166e-01 2.078410610556602478e-02 7.605172868352383375e-05 1.842643250711262226e-04 -2.305906091351062059e-04 1.342195924371480942e-02
4.818584322929382324e-01 2.138075046241283417e-02 -2.555465907789766788e-04 7.880165503593161702e-05 -2.767188707366585732e-04 1.388202141970396042e-02
4.864256083965301514e-01 2.098473906517028809e-02 -1.980921515496447682e-04 4.189908941043540835e-05 -1.223884319188073277e-04 1.410865597426891327e-02
4.871387183666229248e-01 2.187791839241981506e-02 -2.438107912894338369e-04 -3.626946636359207332e-05 7.194215140771120787e-05 1.397001277655363083e-02
4.873875975608825684e-01 2.103311568498611450e-02 -1.982438334380276501e-05 -6.190190470078960061e-05 1.643666037125512958e-04 1.374693866819143295e-02
4.840085506439208984e-01 2.144745364785194397e-02 -2.171181695302948356e-04 -1.229945046361535788e-04 1.510669244453310966e-04 1.327151805162429810e-02
4.894654154777526855e-01 2.136726304888725281e-02 -8.131598588079214096e-05 9.761516412254422903e-05 6.444290920626372099e-05 1.361007615923881531e-02
4.873246848583221436e-01 2.077986299991607666e-02 -1.124980990425683558e-04 -3.144052243442274630e-05 -3.330765684950165451e-05 1.352008711546659470e-02
4.856987297534942627e-01 2.115293219685554504e-02 8.634943515062332153e-05 5.247130320640280843e-05 -4.346683635958470404e-05 1.371171232312917709e-02
4.867548644542694092e-01 2.079205401241779327e-02 -1.754400727804750204e-04 -6.916016718605533242e-05 9.650623724155593663e-06 1.334191486239433289e-02
4.888192117214202881e-01 2.049840427935123444e-02 -2.181096351705491543e-04 3.482923420961014926e-05 2.962075632240157574e-05 1.341078616678714752e-02
4.897251725196838379e-01 2.138873189687728882e-02 -8.924664871301501989e-05 2.474120992701500654e-05 4.768958024214953184e-05 1.383167784661054611e-02
4.882147014141082764e-01 2.079332619905471802e-02 -1.182053820230066776e-04 -1.168303206213749945e-04 6.156411836855113506e-05 1.331376098096370697e-02
4.897332787513732910e-01 2.062672190368175507e-02 -6.537759327329695225e-05 1.876810711110010743e-05 2.001329630729742348e-05 1.343964692205190659e-02
4.880412518978118896e-01 2.065375261008739471e-02 -5.566744221141561866e-05 -2.313886579941026866e-05 -8.064680514507927001e-06 1.322927046567201614e-02
4.911162257194519043e-01 2.098073624074459076e-02 -4.753523171530105174e-06 8.766710379859432578e-05 4.130538218305446208e-05 1.353591307997703552e-02
4.864586591720581055e-01 2.099859341979026794e-02 -1.940066431416198611e-04 -7.940668729133903980e-05 4.688682747655548155e-05 1.324159745126962662e-02
4.896703362464904785e-01 2.089764736592769623e-02 3.373013896634802222e-06 3.313094202894717455e-05 -3.537649172358214855e-05 1.340557169169187546e-02
4.895793199539184570e-01 2.049163915216922760e-02 -7.896382885519415140e-05 1.594843161001335829e-05 5.200570376473478973e-05 1.364279165863990784e-02
4.879511296749114990e-01 2.012545987963676453e-02 -3.938750523957423866e-05 -1.236628013430163264e-04 8.923601853894069791e-06 1.291097141802310944e-02
4.923615753650665283e-01 2.021844871342182159e-02 -2.040587278315797448e-04 -8.150256326189264655e-05 2.255480467283632606e-05 1.269879285246133804e-02
4.851062297821044922e-01 1.806066371500492096e-02 -1.380605681333690882e-04 -1.256419491255655885e-04 -2.019331441260874271e-05 1.164660416543483734e-02
4.915646016597747803e-01 1.768956333398818970e-02 4.851824633078649640e-05 5.390474325395189226e-05 4.046177491545677185e-05 1.196375582367181778e-02
4.864170253276824951e-01 1.779347844421863556e-02 -8.533683285349979997e-05 -8.920469554141163826e-07 3.265194754931144416e-05 1.148355100303888321e-02
4.911867380142211914e-01 1.782247610390186310e-02 -6.657423364231362939e-05 -8.653889381093904376e-05 2.274558028148021549e-06 1.136320549994707108e-02
4.934933185577392578e-01 1.752997189760208130e-02 -2.204877673648297787e-04 -6.600010965485125780e-05 2.534247869334649295e-05 1.115562766790390015e-02
4.896075725555419922e-01 1.625803671777248383e-02 -1.975558989215642214e-04 -7.776702113915234804e-05 1.210897244163788855e-05 1.062697358429431915e-02
4.920609593391418457e-01 1.641757600009441376e-02 2.759365088422782719e-05 9.032441994349937886e-06 1.542217796668410301e-05 1.050132885575294495e-02
4.903882741928100586e-01 1.691069640219211578e-02 -1.164543209597468376e-04 -5.561241778195835650e-05 9.977905392588581890e-06 1.020921301096677780e-02
4.924107491970062256e-01 1.533990446478128433e-02 3.917371941497549415e-06 -4.870280099567025900e-05 1.621827686903998256e-05 9.889034554362297058e-03
4.899571537971496582e-01 1.468009687960147858e-02 2.082599166897125542e-05 -5.621106538455933332e-06 -1.715425241854973137e-05 9.645638987421989441e-03
4.960029125213623047e-01 1.522260624915361404e-02 -1.465164532419294119e-04 -2.341696017538197339e-05 3.230880111004807986e-06 9.683069773018360138e-03
4.876927137374877930e-01 1.378615945577621460e-02 9.100804163608700037e-05 -3.976997686550021172e-05 9.432849765289574862e-06 9.141971357166767120e-03
4.898278713226318359e-01 1.378027163445949554e-02 -5.061229967395775020e-05 -2.360255621169926599e-06 9.717120519781019539e-06 9.070825763046741486e-03
4.912569522857666016e-01 1.421539019793272018e-02 -2.536455576773732901e-04 -4.535209154710173607e-05 1.418723695678636432e-05 8.784038946032524109e-03
4.881949424743652344e-01 1.283224858343601227e-02 -2.047029192908667028e-05 -1.837468516896478832e-05 -3.840311364911030978e-06 8.660112507641315460e-03
4.908666908740997314e-01 1.350301224738359451e-02 -1.256940740859135985e-04 -1.242849884874885902e-05 1.877098657132592052e-05 8.545708842575550079e-03
4.885008335113525391e-01 1.234804186969995499e-02 -9.351850894745439291e-05 -3.128036041744053364e-05 2.665523425093851984e-06 8.328528143465518951e-03
4.881144165992736816e-01 1.316574774682521820e-02 -2.121215802617371082e-04 -3.155571903334930539e-05 2.959001903946045786e-05 8.184575475752353668e-03
4.900193810462951660e-01 1.192159112542867661e-02 5.784333916381001472e-05 -1.473343218094669282e-05 2.334395503567066044e-06 8.225711993873119354e-03
4.893077313899993896e-01 1.164722908288240433e-02 -8.908958989195525646e-05 -3.619495328166522086e-05 -4.272995283827185631e-06 7.864116691052913666e-03
4.887014329433441162e-01 1.123042777180671692e-02 9.132605919148772955e-05 2.245649011456407607e-05 4.118965534871676937e-06 7.845601066946983337e-03
4.916806519031524658e-01 1.115912757813930511e-02 -1.421502674929797649e-04 5.808029527543112636e-06 2.777755071292631328e-05 7.877321913838386536e-03
4.972250461578369141e-01 1.002496480941772461e-02 -1.526084088254719973e-04 -4.371065733721479774e-05 -5.807195066154235974e-06 8.031174540519714355e-03
4.894819259643554688e-01 9.625392034649848938e-03 -4.703793456428684294e-05 -4.951793744112364948e-05 5.328296083462191746e-06 7.528667338192462921e-03
4.985933303833007812e-01 8.497174829244613647e-03 -1.093831233447417617e-04 6.860734174551907927e-06 4.437875759322196245e-06 7.784504909068346024e-03
4.916076362133026123e-01 9.567068889737129211e-03 -1.788433291949331760e-04 -8.915646503737661988e-06 -1.373753093503182754e-06 7.460135966539382935e-03
4.948403835296630859e-01 8.145875297486782074e-03 -6.198547634994611144e-05 -2.167962520616129041e-08 9.525479072181042284e-06 7.701347582042217255e-03
5.017911791801452637e-01 4.458896350115537643e-03 -1.163896231446415186e-04 -8.303347385663073510e-06 1.787175460776779801e-05 7.794780191034078598e-03
4.938420355319976807e-01 8.354647085070610046e-03 -1.025695019052363932e-04 -1.192689069284824654e-05 -1.516622705821646377e-05 7.669231388717889786e-03
5.021141171455383301e-01 1.007793005555868149e-02 -2.279585314681753516e-04 -2.990876964759081602e-05 1.082162725651869550e-06 8.289798162877559662e-03
4.929028451442718506e-01 9.371308609843254089e-03 2.164125180570408702e-04 3.337386806379072368e-05 2.405114173598121852e-05 7.489603012800216675e-03
4.932531416416168213e-01 9.477837011218070984e-03 -2.053258940577507019e-04 -4.202353011351078749e-05 -2.470539402565918863e-05 7.564143743366003036e-03
4.919093847274780273e-01 1.112189516425132751e-02 -1.545109262224286795e-04 -1.827935557230375707e-05 2.866442082449793816e-05 7.467390969395637512e-03
4.957140982151031494e-01 1.080785971134901047e-02 -8.127277396852150559e-06 -6.438766831706743687e-06 1.219809382746461779e-05 7.768657058477401733e-03
4.928563535213470459e-01 1.038989052176475525e-02 -1.601392796146683395e-05 -4.187346348771825433e-05 -6.467863386205863208e-06 7.673922926187515259e-03
4.931358098983764648e-01 1.161164045333862305e-02 -1.394954015268012881e-04 -7.687262041145004332e-06 4.816359705728245899e-06 7.509033195674419403e-03
4.961398839950561523e-01 1.140973716974258423e-02 -1.492124865762889385e-04 -2.199538903369102627e-05 3.428333911870140582e-06 7.822711020708084106e-03
4.874470531940460205e-01 1.199351251125335693e-02 -8.696188888279721141e-05 -8.536413588444702327e-06 1.818292548705358058e-05 6.933990865945816040e-03
4.943630397319793701e-01 1.142523344606161118e-02 -1.510526053607463837e-04 -9.023778147820848972e-06 1.160806095867883414e-05 7.640870288014411926e-03
4.885729551315307617e-01 1.098716072738170624e-02 -1.020791096379980445e-04 -2.972046422655694187e-05 -3.961070888180984184e-06 7.285802625119686127e-03
4.908824265003204346e-01 1.149355806410312653e-02 1.473636984883341938e-06 -7.394985004793852568e-06 4.861417437496129423e-06 7.166448049247264862e-03
4.898880720138549805e-01 1.116890180855989456e-02 -9.210464486386626959e-05 -1.102995065593859181e-05 1.299912582908291370e-05 7.277368567883968353e-03
4.936392009258270264e-01 1.201047841459512711e-02 -6.457429844886064529e-05 2.994160422531422228e-05 -1.564885906191193499e-06 7.427815347909927368e-03
4.914299845695495605e-01 1.135452743619680405e-02 -3.973025377490557730e-05 -2.892943666665814817e-05 1.309252456849208102e-05 7.304192055016756058e-03
4.914347827434539795e-01 1.121033914387226105e-02 -4.362332765595056117e-05 1.030469775287201628e-05 6.173560450406512246e-06 7.458884734660387039e-03
4.946780800819396973e-01 1.194464042782783508e-02 -7.106291013769805431e-05 -1.995173624891322106e-05 -1.132579382101539522e-05 7.614055648446083069e-03
4.908341169357299805e-01 1.065299659967422485e-02 1.284295576624572277e-04 1.316382258664816618e-05 1.851405068009626120e-05 7.394894957542419434e-03
4.943004250526428223e-01 1.239181496202945709e-02 -5.157868145033717155e-06 -2.738508555921725929e-06 -4.601861746778013185e-06 7.524463348090648651e-03
4.916163086891174316e-01 1.154799852520227432e-02 -1.426402741344645619e-04 -8.010103556443937123e-06 3.830655623460188508e-05 7.282954175025224686e-03
4.919163584709167480e-01 1.121343858540058136e-02 -1.213132782140746713e-04 -1.570785025251097977e-05 -1.459916711610276252e-05 7.306049577891826630e-03
4.896914362907409668e-01 1.123750861734151840e-02 1.071090082405135036e-05 -1.096315463655628264e-05 -8.575342690164688975e-06 7.179740816354751587e-03
4.914030134677886963e-01 1.040879916399717331e-02 -9.280229278374463320e-05 3.846098024951061234e-06 -2.285745722474530339e-05 7.304893806576728821e-03
4.938221573829650879e-01 1.207699533551931381e-02 -4.204565993859432638e-05 -1.038000209518941119e-05 1.780533784767612815e-05 7.578804157674312592e-03
4.905311465263366699e-01 1.029150933027267456e-02 -8.369934221263974905e-05 6.577605745405890048e-06 4.201422598271165043e-06 7.196090184152126312e-03
4.919693768024444580e-01 1.089586596935987473e-02 -5.194958066567778587e-05 -8.128352419589646161e-06 1.004947898763930425e-05 7.299038581550121307e-03
4.886508882045745850e-01 1.138646062463521957e-02 -1.269333297386765480e-04 2.696360024856403470e-05 -6.116516487963963300e-06 7.154950406402349472e-03
4.924460053443908691e-01 1.121108513325452805e-02 -8.514698129147291183e-05 -6.080931052565574646e-05 1.303274439123924822e-05 7.423240691423416138e-03
4.905565679073333740e-01 1.053343713283538818e-02 -7.353829278144985437e-05 7.351823114731814712e-06 -8.374594472115859389e-06 7.251220755279064178e-03
4.896347224712371826e-01 1.114995311945676804e-02 -1.273124071303755045e-04 -8.460659046249929816e-06 3.990026016253978014e-07 7.067504804581403732e-03
4.949956238269805908e-01 1.296959072351455688e-02 -1.179793907795101404e-04 5.106419848743826151e-06 3.210606882930733263e-05 7.489379961043596268e-03
4.891144037246704102e-01 1.016884576529264450e-02 -4.102644015802070498e-05 -2.333922748221084476e-05 -9.140316251432523131e-06 7.201978936791419983e-03
4.912408590316772461e-01 1.097098365426063538e-02 1.097069980460219085e-05 -7.760691914882045239e-06 1.073663770512212068e-05 7.405626121908426285e-03
4.924631118774414062e-01 1.167146302759647369e-02 -3.079359885305166245e-06 1.592559056007303298e-05 4.095152689842507243e-06 7.199586369097232819e-03
4.930562376976013184e-01 1.129530835896730423e-02 -1.231506757903844118e-04 -4.702104888565372676e-06 3.367914905538782477e-05 7.658980786800384521e-03
4.932416379451751709e-01 1.179082039743661880e-02 5.566214531427249312e-05 -5.921693173149833456e-06 1.552674439153634012e-05 7.262949366122484207e-03
4.992930889129638672e-01 1.105767022818326950e-02 -5.060369221610017121e-05 -1.438008985132910311e-05 8.419211553700733930e-06 8.032713085412979126e-03
4.925497472286224365e-01 1.068354770541191101e-02 -8.568410703446716070e-05 1.382410118822008371e-06 -8.901992259779945016e-06 7.339743431657552719e-03
4.893605113029479980e-01 1.005588192492723465e-02 5.677931403624825180e-05 1.298144752581720240e-06 2.312563992745708674e-05 7.117885630577802658e-03
4.931710064411163330e-01 1.139935292303562164e-02 -1.282596640521660447e-04 -2.999583921337034553e-05 1.089762190531473607e-05 7.632118649780750275e-03
4.719217717647552490e-01 7.061074487864971161e-03 -1.805496722226962447e-04 2.460425093886442482e-06 2.565818249422591180e-06 7.320292759686708450e-03
4.606500267982482910e-01 7.246810477226972580e-03 -1.026366226142272353e-04 -1.603631062607746571e-05 3.952043698518536985e-06 7.095716428011655807e-03
4.877738654613494873e-01 1.104310527443885803e-02 -3.218851634301245213e-05 -4.812345650861971080e-06 1.540455195936374366e-05 7.314446382224559784e-03
4.752758443355560303e-01 8.722845464944839478e-03 -2.290913544129580259e-04 6.272445261856773868e-06 3.706294228322803974e-05 7.295916322618722916e-03
4.755617678165435791e-01 1.055890135467052460e-02 -6.898533320054411888e-05 -1.815722862374968827e-05 -5.714979124604724348e-06 7.457477040588855743e-03
4.877668917179107666e-01 1.098587643355131149e-02 -5.393471292336471379e-05 8.123506631818599999e-07 1.346048975392477587e-05 7.155459839850664139e-03
4.909127354621887207e-01 1.353959925472736359e-02 -7.162600377341732383e-05 1.826726293074898422e-05 1.618332498765084893e-05 7.443867623805999756e-03
4.888544380664825439e-01 9.958757087588310242e-03 -3.420934444875456393e-05 -1.142288965638726950e-05 -1.866250204329844564e-05 7.441750261932611465e-03
4.933576285839080811e-01 1.068863738328218460e-02 -2.451127147651277483e-05 -2.041447623923886567e-05 2.138065065082628280e-05 7.409045938402414322e-03
4.951606690883636475e-01 1.038309559226036072e-02 -1.796234573703259230e-04 -4.651981726055964828e-06 7.021396413620095700e-06 7.338330149650573730e-03
4.945595860481262207e-01 9.686317294836044312e-03 -7.886499952292069793e-05 -4.994367191102355719e-05 -2.017137921939138323e-05 7.399802561849355698e-03
4.731415808200836182e-01 9.031318128108978271e-03 5.555698589887470007e-05 -8.410494774580001831e-05 4.879583229921991006e-06 6.461820565164089203e-03
