2.096049953252077103e-03 1.622579409740865231e-03 4.415681760292500257e-04 7.102220843080431223e-05 8.672413241583853960e-05 1.138711595558561385e-04
2.458279952406883240e-03 1.848770305514335632e-03 5.033190245740115643e-04 8.899890235625207424e-05 8.919632091419771314e-05 1.810436515370383859e-04
1.325272605754435062e-03 1.654420164413750172e-03 3.967390221077948809e-04 5.376099943532608449e-05 9.831076022237539291e-05 9.382318239659070969e-05
2.060435712337493896e-03 1.742342370562255383e-03 4.110144800506532192e-04 6.317117367871105671e-05 9.926753409672528505e-05 1.876352471299469471e-04
1.964250812307000160e-03 2.466379199177026749e-03 5.373727180995047092e-04 9.000783029478043318e-05 1.075767504516988993e-04 1.244788436451926827e-04
1.800926635041832924e-03 2.662220736965537071e-03 4.481016658246517181e-04 5.716317537007853389e-05 9.072599641513079405e-05 1.455224555684253573e-04
2.215065062046051025e-03 2.535375999286770821e-03 5.075644003227353096e-04 8.134890231303870678e-05 1.051443759934045374e-04 1.724525936879217625e-04
1.651562284678220749e-03 2.226930111646652222e-03 7.036069291643798351e-04 1.108319629565812647e-04 1.219502155436202884e-04 1.091445883503183722e-04
2.959799254313111305e-03 2.737700939178466797e-03 6.600496126338839531e-04 7.664418808417394757e-05 1.113164253183640540e-04 2.171030209865421057e-04
2.028549555689096451e-03 1.833669957704842091e-03 8.313896832987666130e-04 1.054026797646656632e-04 1.504072279203683138e-04 1.527109998278319836e-04
2.141360193490982056e-03 1.742797903716564178e-03 7.966794655658304691e-04 1.017987669911235571e-04 1.176204896182753146e-04 1.412987476214766502e-04
2.253382233902812004e-03 2.476484281942248344e-03 7.169801974669098854e-04 9.274519106838852167e-05 1.550031447550281882e-04 1.593444321770220995e-04
2.045264467597007751e-03 3.686502110213041306e-03 4.772435349877923727e-04 5.826001506648026407e-05 1.030447310768067837e-04 1.507459965068846941e-04
2.233809325844049454e-03 2.812625840306282043e-03 6.289674784056842327e-04 9.118400339502841234e-05 1.082823000615462661e-04 1.368089142488315701e-04
2.724750433117151260e-03 3.710954682901501656e-03 3.878819406963884830e-04 6.463609315687790513e-05 7.013866706984117627e-05 1.846363738877698779e-04
2.705916529521346092e-03 3.255716292187571526e-03 7.247435860335826874e-04 8.804547542240470648e-05 1.159128587460145354e-04 1.857109891716390848e-04
1.904917182400822639e-03 4.242815077304840088e-03 6.461483426392078400e-04 8.118242112686857581e-05 1.186982917715795338e-04 1.269197382498532534e-04
2.459728857502341270e-03 4.499540664255619049e-03 9.958039736375212669e-04 1.154483688878826797e-04 1.820157922338694334e-04 1.789419766282662749e-04
2.291147829964756966e-03 4.018792882561683655e-03 9.769548196345567703e-04 1.136871796916238964e-04 2.047886373475193977e-04 1.731751690385863185e-04
2.867060480639338493e-03 4.017678089439868927e-03 8.569480851292610168e-04 1.101522721000947058e-04 1.533092872705310583e-04 1.877657050499692559e-04
2.302863169461488724e-03 3.000386757776141167e-03 6.746505969204008579e-04 8.652548422105610371e-05 1.423323992639780045e-04 1.557937939651310444e-04
2.357484539970755577e-03 3.575292648747563362e-03 6.242468371056020260e-04 7.978177745826542377e-05 1.212075731018558145e-04 1.939453213708475232e-04
2.395510207861661911e-03 4.115216899663209915e-03 8.369765710085630417e-04 1.008537074085325003e-04 1.133170153480023146e-04 1.893950247904285789e-04
2.028927206993103027e-03 2.671479014679789543e-03 7.504116510972380638e-04 8.884724957169964910e-05 1.520353252999484539e-04 1.388492091791704297e-04
2.004815498366951942e-03 2.449167193844914436e-03 7.510631112381815910e-04 8.509920735377818346e-05 1.565679995110258460e-04 1.542509417049586773e-04
2.001884160563349724e-03 3.270513843744993210e-03 6.969525711610913277e-04 9.086711361305788159e-05 1.222130231326445937e-04 1.348261284874752164e-04
1.717522856779396534e-03 2.628339687362313271e-03 4.803645424544811249e-04 6.691209273412823677e-05 9.697605128167197108e-05 1.021625794237479568e-04
2.813796978443861008e-03 4.407430067658424377e-03 6.315154605545103550e-04 1.028624101309105754e-04 1.013579749269410968e-04 2.264979848405346274e-04
2.573074307292699814e-03 3.906952682882547379e-03 7.965857512317597866e-04 8.449961751466616988e-05 1.188830428873188794e-04 1.846542581915855408e-04
2.170138759538531303e-03 3.130441298708319664e-03 5.906025180593132973e-04 7.846200605854392052e-05 8.502237324137240648e-05 1.623091520741581917e-04
2.251435536891222000e-03 4.005707800388336182e-03 8.712536073289811611e-04 9.597043390385806561e-05 1.229240879183635116e-04 1.685188908595591784e-04
2.536152489483356476e-03 3.803042462095618248e-03 1.186164910905063152e-03 1.520945661468431354e-04 1.391608384437859058e-04 1.651445491006597877e-04
2.045836066827178001e-03 2.371458103880286217e-03 7.412317791022360325e-04 9.430172940483316779e-05 1.228287001140415668e-04 1.542044483358040452e-04
1.885782345198094845e-03 3.386405995115637779e-03 7.677575922571122646e-04 8.210862870328128338e-05 1.616227673366665840e-04 1.246088068000972271e-04
2.053671516478061676e-03 2.694627968594431877e-03 8.108965703286230564e-04 8.702777267899364233e-05 1.043064476107247174e-04 1.358490553684532642e-04
2.251241588965058327e-03 2.428079489618539810e-03 7.983628311194479465e-04 9.053876419784501195e-05 1.094097169698216021e-04 1.440979540348052979e-04
2.135274698957800865e-03 2.967630513012409210e-03 6.980135804042220116e-04 8.238920418079942465e-05 1.305369514739140868e-04 1.345314231002703309e-04
2.366294618695974350e-03 2.093564951792359352e-03 6.480712909251451492e-04 7.518993515986949205e-05 1.261110592167824507e-04 1.597534283064305782e-04
2.363469684496521950e-03 3.450748976320028305e-03 8.291943231597542763e-04 7.966699195094406605e-05 1.359576563118025661e-04 1.685919996816664934e-04
1.857063500210642815e-03 2.713591326028108597e-03 7.919971249066293240e-04 8.455986971966922283e-05 1.354325504507869482e-04 1.150382668129168451e-04
2.268784213811159134e-03 2.010048367083072662e-03 5.098758265376091003e-04 6.439162825699895620e-05 1.186547815450467169e-04 1.651843631407245994e-04
2.482145559042692184e-03 2.680774312466382980e-03 6.669424474239349365e-04 8.184927719412371516e-05 1.104998955270275474e-04 1.743300381349399686e-04
1.951628830283880234e-03 2.180617069825530052e-03 5.080871051177382469e-04 6.942498293938115239e-05 1.021625721477903426e-04 1.289303763769567013e-04
1.924967276863753796e-03 2.252994338050484657e-03 3.058692091144621372e-04 5.104533192934468389e-05 7.405638461932539940e-05 1.343938347417861223e-04
1.893271692097187042e-03 1.869589905254542828e-03 6.172099965624511242e-04 1.001543423626571894e-04 1.281071017729118466e-04 1.175139404949732125e-04
2.212963066995143890e-03 2.061922335997223854e-03 5.637650610879063606e-04 6.815761298639699817e-05 1.134537305915728211e-04 1.398944004904478788e-04
2.271823352202773094e-03 2.299977233633399010e-03 2.961416030302643776e-04 6.393052899511530995e-05 7.685030141146853566e-05 1.336521672783419490e-04
2.058905549347400665e-03 1.938105560839176178e-03 3.133558493573218584e-04 5.525146843865513802e-05 7.049711712170392275e-05 1.619023387320339680e-04
2.323858439922332764e-03 2.426800085231661797e-03 2.680598699953407049e-04 5.881216929992660880e-05 7.007874955888837576e-05 1.854957517934963107e-04
1.830755150876939297e-03 1.261872239410877228e-03 2.681803598534315825e-04 4.462112701730802655e-05 6.321546243270859122e-05 1.112318568630144000e-04
2.219219226390123367e-03 1.503995852544903755e-03 2.507361350581049919e-04 4.681334030465222895e-05 6.056547863408923149e-05 1.811809925129637122e-04
1.799562131054699421e-03 1.162117579951882362e-03 2.962878497783094645e-04 5.805685213999822736e-05 6.568581738974899054e-05 1.195951626868918538e-04
2.309670904651284218e-03 2.038509817793965340e-03 3.277503128629177809e-04 6.109043169999495149e-05 7.187365554273128510e-05 1.417477033101022243e-04
2.076843287795782089e-03 1.186472596600651741e-03 3.347904130350798368e-04 6.821291754022240639e-05 6.976650183787569404e-05 1.382841437589377165e-04
2.204362768679857254e-03 1.418044208548963070e-03 4.026088863611221313e-04 8.349317067768424749e-05 9.173656872007995844e-05 1.396188745275139809e-04
1.854175236076116562e-03 1.530966954305768013e-03 5.346186808310449123e-04 8.731804700801149011e-05 1.075514082913286984e-04 1.299030700465664268e-04
2.139999531209468842e-03 1.316918875090777874e-03 6.700468366034328938e-04 1.298665883950889111e-04 1.273470406886190176e-04 1.475337776355445385e-04
2.127372659742832184e-03 1.280429190956056118e-03 5.827408167533576488e-04 1.279053976759314537e-04 9.086409409064799547e-05 1.275492977583780885e-04
1.717499573715031147e-03 1.278805546462535858e-03 1.021355041302740574e-03 1.407442468916997313e-04 1.827521773520857096e-04 1.438797771697863936e-04
2.247416647151112556e-03 1.364733092486858368e-03 8.312441641464829445e-04 1.178138627437874675e-04 1.546561543364077806e-04 1.576645445311442018e-04
2.398919779807329178e-03 1.444326364435255527e-03 8.809059509076178074e-04 1.199463586090132594e-04 1.621357369003817439e-04 1.485572283854708076e-04
2.018425147980451584e-03 1.247594365850090981e-03 7.821165490895509720e-04 1.165905850939452648e-04 1.431988930562511086e-04 1.337865396635606885e-04
1.940898597240447998e-03 1.327014178968966007e-03 8.289810502901673317e-04 1.257957774214446545e-04 1.356731227133423090e-04 1.292858360102400184e-04
2.341822255402803421e-03 1.641726936213672161e-03 7.686333265155553818e-04 1.327002391917631030e-04 1.066990298568271101e-04 1.416239247191697359e-04
1.751239178702235222e-03 1.119250548072159290e-03 8.236645371653139591e-04 1.337291614618152380e-04 1.584915298735722899e-04 1.319497678196057677e-04
1.657513086684048176e-03 1.241564168594777584e-03 7.704594172537326813e-04 1.253820228157564998e-04 1.472923613619059324e-04 1.248439075425267220e-04
1.906457357108592987e-03 1.456449972465634346e-03 6.097563309594988823e-04 1.368195808026939631e-04 9.264398977393284440e-05 1.388014497933909297e-04
1.822227379307150841e-03 1.387122203595936298e-03 8.428652072325348854e-04 1.224544976139441133e-04 1.494092430220916867e-04 1.185080909635871649e-04
2.087986562401056290e-03 1.544250058941543102e-03 6.389795453287661076e-04 9.842775034485384822e-05 1.362151378998532891e-04 1.323668693657964468e-04
1.706651761196553707e-03 1.387463649734854698e-03 4.367535875644534826e-04 1.365706702927127481e-04 8.090100891422480345e-05 1.049964703270234168e-04
2.051669638603925705e-03 1.528815715573728085e-03 4.957418423146009445e-04 1.240599231095984578e-04 9.559519094182178378e-05 1.191281407955102623e-04
2.146771410480141640e-03 1.552548957988619804e-03 4.827064112760126591e-04 1.264385355170816183e-04 8.678219455759972334e-05 1.351079117739573121e-04
2.000001957640051842e-03 1.643715542741119862e-03 3.733019402716308832e-04 9.964335185941308737e-05 7.422750786645337939e-05 1.219391851918771863e-04
1.868743798695504665e-03 1.707311486825346947e-03 5.009729648008942604e-04 1.155664431280456483e-04 9.231964213540777564e-05 1.348701480310410261e-04
1.792421797290444374e-03 1.623206655494868755e-03 2.812383172567933798e-04 6.753098568879067898e-05 6.992895214352756739e-05 1.287578343180939555e-04
1.961196074262261391e-03 1.924099167808890343e-03 2.295843005413189530e-04 6.123608181951567531e-05 5.775747922598384321e-05 1.402573980158194900e-04
1.996251521632075310e-03 1.776959048584103584e-03 2.146478800568729639e-04 4.896144673693925142e-05 5.892789704375900328e-05 1.493998133810237050e-04
2.035954268649220467e-03 1.736609730869531631e-03 2.937748795375227928e-04 9.116771252593025565e-05 6.092485273256897926e-05 1.603541168151423335e-04
2.002300927415490150e-03 1.862115226686000824e-03 2.232093247584998608e-04 4.907464972347952425e-05 6.238325295271351933e-05 1.388818636769428849e-04
1.772030838765203953e-03 1.719172461889684200e-03 2.311438147444278002e-04 6.146235682535916567e-05 6.353833305183798075e-05 1.192163254017941654e-04
1.803865074180066586e-03 1.943517010658979416e-03 2.239267632830888033e-04 5.249340756563469768e-05 5.914445137022994459e-05 1.373015838908031583e-04
1.923855976201593876e-03 1.623091055080294609e-03 2.869745367206633091e-04 7.129937148420140147e-05 6.444453902076929808e-05 1.456394529668614268e-04
1.835011295042932034e-03 1.816069241613149643e-03 2.389238361502066255e-04 6.274157931329682469e-05 5.627138671115972102e-05 1.431821583537384868e-04
2.027597976848483086e-03 2.079387195408344269e-03 2.293438301421701908e-04 5.600725853582844138e-05 5.264902938506565988e-05 1.560142700327560306e-04
1.962603069841861725e-03 2.082215389236807823e-03 2.524284063838422298e-04 7.376252324320375919e-05 4.655827797250822186e-05 1.483502419432625175e-04
1.955002779141068459e-03 1.650698133744299412e-03 2.536489046178758144e-04 6.601904897252097726e-05 4.597716542775742710e-05 1.504215033492073417e-04
2.055670134723186493e-03 2.175086410716176033e-03 2.766405814327299595e-04 7.814367563696578145e-05 4.904282104689627886e-05 1.653064973652362823e-04
1.886597834527492523e-03 2.017252147197723389e-03 2.653207920957356691e-04 6.272811151575297117e-05 4.802810508408583701e-05 1.341546158073469996e-04
2.494256012141704559e-03 2.169089857488870621e-03 2.874514902941882610e-04 6.743741687387228012e-05 4.611041731550358236e-05 1.765248744050040841e-04
2.228779951110482216e-03 2.074542222544550896e-03 3.035211702808737755e-04 7.314176764339208603e-05 4.706998515757732093e-05 1.647738536121323705e-04
2.306501613929867744e-03 2.102963393554091454e-03 4.771630628965795040e-04 1.037442489177919924e-04 6.880331784486770630e-05 1.541306992294266820e-04
2.309320028871297836e-03 1.909706392325460911e-03 3.551169065758585930e-04 6.924462650204077363e-05 6.459021824412047863e-05 1.692933728918433189e-04
2.715738490223884583e-03 1.893598237074911594e-03 5.635928828269243240e-04 1.019064293359406292e-04 9.205254173139110208e-05 1.894764718599617481e-04
2.674091607332229614e-03 2.271299948915839195e-03 6.913441466167569160e-04 1.291171647608280182e-04 1.159720559371635318e-04 1.749753282638266683e-04
2.849020063877105713e-03 2.081166254356503487e-03 5.499115795828402042e-04 9.612552821636199951e-05 8.549861377105116844e-05 1.853995345300063491e-04
2.823542803525924683e-03 2.045133151113986969e-03 6.620553904213011265e-04 1.174961580545641482e-04 1.014643203234300017e-04 1.952536404132843018e-04
2.592290285974740982e-03 2.221995033323764801e-03 7.590404711663722992e-04 1.206419692607596517e-04 1.114282131311483681e-04 1.745012559695169330e-04
2.453874796628952026e-03 1.870658248662948608e-03 6.956728175282478333e-04 1.183697240776382387e-04 1.063769741449505091e-04 1.771463576005771756e-04
2.623048610985279083e-03 2.063032006844878197e-03 7.121493690647184849e-04 1.132707402575761080e-04 1.157210790552198887e-04 1.953355094883590937e-04
2.383863553404808044e-03 1.595214125700294971e-03 6.383528234437108040e-04 1.003060824587009847e-04 1.029245686368085444e-04 1.438196486560627818e-04
2.497662557289004326e-03 1.464641653001308441e-03 7.974799373187124729e-04 1.223733270308002830e-04 1.331817038590088487e-04 1.838253665482625365e-04
2.496385015547275543e-03 1.375846215523779392e-03 6.947267684154212475e-04 1.114806073019281030e-04 1.077446140698157251e-04 1.612302294233813882e-04
2.383745508268475533e-03 1.362579409033060074e-03 5.798138445243239403e-04 1.095972038456238806e-04 7.731274672551080585e-05 1.677491090958938003e-04
2.145093167200684547e-03 1.290404936298727989e-03 6.100584869273006916e-04 1.188087117043323815e-04 8.751378481974825263e-05 1.745617046253755689e-04
2.241367008537054062e-03 1.185147673822939396e-03 6.553011480718851089e-04 1.097189888241700828e-04 1.047106488840654492e-04 1.734750694595277309e-04
2.749975537881255150e-03 1.303616911172866821e-03 6.540443282574415207e-04 1.229672343470156193e-04 9.498530562268570065e-05 1.890343410195782781e-04
2.460294635966420174e-03 1.135848928242921829e-03 6.626519607380032539e-04 1.162986009148880839e-04 9.603449143469333649e-05 1.927434641402214766e-04
2.487730002030730247e-03 9.408303885720670223e-04 6.418543052859604359e-04 1.180914623546414077e-04 1.068279161700047553e-04 1.543030375614762306e-04
2.481131581589579582e-03 9.048508363775908947e-04 5.643488839268684387e-04 1.116541461669839919e-04 7.889941480243578553e-05 1.682262955000624061e-04
2.248431090265512466e-03 8.542722207494080067e-04 5.642215255647897720e-04 1.150435782619751990e-04 7.576330972369760275e-05 1.903092197608202696e-04
1.995621016249060631e-03 8.775290334597229958e-04 4.328108625486493111e-04 9.340759424958378077e-05 6.017804844304919243e-05 1.814939751056954265e-04
2.220672555267810822e-03 7.529563736170530319e-04 5.857386859133839607e-04 1.295238325837999582e-04 9.547523950459435582e-05 1.677875116001814604e-04
2.079097321256995201e-03 7.180555840022861958e-04 4.784849297720938921e-04 1.148741794168017805e-04 6.761360418749973178e-05 1.656772510614246130e-04
1.971788704395294189e-03 6.601464701816439629e-04 5.071170744486153126e-04 1.317896094406023622e-04 6.356230733217671514e-05 1.652558275964111090e-04
1.747088506817817688e-03 6.475802510976791382e-04 3.910509112756699324e-04 1.091441081371158361e-04 6.448267959058284760e-05 1.578929659444838762e-04
1.847100327722728252e-03 5.815160111524164677e-04 4.910356365144252777e-04 1.388556847814470530e-04 7.380488386843353510e-05 1.661171409068629146e-04
1.675213687121868134e-03 6.414601230062544346e-04 3.191078430972993374e-04 8.730113768251612782e-05 5.856620191480033100e-05 1.792239927453920245e-04
2.032841090112924576e-03 5.725325318053364754e-04 4.773426335304975510e-04 8.605756011093035340e-05 8.011197496671229601e-05 2.418141521047800779e-04
1.996271777898073196e-03 5.608840729109942913e-04 2.962088328786194324e-04 6.451676017604768276e-05 5.189302464714273810e-05 1.867295650299638510e-04
1.523776561953127384e-03 4.853924619965255260e-04 2.938746474683284760e-04 7.043841469567269087e-05 5.045676152803935111e-05 1.416323066223412752e-04
1.323185511864721775e-03 4.152325564064085484e-04 3.189270501025021076e-04 7.473507866961881518e-05 6.000852590659633279e-05 1.159493331215344369e-04
1.775098149664700031e-03 5.647666985169053078e-04 2.673104463610798120e-04 7.725020986981689930e-05 4.590729076880961657e-05 1.277352712349966168e-04
1.949090161360800266e-03 6.277936045080423355e-04 3.195469907950609922e-04 6.627719267271459103e-05 5.976772445137612522e-05 1.398410531692206860e-04
1.671225065365433693e-03 5.889428430236876011e-04 2.568922936916351318e-04 6.362336716847494245e-05 4.625850488082505763e-05 1.190437178593128920e-04
2.187471836805343628e-03 7.558953366242349148e-04 4.208720056340098381e-04 9.419363777851685882e-05 6.676912016700953245e-05 1.118355648941360414e-04
2.148482948541641235e-03 7.768645300529897213e-04 3.325759025756269693e-04 7.607880252180621028e-05 5.631300882669165730e-05 1.116929925046861172e-04
1.913277083076536655e-03 8.156260009855031967e-04 3.146722156088799238e-04 8.023543341550976038e-05 4.584804992191493511e-05 1.228121982421725988e-04
2.140868455171585083e-03 8.638388244435191154e-04 3.556675219442695379e-04 8.506884478265419602e-05 5.350016726879402995e-05 1.129773518186993897e-04
2.177075715735554695e-03 9.932977845892310143e-04 3.491233510430902243e-04 1.016754031297750771e-04 4.627529415301978588e-05 1.196253142552450299e-04
2.110255416482686996e-03 9.280492668040096760e-04 3.612414002418518066e-04 9.394122753292322159e-05 5.488887472893111408e-05 1.025066449074074626e-04
1.915235421620309353e-03 9.827069006860256195e-04 4.302957968320697546e-04 9.448068158235400915e-05 6.754658534191548824e-05 1.058820416801609099e-04
2.247942378744482994e-03 1.040837145410478115e-03 5.694456631317734718e-04 8.015901403268799186e-05 9.656881593400612473e-05 1.341119059361517429e-04
1.854191068559885025e-03 9.058953146450221539e-04 3.023880999535322189e-04 7.598281808895990252e-05 5.243378836894407868e-05 1.238071417901664972e-04
2.588605042546987534e-03 1.093241968192160130e-03 5.953512154519557953e-04 8.234768756665289402e-05 1.042575677274726331e-04 1.192105919471941888e-04
2.235627733170986176e-03 1.001267926767468452e-03 4.169266030658036470e-04 6.777436647098511457e-05 6.377512181643396616e-05 1.190229377243667841e-04
2.307766815647482872e-03 1.011958578601479530e-03 3.968628006987273693e-04 7.327867206186056137e-05 6.439094431698322296e-05 1.184273132821545005e-04
2.605399116873741150e-03 9.799494873732328415e-04 5.239447928033769131e-04 9.132998820859938860e-05 9.050310472957789898e-05 1.231385540449991822e-04
2.292870311066508293e-03 9.809662587940692902e-04 2.369626890867948532e-04 5.208246147958561778e-05 4.210570841678418219e-05 1.343494805041700602e-04
2.183613367378711700e-03 8.709960384294390678e-04 2.296710299560800195e-04 5.221482570050284266e-05 4.181492113275453448e-05 1.211586568388156593e-04
2.260456793010234833e-03 9.438319248147308826e-04 2.327867550775408745e-04 6.487587234005331993e-05 4.644758882932364941e-05 1.230458292411640286e-04
2.463618991896510124e-03 8.344713132828474045e-04 2.603935718070715666e-04 5.695283107343129814e-05 4.573901605908758938e-05 1.232368231285363436e-04
2.466480713337659836e-03 8.798523922450840473e-04 2.443840203341096640e-04 4.560625529848039150e-05 4.556335261440835893e-05 1.216757154907099903e-04
2.177563263103365898e-03 8.882641559466719627e-04 2.705786610022187233e-04 5.293215508572757244e-05 5.115385283716022968e-05 1.122891553677618504e-04
2.389906207099556923e-03 7.309226784855127335e-04 2.726091479416936636e-04 5.575169780058786273e-05 5.031926411902531981e-05 9.139770554611459374e-05
2.556302351877093315e-03 8.256787550635635853e-04 2.844847622327506542e-04 5.783153392258100212e-05 5.740430788137018681e-05 1.332859537797048688e-04
1.908619538880884647e-03 7.588677108287811279e-04 3.821175778284668922e-04 8.513810462318360806e-05 8.951396739576011896e-05 1.113288526539690793e-04
2.214242704212665558e-03 8.043773705139756203e-04 2.871235774364322424e-04 8.505434379912912846e-05 8.159229764714837074e-05 1.075873733498156071e-04
1.995522761717438698e-03 6.731079774908721447e-04 3.589353582356125116e-04 8.062718552537262440e-05 7.182033004937693477e-05 9.929222869686782360e-05
2.110197441652417183e-03 7.149095181375741959e-04 4.227451572660356760e-04 7.795759302098304033e-05 7.988121069502085447e-05 1.042558869812637568e-04
2.260877750813961029e-03 6.985143409110605717e-04 2.948067267425358295e-04 6.619821942877024412e-05 5.396642154664732516e-05 1.168809758382849395e-04
