3.734300732612609863e-01 2.492077881470322609e-03 -9.241793304681777954e-04 5.388118443079292774e-04 2.061679260805249214e-03 4.443570505827665329e-03
3.827541470527648926e-01 4.718957934528589249e-03 -1.156267389887943864e-04 2.057463716482743621e-04 2.309906994923949242e-03 5.967304576188325882e-03
3.792733550071716309e-01 7.608610205352306366e-03 6.718483928125351667e-05 -6.221997318789362907e-05 1.701145782135426998e-03 6.834991276264190674e-03
3.754012584686279297e-01 6.647389847785234451e-03 -2.296832972206175327e-04 -2.382457896601408720e-04 5.612583481706678867e-04 6.330203730612993240e-03
3.808599114418029785e-01 9.092900902032852173e-03 -6.988329696469008923e-04 2.639731974340975285e-05 -2.269046235596761107e-04 7.015823386609554291e-03
3.954057097434997559e-01 9.488868527114391327e-03 -1.111914636567234993e-03 1.842519268393516541e-04 -5.552509683184325695e-04 8.056742139160633087e-03
4.117754101753234863e-01 1.226983126252889633e-02 -1.009349827654659748e-03 4.578111693263053894e-04 -3.470897208899259567e-04 1.012753229588270187e-02
4.341306388378143311e-01 7.810417097061872482e-03 -7.804192136973142624e-04 6.087587098591029644e-05 9.332066110800951719e-05 1.118864584714174271e-02
4.350703060626983643e-01 1.132774632424116135e-02 -8.239122689701616764e-04 -2.824280090862885118e-05 4.068776033818721771e-04 1.183885335922241211e-02
4.365679025650024414e-01 1.231577061116695404e-02 -3.530574613250792027e-04 -1.228603796334937215e-04 5.538738332688808441e-04 1.166888047009706497e-02
4.352999627590179443e-01 1.384604908525943756e-02 1.213506620842963457e-04 -1.518663484603166580e-04 3.883168392349034548e-04 1.131387334316968918e-02
4.355336129665374756e-01 1.088524516671895981e-02 -2.088380279019474983e-04 -1.141517714131623507e-05 2.312027645530179143e-04 1.164232287555932999e-02
4.261483848094940186e-01 1.573998853564262390e-02 -4.351791576482355595e-04 6.686206324957311153e-05 1.542744575999677181e-04 1.190123241394758224e-02
4.349918663501739502e-01 1.201892178505659103e-02 -1.273322995984926820e-04 -5.164890899322926998e-05 6.212120933923870325e-05 1.216094195842742920e-02
4.308808743953704834e-01 1.453390903770923615e-02 -3.603965742513537407e-04 -1.004086807370185852e-04 6.155930896056815982e-05 1.220612321048974991e-02
4.390613734722137451e-01 1.496610045433044434e-02 -5.785737885162234306e-04 1.078385030268691480e-04 -7.628392777405679226e-04 1.256672851741313934e-02
4.630694389343261719e-01 1.447159238159656525e-02 -1.364784664474427700e-03 1.191940391436219215e-04 -9.614213486202061176e-04 1.295831426978111267e-02
4.849986732006072998e-01 1.340859476476907730e-02 -1.390608493238687515e-03 4.142592661082744598e-04 -2.448223531246185303e-04 1.469551306217908859e-02
4.928810894489288330e-01 1.640288718044757843e-02 -6.405009771697223186e-04 2.138478012057021260e-04 6.062486208975315094e-04 1.584855839610099792e-02
4.874174594879150391e-01 1.703246682882308960e-02 8.494760550092905760e-05 -3.717497456818819046e-04 9.465150069445371628e-04 1.439287699759006500e-02
4.786657691001892090e-01 1.428226474672555923e-02 2.639555605128407478e-04 -2.968616900034248829e-04 6.867893389426171780e-04 1.302501652389764786e-02
4.765641093254089355e-01 1.231721322983503342e-02 -5.985407187836244702e-05 -6.119490717537701130e-05 1.353645056951791048e-04 1.280180178582668304e-02
4.733217358589172363e-01 1.775649748742580414e-02 -2.587976923678070307e-04 1.876168826129287481e-04 -1.970870362129062414e-04 1.349347829818725586e-02
4.804771840572357178e-01 1.326303835958242416e-02 -6.383205763995647430e-04 7.815890057827346027e-06 -3.459781291894614697e-04 1.382482703775167465e-02
4.857712686061859131e-01 1.797032915055751801e-02 -3.745189460460096598e-04 7.927056867629289627e-05 -7.507317786803469062e-05 1.417328696697950363e-02
4.892691671848297119e-01 1.366763282567262650e-02 -4.575921630021184683e-04 -8.459993114229291677e-05 7.370244566118344665e-05 1.400314923375844955e-02
4.865051507949829102e-01 1.699532940983772278e-02 -2.439317468088120222e-04 -8.728814282221719623e-05 2.422751713311299682e-04 1.385747175663709641e-02
4.915269017219543457e-01 1.179519668221473694e-02 9.555836732033640146e-05 -8.236526628024876118e-05 1.366418873658403754e-04 1.322123315185308456e-02
4.739802777767181396e-01 1.825699023902416229e-02 -4.633727367036044598e-04 2.233571649412624538e-06 5.674353451468050480e-05 1.323590707033872604e-02
4.936983287334442139e-01 1.335619203746318817e-02 -3.598705225158482790e-04 -3.098855813732370734e-05 2.383162063779309392e-05 1.370489690452814102e-02
4.869010448455810547e-01 1.454477757215499878e-02 -4.307657654862850904e-04 1.782588515197858214e-05 -2.975835741381160915e-05 1.369521673768758774e-02
4.825855195522308350e-01 1.482058782130479813e-02 -4.003545618616044521e-04 -5.238447920419275761e-05 -1.266911112907109782e-06 1.311358250677585602e-02
4.870786666870117188e-01 1.666482165455818176e-02 -2.207090728916227818e-04 1.060588147083763033e-06 9.840680377237731591e-07 1.345920190215110779e-02
4.873884022235870361e-01 1.430305279791355133e-02 -1.356488646706566215e-04 3.883796307491138577e-05 1.229372574016451836e-04 1.389130298048257828e-02
4.843519926071166992e-01 1.599656604230403900e-02 -3.674536419566720724e-04 -1.070868893293663859e-04 1.598880771780386567e-05 1.294181030243635178e-02
4.859520792961120605e-01 1.462092064321041107e-02 -3.528714296407997608e-04 -2.970530840684659779e-05 1.869953666755463928e-05 1.340810209512710571e-02
4.913321733474731445e-01 1.433364860713481903e-02 -4.414649447426199913e-04 -9.277268691221252084e-05 6.105195097916293889e-06 1.338244322687387466e-02
4.853183329105377197e-01 1.604936085641384125e-02 -3.466391353867948055e-04 6.994134309934452176e-05 -1.611045263416599482e-05 1.336392760276794434e-02
4.898153245449066162e-01 1.350901555269956589e-02 -4.548682773020118475e-05 -1.128720032284036279e-04 4.268451084499247372e-05 1.330993324518203735e-02
4.932297170162200928e-01 1.217401865869760513e-02 -6.202595541253685951e-04 -7.071967047522775829e-07 6.986314838286489248e-05 1.348635181784629822e-02
4.907213747501373291e-01 1.440213155001401901e-02 -2.860779059119522572e-04 -3.720474342117086053e-05 7.062749318720307201e-06 1.368980202823877335e-02
4.813596308231353760e-01 1.460873149335384369e-02 2.822581882355734706e-05 -1.739303697831928730e-04 -4.526972770690917969e-05 1.262873969972133636e-02
4.970729053020477295e-01 1.393966469913721085e-02 -5.883701960556209087e-04 -1.747138157952576876e-04 3.309802923467941582e-05 1.293917186558246613e-02
4.848045408725738525e-01 1.383994705975055695e-02 4.208327300148084760e-05 -5.014034832129254937e-05 2.096535899909213185e-05 1.157522574067115784e-02
4.858550429344177246e-01 1.241755671799182892e-02 -3.126099763903766870e-04 -1.278671606996795163e-05 6.581715297215851024e-06 1.168513018637895584e-02
4.924528896808624268e-01 1.287345681339502335e-02 -7.178788655437529087e-05 2.709067121031694114e-05 1.129685642808908597e-05 1.185660716146230698e-02
4.962886273860931396e-01 1.202255114912986755e-02 -1.275857648579403758e-04 -1.209876063512638211e-04 5.869962478755041957e-05 1.142913196235895157e-02
4.889017939567565918e-01 1.520490366965532303e-02 -3.460400912445038557e-04 -8.040196553338319063e-05 -3.143942012684419751e-05 1.104069035500288010e-02
4.870262145996093750e-01 1.178168971091508865e-02 -2.337790501769632101e-04 -9.412626968696713448e-05 3.588539766496978700e-05 1.053088251501321793e-02
4.901378154754638672e-01 1.077378075569868088e-02 -2.512969658710062504e-04 2.356429649807978421e-05 4.353367694420740008e-05 1.043115183711051941e-02
4.879842698574066162e-01 1.147706713527441025e-02 -2.072637435048818588e-04 -1.160952306236140430e-04 -4.466135123948333785e-06 1.011183857917785645e-02
4.848010540008544922e-01 1.115139015018939972e-02 -3.741056425496935844e-04 -9.037345444085076451e-05 -1.946154225151985884e-05 9.610377252101898193e-03
4.991680979728698730e-01 7.503986358642578125e-03 -1.282292942050844431e-06 -3.875880065606907010e-05 3.812900831690058112e-05 9.876683354377746582e-03
4.857886433601379395e-01 1.013061497360467911e-02 -5.927807069383561611e-04 -1.126324641518294811e-04 -2.285712980665266514e-05 9.122192859649658203e-03
4.873093366622924805e-01 6.966561079025268555e-03 4.477927723200991750e-05 -5.695936488336883485e-05 3.677690256154164672e-05 9.052456356585025787e-03
4.865849912166595459e-01 9.824322536587715149e-03 -7.632182096131145954e-04 -7.071917207213118672e-05 -1.838620846683625132e-05 8.911225013434886932e-03
4.845425784587860107e-01 9.921758435666561127e-03 1.447726390324532986e-04 3.694901897688396275e-05 7.388656376861035824e-05 8.757676929235458374e-03
4.871292412281036377e-01 8.432626724243164062e-03 -3.862142038997262716e-04 -7.067612750688567758e-05 2.745822530414443463e-05 8.539735339581966400e-03
4.846283197402954102e-01 9.962500073015689850e-03 -4.096462507732212543e-04 -4.881291170022450387e-05 4.469195573619799688e-06 8.482997305691242218e-03
4.900571107864379883e-01 1.030325144529342651e-02 -1.058633133652620018e-04 -1.571207030792720616e-05 -2.133431553374975920e-05 8.356944657862186432e-03
4.918884932994842529e-01 1.008153706789016724e-02 -3.164976951666176319e-04 -7.086811092449352145e-05 2.189856058976147324e-05 8.369744755327701569e-03
4.863086938858032227e-01 8.459156379103660583e-03 -1.318282302236184478e-04 -1.113385224016383290e-05 1.839470496634021401e-05 8.233523927628993988e-03
4.970068335533142090e-01 7.481948938220739365e-03 -7.136868589441291988e-06 -1.128328949562273920e-05 6.596339517273008823e-05 8.245205506682395935e-03
5.037569403648376465e-01 8.939965628087520599e-03 -2.071664930554106832e-04 -3.881005977746099234e-05 3.093149643973447382e-05 8.346771821379661560e-03
4.808585941791534424e-01 1.222379785031080246e-02 -2.813698083627969027e-04 -4.347370486357249320e-05 4.209804319543763995e-05 7.533486001193523407e-03
4.978843629360198975e-01 5.489083472639322281e-03 -3.971497644670307636e-04 -2.986681465699803084e-06 -6.601249879167880863e-06 7.956723682582378387e-03
4.901880025863647461e-01 3.232994116842746735e-03 -2.292197023052722216e-04 -7.607154111610725522e-05 4.280831490177661180e-05 7.588640321046113968e-03
4.906139075756072998e-01 2.065627370029687881e-03 -4.484009696170687675e-04 -8.031645847950130701e-05 4.998196527594700456e-05 7.453539874404668808e-03
4.872968196868896484e-01 4.488189239054918289e-03 -3.937098372261971235e-04 -1.780651291483081877e-05 5.410486483015120029e-05 7.480054628103971481e-03
4.844818413257598877e-01 9.578183293342590332e-03 -1.413032005075365305e-04 -2.242754999315366149e-05 -3.890255175065249205e-05 7.275206968188285828e-03
4.996585547924041748e-01 5.500138271600008011e-03 -4.627085290849208832e-04 -4.127556894673034549e-05 6.976481381570920348e-05 7.960774935781955719e-03
4.827437400817871094e-01 6.600066088140010834e-03 -4.596612707246094942e-04 -7.049645500956103206e-05 8.950307346822228283e-06 7.182202767580747604e-03
4.845499098300933838e-01 4.765171092003583908e-03 -1.167991067632101476e-04 -5.057430462329648435e-05 5.652943218592554331e-05 7.195701356977224350e-03
4.873583316802978516e-01 2.275139093399047852e-03 -2.312750002602115273e-04 -6.351282354444265366e-05 4.873565194429829717e-05 7.218701299279928207e-03
4.926695525646209717e-01 7.581686135381460190e-03 -6.332743796519935131e-04 -1.082182789104990661e-04 1.030658768286230043e-05 7.545551750808954239e-03
4.875334203243255615e-01 4.937158431857824326e-03 -4.065075772814452648e-04 8.024143426155205816e-06 2.929509901150595397e-05 7.030686363577842712e-03
4.924254715442657471e-01 8.209759369492530823e-03 -3.548441454768180847e-04 -9.230204886989668012e-05 4.347424692241474986e-06 7.614274974912405014e-03
4.826903939247131348e-01 8.463803678750991821e-03 -9.504093031864613295e-05 -7.759888831060379744e-06 1.213524228660389781e-05 7.087738253176212311e-03
4.909739196300506592e-01 8.443292230367660522e-03 -3.064154589083045721e-04 -9.499108273303136230e-06 8.335593520314432681e-06 7.282481528818607330e-03
4.862136244773864746e-01 7.400495000183582306e-03 -6.287525757215917110e-04 -7.878536416683346033e-05 -1.246584088221425191e-05 7.257060147821903229e-03
4.886959493160247803e-01 8.823563344776630402e-03 -2.054535143543034792e-04 -3.130184995825402439e-05 5.968209734419360757e-05 7.141361478716135025e-03
4.916596710681915283e-01 8.261394686996936798e-03 -4.134432820137590170e-04 -6.574686267413198948e-05 -3.534276766004040837e-05 7.266457192599773407e-03
4.843262434005737305e-01 8.549230173230171204e-03 -4.142506222706288099e-04 -8.717134187463670969e-05 -1.807099943107459694e-05 7.137084845453500748e-03
4.886527955532073975e-01 6.931661628186702728e-03 -3.919988521374762058e-04 4.040406201966106892e-05 5.897843220736831427e-05 6.987069267779588699e-03
4.863650202751159668e-01 1.046267710626125336e-02 3.133029094897210598e-04 -3.849696804536506534e-05 -2.574013342382386327e-05 7.512668147683143616e-03
4.905202984809875488e-01 6.437322124838829041e-03 -3.038742870558053255e-04 -1.025987512548454106e-05 4.438571522769052535e-06 7.238094694912433624e-03
4.915241301059722900e-01 1.158379390835762024e-02 -2.152301458409056067e-04 1.516372503829188645e-05 1.915143366204574704e-05 7.261044811457395554e-03
4.879124760627746582e-01 1.054173149168491364e-02 -1.885221281554549932e-04 -2.060626138700172305e-05 5.134108141646720469e-05 7.094977889209985733e-03
4.945534467697143555e-01 9.762273170053958893e-03 -2.685501385712996125e-06 -1.086376869352534413e-05 1.549580338178202510e-05 7.435847073793411255e-03
4.909036457538604736e-01 7.794269826263189316e-03 -2.386840933468192816e-04 -1.641294147702865303e-06 -2.995539762196131051e-05 7.491752970963716507e-03
4.909924566745758057e-01 9.426127187907695770e-03 -2.099715056829154491e-04 5.133872036822140217e-05 -4.048811206303071231e-06 7.345864549279212952e-03
4.947806894779205322e-01 1.100304629653692245e-02 2.701726043596863747e-05 -2.954825868073385209e-05 8.358868399227503687e-06 7.473974023014307022e-03
4.824061095714569092e-01 7.250611204653978348e-03 -3.110155812464654446e-04 -5.930735642323270440e-05 4.000145418103784323e-05 6.954942364245653152e-03
4.965789914131164551e-01 9.703972376883029938e-03 -3.120632609352469444e-04 6.526187462441157550e-06 -4.989558510715141892e-05 7.503875065594911575e-03
4.901354312896728516e-01 1.008929125964641571e-02 -4.037584294565021992e-04 -1.246027022716589272e-05 -1.195275672216666862e-05 7.156955078244209290e-03
4.890634417533874512e-01 8.369547314941883087e-03 2.864665002562105656e-04 7.166556315496563911e-05 2.721758573898114264e-05 7.407596800476312637e-03
4.893596470355987549e-01 8.207798935472965240e-03 -5.155538092367351055e-04 -1.140534877777099609e-04 2.225530261057429016e-05 7.146760355681180954e-03
4.896587431430816650e-01 9.465986862778663635e-03 -2.044749271590262651e-04 -8.971175702754408121e-06 -2.255850995425134897e-05 7.208005525171756744e-03
4.904810786247253418e-01 7.098035886883735657e-03 -4.015234881080687046e-04 1.808242268452886492e-05 2.072910137940198183e-05 7.281259167939424515e-03
4.959641993045806885e-01 8.470816537737846375e-03 5.845888153999112546e-06 -1.309048639086540788e-05 1.906045690702740103e-05 7.502918597310781479e-03
4.901335239410400391e-01 6.864491850137710571e-03 -6.551569094881415367e-04 -2.308711373188998550e-05 2.560350003477651626e-05 7.292128168046474457e-03
4.900123775005340576e-01 8.103472180664539337e-03 -1.271287183044478297e-04 2.212339495599735528e-06 3.722196925082243979e-05 7.395815569907426834e-03
4.946930706501007080e-01 8.271420374512672424e-03 -2.877390361391007900e-04 -3.399362321943044662e-05 -6.071073130442528054e-06 7.340303156524896622e-03
4.909026622772216797e-01 1.018093340098857880e-02 -7.016453309915959835e-05 -1.510626589151797816e-05 5.886638973606750369e-05 8.043877780437469482e-03
4.893246591091156006e-01 5.015310831367969513e-03 -3.820164711214601994e-04 -8.535971574019640684e-05 -2.852485158655326813e-05 7.102885283529758453e-03
4.858440160751342773e-01 9.494666010141372681e-03 -2.196095738327130675e-04 9.986679287976585329e-06 6.231489351193886250e-06 7.051877211779356003e-03
4.903610348701477051e-01 7.536955177783966064e-03 -1.942678063642233610e-04 -4.837026062887161970e-05 8.780551434028893709e-05 7.323304191231727600e-03
4.927985966205596924e-01 3.696175059303641319e-03 -1.162919943453744054e-04 -9.502597094979137182e-06 -4.825254654861055315e-05 7.336698006838560104e-03
4.871047437191009521e-01 9.671377949416637421e-03 -3.722686669789254665e-04 -2.614387085486669093e-06 -2.615383164084050804e-05 7.435964420437812805e-03
4.906272292137145996e-01 1.008558645844459534e-02 -2.065603330265730619e-04 3.639476199168711901e-05 2.848691838153172284e-05 7.126697804778814316e-03
4.946047961711883545e-01 7.254344876855611801e-03 -6.781161937396973372e-05 1.246206466021249071e-05 1.034578599501401186e-05 7.430522702634334564e-03
4.982638061046600342e-01 5.443588830530643463e-03 -4.215968365315347910e-04 -5.893366324016824365e-05 -6.828896857768995687e-06 7.547690067440271378e-03
4.888818860054016113e-01 6.543177179992198944e-03 -2.887036825995892286e-04 -4.191356129013001919e-05 3.107088559772819281e-06 7.335482165217399597e-03
4.994212090969085693e-01 6.075454410165548325e-03 -4.612846532836556435e-04 -5.339837298379279673e-05 3.908322105417028069e-05 7.979424670338630676e-03
4.920144081115722656e-01 5.245036911219358444e-03 -4.369162197690457106e-04 -2.692386806302238256e-05 5.244837666396051645e-05 7.187536917626857758e-03
4.873032569885253906e-01 1.264964509755373001e-02 -8.737413736525923014e-06 4.710743087343871593e-05 2.515491360099986196e-05 7.366607896983623505e-03
4.908904433250427246e-01 2.537750406190752983e-03 -4.034734738525003195e-04 -2.102677717630285770e-05 1.266519575437996536e-06 7.252614013850688934e-03
4.928564727306365967e-01 1.667941734194755554e-02 -1.481090439483523369e-04 -8.464219718007370830e-06 3.471146919764578342e-05 7.428201846778392792e-03
4.875193536281585693e-01 8.478933013975620270e-03 1.859292970038950443e-04 -3.477265636320225894e-05 4.494188397075049579e-05 7.237487938255071640e-03
4.894681572914123535e-01 8.064585737884044647e-03 -3.188260889146476984e-04 2.782589035632554442e-05 -1.686757605057209730e-05 7.504342589527368546e-03
4.908319413661956787e-01 8.438222110271453857e-03 -3.294999623904004693e-05 -6.732645852025598288e-05 2.746021164057310671e-05 7.338393479585647583e-03
4.974841475486755371e-01 9.683620184659957886e-03 -3.112708800472319126e-04 -5.641797179123386741e-05 1.577171497046947479e-05 7.370283827185630798e-03
4.895596504211425781e-01 4.249052144587039948e-03 -3.941977047361433506e-04 -1.127208524849265814e-04 -6.451882654801011086e-06 7.241588085889816284e-03
4.896706342697143555e-01 9.562293067574501038e-03 -2.230565150966867805e-04 -5.155279359314590693e-05 5.076303932582959533e-05 6.965287495404481888e-03
