3.752036690711975098e-01 4.674179013818502426e-03 -1.675086910836398602e-03 5.712048150599002838e-04 2.097974065691232681e-03 4.484427161514759064e-03
3.807297646999359131e-01 7.416464388370513916e-03 -9.819882689043879509e-04 1.837609888752922416e-04 2.264873124659061432e-03 5.997800733894109726e-03
3.696335852146148682e-01 1.293216366320848465e-02 -3.266221028752624989e-06 1.625390905246604234e-05 1.712367753498256207e-03 6.679920013993978500e-03
3.674274981021881104e-01 1.243975944817066193e-02 -2.464129647705703974e-04 -2.025157155003398657e-04 5.978511180728673935e-04 6.410751491785049438e-03
3.790917992591857910e-01 1.197569444775581360e-02 -1.578294031787663698e-04 4.399374302010983229e-05 -2.656464639585465193e-04 6.996686570346355438e-03
3.958414196968078613e-01 1.198831293731927872e-02 -6.944842170923948288e-04 1.700075517874211073e-04 -5.231781979091465473e-04 7.960985414683818817e-03
4.112583100795745850e-01 1.579594239592552185e-02 -6.716761272400617599e-04 4.389036621432751417e-04 -3.147172101307660341e-04 1.022578962147235870e-02
4.279114902019500732e-01 1.593285240232944489e-02 -6.301470566540956497e-04 1.222343853441998363e-04 7.891638961154967546e-05 1.118486467748880386e-02
4.367921948432922363e-01 1.671637035906314850e-02 -4.469899868126958609e-04 -1.862840508692897856e-05 4.261498106643557549e-04 1.184000447392463684e-02
4.453270435333251953e-01 1.494584605097770691e-02 -3.628117556218057871e-04 -6.283351103775203228e-05 5.228481022641062737e-04 1.170816738158464432e-02
4.429961144924163818e-01 1.512012910097837448e-02 -1.187264133477583528e-04 -1.227831089636310935e-04 3.861327131744474173e-04 1.130469795316457748e-02
4.390366673469543457e-01 1.362928561866283417e-02 -1.273489906452596188e-04 5.234889977145940065e-05 2.426178689347580075e-04 1.148849446326494217e-02
4.333815276622772217e-01 1.831542700529098511e-02 1.469301932957023382e-04 8.023066038731485605e-05 9.495513222645968199e-05 1.195341814309358597e-02
4.455171525478363037e-01 1.119167078286409378e-02 -7.423949136864393950e-05 3.528753222781233490e-05 4.349263326730579138e-05 1.213461160659790039e-02
4.394557178020477295e-01 1.658665016293525696e-02 7.697677938267588615e-05 -6.264885450946167111e-05 4.663732397602871060e-05 1.227711327373981476e-02
4.419077932834625244e-01 1.630853489041328430e-02 -3.783958964049816132e-04 9.770212636794894934e-05 -7.726523908786475658e-04 1.243714801967144012e-02
4.654759764671325684e-01 1.940097659826278687e-02 -8.282928611151874065e-04 6.543839845107868314e-05 -9.740983368828892708e-04 1.294729020446538925e-02
4.812690317630767822e-01 2.318026311695575714e-02 -9.225005633197724819e-04 4.313115496188402176e-04 -2.560259308665990829e-04 1.473448984324932098e-02
4.930219948291778564e-01 2.131292410194873810e-02 -7.694889791309833527e-04 2.023326378548517823e-04 6.177613395266234875e-04 1.574026048183441162e-02
4.945117831230163574e-01 1.987059600651264191e-02 -4.744539037346839905e-04 -3.530243702698498964e-04 9.321830002591013908e-04 1.443072687834501266e-02
4.844686388969421387e-01 1.705107279121875763e-02 9.053031681105494499e-05 -2.684140345081686974e-04 6.436444236896932125e-04 1.301776617765426636e-02
4.780690670013427734e-01 1.686122082173824310e-02 -2.259094253531657159e-05 -2.022129592660348862e-05 1.558917138027027249e-04 1.274702511727809906e-02
4.816489815711975098e-01 1.898959465324878693e-02 -8.500953845214098692e-05 1.742122694849967957e-04 -2.388706052443012595e-04 1.353363413363695145e-02
4.807803928852081299e-01 2.096617221832275391e-02 -1.121248787967488170e-04 7.414836727548390627e-05 -3.009128558915108442e-04 1.385747827589511871e-02
4.820715188980102539e-01 2.068434096872806549e-02 -1.982275425689294934e-04 5.888054874958470464e-05 -1.316727284574881196e-04 1.398985739797353745e-02
4.876810908317565918e-01 2.225348353385925293e-02 -3.040255396626889706e-04 -5.256434451439417899e-05 6.950504757696762681e-05 1.402663812041282654e-02
4.911103248596191406e-01 1.917042583227157593e-02 -8.823262760415673256e-05 -3.984213253716006875e-05 2.118161501130089164e-04 1.374561898410320282e-02
4.858230054378509521e-01 1.928075775504112244e-02 -1.121229615819174796e-05 -1.071857986971735954e-04 1.548769068904221058e-04 1.318935211747884750e-02
4.842159748077392578e-01 1.984747871756553650e-02 5.971366772428154945e-05 7.327571074711158872e-05 5.265275831334292889e-05 1.334820408374071121e-02
4.889207184314727783e-01 2.024336531758308411e-02 -6.572995334863662720e-05 -1.366434298688545823e-05 -9.911009328789077699e-06 1.360080484300851822e-02
4.861117303371429443e-01 2.104153670370578766e-02 5.085465818410739303e-05 5.582111043622717261e-05 -4.672404611483216286e-05 1.365784555673599243e-02
4.871830344200134277e-01 2.010218240320682526e-02 -1.394121500197798014e-04 -7.868325337767601013e-05 -1.242811549673206173e-06 1.327770110219717026e-02
4.869724512100219727e-01 1.992186903953552246e-02 -1.135864658863283694e-04 3.076122084166854620e-05 2.304381268913857639e-05 1.337633747607469559e-02
4.888927936553955078e-01 2.040443196892738342e-02 2.192647662013769150e-05 6.326862785499542952e-05 4.108186112716794014e-05 1.374551281332969666e-02
4.880258142948150635e-01 1.932170614600181580e-02 -1.186084118671715260e-04 -9.919015428749844432e-05 5.750440686824731529e-05 1.329675037413835526e-02
4.895672798156738281e-01 1.857366971671581268e-02 5.786051588074769825e-06 3.625650424510240555e-05 2.431357461318839341e-05 1.340813562273979187e-02
4.896307885646820068e-01 2.048135921359062195e-02 -1.960475929081439972e-04 -5.368890560930594802e-05 1.364297895634081215e-05 1.323223114013671875e-02
4.925968348979949951e-01 1.966902241110801697e-02 -2.206498174928128719e-04 8.328417607117444277e-05 5.081388735561631620e-05 1.351341884583234787e-02
4.883142113685607910e-01 2.033981494605541229e-02 -1.064160169335082173e-04 -6.546558870468288660e-05 -3.640705472207628191e-06 1.328809652477502823e-02
4.885706007480621338e-01 2.017243020236492157e-02 -6.166780076455324888e-05 4.658343823393806815e-05 1.283574238186702132e-05 1.340133324265480042e-02
4.914081692695617676e-01 2.003868855535984039e-02 -3.542865306371822953e-05 3.342797208460979164e-05 1.636138767935335636e-05 1.370189990848302841e-02
4.839847087860107422e-01 1.948554813861846924e-02 -1.314166875090450048e-04 -1.588304876349866390e-04 3.969869067077524960e-05 1.267957128584384918e-02
4.889938235282897949e-01 1.858722791075706482e-02 -1.487509725848212838e-04 -5.392088132794015110e-05 -8.543845979147590697e-06 1.256630010902881622e-02
4.834040105342864990e-01 1.833553612232208252e-02 -4.731182707473635674e-05 -1.298598654102534056e-04 2.530232814024202526e-05 1.149983331561088562e-02
4.900639057159423828e-01 1.823787577450275421e-02 3.267885040258988738e-05 5.625566336675547063e-05 -5.871637313248356804e-06 1.184691861271858215e-02
4.886225759983062744e-01 1.817191950976848602e-02 -4.552464815787971020e-06 3.595259477151557803e-05 4.397957127366680652e-06 1.170940138399600983e-02
4.885762333869934082e-01 1.739916764199733734e-02 -1.013458750094287097e-04 -9.423220035387203097e-05 7.766720955260097980e-06 1.126384921371936798e-02
4.990171790122985840e-01 1.809329353272914886e-02 -1.682566071394830942e-04 -4.914349119644612074e-05 -1.160128795163473114e-05 1.133452076464891434e-02
4.876558482646942139e-01 1.537361182272434235e-02 4.853367499890737236e-05 -2.289762051077559590e-05 2.447283986839465797e-05 1.044483669102191925e-02
4.887494146823883057e-01 1.585672423243522644e-02 -8.070410694926977158e-05 -2.316971949767321348e-05 -8.186336344806477427e-06 1.037732698023319244e-02
4.893045425415039062e-01 1.563482172787189484e-02 -2.595861151348799467e-04 -7.911105058155953884e-05 -1.317289672897459241e-07 1.007633749395608902e-02
4.881689846515655518e-01 1.391037646681070328e-02 -8.435617928626015782e-05 -1.873210749181453139e-05 3.231369555578567088e-05 9.716064669191837311e-03
4.887635707855224609e-01 1.213422324508428574e-02 2.636678982526063919e-05 -1.997125764319207519e-05 -6.575429324584547430e-06 9.563471190631389618e-03
4.911269843578338623e-01 1.436393056064844131e-02 1.268622054340085015e-05 -1.471543600928271189e-05 1.207063269248465076e-05 9.474867023527622223e-03
4.887197911739349365e-01 1.346707530319690704e-02 1.449245173716917634e-04 -1.077475735655752942e-05 1.799724373086064588e-06 9.145850315690040588e-03
4.949604868888854980e-01 1.104226335883140564e-02 -4.740905569633468986e-05 -1.918707312142942101e-05 -1.184031316370237619e-05 9.187613613903522491e-03
4.922583997249603271e-01 1.348148565739393234e-02 -2.458515518810600042e-05 5.131469151820056140e-06 9.218769264407455921e-06 8.825180120766162872e-03
4.894716739654541016e-01 1.208256650716066360e-02 -1.944004907272756100e-05 4.071604053024202585e-06 -1.102804526453837752e-05 8.685824461281299591e-03
4.916533231735229492e-01 9.937796741724014282e-03 -1.820126635720953345e-05 -1.142620385508053005e-05 -6.922165994183160365e-06 8.537035435438156128e-03
4.843167960643768311e-01 1.226135436445474625e-02 -1.653289800742641091e-04 -1.799636083887889981e-05 9.335904906038194895e-06 8.244499564170837402e-03
4.917678236961364746e-01 1.206178497523069382e-02 5.337014226824976504e-05 1.330677696387283504e-05 -1.243285623786505312e-06 8.367943577468395233e-03
4.988853335380554199e-01 1.075141690671443939e-02 -3.129868491669185460e-05 2.010564639931544662e-05 3.805628512054681778e-05 8.569267578423023224e-03
4.877472817897796631e-01 1.145407930016517639e-02 -2.342828083783388138e-04 -1.160119518317515031e-05 5.640819836116861552e-06 7.903223857283592224e-03
4.921053051948547363e-01 1.170295290648937225e-02 -1.324753829976543784e-04 -3.256303898524492979e-05 -9.661039257480297238e-06 7.870827801525592804e-03
4.898972213268280029e-01 1.066248677670955658e-02 1.398216845700517297e-04 2.140757715096697211e-05 1.814797178667504340e-05 7.651991676539182663e-03
5.019046068191528320e-01 1.006287522614002228e-02 -1.640339469304308295e-04 8.279912435682490468e-06 3.377479970367858186e-06 7.968913763761520386e-03
4.860051274299621582e-01 1.139968913048505783e-02 5.436554420157335699e-05 -3.386580283404327929e-05 1.859884287114255130e-05 7.615527603775262833e-03
5.013598799705505371e-01 9.466950781643390656e-03 2.787892844935413450e-05 -2.015841801039641723e-06 -6.784849119867431000e-06 7.851748727262020111e-03
4.912439286708831787e-01 6.686098873615264893e-03 -1.931902952492237091e-04 -4.262114089215174317e-05 -1.097509357350645587e-05 7.561345584690570831e-03
4.941164851188659668e-01 8.237604051828384399e-03 -4.428086685948073864e-05 -2.062628664134535939e-05 1.732494274619966745e-05 7.637190632522106171e-03
4.975103437900543213e-01 9.432088583707809448e-03 -2.523660950828343630e-04 -1.753262404236011207e-05 -2.457775281072827056e-06 7.731505669653415680e-03
4.917304217815399170e-01 9.027341380715370178e-03 8.724349027033895254e-05 1.622534000489395112e-06 3.139534783258568496e-06 7.634394336491823196e-03
4.953638017177581787e-01 9.188079275190830231e-03 -7.345275662373751402e-05 -2.322643558727577329e-05 9.540231985738500953e-06 7.637278642505407333e-03
4.911117255687713623e-01 1.107589248567819595e-02 -1.050981663865968585e-04 -3.603091317927464843e-05 1.680373316048644483e-05 7.429918739944696426e-03
4.913270175457000732e-01 1.059340033680200577e-02 -9.747346484800800681e-05 -1.128399162553250790e-05 -6.439553544623777270e-06 7.682928349822759628e-03
4.949206113815307617e-01 9.922165423631668091e-03 -1.855170557973906398e-05 1.429652002116199583e-05 4.392876689962577075e-06 7.610525935888290405e-03
4.929126799106597900e-01 1.046281401067972183e-02 6.908272916916757822e-05 2.899213541240897030e-05 1.216929467773297802e-05 7.630046922713518143e-03
4.913113415241241455e-01 1.122795324772596359e-02 7.412332342937588692e-05 -4.633081061911070719e-06 -2.753466469584964216e-05 7.595557719469070435e-03
4.965477883815765381e-01 9.108966216444969177e-03 1.245671737706288695e-04 -5.402856004366185516e-06 9.873179806163534522e-06 7.328907027840614319e-03
4.935845434665679932e-01 1.061670761555433273e-02 -2.532685357437003404e-05 1.744292057992424816e-05 9.534259334031958133e-06 7.655508816242218018e-03
4.886975288391113281e-01 1.107350084930658340e-02 -3.415643004700541496e-05 1.690774297458119690e-06 9.441307156521361321e-06 7.134826853871345520e-03
4.958505034446716309e-01 1.116834115236997604e-02 1.487207555328495800e-06 -1.037023321259766817e-05 8.200086085707880557e-06 7.626451551914215088e-03
4.876635074615478516e-01 1.091510988771915436e-02 4.737812560051679611e-05 3.124266368104144931e-05 -6.766988008166663349e-06 7.052917499095201492e-03
4.905415177345275879e-01 1.094621792435646057e-02 5.468922608997672796e-06 -1.214366602653171867e-05 -5.717571639252128080e-06 7.086046040058135986e-03
4.906710684299468994e-01 1.111476775258779526e-02 4.251580321579240263e-05 1.119422813644632697e-05 -1.069673908205004409e-05 7.411441300064325333e-03
4.936561882495880127e-01 1.066722348332405090e-02 -1.280949945794418454e-04 -2.369978392380289733e-05 2.369858702877536416e-05 7.471983321011066437e-03
4.911230504512786865e-01 1.112425886094570160e-02 -2.924241998698562384e-04 5.618284376396331936e-06 2.047539237537421286e-05 7.257527206093072891e-03
4.932092726230621338e-01 1.136835757642984390e-02 -1.185943183372728527e-04 -4.038251972815487534e-06 -1.820088436943478882e-05 7.444680202752351761e-03
4.934655129909515381e-01 1.135099865496158600e-02 -9.970191604224964976e-05 1.315085137321148068e-05 6.061209205654449761e-07 7.603182923048734665e-03
4.905802309513092041e-01 1.138864830136299133e-02 -8.845496631693094969e-05 -1.996292849071323872e-05 -1.173645068774931133e-05 7.319045253098011017e-03
4.892062842845916748e-01 1.127294171601533890e-02 -9.655929170548915863e-05 -7.826394721632823348e-06 7.594301223434740677e-06 7.263255305588245392e-03
4.932191967964172363e-01 1.152085792273283005e-02 -3.070384627790190279e-05 -1.547624742670450360e-05 -3.010643013112712651e-06 7.376362103968858719e-03
4.923929870128631592e-01 1.201407518237829208e-02 7.367973012151196599e-06 7.029948392300866544e-06 1.420083208358846605e-05 7.416150998324155807e-03
4.912308156490325928e-01 1.091543585062026978e-02 -3.577670213417150080e-05 -7.574245501018594950e-06 -1.542326026537921280e-05 7.303626276552677155e-03
4.914605021476745605e-01 1.048188190907239914e-02 -8.489016909152269363e-05 -7.226841717056231573e-06 1.328200050920713693e-05 7.235093042254447937e-03
4.908229112625122070e-01 1.099676918238401413e-02 -4.732348679681308568e-05 -1.222984064952470362e-05 -2.702560777834150940e-06 7.323469500988721848e-03
4.926613569259643555e-01 1.149659790098667145e-02 -1.426693052053451538e-04 -7.546856068074703217e-06 1.247722775588044897e-05 7.417747750878334045e-03
4.913280308246612549e-01 1.025636959820985794e-02 -4.120934681850485504e-05 -4.851566700381226838e-06 8.210270607378333807e-06 7.195986341685056686e-03
4.910626411437988281e-01 1.253969036042690277e-02 -1.370737445540726185e-04 -3.610844942159019411e-06 -1.548817454022355378e-05 7.276296615600585938e-03
4.935757815837860107e-01 1.151415612548589706e-02 -1.969939694390632212e-05 1.909924503706861287e-05 4.418918251758441329e-05 7.539923302829265594e-03
4.899776279926300049e-01 1.077121123671531677e-02 9.712619794299826026e-05 4.053310112794861197e-05 -8.672945114085450768e-06 7.250859867781400681e-03
4.901613295078277588e-01 1.060640253126621246e-02 -1.211754643009044230e-04 5.946592864347621799e-06 2.533642600610619411e-06 7.227807771414518356e-03
4.887629747390747070e-01 9.926957078278064728e-03 -7.391797407763078809e-05 1.272417466680053622e-05 1.343118583463365212e-05 7.058522198349237442e-03
4.934380948543548584e-01 1.104417070746421814e-02 -1.391826936014695093e-05 2.465710167598444968e-06 -2.762576696113683283e-05 7.985812611877918243e-03
4.887410402297973633e-01 1.096078939735889435e-02 -3.729409945663064718e-05 4.476075446291361004e-06 1.255959978152532130e-05 7.210948038846254349e-03
4.928572773933410645e-01 1.102326065301895142e-02 -6.725318962708115578e-05 2.355571996304206550e-05 1.544097540318034589e-05 7.312803529202938080e-03
4.909598827362060547e-01 1.036314759403467178e-02 5.417935972218401730e-05 -2.321421379747334868e-05 -5.791148851130856201e-06 7.422471884638071060e-03
4.897903203964233398e-01 1.083390694111585617e-02 -3.705038761836476624e-05 2.207541456300532445e-06 -8.791852451395243406e-06 6.826549302786588669e-03
4.908436238765716553e-01 1.179263554513454437e-02 -4.232917490298859775e-06 1.539385948490235023e-06 -2.893915961976745166e-06 7.836765609681606293e-03
4.900666177272796631e-01 1.077576354146003723e-02 -1.423073845217004418e-04 -1.001787313725799322e-05 2.572210860307677649e-06 6.972008384764194489e-03
4.926366209983825684e-01 1.184211112558841705e-02 9.622737707104533911e-06 8.755826456763315946e-06 1.599312963662669063e-05 7.341937161982059479e-03
4.915136396884918213e-01 8.690740913152694702e-03 -1.023125951178371906e-04 -4.937768244417384267e-05 1.497933044447563589e-05 6.949892733246088028e-03
4.930020272731781006e-01 8.358394727110862732e-03 2.073944233416114002e-05 2.369092544540762901e-05 -1.020629315462429076e-05 7.561116013675928116e-03
4.946276545524597168e-01 7.938954047858715057e-03 1.734226316330023110e-06 7.981523594935424626e-06 3.384016963536851108e-06 7.102327421307563782e-03
4.862310290336608887e-01 6.907606963068246841e-03 5.272120324661955237e-05 -1.214881376654375345e-05 -1.219065325130941346e-05 7.239515427500009537e-03
4.942983984947204590e-01 7.454773411154747009e-03 1.550141860207077116e-06 2.245136056444607675e-05 2.570148353697732091e-05 7.381001487374305725e-03
4.924861490726470947e-01 1.139328908175230026e-02 -5.819372381665743887e-05 -1.955478728632442653e-05 4.513164185482310131e-06 7.343110628426074982e-03
4.928450584411621094e-01 1.001050230115652084e-02 1.144495181506499648e-04 1.190072543977294117e-05 1.782861181709449738e-05 7.536469958722591400e-03
4.891248345375061035e-01 1.055571343749761581e-02 -1.058611669577658176e-04 -1.808969682315364480e-05 8.535690540156792849e-06 7.438747677952051163e-03
4.979220926761627197e-01 1.025746576488018036e-02 8.200501906685531139e-05 8.607730705989524722e-06 1.672246435191482306e-05 7.271171547472476959e-03
4.882221221923828125e-01 6.198461633175611496e-03 -7.969945727381855249e-06 2.622933607199229300e-05 -2.565358045103494078e-06 7.726713549345731735e-03
4.874310791492462158e-01 7.517644669860601425e-03 -1.087147174985148013e-04 -2.408884756732732058e-05 -1.494074513175291941e-05 7.455145940184593201e-03
4.878201484680175781e-01 9.553589858114719391e-03 -7.103535608621314168e-06 -3.034386645595077425e-05 1.285146572627127171e-05 7.297246251255273819e-03
4.887036681175231934e-01 8.578472770750522614e-03 9.029961074702441692e-05 -7.088758866302669048e-05 1.329145379713736475e-05 6.913161370903253555e-03
