4.280010703951120377e-03 3.444300964474678040e-03 1.106994971632957458e-02 1.406767638400197029e-03 1.042413176037371159e-03 3.250256704632192850e-04
4.470549523830413818e-03 5.365685094147920609e-03 9.044082835316658020e-03 1.190605689771473408e-03 1.131917233578860760e-03 4.117765929549932480e-04
2.395237796008586884e-03 2.833883045241236687e-03 4.631714895367622375e-03 8.088243193924427032e-04 4.973015747964382172e-04 1.677430700510740280e-04
4.563525319099426270e-03 1.641838345676660538e-03 4.251467529684305191e-03 5.997378611937165260e-04 5.342755466699600220e-04 2.862844849005341530e-04
2.326489193364977837e-03 2.992574591189622879e-03 4.742658697068691254e-03 5.891940672881901264e-04 5.905806901864707470e-04 1.664668525336310267e-04
2.677986165508627892e-03 2.423580270260572433e-03 7.934265770018100739e-03 7.754050893709063530e-04 6.835704552941024303e-04 2.169685030821710825e-04
3.346633166074752808e-03 3.538841614499688148e-03 9.319521486759185791e-03 1.229393645189702511e-03 8.131891954690217972e-04 3.355775261297821999e-04
4.327836912125349045e-03 5.699542351067066193e-03 7.482192013412714005e-03 1.064245938323438168e-03 1.443240442313253880e-03 3.594810550566762686e-04
2.297770464792847633e-03 3.363582072779536247e-03 1.630382757866755128e-04 6.686777342110872269e-04 3.600557975005358458e-04 2.507583994884043932e-04
3.012122819200158119e-03 1.537653617560863495e-03 5.197594873607158661e-03 6.657362682744860649e-04 5.774758756160736084e-04 2.407568244962021708e-04
3.632418345659971237e-03 4.277907311916351318e-03 1.054385863244533539e-02 1.347533776424825191e-03 1.033692387863993645e-03 2.329786657355725765e-04
3.217580262571573257e-03 2.193095861002802849e-03 5.666069220751523972e-03 7.555424817837774754e-04 7.895127055235207081e-04 2.748128026723861694e-04
6.978980265557765961e-03 3.975127357989549637e-03 9.114450775086879730e-03 1.008578343316912651e-03 7.084482931531965733e-04 3.730106982402503490e-04
2.841199282556772232e-03 3.183854511007666588e-03 5.722086410969495773e-03 7.033564615994691849e-04 4.872493736911565065e-04 2.739513874985277653e-04
3.930313512682914734e-03 4.815822932869195938e-03 7.305141538381576538e-03 7.765440386720001698e-04 7.156106876209378242e-04 3.269046428613364697e-04
2.558986656367778778e-03 2.954605501145124435e-03 6.845686584711074829e-03 9.766184957697987556e-04 7.178981904871761799e-04 2.116674877470359206e-04
5.710666533559560776e-03 6.021779496222734451e-03 1.007297262549400330e-02 1.224828185513615608e-03 7.649622857570648193e-04 3.455378173384815454e-04
3.402456408366560936e-03 3.165860660374164581e-03 9.092622436583042145e-03 1.058052410371601582e-03 7.152010803110897541e-04 2.728492836467921734e-04
2.691833302378654480e-03 3.522023325785994530e-03 7.876000367105007172e-03 8.028544834814965725e-04 7.071024156175553799e-04 2.016945654759183526e-04
3.134129336103796959e-03 3.321873024106025696e-03 9.270682930946350098e-03 1.131374156102538109e-03 8.344802190549671650e-04 2.996066759806126356e-04
3.114537801593542099e-03 2.963456790894269943e-03 6.665347609668970108e-03 7.944610551930963993e-04 6.602953653782606125e-04 1.983908441616222262e-04
3.119847970083355904e-03 4.730626475065946579e-03 5.152851343154907227e-03 9.240272338502109051e-04 5.356945912353694439e-04 3.017135313712060452e-04
3.259844379499554634e-03 3.343195887282490730e-03 1.029815152287483215e-02 1.045618904754519463e-03 7.295576506294310093e-04 2.103928272845223546e-04
3.416333580389618874e-03 3.515779739245772362e-03 7.317070849239826202e-03 8.899306412786245346e-04 5.858364747837185860e-04 2.553157682996243238e-04
6.378248799592256546e-03 3.732878016307950020e-03 7.706799544394016266e-03 1.246945117600262165e-03 7.744702743366360664e-04 2.927117166109383106e-04
3.010653192177414894e-03 4.023422021418809891e-03 6.588609423488378525e-03 7.217508391477167606e-04 6.009206408634781837e-04 2.117779222317039967e-04
2.620955230668187141e-03 7.007847540080547333e-03 1.023217476904392242e-02 8.952553616836667061e-04 8.648310904391109943e-04 1.590023748576641083e-04
3.585113678127527237e-03 4.601472988724708557e-03 6.018072832375764847e-03 8.308271062560379505e-04 7.324769394472241402e-04 4.321005253586918116e-04
3.549436107277870178e-03 4.685472697019577026e-03 1.003385800868272781e-02 1.073511433787643909e-03 7.426057127304375172e-04 4.095339972991496325e-04
2.726800274103879929e-03 3.458653111010789871e-03 7.706705946475267410e-03 1.148387906141579151e-03 9.682518430054187775e-04 2.337248442927375436e-04
4.716667346656322479e-03 6.853830069303512573e-03 9.345711208879947662e-03 1.186224981211125851e-03 6.440965807996690273e-04 4.342260363046079874e-04
4.525501281023025513e-03 5.758759565651416779e-03 9.708747267723083496e-03 1.297728624194860458e-03 1.060265814885497093e-03 3.954230051022022963e-04
4.118077922612428665e-03 4.205580335110425949e-03 7.183949463069438934e-03 7.646065205335617065e-04 7.076772162690758705e-04 3.395747335162013769e-04
4.740243311971426010e-03 5.238355137407779694e-03 1.104085799306631088e-02 1.174941775389015675e-03 9.703622781671583652e-04 2.876667713280767202e-04
2.935202792286872864e-03 3.062970936298370361e-03 6.839985493570566177e-03 7.076853653416037560e-04 6.366714369505643845e-04 2.556657709646970034e-04
3.328904276713728905e-03 5.036587361246347427e-03 7.529922761023044586e-03 9.419384296052157879e-04 6.373631767928600311e-04 2.610379597172141075e-04
3.738049650564789772e-03 3.121401881799101830e-03 6.123687140643596649e-03 5.563560989685356617e-04 5.418501677922904491e-04 2.054077776847407222e-04
2.643145853653550148e-03 3.477099584415555000e-03 8.588435128331184387e-03 6.807561148889362812e-04 7.045360398478806019e-04 2.185752819059416652e-04
2.675753319635987282e-03 3.763757413253188133e-03 8.123034611344337463e-03 1.143544563092291355e-03 8.052772027440369129e-04 2.280566841363906860e-04
3.527670400217175484e-03 4.005260299891233444e-03 7.402853108942508698e-03 9.077852591872215271e-04 8.330726996064186096e-04 2.706350933294743299e-04
2.056578639894723892e-03 2.846382791176438332e-03 6.943878252059221268e-03 8.974198717623949051e-04 7.720221765339374542e-04 2.143873862223699689e-04
3.585206111893057823e-03 2.710056258365511894e-03 6.425027735531330109e-03 7.434136350639164448e-04 6.615209858864545822e-04 2.818077919073402882e-04
3.715511644259095192e-03 3.369167679920792580e-03 5.825967527925968170e-03 7.381094619631767273e-04 7.892093854025006294e-04 2.867187722586095333e-04
2.316699363291263580e-03 2.741292119026184082e-03 6.468970328569412231e-03 8.346381364390254021e-04 7.206458831205964088e-04 1.619166432647034526e-04
3.036826383322477341e-03 2.927686087787151337e-03 8.705121465027332306e-03 1.121037523262202740e-03 1.069378573447465897e-03 3.139947657473385334e-04
3.446043934673070908e-03 3.508964553475379944e-03 7.035458460450172424e-03 7.684649899601936340e-04 8.936819504015147686e-04 2.474843349773436785e-04
3.113957587629556656e-03 2.632566262036561966e-03 6.856334395706653595e-03 9.023932507261633873e-04 8.146928739733994007e-04 2.874346682801842690e-04
3.595710732042789459e-03 2.578824758529663086e-03 6.270857062190771103e-03 7.450308185070753098e-04 9.923748439177870750e-04 2.204896154580637813e-04
2.737561473622918129e-03 1.999359810724854469e-03 5.454506725072860718e-03 6.077940925024449825e-04 8.273399434983730316e-04 2.329393901163712144e-04
3.881074953824281693e-03 3.146753879263997078e-03 6.582838948816061020e-03 7.386021316051483154e-04 9.098108275793492794e-04 1.912585285026580095e-04
4.718862473964691162e-03 2.480490598827600479e-03 5.917873699218034744e-03 6.832719082012772560e-04 6.881758454255759716e-04 2.790860307868570089e-04
2.441723365336656570e-03 2.333508338779211044e-03 6.740430369973182678e-03 8.161833393387496471e-04 8.056171354837715626e-04 2.082792780129238963e-04
2.638655947521328926e-03 1.733847311697900295e-03 4.943849984556436539e-03 5.691396072506904602e-04 6.221235962584614754e-04 1.812119735404849052e-04
1.826552907004952431e-03 1.445699599571526051e-03 5.550120957195758820e-03 6.635509780608117580e-04 9.693293250165879726e-04 1.654786901781335473e-04
1.733383978717029095e-03 2.070704940706491470e-03 4.500850569456815720e-03 4.982411628589034081e-04 5.284214857965707779e-04 1.643978903302922845e-04
2.448085229843854904e-03 1.846905914135277271e-03 4.405363462865352631e-03 5.373198655433952808e-04 1.013904344290494919e-03 1.858229370554909110e-04
3.468706272542476654e-03 2.070510294288396835e-03 5.906405393034219742e-03 8.342519868165254593e-04 5.873431218788027763e-04 3.349018224980682135e-04
1.772793708369135857e-03 1.680724322795867920e-03 5.262894090265035629e-03 5.845595733262598515e-04 7.805579807609319687e-04 2.043013519141823053e-04
1.806138549000024796e-03 8.940919069573283195e-04 4.130537156015634537e-03 4.909603158012032509e-04 9.547889349050819874e-04 2.149052452296018600e-04
1.793595612980425358e-03 1.241506193764507771e-03 5.707897711545228958e-03 6.462067831307649612e-04 7.887857500463724136e-04 1.725184265524148941e-04
2.845183946192264557e-03 2.103131264448165894e-03 5.608658306300640106e-03 5.813169991597533226e-04 5.939487018622457981e-04 1.590388274053111672e-04
1.374570303596556187e-03 1.016920665279030800e-03 3.269912907853722572e-03 3.284803242422640324e-04 6.458665593527257442e-04 1.261320139747112989e-04
1.879984978586435318e-03 1.429639291018247604e-03 4.768327344208955765e-03 5.407497519627213478e-04 8.459018426947295666e-04 1.838405587477609515e-04
1.624233787879347801e-03 1.454749843105673790e-03 3.643727861344814301e-03 3.905367921106517315e-04 8.130786009132862091e-04 1.799193123588338494e-04
2.205735305324196815e-03 2.183683682233095169e-03 4.169131163507699966e-03 4.592074546962976456e-04 7.632296765223145485e-04 2.073922369163483381e-04
1.651265425607562065e-03 1.396211679093539715e-03 4.170092288404703140e-03 4.188542952761054039e-04 7.527580019086599350e-04 1.509607391199097037e-04
1.432791119441390038e-03 1.144611742347478867e-03 3.552840556949377060e-03 3.850422508548945189e-04 5.333001608960330486e-04 1.114036931539885700e-04
1.767446752637624741e-03 1.283978112041950226e-03 3.391049103811383247e-03 3.866949118673801422e-04 5.760975764133036137e-04 1.908479171106591821e-04
2.120784949511289597e-03 1.713574398308992386e-03 4.814453423023223877e-03 5.950469640083611012e-04 5.957534885965287685e-04 1.835579460021108389e-04
1.353663625195622444e-03 1.286044949665665627e-03 4.404373466968536377e-03 5.152855883352458477e-04 4.139894153922796249e-04 1.876285678008571267e-04
2.385569969192147255e-03 1.808513188734650612e-03 6.074999459087848663e-03 5.915215006098151207e-04 6.658658385276794434e-04 2.176384296035394073e-04
1.889657462015748024e-03 2.182886470109224319e-03 5.634148139506578445e-03 5.983979790471494198e-04 4.848953976761549711e-04 2.250919496873393655e-04
1.908100792206823826e-03 1.731842174194753170e-03 5.053988192230463028e-03 5.446490249596536160e-04 6.045757909305393696e-04 1.816178119042888284e-04
2.550305332988500595e-03 2.296998398378491402e-03 6.259446032345294952e-03 6.640437641181051731e-04 5.782796652056276798e-04 1.765869528753682971e-04
1.584601355716586113e-03 1.910122926346957684e-03 5.493868142366409302e-03 5.657280562445521355e-04 5.079378024674952030e-04 1.542310492368414998e-04
3.502064850181341171e-03 2.081042388454079628e-03 6.833263207226991653e-03 5.784283857792615891e-04 8.408906287513673306e-04 2.301999484188854694e-04
3.120418405160307884e-03 2.614595927298069000e-03 5.904970224946737289e-03 7.202793494798243046e-04 3.933894622605293989e-04 2.868154842872172594e-04
2.690122229978442192e-03 1.893437351100146770e-03 5.932296160608530045e-03 6.016916013322770596e-04 5.843671387992799282e-04 2.229925012215971947e-04
2.065564738586544991e-03 2.224485622718930244e-03 6.181203760206699371e-03 7.165892166085541248e-04 5.681515322066843510e-04 2.137070114258676767e-04
2.141695702448487282e-03 2.111584646627306938e-03 6.520573049783706665e-03 6.092551629990339279e-04 5.492761265486478806e-04 1.651090569794178009e-04
1.897155656479299068e-03 2.229610458016395569e-03 8.505062200129032135e-03 7.099250797182321548e-04 6.176431197673082352e-04 2.054914075415581465e-04
1.683512004092335701e-03 2.106890548020601273e-03 8.032466284930706024e-03 6.962199113331735134e-04 7.143927505239844322e-04 1.860095217125490308e-04
1.836877083405852318e-03 2.037452068179845810e-03 5.386219359934329987e-03 6.017176201567053795e-04 6.093893898651003838e-04 1.856697781477123499e-04
1.727777998894453049e-03 1.951592159457504749e-03 6.538703572005033493e-03 5.669401725754141808e-04 7.124161347746849060e-04 2.092720242217183113e-04
3.152993740513920784e-03 3.377077169716358185e-03 9.535748511552810669e-03 8.766662213020026684e-04 5.045831203460693359e-04 2.193298423662781715e-04
2.732217777520418167e-03 2.188714686781167984e-03 7.901279255747795105e-03 7.812133990228176117e-04 7.901599747128784657e-04 1.895885070553049445e-04
2.497371053323149681e-03 2.152789616957306862e-03 7.428278215229511261e-03 5.498014506883919239e-04 6.461895536631345749e-04 1.469182316213846207e-04
2.945727901533246040e-03 3.335669171065092087e-03 9.893857873976230621e-03 7.670340710319578648e-04 7.398311863653361797e-04 2.551305806264281273e-04
2.646258100867271423e-03 1.775961718522012234e-03 8.092800155282020569e-03 1.013627625070512295e-03 7.595031056553125381e-04 2.126373728970065713e-04
2.380731282755732536e-03 2.448756247758865356e-03 4.498669877648353577e-03 5.199459847062826157e-04 4.958886420354247093e-04 2.131973596988245845e-04
2.363752573728561401e-03 1.785292522981762886e-03 7.552602328360080719e-03 1.033669686876237392e-03 5.511685740202665329e-04 1.884071243694052100e-04
2.375510754063725471e-03 1.971018966287374496e-03 7.124998141080141068e-03 7.856595329940319061e-04 6.069574737921357155e-04 2.340557111892849207e-04
2.578690648078918457e-03 2.682519145309925079e-03 7.821775972843170166e-03 7.805142668075859547e-04 6.444768514484167099e-04 1.976291387109085917e-04
2.406138461083173752e-03 2.174919238314032555e-03 5.986520554870367050e-03 6.813399377278983593e-04 5.172059172764420509e-04 2.360056532779708505e-04
3.072030376642942429e-03 2.712206682190299034e-03 5.236024502664804459e-03 6.898113642819225788e-04 4.946579574607312679e-04 2.371747250435873866e-04
2.192805521190166473e-03 1.669161487370729446e-03 6.278691347688436508e-03 5.780140636488795280e-04 1.049148966558277607e-03 1.781125756679102778e-04
1.934908679686486721e-03 1.665932126343250275e-03 3.780154511332511902e-03 4.803808114957064390e-04 4.703628073912113905e-04 1.784279011189937592e-04
2.333968644961714745e-03 1.705139991827309132e-03 3.528670873492956161e-03 5.863320548087358475e-04 4.649230104405432940e-04 1.845040969783440232e-04
3.433313919231295586e-03 2.304817549884319305e-03 4.823890049010515213e-03 5.943200667388737202e-04 6.789995240978896618e-04 2.675276191439479589e-04
3.404169110581278801e-03 2.196361776441335678e-03 5.819560959935188293e-03 6.098532467149198055e-04 6.295095663517713547e-04 2.748031402006745338e-04
2.430250868201255798e-03 1.569344894960522652e-03 5.799537524580955505e-03 7.396042346954345703e-04 7.539000944234430790e-04 2.248075470561161637e-04
2.169943181797862053e-03 1.710652373731136322e-03 5.712734069675207138e-03 6.214405293576419353e-04 5.474409554153680801e-04 2.065372973447665572e-04
2.588016679510474205e-03 1.328942133113741875e-03 6.318913307040929794e-03 6.652206648141145706e-04 7.907080580480396748e-04 2.286511589772999287e-04
3.158234758302569389e-03 1.360456692054867744e-03 5.918721202760934830e-03 6.471021915785968304e-04 7.652761996723711491e-04 2.411919704172760248e-04
3.796547651290893555e-03 1.578851486556231976e-03 5.794554483145475388e-03 6.117562297731637955e-04 9.913351386785507202e-04 2.592638775240629911e-04
2.810377394780516624e-03 1.374399755150079727e-03 3.756020450964570045e-03 4.265374154783785343e-04 8.615839178673923016e-04 2.665434731170535088e-04
2.784531097859144211e-03 1.468360656872391701e-03 4.327424801886081696e-03 5.408429424278438091e-04 6.962397019378840923e-04 2.070283226203173399e-04
2.365258987993001938e-03 8.658830192871391773e-04 4.570514895021915436e-03 4.845921648666262627e-04 8.037224761210381985e-04 1.907737314468249679e-04
3.131838981062173843e-03 9.358363458886742592e-04 3.019486786797642708e-03 2.507857570890337229e-04 4.115529882255941629e-04 2.088269393425434828e-04
2.504735020920634270e-03 1.148821436800062656e-03 4.202338866889476776e-03 4.734348913189023733e-04 5.430226447060704231e-04 2.077243989333510399e-04
3.559876699000597000e-03 1.043562544509768486e-03 2.900019986554980278e-03 4.930343711748719215e-04 7.310674991458654404e-04 2.094200026476755738e-04
2.329896437004208565e-03 1.222576247528195381e-03 1.773279393091797829e-03 3.790304472204297781e-04 6.718112854287028313e-04 2.403609396424144506e-04
2.581716282293200493e-03 1.232108334079384804e-03 2.511548111215233803e-03 4.864880465902388096e-04 6.812908104620873928e-04 2.556362887844443321e-04
2.394092036411166191e-03 8.970273775048553944e-04 2.464271150529384613e-03 4.993407055735588074e-04 3.082073817495256662e-04 2.074405056191608310e-04
2.591162919998168945e-03 1.163802691735327244e-03 3.920749761164188385e-03 7.142301765270531178e-04 7.162630208767950535e-04 2.407401480013504624e-04
3.412382677197456360e-03 1.183993066661059856e-03 3.019840456545352936e-03 6.591254496015608311e-04 3.776669618673622608e-04 2.135424438165500760e-04
2.993618138134479523e-03 7.817202131263911724e-04 3.057018620893359184e-03 6.150119006633758545e-04 4.256914253346621990e-04 1.918072521220892668e-04
2.626974368467926979e-03 1.099325250834226608e-03 2.795873908326029778e-03 5.840960657224059105e-04 6.453510723076760769e-04 1.975461200345307589e-04
2.184937475249171257e-03 1.021378673613071442e-03 1.939844572916626930e-03 4.468158294912427664e-04 4.397561133373528719e-04 2.214896085206419230e-04
2.544145099818706512e-03 1.366346376016736031e-03 4.331074655055999756e-03 7.700579590164124966e-04 7.968652644194662571e-04 2.009119489230215549e-04
2.238663844764232635e-03 8.561467402614653111e-04 2.482745563611388206e-03 4.951265873387455940e-04 8.232684922404587269e-04 1.640826230868697166e-04
2.186266006901860237e-03 8.039937820285558701e-04 3.026598831638693810e-03 5.644060438498854637e-04 7.885646191425621510e-04 1.999832020374014974e-04
2.111642621457576752e-03 8.316569728776812553e-04 3.319391980767250061e-03 4.228789766784757376e-04 5.242965999059379101e-04 1.590962929185479879e-04
2.303697401657700539e-03 8.290497935377061367e-04 2.634078729897737503e-03 5.168494535610079765e-04 7.402339251711964607e-04 1.538591750431805849e-04
2.513234503567218781e-03 1.305904239416122437e-03 3.427943447604775429e-03 6.587594398297369480e-04 8.347224793396890163e-04 1.883056247606873512e-04
1.887833815999329090e-03 1.015913439914584160e-03 2.744032070040702820e-03 4.660736303776502609e-04 7.067247061058878899e-04 1.964892144314944744e-04
3.494027769193053246e-03 1.814291696064174175e-03 4.756159614771604538e-03 5.717577878385782242e-04 9.118221933022141457e-04 1.893133448902517557e-04
2.536916173994541168e-03 1.254135277122259140e-03 3.010157728567719460e-03 4.369611851871013641e-04 6.557475426234304905e-04 1.766322529874742031e-04
3.307595383375883102e-03 1.633686828427016735e-03 4.150608088821172714e-03 5.474942736327648163e-04 6.573921418748795986e-04 1.561969256727024913e-04
3.279902739450335503e-03 2.107558306306600571e-03 5.280916113406419754e-03 7.993424078449606895e-04 9.115812717936933041e-04 2.909387985710054636e-04
2.016777405515313148e-03 1.398427993990480900e-03 5.328794475644826889e-03 9.287287830375134945e-04 6.120679900050163269e-04 1.680606364971026778e-04
2.954220632091164589e-03 1.629897160455584526e-03 4.297607112675905228e-03 6.023565656505525112e-04 6.218898924998939037e-04 1.802640617825090885e-04
3.009612904861569405e-03 1.447724178433418274e-03 4.849419929087162018e-03 5.753519944846630096e-04 7.790384115651249886e-04 1.317724963882938027e-04
3.737770486623048782e-03 2.629417693242430687e-03 6.067641079425811768e-03 6.841236609034240246e-04 8.499685209244489670e-04 2.133764501195400953e-04
2.927113790065050125e-03 2.605526242405176163e-03 4.195195622742176056e-03 5.338562186807394028e-04 6.787427118979394436e-04 3.195396275259554386e-04
4.412790760397911072e-03 2.160178031772375107e-03 4.472655244171619415e-03 6.517227157019078732e-04 6.310974131338298321e-04 2.667982189450412989e-04
3.420801833271980286e-03 2.538872649893164635e-03 4.172281827777624130e-03 6.344864377751946449e-04 6.272069877013564110e-04 2.907206944655627012e-04
2.487155841663479805e-03 1.799343037419021130e-03 3.739626845344901085e-03 5.246008513495326042e-04 6.726016872562468052e-04 1.916358596645295620e-04
2.472550608217716217e-03 1.748413662426173687e-03 3.634996479377150536e-03 4.658150428440421820e-04 5.059659015387296677e-04 2.261167828692123294e-04
2.293039113283157349e-03 1.827580970712006092e-03 3.659613896161317825e-03 6.051094969734549522e-04 6.205265526659786701e-04 2.329545241082087159e-04
2.741493051871657372e-03 1.480490667745471001e-03 3.719705622643232346e-03 5.594713729806244373e-04 6.973287672735750675e-04 1.882599899545311928e-04
2.512750215828418732e-03 1.508713001385331154e-03 5.341601092368364334e-03 6.895877304486930370e-04 7.109298603609204292e-04 1.783939951565116644e-04
2.429952844977378845e-03 1.795758260414004326e-03 4.613710101693868637e-03 5.703368224203586578e-04 6.840472924523055553e-04 2.389827714068815112e-04
2.379089826717972755e-03 1.518091885372996330e-03 4.060150589793920517e-03 5.371833685785531998e-04 5.953423096798360348e-04 1.923968375194817781e-04
2.728922292590141296e-03 1.560758333653211594e-03 5.812669172883033752e-03 6.667983834631741047e-04 9.853605879470705986e-04 2.560877474024891853e-04
3.415063489228487015e-03 1.803093589842319489e-03 5.231848917901515961e-03 6.884218310005962849e-04 6.842194707132875919e-04 2.308098773937672377e-04
2.471281448379158974e-03 1.316061010584235191e-03 6.116029806435108185e-03 8.088951581157743931e-04 1.173286116681993008e-03 2.151487424271181226e-04
3.074584063142538071e-03 1.585488207638263702e-03 5.885710008442401886e-03 7.910052081570029259e-04 6.535983411595225334e-04 1.991016906686127186e-04
2.969434950500726700e-03 1.073741819709539413e-03 4.521328490227460861e-03 6.090255919843912125e-04 8.815428591333329678e-04 1.468971458962187171e-04
2.406693296507000923e-03 1.056212815456092358e-03 3.327486803755164146e-03 5.526054301299154758e-04 7.031012792140245438e-04 1.600399409653618932e-04
