3.694607913494110107e-01 3.561735153198242188e-03 -9.500221349298954010e-03 9.269509464502334595e-04 3.653618507087230682e-03 4.182548262178897858e-03
4.030371904373168945e-01 1.534946542233228683e-02 -4.281395580619573593e-03 -5.352022344595752656e-05 2.395968418568372726e-03 7.116763852536678314e-03
3.864401578903198242e-01 6.672878749668598175e-03 -4.693659953773021698e-03 -2.611534146126359701e-04 1.900390721857547760e-03 6.620162632316350937e-03
3.901487588882446289e-01 7.569548673927783966e-03 -1.266936119645833969e-02 2.617110440041869879e-04 1.206860295496881008e-03 5.436606239527463913e-03
3.954046666622161865e-01 2.052158117294311523e-02 -6.519934162497520447e-03 -3.237481287214905024e-04 3.613850567489862442e-04 7.992668077349662781e-03
3.873369097709655762e-01 1.668850891292095184e-02 -7.017525378614664078e-03 3.981124318670481443e-04 8.567592594772577286e-04 7.440845016390085220e-03
4.166738986968994141e-01 1.505752559751272202e-02 -8.321471512317657471e-03 -3.421034489292651415e-04 2.508190518710762262e-04 9.835671633481979370e-03
4.336343705654144287e-01 1.761715672910213470e-02 -1.170640811324119568e-02 2.736769965849816799e-04 7.178987725637853146e-04 1.104253251105546951e-02
4.009542465209960938e-01 3.324101492762565613e-02 -1.415095198899507523e-02 4.879359039478003979e-05 5.376636399887502193e-04 1.211051084101200104e-02
4.404490292072296143e-01 2.096140012145042419e-02 -8.646407164633274078e-03 -6.894456455484032631e-04 5.796942859888076782e-04 1.103942468762397766e-02
5.496399402618408203e-01 1.953987777233123779e-02 -2.071878314018249512e-02 5.357464542612433434e-04 1.699454267509281635e-03 1.324377860873937607e-02
-1.631048768758773804e-01 -2.556629478931427002e-02 7.206089794635772705e-04 -2.440912416204810143e-03 -2.631075913086533546e-04 -5.109323188662528992e-03
4.100272357463836670e-01 3.006774745881557465e-02 -1.388265378773212433e-02 2.914927063102368265e-05 1.016054884530603886e-03 1.159559562802314758e-02
4.344885349273681641e-01 2.483002468943595886e-02 -2.128151059150695801e-02 4.666957538574934006e-04 7.767907809466123581e-04 1.117215491831302643e-02
4.133605957031250000e-01 2.833326347172260284e-02 -1.057946775108575821e-02 3.830295463558286428e-05 4.154310445301234722e-04 1.190738845616579056e-02
3.784138858318328857e-01 4.506218805909156799e-02 -1.002992503345012665e-02 -8.623018948128446937e-05 5.654257256537675858e-04 1.300678588449954987e-02
4.652450084686279297e-01 6.929642986506223679e-03 -3.251130506396293640e-02 -1.426394213922321796e-03 -8.621964952908456326e-04 1.259701605886220932e-02
4.719738364219665527e-01 1.118946913629770279e-02 -1.139566395431756973e-02 5.965114105492830276e-04 1.439898042008280754e-03 1.593889296054840088e-02
4.986945688724517822e-01 1.689881272614002228e-02 -2.445097267627716064e-02 -7.760493899695575237e-04 -3.139211039524525404e-04 1.651516743004322052e-02
4.808635711669921875e-01 1.916621625423431396e-02 -8.073625154793262482e-03 2.263550413772463799e-07 1.756208017468452454e-03 1.423122640699148178e-02
4.726841449737548828e-01 2.710011415183544159e-02 -1.079837325960397720e-02 9.646739636082202196e-05 1.176872989162802696e-03 1.282905042171478271e-02
4.816178977489471436e-01 2.195539884269237518e-02 -2.644234523177146912e-02 -7.114650798030197620e-04 -6.576830055564641953e-04 1.325718220323324203e-02
4.664023816585540771e-01 1.821013540029525757e-02 -3.412747010588645935e-02 -8.524033473804593086e-04 -7.402730989269912243e-04 1.289967913180589676e-02
4.853816032409667969e-01 1.251049991697072983e-02 -3.729603067040443420e-02 -2.468878868967294693e-03 7.203243440017104149e-04 1.458463538438081741e-02
4.806695282459259033e-01 3.286138176918029785e-02 -6.173270754516124725e-03 -8.749377448111772537e-04 1.212402479723095894e-03 1.448737643659114838e-02
5.012972354888916016e-01 3.742746263742446899e-02 -1.062524598091840744e-02 -4.212104249745607376e-04 1.498629571869969368e-03 1.403854321688413620e-02
5.022913813591003418e-01 2.901070751249790192e-02 -2.653229981660842896e-02 -2.096448093652725220e-03 -5.322804645402356982e-05 1.379019580781459808e-02
4.929807782173156738e-01 1.247332431375980377e-02 -3.554400056600570679e-03 -8.894409984350204468e-04 2.343308646231889725e-03 1.357342954725027084e-02
5.308921337127685547e-01 2.032259665429592133e-02 -2.071720734238624573e-02 1.226565800607204437e-03 -1.016844063997268677e-03 1.247701887041330338e-02
4.869645833969116211e-01 3.039285540580749512e-02 -5.314554553478956223e-03 -8.060819818638265133e-04 1.732591539621353149e-03 1.274528820067644119e-02
5.168249011039733887e-01 1.824733428657054901e-02 -1.072231587022542953e-02 1.775489945430308580e-04 1.471237279474735260e-03 1.337917614728212357e-02
5.078768730163574219e-01 2.203749492764472961e-02 -3.617462888360023499e-02 -8.285422227345407009e-04 -9.538722224533557892e-04 1.320724468678236008e-02
4.838118553161621094e-01 2.133293263614177704e-02 -6.944346241652965546e-03 -8.736950258025899529e-05 1.267257728613913059e-03 1.253343094140291214e-02
4.400649964809417725e-01 4.021022468805313110e-02 4.520814120769500732e-02 2.662703627720475197e-03 8.742528734728693962e-05 1.402002852410078049e-02
4.562298655509948730e-01 2.414636872708797455e-02 -6.584992166608572006e-03 -2.438201045151799917e-04 6.928296061232686043e-04 1.247307192534208298e-02
4.830195605754852295e-01 3.321314230561256409e-02 -8.030910976231098175e-03 -4.282955778762698174e-04 4.100613587070256472e-04 1.331674586981534958e-02
5.037891268730163574e-01 1.797128096222877502e-02 -4.916593898087739944e-03 -3.163195506203919649e-04 2.133898437023162842e-03 1.271096989512443542e-02
4.666142165660858154e-01 1.885568164288997650e-02 -5.764150060713291168e-03 -4.561635723803192377e-04 1.602972159162163734e-03 1.180494949221611023e-02
5.138915181159973145e-01 6.259153597056865692e-03 -5.780307110399007797e-03 -2.586894843261688948e-04 1.866478938609361649e-03 1.357201393693685532e-02
5.072861909866333008e-01 2.430361136794090271e-02 -8.022367022931575775e-03 -2.846701245289295912e-04 1.790408277884125710e-03 1.287544332444667816e-02
4.833770990371704102e-01 2.223838493227958679e-02 -3.421111032366752625e-02 6.668036076007410884e-05 -1.564912265166640282e-03 1.435569301247596741e-02
4.496913552284240723e-01 2.326435968279838562e-02 -2.596303448081016541e-02 -1.537772710435092449e-03 -4.098749195691198111e-05 1.139554940164089203e-02
5.144086480140686035e-01 2.043261937797069550e-02 -3.133356198668479919e-02 -2.097880060318857431e-04 -1.068703713826835155e-03 1.386016327887773514e-02
4.971393942832946777e-01 1.856254972517490387e-02 -8.106008172035217285e-03 -7.159793749451637268e-04 2.117254072800278664e-03 1.214086357504129410e-02
4.679476320743560791e-01 3.077618405222892761e-02 2.955928072333335876e-02 2.225797623395919800e-03 -1.817731827031821012e-04 1.142603810876607895e-02
4.696506857872009277e-01 8.653768338263034821e-03 -4.428016021847724915e-03 -7.204891880974173546e-04 1.647404278628528118e-03 1.062463503330945969e-02
5.018748641014099121e-01 2.636362053453922272e-02 -1.047898177057504654e-02 -3.378549590706825256e-04 1.696701510809361935e-03 1.044856477528810501e-02
4.959102272987365723e-01 2.544095367193222046e-02 -2.662301063537597656e-02 -1.217221957631409168e-03 4.939946229569613934e-04 1.066415756940841675e-02
4.909217953681945801e-01 2.514501288533210754e-02 -3.447775729000568390e-03 -5.364498938433825970e-04 1.743140863254666328e-03 1.083718147128820419e-02
4.879912734031677246e-01 9.827604517340660095e-03 -7.527598645538091660e-03 -2.015215432038530707e-04 1.433447934687137604e-03 1.019956357777118683e-02
4.916215538978576660e-01 2.336023561656475067e-02 -1.511141844093799591e-02 -7.509354036301374435e-04 2.985509927384555340e-04 1.297878194600343704e-02
4.985891580581665039e-01 6.182425189763307571e-03 -9.392697364091873169e-03 -3.123751375824213028e-04 2.244727453216910362e-03 9.944361634552478790e-03
3.592466711997985840e-01 -1.468395441770553589e-02 -2.138468669727444649e-03 -1.001923083094879985e-04 1.399989356286823750e-03 8.846974000334739685e-03
4.628100097179412842e-01 1.265740208327770233e-02 -1.127277500927448273e-03 6.917280552443116903e-05 1.663054921664297581e-03 9.198703803122043610e-03
6.303996443748474121e-01 1.785144768655300140e-02 -7.966900244355201721e-03 -8.909743046388030052e-04 4.658980295062065125e-03 8.281224407255649567e-03
5.802121758460998535e-01 1.086459867656230927e-02 -5.102639086544513702e-03 -3.950301324948668480e-04 3.037057584151625633e-03 8.608143776655197144e-03
4.603971540927886963e-01 1.133215986192226410e-02 -5.874759983271360397e-03 -5.225366330705583096e-04 1.663584145717322826e-03 9.110582061111927032e-03
4.632704555988311768e-01 5.443856352940201759e-04 -3.043786622583866119e-02 -1.958406530320644379e-03 1.708912197500467300e-03 9.702121838927268982e-03
4.770626127719879150e-01 7.119651418179273605e-03 -5.149467382580041885e-03 -1.095191109925508499e-04 2.283256500959396362e-03 8.065503090620040894e-03
4.852977395057678223e-01 1.432255841791629791e-02 -6.451350171118974686e-03 -7.928666309453547001e-05 2.305742818862199783e-03 7.648283150047063828e-03
5.219973325729370117e-01 1.341067347675561905e-02 -8.397553116083145142e-03 2.894684730563312769e-04 7.036130991764366627e-04 7.354992441833019257e-03
2.357025146484375000e-01 1.872731745243072510e-02 -2.490294352173805237e-02 -1.121638109907507896e-03 -2.804377116262912750e-03 8.689058013260364532e-03
6.180808544158935547e-01 7.764006149955093861e-04 -1.603510603308677673e-02 -8.772948640398681164e-04 -5.013858317397534847e-04 8.984067477285861969e-03
6.564249396324157715e-01 1.432630978524684906e-02 -3.114661667495965958e-03 1.278335257666185498e-04 2.433999907225370407e-03 7.503833621740341187e-03
3.026452660560607910e-01 3.257778659462928772e-02 -1.411839667707681656e-02 4.327014903537929058e-05 1.257320283912122250e-03 7.385893259197473526e-03
4.909123480319976807e-01 2.167478948831558228e-02 -9.718258865177631378e-03 -2.192871179431676865e-04 2.734350506216287613e-03 7.993106730282306671e-03
4.928151965141296387e-01 7.668999489396810532e-03 1.106494106352329254e-02 -9.896946721710264683e-06 2.099530829582363367e-04 6.282735150307416916e-03
6.207432746887207031e-01 1.185275800526142120e-02 -3.504995629191398621e-02 -2.304042689502239227e-03 -2.551034558564424515e-04 7.770917378365993500e-03
5.006107687950134277e-01 1.690287515521049500e-02 -1.152093708515167236e-02 1.086045085685327649e-04 2.268459182232618332e-03 6.705753039568662643e-03
5.731821060180664062e-01 2.472262643277645111e-02 2.264213375747203827e-02 8.899056119844317436e-04 2.890217583626508713e-04 8.572441525757312775e-03
4.621460735797882080e-01 1.176803652197122574e-02 -1.084152050316333771e-02 3.304215206298977137e-04 1.893294276669621468e-03 6.096723489463329315e-03
4.733316898345947266e-01 1.129755657166242599e-02 -7.020486518740653992e-03 2.589303185231983662e-04 1.361388596706092358e-03 6.315916310995817184e-03
5.166520476341247559e-01 1.835818053223192692e-03 -3.808080684393644333e-03 6.560069159604609013e-04 4.125510458834469318e-04 5.614048335701227188e-03
5.632694959640502930e-01 1.279734354466199875e-02 6.043045781552791595e-03 7.012779824435710907e-04 4.923333181068301201e-04 9.113742038607597351e-03
5.442988872528076172e-01 9.703900665044784546e-03 -1.917155645787715912e-02 -4.761920426972210407e-04 -3.736964426934719086e-04 6.069432012736797333e-03
4.798422157764434814e-01 7.280798628926277161e-03 -8.282086811959743500e-03 2.681162150111049414e-04 1.268357038497924805e-03 6.532435305416584015e-03
4.965424239635467529e-01 1.506226230412721634e-02 -9.854367002844810486e-03 2.028177550528198481e-04 1.251500681973993778e-03 6.138337310403585434e-03
5.213776826858520508e-01 8.147596381604671478e-03 -7.250483147799968719e-03 3.511474642436951399e-04 1.714929123409092426e-03 5.223584361374378204e-03
5.151128172874450684e-01 7.898963056504726410e-03 -9.328074753284454346e-03 6.077146099414676428e-05 1.768336165696382523e-03 7.787717971950769424e-03
3.725631833076477051e-01 -6.644206121563911438e-03 -4.442634526640176773e-04 -7.473721052519977093e-05 2.089807763695716858e-03 1.017174497246742249e-02
4.976906478404998779e-01 1.948369666934013367e-03 -5.446702125482261181e-04 2.715247319429181516e-05 1.718770363368093967e-03 7.009990513324737549e-03
4.980313479900360107e-01 3.605058416724205017e-03 -2.790212165564298630e-03 2.692185516934841871e-04 2.466287231072783470e-03 7.037508301436901093e-03
4.840524196624755859e-01 1.090852171182632446e-02 -4.525710828602313995e-03 1.292650413233786821e-04 2.101599471643567085e-03 6.248131860047578812e-03
5.162242650985717773e-01 -3.975092899054288864e-03 3.313380526378750801e-03 -1.762717147357761860e-04 1.495028613135218620e-03 8.456264622509479523e-03
4.365698695182800293e-01 6.980159785598516464e-03 -1.200476195663213730e-03 -6.685327389277517796e-05 1.390184392221271992e-03 6.356073077768087387e-03
4.878236949443817139e-01 2.842499874532222748e-03 5.559128476306796074e-05 3.641546645667403936e-04 1.019933843053877354e-03 6.376045290380716324e-03
4.869702160358428955e-01 3.540231846272945404e-03 -5.294170230627059937e-03 4.688683839049190283e-04 1.382140675559639931e-03 7.233289536088705063e-03
5.058230161666870117e-01 1.392464432865381241e-02 -2.082001883536577225e-04 3.020162694156169891e-04 1.692460733465850353e-03 5.092933773994445801e-03
4.729026257991790771e-01 4.184572026133537292e-02 -1.293539302423596382e-03 3.716669743880629539e-04 1.593751600012183189e-03 6.116522941738367081e-03
4.167804121971130371e-01 7.196637988090515137e-02 -3.900113515555858612e-03 2.354817988816648722e-04 1.683105365373194218e-03 1.378337386995553970e-03
4.992142021656036377e-01 -2.498298417776823044e-04 -3.661042312160134315e-03 1.487038098275661469e-04 2.304983558133244514e-03 6.588272750377655029e-03
4.853324890136718750e-01 6.115346215665340424e-03 7.881612982600927353e-04 1.892292493721470237e-04 2.533920342102646828e-03 7.409002631902694702e-03
4.752926230430603027e-01 1.905862241983413696e-02 -2.652944298461079597e-03 2.026644360739737749e-04 3.009543754160404205e-03 6.344974972307682037e-03
4.907505512237548828e-01 3.080658242106437683e-02 2.355292206630110741e-03 2.893823839258402586e-04 1.856441260315477848e-03 7.268207613378763199e-03
5.252133011817932129e-01 1.334410440176725388e-02 -2.099205506965517998e-03 4.535219632089138031e-04 2.842739690095186234e-03 5.205289926379919052e-03
3.949390947818756104e-01 2.443433180451393127e-02 -4.337576217949390411e-03 5.800429498776793480e-04 2.325815614312887192e-03 8.990119211375713348e-03
5.265293121337890625e-01 1.398177072405815125e-02 -3.987042233347892761e-03 2.901819607359357178e-05 2.658404177054762840e-03 5.621693097054958344e-03
4.447167813777923584e-01 -8.752633817493915558e-03 1.481231302022933960e-03 2.887588925659656525e-04 2.714770147576928139e-03 6.834713742136955261e-03
4.651951789855957031e-01 -4.502327647060155869e-03 -1.580385607667267323e-03 4.769397855852730572e-05 1.812009606510400772e-03 5.762555636465549469e-03
4.887553453445434570e-01 5.584548227488994598e-03 -1.300044078379869461e-02 9.891166118904948235e-04 3.031703177839517593e-03 7.783720269799232483e-03
4.779302179813385010e-01 -9.439662098884582520e-04 -1.260902173817157745e-02 8.376421174034476280e-04 2.398780081421136856e-03 7.803579326719045639e-03
4.847386777400970459e-01 1.230910979211330414e-02 -6.716025061905384064e-03 3.447788476478308439e-04 2.328108763322234154e-03 7.322954013943672180e-03
4.566704928874969482e-01 -8.603628724813461304e-03 -1.933722989633679390e-03 -9.580865298630669713e-05 1.764515182003378868e-03 6.983532570302486420e-03
4.734926521778106689e-01 7.417649496346712112e-03 -5.690591409802436829e-03 2.560524735599756241e-04 2.537957858294248581e-03 6.731684785336256027e-03
4.906638264656066895e-01 1.614080369472503662e-02 -4.625197965651750565e-03 -1.011429776553995907e-05 1.659703324548900127e-03 8.179035037755966187e-03
5.083573460578918457e-01 2.732895687222480774e-02 -4.776149056851863861e-03 1.037382462527602911e-04 1.709155389107763767e-03 7.475747726857662201e-03
4.685263037681579590e-01 2.106003090739250183e-02 -2.754205488599836826e-04 1.270026259589940310e-04 2.207677345722913742e-03 7.598094176501035690e-03
4.994313716888427734e-01 1.505571231245994568e-02 -4.788824357092380524e-03 7.021189085207879543e-04 8.890607277862727642e-04 6.994804833084344864e-03
4.811512231826782227e-01 1.043019536882638931e-02 -9.429925121366977692e-03 5.547899636439979076e-04 1.099725719541311264e-03 7.209624629467725754e-03
4.787624776363372803e-01 -1.697733532637357712e-03 -6.323728710412979126e-03 3.088306111749261618e-04 1.730233896523714066e-03 5.171448457986116409e-03
5.075998306274414062e-01 6.590204779058694839e-03 -3.422460751608014107e-03 4.511347506195306778e-04 1.107397954910993576e-03 7.626424543559551239e-03
5.037246346473693848e-01 4.669390618801116943e-03 -1.386608369648456573e-02 4.337157588452100754e-04 2.420632401481270790e-03 8.617134764790534973e-03
5.396586656570434570e-01 3.527381271123886108e-02 -6.890330929309129715e-03 1.018312294036149979e-03 2.516901353374123573e-03 7.575944066047668457e-03
4.801903963088989258e-01 -3.014919348061084747e-04 -3.314968664199113846e-03 3.405046300031244755e-06 1.215974101796746254e-03 9.035320952534675598e-03
4.768844544887542725e-01 -1.197779364883899689e-02 -4.316822160035371780e-03 5.955355009064078331e-04 1.154708326794207096e-03 5.108117125928401947e-03
4.860250055789947510e-01 8.640364743769168854e-03 -1.114419568330049515e-02 6.810674676671624184e-05 1.513594994321465492e-03 7.670960389077663422e-03
5.152137875556945801e-01 1.083023287355899811e-02 -1.351432502269744873e-02 6.776347290724515915e-04 3.025394631549715996e-03 6.722346879541873932e-03
4.801292419433593750e-01 1.858369261026382446e-02 -1.653470844030380249e-02 1.341843279078602791e-03 3.068584250286221504e-03 5.820592865347862244e-03
4.790580868721008301e-01 -1.905885711312294006e-02 -7.930498570203781128e-03 8.595287799835205078e-04 1.442087697796523571e-03 5.134487990289926529e-03
4.812644720077514648e-01 2.417870238423347473e-02 -1.706926524639129639e-02 2.222084440290927887e-03 2.822042210027575493e-03 6.652552634477615356e-03
4.889095723628997803e-01 2.787908166646957397e-02 -5.579899065196514130e-03 1.970155426533892751e-04 2.384649589657783508e-03 8.375055156648159027e-03
5.033941268920898438e-01 1.621529110707342625e-03 3.925529308617115021e-04 -9.418078116141259670e-05 2.029676456004381180e-03 9.123662486672401428e-03
4.776806533336639404e-01 9.785803034901618958e-03 -8.506197482347488403e-03 3.822850703727453947e-04 2.214696025475859642e-03 5.310957320034503937e-03
4.617364406585693359e-01 4.615311697125434875e-02 -7.726996671408414841e-03 -2.942488208645954728e-05 2.433458343148231506e-03 3.394850529730319977e-03
