4.165854305028915405e-03 1.664902665652334690e-03 1.338020956609398127e-04 1.775058808561880141e-05 1.781296487024519593e-05 1.525083935121074319e-04
3.582201199606060982e-03 1.646699849516153336e-03 1.306154154008254409e-04 1.993816113099455833e-05 1.892279942694585770e-05 3.875785914715379477e-04
3.874093759804964066e-03 1.487015048041939735e-03 1.305760961258783937e-04 1.930141661432571709e-05 1.878345574368722737e-05 1.863039797171950340e-04
3.569455584511160851e-03 1.530584529973566532e-03 1.620128605281934142e-04 2.232455517514608800e-05 2.319079067092388868e-05 1.541729434393346310e-04
4.666587803512811661e-03 1.679453300312161446e-03 1.351207756670191884e-04 2.052469972113613039e-05 1.915585198730695993e-05 2.139759453712031245e-04
4.687696695327758789e-03 2.060654107481241226e-03 1.481718645663931966e-04 2.035318357229698449e-05 2.306282294739503413e-05 3.578742034733295441e-04
4.493594169616699219e-03 1.998906955122947693e-03 1.291368389502167702e-04 2.049844624707475305e-05 1.768574657035060227e-05 1.971755264094099402e-04
3.681516041979193687e-03 1.617716276086866856e-03 1.295668625971302390e-04 2.326666253793518990e-05 1.713272467895876616e-05 2.203458716394379735e-04
2.658658660948276520e-03 1.601748750545084476e-03 1.163005290436558425e-04 2.028184826485812664e-05 1.516552947578020394e-05 1.328550424659624696e-04
2.852540696039795876e-03 1.508734771050512791e-03 1.203568754135631025e-04 2.138765194104053080e-05 1.571424218127503991e-05 1.217157041537575424e-04
5.299603566527366638e-03 2.016987651586532593e-03 1.433852448826655746e-04 2.161856173188425601e-05 2.101409518218133599e-05 2.936610835604369640e-04
5.041285883635282516e-03 1.808219007216393948e-03 1.812020491342991590e-04 2.592366217868402600e-05 2.526842945371754467e-05 2.616984129417687654e-04
3.107055556029081345e-03 1.702297246083617210e-03 1.332093379460275173e-04 2.532034523028414696e-05 1.783105653885286301e-05 2.132978697773069143e-04
2.277031075209379196e-03 1.895840629003942013e-03 1.119266817113384604e-04 2.406831845291890204e-05 1.491413240728434175e-05 2.384668478043749928e-04
2.922404557466506958e-03 1.618490787222981453e-03 1.186486551887355745e-04 2.560982829891145229e-05 1.560286909807473421e-05 2.326479880139231682e-04
3.065302269533276558e-03 1.702680252492427826e-03 1.121118330047465861e-04 2.408026375633198768e-05 1.473937390983337536e-05 2.907797170337289572e-04
3.105025971308350563e-03 2.095107920467853546e-03 1.142776018241420388e-04 2.603407483547925949e-05 1.427260485797887668e-05 3.222535015083849430e-04
3.563772886991500854e-03 2.190102357417345047e-03 1.194044816656969488e-04 2.562891677371226251e-05 1.525294555904110894e-05 3.985849325545132160e-04
2.492018975317478180e-03 1.220067031681537628e-03 1.285437610931694508e-04 2.434326961520127952e-05 1.549694752611685544e-05 1.584831334184855223e-04
2.857435727491974831e-03 1.616584602743387222e-03 1.240877172676846385e-04 2.331014547962695360e-05 1.531698217149823904e-05 1.878201437648385763e-04
2.979689976200461388e-03 1.431288081221282482e-03 1.189363611047156155e-04 2.302145730936899781e-05 1.501074439147487283e-05 2.382113598287105560e-04
3.133673453703522682e-03 1.519176177680492401e-03 1.243166043423116207e-04 2.168092032661661506e-05 1.549618355056736618e-05 3.235512122046202421e-04
3.495688317343592644e-03 1.555387978442013264e-03 1.129196753026917577e-04 2.042616688413545489e-05 1.450720355933299288e-05 3.215521865058690310e-04
3.509797388687729836e-03 1.475484226830303669e-03 1.209902475238777697e-04 2.228559969807974994e-05 1.525424613646464422e-05 3.417043189983814955e-04
3.371044294908642769e-03 1.315196161158382893e-03 1.213859359268099070e-04 2.108685475832317024e-05 1.476431407354539260e-05 3.861728473566472530e-04
2.882797271013259888e-03 1.123855588957667351e-03 1.261873403564095497e-04 2.177397618652321398e-05 1.560869714012369514e-05 2.873846678994596004e-04
3.271763678640127182e-03 1.253226189874112606e-03 1.240978745045140386e-04 2.271741868753451854e-05 1.489308215241180733e-05 1.608115562703460455e-04
3.391538048163056374e-03 1.972394296899437904e-03 1.232431241078302264e-04 2.340356513741426170e-05 1.459509076084941626e-05 2.082061982946470380e-04
3.380489768460392952e-03 1.678482163697481155e-03 1.185098008136264980e-04 2.113118534907698631e-05 1.495954165875446051e-05 2.288832183694466949e-04
2.718363888561725616e-03 1.550824381411075592e-03 1.354342966806143522e-04 2.566310649854131043e-05 1.571333086758386344e-05 2.220364985987544060e-04
3.498595906421542168e-03 1.236325828358530998e-03 1.213711148011498153e-04 2.213718107668682933e-05 1.477652494941139594e-05 3.197763289790600538e-04
3.187640104442834854e-03 1.448104041628539562e-03 1.180475665023550391e-04 2.201783718192018569e-05 1.441200038243550807e-05 2.924099389929324389e-04
2.635995391756296158e-03 1.281305216252803802e-03 1.123856927733868361e-04 1.993896148633211851e-05 1.500803955423180014e-05 2.502640127204358578e-04
2.678104909136891365e-03 1.418306375853717327e-03 1.179386308649554849e-04 2.207933357567526400e-05 1.446743135602446273e-05 2.962004800792783499e-04
2.606560010462999344e-03 1.500565907917916775e-03 1.099156870623119175e-04 2.008188857871573418e-05 1.432357112207682803e-05 3.330719482619315386e-04
2.404841594398021698e-03 1.438189879991114140e-03 1.158923842012882233e-04 2.122751720889937133e-05 1.433683064533397555e-05 2.749198174569755793e-04
2.374611562117934227e-03 1.805530628189444542e-03 1.149281670222990215e-04 2.025117464654613286e-05 1.438858089386485517e-05 3.113170096185058355e-04
5.312120076268911362e-03 1.821887330152094364e-03 1.354325795546174049e-04 2.171335108869243413e-05 1.748097929521463811e-05 2.749045670498162508e-04
2.269658492878079414e-03 1.677142689004540443e-03 1.220651247422210872e-04 2.240284811705350876e-05 1.490706108597805724e-05 2.099025005009025335e-04
2.715919399634003639e-03 1.695505343377590179e-03 1.171840995084494352e-04 2.253135426144581288e-05 1.428589166607707739e-05 2.902639971580356359e-04
2.872533164918422699e-03 1.705808215774595737e-03 1.228988112416118383e-04 2.177727583330124617e-05 1.534034527139738202e-05 2.741474017966538668e-04
3.565464867278933525e-03 2.053271280601620674e-03 1.211142443935386837e-04 2.197173853346612304e-05 1.588149825693108141e-05 3.393624501768499613e-04
5.246723070740699768e-03 2.189244609326124191e-03 1.288940984522923827e-04 2.090554153255652636e-05 1.799514757294673473e-05 3.369479964021593332e-04
2.420085249468684196e-03 1.948048360645771027e-03 1.131446479121223092e-04 2.110947571054566652e-05 1.456269728805636987e-05 2.695940202102065086e-04
2.508276142179965973e-03 1.864549121819436550e-03 1.324628683505579829e-04 2.423967998765874654e-05 1.590300416864920408e-05 2.418074145680293441e-04
5.629490129649639130e-03 1.922445022501051426e-03 1.298866118304431438e-04 2.113239133905153722e-05 1.769280243024695665e-05 3.874209651257842779e-04
4.191727377474308014e-03 1.821470446884632111e-03 1.171037583844736218e-04 2.137009141733869910e-05 1.539655204396694899e-05 3.384464362170547247e-04
3.255235031247138977e-03 2.136922907084226608e-03 1.206870365422219038e-04 2.244088682346045971e-05 1.489191345172002912e-05 2.500779228284955025e-04
3.472477663308382034e-03 2.042275620624423027e-03 1.368248194921761751e-04 2.367620436416473240e-05 1.669593257247470319e-05 2.939619298558682203e-04
3.891861066222190857e-03 1.811904134228825569e-03 1.207149834954179823e-04 2.218266490672249347e-05 1.501192582509247586e-05 2.931431808974593878e-04
4.325129091739654541e-03 1.906408229842782021e-03 1.283110323129221797e-04 2.232638325949665159e-05 1.727198468870483339e-05 3.879135765600949526e-04
4.365131724625825882e-03 2.193714724853634834e-03 1.258610718650743365e-04 2.193359068769495934e-05 1.549478838569484651e-05 3.246002015657722950e-04
4.282103385776281357e-03 2.177102025598287582e-03 1.268992637051269412e-04 2.322672298760153353e-05 1.549814987811259925e-05 3.328196180518716574e-04
5.260454490780830383e-03 2.031499054282903671e-03 1.280349388252943754e-04 2.275586848554667085e-05 1.662483555264770985e-05 3.634716558735817671e-04
4.346404690295457840e-03 1.991748344153165817e-03 1.303920871578156948e-04 2.085789128614123911e-05 1.694795901130419225e-05 2.350721188122406602e-04
5.668745376169681549e-03 2.211217768490314484e-03 1.825380895752459764e-04 2.320240673725493252e-05 2.802001108648255467e-05 2.698392490856349468e-04
5.381750874221324921e-03 2.388352062553167343e-03 1.468142581870779395e-04 2.274056714668404311e-05 2.115090319421142340e-05 3.690879675559699535e-04
3.578693605959415436e-03 2.172859152778983116e-03 1.177010999526828527e-04 2.113687150995247066e-05 1.444032568542752415e-05 2.954811789095401764e-04
2.851179568096995354e-03 1.979823457077145576e-03 1.159431776613928378e-04 2.071984454232733697e-05 1.430487372999778017e-05 2.889680908992886543e-04
4.874333739280700684e-03 2.280809450894594193e-03 1.880194904515519738e-04 2.307671638845931739e-05 2.863566987798549235e-05 3.501266473904252052e-04
3.305491758510470390e-03 2.088101813569664955e-03 1.247391046490520239e-04 2.413187758065760136e-05 1.596981746843084693e-05 3.405738098081201315e-04
2.908711787313222885e-03 1.964850816875696182e-03 1.251799112651497126e-04 2.323182889085728675e-05 1.628942300158087164e-05 3.453972458373755217e-04
2.741211559623479843e-03 1.619849004782736301e-03 1.209354013553820550e-04 2.221628892584703863e-05 1.566642458783462644e-05 2.931767376139760017e-04
2.829710720106959343e-03 1.521476777270436287e-03 1.293218665523454547e-04 2.294161458848975599e-05 1.651791535550728440e-05 3.200039791408926249e-04
3.323232522234320641e-03 1.435157377272844315e-03 1.211733251693658531e-04 2.268716525577474385e-05 1.479272577853407711e-05 3.045748744625598192e-04
3.452987875789403915e-03 1.481910934671759605e-03 1.291030057473108172e-04 2.454336208757013083e-05 1.687449184828437865e-05 3.259733784943819046e-04
3.200501203536987305e-03 1.601131516508758068e-03 1.257844705833122134e-04 2.482887066435068846e-05 1.582931690791156143e-05 3.702427784446626902e-04
3.175199497491121292e-03 1.458911690860986710e-03 1.202901985379867256e-04 2.554891580075491220e-05 1.480025548517005518e-05 3.411959623917937279e-04
2.881355583667755127e-03 1.311035826802253723e-03 1.198982863570563495e-04 2.718182440730743110e-05 1.483820233261212707e-05 3.150941920466721058e-04
2.569075208157300949e-03 1.028680242598056793e-03 1.300734147662296891e-04 2.631479037518147379e-05 1.585211248311679810e-05 2.157268754672259092e-04
3.264363855123519897e-03 1.014613080769777298e-03 1.306453632423654199e-04 2.921075065387412906e-05 1.545637132949195802e-05 3.368280886206775904e-04
2.448491519317030907e-03 1.030605752021074295e-03 1.175438592326827347e-04 2.593397221062332392e-05 1.442996290279552341e-05 3.445991897024214268e-04
1.929910620674490929e-03 1.033644657582044601e-03 1.212694915011525154e-04 2.579013016656972468e-05 1.446017085982020944e-05 2.829146396834403276e-04
1.694766222499310970e-03 1.132734585553407669e-03 1.170644463854841888e-04 2.381630838499404490e-05 1.428330688213463873e-05 2.622308384161442518e-04
1.989032840356230736e-03 1.246280851773917675e-03 1.164228087873198092e-04 2.239482455479446799e-05 1.424665515514789149e-05 3.179385093972086906e-04
2.012687036767601967e-03 1.279396587051451206e-03 1.159767416538670659e-04 2.196361310780048370e-05 1.446769783797208220e-05 3.229054273106157780e-04
2.022622851654887199e-03 1.419525942765176296e-03 1.116934727178886533e-04 2.018312261498067528e-05 1.478252215747488663e-05 3.223434323444962502e-04
1.972212456166744232e-03 1.498735393397510052e-03 1.240538840647786856e-04 2.555136961746029556e-05 1.516477550467243418e-05 3.213497402612119913e-04
2.204747870564460754e-03 1.554781454615294933e-03 1.325935008935630322e-04 2.272647907375358045e-05 1.558140866109170020e-05 3.097846056334674358e-04
2.721037948504090309e-03 1.969587989151477814e-03 1.246128522325307131e-04 2.272811616421677172e-05 1.623312164156232029e-05 2.277657185913994908e-04
2.718783915042877197e-03 1.959571847692131996e-03 1.089240759029053152e-04 1.910063110699411482e-05 1.385656378261046484e-05 3.309765306767076254e-04
3.822949016466736794e-03 2.415526658296585083e-03 1.102642199839465320e-04 1.966314630408305675e-05 1.493095533078303561e-05 3.661882947199046612e-04
3.708921140059828758e-03 2.332274569198489189e-03 1.081166701624169946e-04 1.884173434518743306e-05 1.428998984920326620e-05 3.995918959844857454e-04
2.028689719736576080e-03 2.195521723479032516e-03 1.094765175366774201e-04 1.954220715560950339e-05 1.454901121178409085e-05 3.609772538766264915e-04
2.674083225429058075e-03 2.086703199893236160e-03 1.018252223730087280e-04 1.763307409419212490e-05 1.437485934729920700e-05 3.274754853919148445e-04
2.498576184734702110e-03 2.113099908456206322e-03 9.852128277998417616e-05 1.759508813847787678e-05 1.398630229232367128e-05 2.261574118165299296e-04
1.712249941192567348e-03 2.534201368689537048e-03 1.092418460757471621e-04 1.838058778957929462e-05 1.493754461989738047e-05 2.466712030582129955e-04
2.560942200943827629e-03 2.640960970893502235e-03 1.126726274378597736e-04 1.929074278450571001e-05 1.599930510565172881e-05 3.396661777514964342e-04
3.118284977972507477e-03 2.792231272906064987e-03 1.084896575775928795e-04 1.851183151302393526e-05 1.479753609601175413e-05 3.209299757145345211e-04
2.702484140172600746e-03 2.390741137787699699e-03 1.060638023773208261e-04 1.872087341325823218e-05 1.422296281816670671e-05 2.967303444165736437e-04
2.634899457916617393e-03 2.733787288889288902e-03 1.038220216287299991e-04 1.746189445839263499e-05 1.544862243463285267e-05 2.982802980113774538e-04
5.109525285661220551e-03 3.079090267419815063e-03 1.032230575219728053e-04 1.903203883557580411e-05 1.462941690988373011e-05 3.678942448459565639e-04
3.950244747102260590e-03 2.252377802506089211e-03 1.010055202641524374e-04 1.822995182010345161e-05 1.383123162668198347e-05 3.257406060583889484e-04
4.977317992597818375e-03 3.420198801904916763e-03 1.016825481201522052e-04 1.738808532536495477e-05 1.513934785180026665e-05 4.118108481634408236e-04
4.378697834908962250e-03 2.992397407069802284e-03 1.069094287231564522e-04 1.806860927899833769e-05 1.514042833150597289e-05 3.495481796562671661e-04
2.516251988708972931e-03 2.239724155515432358e-03 9.883727761916816235e-05 1.679674824117682874e-05 1.484717813582392409e-05 2.141216536983847618e-04
3.215456847101449966e-03 2.111947396770119667e-03 9.542137559037655592e-05 1.566642640682402998e-05 1.480528226238675416e-05 3.123721689917147160e-04
3.005891107022762299e-03 2.780378563329577446e-03 9.626738756196573377e-05 1.635167427593842149e-05 1.348884325125254691e-05 3.086682409048080444e-04
2.560528228059411049e-03 3.113398794084787369e-03 1.089090510504320264e-04 2.029062670771963894e-05 1.458229053241666406e-05 3.381949791219085455e-04
5.020896904170513153e-03 3.064724151045084000e-03 1.021065691020339727e-04 1.742879794619511813e-05 1.536974923510570079e-05 3.272487083449959755e-04
2.859043888747692108e-03 2.533041173592209816e-03 1.010610358207486570e-04 1.712872472126036882e-05 1.515744497737614438e-05 2.448083541821688414e-04
2.645647153258323669e-03 2.488218015059828758e-03 9.797103120945394039e-05 1.638993671804200858e-05 1.455837264074943960e-05 2.537301043048501015e-04
2.469254890456795692e-03 2.136615337803959846e-03 1.115305713028647006e-04 1.904147939058020711e-05 1.575913483975455165e-05 2.239159512100741267e-04
3.543549450114369392e-03 2.357401186600327492e-03 1.061391449184156954e-04 1.786470784281846136e-05 1.512004291726043448e-05 3.251132438890635967e-04
2.661564853042364120e-03 2.245794748887419701e-03 9.964046330424025655e-05 1.695719947747420520e-05 1.445054385840194300e-05 3.147386305499821901e-04
2.619151258841156960e-03 3.325587837025523186e-03 9.690962178865447640e-05 1.678632179391570389e-05 1.456522022635908797e-05 3.320573014207184315e-04
2.241151873022317886e-03 2.685349434614181519e-03 1.104822222259826958e-04 1.975681698240805417e-05 1.509742924099555239e-05 3.786727611441165209e-04
2.524542389437556267e-03 2.252987818792462349e-03 1.049953352776356041e-04 1.961663292604498565e-05 1.381870788463857025e-05 3.133345744572579861e-04
2.274377038702368736e-03 1.961087575182318687e-03 1.067824050551280379e-04 1.985969174711499363e-05 1.420353237335802987e-05 3.053960681427270174e-04
2.281164750456809998e-03 1.789936912246048450e-03 1.067688426701352000e-04 1.835436341934837401e-05 1.472073108743643388e-05 2.788810525089502335e-04
1.650834339670836926e-03 1.692555495537817478e-03 1.053273081197403371e-04 1.979571970878168941e-05 1.375577539874939248e-05 1.842375640990212560e-04
2.329901559278368950e-03 1.393352868035435677e-03 1.159981038654223084e-04 2.131547807948663831e-05 1.389160570397507399e-05 1.894602464744821191e-04
1.656297943554818630e-03 1.336593180894851685e-03 1.222945138579234481e-04 2.249783028673846275e-05 1.488101770519278944e-05 1.833458809414878488e-04
2.453355118632316589e-03 1.529462169855833054e-03 1.232749345945194364e-04 2.249585668323561549e-05 1.499273821536917239e-05 3.821580321528017521e-04
2.538283122703433037e-03 1.372735016047954559e-03 1.153959601651877165e-04 2.114729250024538487e-05 1.372103997709928080e-05 1.990336604649201035e-04
3.398127155378460884e-03 1.543753314763307571e-03 1.256290997844189405e-04 2.267375384690240026e-05 1.452851756766904145e-05 3.354740329086780548e-04
1.429444761015474796e-03 9.356953087262809277e-04 1.233203220181167126e-04 2.255394429084844887e-05 1.452008655178360641e-05 1.990192104130983353e-04
1.902645220980048180e-03 1.018227078020572662e-03 1.140960230259224772e-04 2.089297413476742804e-05 1.445933594368398190e-05 2.645580389071255922e-04
3.145231865346431732e-03 1.284924568608403206e-03 1.198182217194698751e-04 2.246794429083820432e-05 1.467483343731146306e-05 2.787980483844876289e-04
1.487008063122630119e-03 1.645709155127406120e-03 1.190228649647906423e-04 2.136228249582927674e-05 1.431839609722374007e-05 1.378095184918493032e-04
2.274074358865618706e-03 1.523892977274954319e-03 1.167787049780599773e-04 2.051943010883405805e-05 1.443179371563019231e-05 3.168906841892749071e-04
2.576157683506608009e-03 1.569555606693029404e-03 1.182565611088648438e-04 2.218066401837859303e-05 1.500183770986041054e-05 1.903566735563799739e-04
1.537477714009582996e-03 1.705510192550718784e-03 1.114665792556479573e-04 1.968808464880567044e-05 1.426068592991214246e-05 1.567037543281912804e-04
2.002106280997395515e-03 1.841458724811673164e-03 1.201162231154739857e-04 2.110613786499015987e-05 1.526288542663678527e-05 1.726746559143066406e-04
