2.022868487983942032e-03 7.579706143587827682e-04 8.050641190493479371e-05 1.274751139135332778e-05 1.112410791392903775e-05 4.362710751593112946e-05
4.154955036938190460e-03 1.520418212749063969e-03 9.759706154000014067e-05 1.569451524119358510e-05 1.289521060243714601e-05 4.023960354970768094e-05
1.803704653866589069e-04 5.087112076580524445e-04 9.065550693776458502e-05 1.521306694485247135e-05 1.208396224683383480e-05 4.822526170755736530e-05
3.851820016279816628e-03 1.473459764383733273e-03 9.174891602015122771e-05 1.551411332911811769e-05 1.233882085216464475e-05 4.133924812776967883e-05
3.711347235366702080e-03 1.476691570132970810e-03 9.413363295607268810e-05 1.615253495401702821e-05 1.238595086761051789e-05 4.035306847072206438e-05
3.398793051019310951e-03 1.363350776955485344e-03 9.546874935040250421e-05 1.614134271221701056e-05 1.265152968699112535e-05 4.184343924862332642e-05
1.826852676458656788e-04 4.730848304461687803e-04 9.669394057709723711e-05 1.621191768208518624e-05 1.306721514993114397e-05 5.234301715972833335e-05
1.901203213492408395e-04 4.746715130750089884e-04 1.016683963825926185e-04 1.727888411551248282e-05 1.278943636862095445e-05 5.137604603078216314e-05
3.105124458670616150e-03 1.411595731042325497e-03 1.053180603776127100e-04 1.804271232686005533e-05 1.327250902249943465e-05 4.438995529199019074e-05
3.228286514058709145e-03 1.556202420033514500e-03 9.673665772425010800e-05 1.665404852246865630e-05 1.267224797629751265e-05 5.906226215302012861e-05
2.434518421068787575e-03 1.147552509792149067e-03 9.560128819430246949e-05 1.652856553846504539e-05 1.259843429579632357e-05 4.299982538213953376e-05
2.628478454425930977e-03 1.261108438484370708e-03 9.544388012727722526e-05 1.713034362182952464e-05 1.229812460223911330e-05 4.444613296072930098e-05
1.929473713971674442e-03 1.030689920298755169e-03 1.056127293850295246e-04 1.855955088103655726e-05 1.305409114138456061e-05 5.808416244690306485e-05
1.600658055394887924e-03 9.410057100467383862e-04 1.009899133350700140e-04 1.817515658331103623e-05 1.288790463149780408e-05 5.692140257451683283e-05
1.714541926048696041e-03 9.451230871491134167e-04 9.635926107876002789e-05 1.785232234396971762e-05 1.248870012204861268e-05 4.321778396843001246e-05
1.821312005631625652e-03 1.029552193358540535e-03 1.042326184688135982e-04 1.888450788101181388e-05 1.278615764022106305e-05 4.051763971801847219e-05
2.683405764400959015e-03 1.467542024329304695e-03 9.977967420127242804e-05 1.855883238022215664e-05 1.263582635147031397e-05 3.641457078629173338e-05
2.450568834319710732e-03 1.420953078195452690e-03 1.021116841002367437e-04 1.872040775197092444e-05 1.267648895009187981e-05 4.380313475849106908e-05
2.504020463675260544e-03 1.466034911572933197e-03 1.089486613636836410e-04 1.944512587215285748e-05 1.293316745432093740e-05 9.671187581261619925e-05
1.983731053769588470e-03 1.257735420949757099e-03 1.098308566724881530e-04 1.954578692675568163e-05 1.331926432612817734e-05 6.192419823491945863e-05
1.687386422418057919e-03 1.027403865009546280e-03 1.044708405970595777e-04 1.763212094374466687e-05 1.333175805484643206e-05 4.715528120868839324e-05
1.679958892054855824e-03 1.047946978360414505e-03 9.615649469196796417e-05 1.686041832726914436e-05 1.207318564411252737e-05 4.887471004622057080e-05
1.767419045791029930e-03 1.149242511019110680e-03 1.094531762646511197e-04 1.858369432738982141e-05 1.284857535210903734e-05 7.973008177941665053e-05
1.585887395776808262e-03 1.028796192258596420e-03 1.023359945975244045e-04 1.731422162265516818e-05 1.274875558010535315e-05 5.720303670386783779e-05
1.663764473050832748e-03 9.973011910915374756e-04 9.981805487768724561e-05 1.708803210931364447e-05 1.254715061804745346e-05 6.504702469101175666e-05
1.826975494623184204e-03 1.152495504356920719e-03 1.117971987696364522e-04 1.882944343378767371e-05 1.339384016318945214e-05 4.808213634532876313e-05
1.661181566305458546e-03 1.064112759195268154e-03 1.010380728985182941e-04 1.692360274319071323e-05 1.249131673830561340e-05 6.166591629153117537e-05
1.603767508640885353e-03 1.100571244023740292e-03 9.924820915330201387e-05 1.672099278948735446e-05 1.234075807587942109e-05 8.977319521363824606e-05
1.912615844048559666e-03 1.089476863853633404e-03 1.065855904016643763e-04 1.839014475990552455e-05 1.253609116247389466e-05 5.994806997478008270e-05
1.773827942088246346e-03 1.213977462612092495e-03 1.027327598421834409e-04 1.766975947248283774e-05 1.219386740558547899e-05 5.193395918468013406e-05
1.729305717162787914e-03 1.019148621708154678e-03 1.026186291710473597e-04 1.764205990184564143e-05 1.219648493133718148e-05 4.979970981366932392e-05
2.014445839449763298e-03 1.138529274612665176e-03 9.692957246443256736e-05 1.682495167187880725e-05 1.193074967886786908e-05 9.640817734180018306e-05
2.049673581495881081e-03 1.179317012429237366e-03 1.062470764736644924e-04 1.794791023712605238e-05 1.268304004042875022e-05 9.792148193810135126e-05
2.330442192032933235e-03 1.354805892333388329e-03 1.106382915168069303e-04 1.846108534664381295e-05 1.307072852796409279e-05 1.085173644241876900e-04
1.502134487964212894e-03 1.093399827368557453e-03 1.035693057929165661e-04 1.722231354506220669e-05 1.252333186130272225e-05 9.352606139145791531e-05
1.319049391895532608e-03 8.739557815715670586e-04 1.049346756190061569e-04 1.827340383897535503e-05 1.239273660758044571e-05 1.035468012560158968e-04
2.836422761902213097e-03 1.606527483090758324e-03 1.014839435811154544e-04 1.685728966549504548e-05 1.264131515199551359e-05 1.788505469448864460e-04
1.774271833710372448e-03 1.471759169362485409e-03 1.034892629832029343e-04 1.741903179208748043e-05 1.265753235202282667e-05 5.860204691998660564e-05
1.431671553291380405e-03 1.225870801135897636e-03 1.122279863920994103e-04 1.884362791315652430e-05 1.307696493313414976e-05 5.439999586087651551e-05
1.450778916478157043e-03 1.290140673518180847e-03 1.105348055716603994e-04 1.870011510618496686e-05 1.287594386667478830e-05 4.965082189301028848e-05
1.163567882031202316e-03 1.044200733304023743e-03 1.060062641045078635e-04 1.776475255610421300e-05 1.244146187673322856e-05 5.099898044136352837e-05
2.010130090638995171e-03 1.656313426792621613e-03 1.016547903418540955e-04 1.734215038595721126e-05 1.231157239089952782e-05 5.895562935620546341e-05
1.502560917288064957e-03 1.073415856808423996e-03 1.042522708303295076e-04 1.803518898668698967e-05 1.240185247297631577e-05 5.147944466443732381e-05
1.637177541851997375e-03 1.260822056792676449e-03 1.073461971827782691e-04 1.836181581893470138e-05 1.295765378017676994e-05 8.457293733954429626e-05
1.796897267922759056e-03 1.414641737937927246e-03 1.080295987776480615e-04 1.800870450097136199e-05 1.273414181923726574e-05 6.955341814318671823e-05
1.887525781057775021e-03 1.658573513850569725e-03 9.936133574228733778e-05 1.739927029120735824e-05 1.231667647516587749e-05 6.911093805683776736e-05
4.495978821069002151e-03 1.648877863772213459e-03 1.164023487945087254e-04 1.870734013209585100e-05 1.355298718408448622e-05 2.218750450992956758e-04
2.694778610020875931e-03 1.504921587184071541e-03 1.168262388091534376e-04 1.921118928294163197e-05 1.331770909018814564e-05 1.352312974631786346e-04
1.841401215642690659e-03 1.472616102546453476e-03 1.092291422537527978e-04 1.848395004344638437e-05 1.322480875387554988e-05 1.046532561304047704e-04
1.910680322907865047e-03 1.597783295437693596e-03 1.170268224086612463e-04 1.991762837860733271e-05 1.351109676761552691e-05 8.382211672142148018e-05
2.342431340366601944e-03 1.758788363076746464e-03 1.068417332135140896e-04 1.790349415387026966e-05 1.288339353777701035e-05 8.138957491610199213e-05
1.753855147399008274e-03 1.217167475260794163e-03 1.131979006459005177e-04 1.942675771715585142e-05 1.305420300923287868e-05 7.969632133608683944e-05
1.937707769684493542e-03 1.594625995494425297e-03 1.100634981412440538e-04 1.824265928007662296e-05 1.282092034671222791e-05 8.097261888906359673e-05
2.406122395768761635e-03 1.940749119967222214e-03 1.152713593910448253e-04 1.964492912520654500e-05 1.308580885961418971e-05 8.898423402570188046e-05
2.482393756508827209e-03 2.020628657191991806e-03 1.151373071479611099e-04 1.882511423900723457e-05 1.313771826971787959e-05 8.662926120450720191e-05
2.295936457812786102e-03 1.491600647568702698e-03 1.115997511078603566e-04 1.808781962608918548e-05 1.351338141830638051e-05 1.097484273486770689e-04
2.934095449745655060e-03 1.879544695839285851e-03 1.129271040554158390e-04 1.876403621281497180e-05 1.305460682488046587e-05 1.085479889297857881e-04
2.593456301838159561e-03 1.985935261473059654e-03 1.183885833597742021e-04 2.000145832425914705e-05 1.351323862763820216e-05 8.628560317447409034e-05
2.424577251076698303e-03 1.991010969504714012e-03 1.108042706619016826e-04 1.880136369436513633e-05 1.321291529166046530e-05 7.956270565045997500e-05
2.559340326115489006e-03 1.975832739844918251e-03 1.145483474829234183e-04 1.931766200868878514e-05 1.336038258159533143e-05 8.214082481572404504e-05
2.099444158375263214e-03 1.891040476039052010e-03 1.129769079852849245e-04 1.935368709382601082e-05 1.327847894572187215e-05 8.929344039643183351e-05
2.274041529744863510e-03 1.699400600045919418e-03 1.204794607474468648e-04 1.999284540943335742e-05 1.417434850736754015e-05 1.037472829921171069e-04
2.202631207183003426e-03 1.474934164434671402e-03 1.091279773390851915e-04 1.873875407909508795e-05 1.337696630798745900e-05 8.660042658448219299e-05
3.152654739096760750e-03 1.522815669886767864e-03 1.117128558689728379e-04 1.890214298327919096e-05 1.455312849429901689e-05 8.531721687177196145e-05
2.761308103799819946e-03 1.174868666566908360e-03 1.180078324978239834e-04 2.029612733167596161e-05 1.411109042237512767e-05 1.000778938760049641e-04
2.315068617463111877e-03 1.510689384303987026e-03 1.141318934969604015e-04 1.994183003262151033e-05 1.387374868500046432e-05 1.013318396871909499e-04
2.400973811745643616e-03 1.452252152375876904e-03 1.195467702927999198e-04 2.116863288392778486e-05 1.470646111556561664e-05 1.060711219906806946e-04
2.420133445411920547e-03 1.348715857602655888e-03 1.215853189933113754e-04 2.250110810564365238e-05 1.360163423669291660e-05 1.094524850486777723e-04
2.566752955317497253e-03 1.309927785769104958e-03 1.173644996015354991e-04 2.193600630562286824e-05 1.391755722579546273e-05 1.038560294546186924e-04
2.502838149666786194e-03 6.803895230405032635e-04 1.214471049024723470e-04 2.380540172453038394e-05 1.369099481962621212e-05 1.020339768729172647e-04
5.963979492662474513e-05 1.051317667588591576e-03 1.141479951911605895e-04 2.321659849258139729e-05 1.301948395848739892e-05 8.071716729318723083e-05
2.339422469958662987e-03 9.240654180757701397e-04 1.064213793142698705e-04 2.122371552104596049e-05 1.234616047440795228e-05 1.125247508753091097e-04
2.746516838669776917e-03 8.775243186391890049e-04 1.155690988525748253e-04 2.226211472589056939e-05 1.361699378321645781e-05 1.222807622980326414e-04
2.200740389525890350e-03 1.044191885739564896e-03 1.105490518966689706e-04 2.163394128729123622e-05 1.336750665359431878e-05 1.019343908410519361e-04
2.318009734153747559e-03 1.308960141614079475e-03 1.089136712835170329e-04 1.959879227797500789e-05 1.345961118204286322e-05 1.152214172179810703e-04
2.012750832363963127e-03 1.200185157358646393e-03 1.070098151103593409e-04 1.941003029060084373e-05 1.363790306641021743e-05 1.177469312096945941e-04
2.039354294538497925e-03 1.422325964085757732e-03 1.085862022591754794e-04 1.884031735244207084e-05 1.355440963379805908e-05 8.284959767479449511e-05
2.321301726624369621e-03 1.239100587554275990e-03 1.113963153329677880e-04 1.886798054329119623e-05 1.363473438686924055e-05 9.084030898520722985e-05
2.137495670467615128e-03 1.455963589251041412e-03 1.160266983788460493e-04 1.934786996571347117e-05 1.387996417179238051e-05 9.389066690346226096e-05
2.213762141764163971e-03 1.442488166503608227e-03 1.031021456583403051e-04 1.697344850981608033e-05 1.349159447272541001e-05 8.729137334739789367e-05
1.921156072057783604e-03 1.428359304554760456e-03 1.075113395927473903e-04 1.771823008311912417e-05 1.357076416752533987e-05 8.672988042235374451e-05
2.811768790706992149e-03 1.991531113162636757e-03 9.994048741646111012e-05 1.701622204564046115e-05 1.262629393750103191e-05 1.214414514834061265e-04
3.593757050111889839e-03 1.848401618190109730e-03 1.004150981316342950e-04 1.678905755397863686e-05 1.292471915803616866e-05 1.717706472845748067e-04
2.595276338979601860e-03 1.427678158506751060e-03 9.885125473374500871e-05 1.655848973314277828e-05 1.316081943514291197e-05 1.062919618561863899e-04
1.457066973671317101e-03 1.713668112643063068e-03 9.618629701435565948e-05 1.598911694600246847e-05 1.261769648408517241e-05 9.445454634260386229e-05
2.345662796869874001e-03 1.894407090730965137e-03 9.359847899759188294e-05 1.540473931527230889e-05 1.241131121787475422e-05 1.092471356969326735e-04
1.625101314857602119e-03 1.333577907644212246e-03 9.461977606406435370e-05 1.557807081553619355e-05 1.271957080462016165e-05 7.768989598844200373e-05
2.254850929602980614e-03 2.207834040746092796e-03 9.255002078134566545e-05 1.560700911795720458e-05 1.250157583854161203e-05 8.995441021397709846e-05
2.511370461434125900e-03 1.726253191009163857e-03 9.433188097318634391e-05 1.538052129035349935e-05 1.273755242436891422e-05 1.156634607468731701e-04
2.711225766688585281e-03 1.737329992465674877e-03 9.783248242456465960e-05 1.585678000992629677e-05 1.336236709903459996e-05 1.408883690601214767e-04
2.359502715989947319e-03 2.047693124040961266e-03 9.136625885730609298e-05 1.509475623606704175e-05 1.245179555553477257e-05 9.189934644382447004e-05
2.987557789310812950e-03 1.856992719694972038e-03 9.135586151387542486e-05 1.484352924308041111e-05 1.271092878596391529e-05 1.196313751279376447e-04
2.494547748938202858e-03 1.494593103416264057e-03 9.021760342875495553e-05 1.474870259698946029e-05 1.257581061508972198e-05 9.586761734681203961e-05
1.414833706803619862e-03 1.950683537870645523e-03 9.340111864730715752e-05 1.534988950879778713e-05 1.272867939405841753e-05 8.614387479610741138e-05
1.835252507589757442e-03 1.982729882001876831e-03 8.912196062738075852e-05 1.460683688492281362e-05 1.224744573846692219e-05 8.155434625223278999e-05
2.034358214586973190e-03 1.616646535694599152e-03 9.282191604143008590e-05 1.494017215009080246e-05 1.277380215469747782e-05 1.016156675177626312e-04
2.770709805190563202e-03 1.612482592463493347e-03 9.244998364010825753e-05 1.521133526694029570e-05 1.283465280721429735e-05 1.292071683565154672e-04
2.179091330617666245e-03 2.635791199281811714e-03 9.416190732736140490e-05 1.552732464915607125e-05 1.276758575841085985e-05 9.340186807094141841e-05
3.026620717719197273e-03 2.620179904624819756e-03 9.264297113986685872e-05 1.481754043197724968e-05 1.329305086983367801e-05 1.300478907069191337e-04
2.181532792747020721e-03 1.595940440893173218e-03 9.173422586172819138e-05 1.498881920269923285e-05 1.301404699916020036e-05 1.133653422584757209e-04
2.017337828874588013e-03 1.710128970444202423e-03 9.621372009860351682e-05 1.574263114889618009e-05 1.314019937126431614e-05 9.121571929426863790e-05
1.803215243853628635e-03 2.581698121502995491e-03 9.192428842652589083e-05 1.459127179259667173e-05 1.282092580368043855e-05 1.011248314171098173e-04
2.028296468779444695e-03 1.947237644344568253e-03 8.730440458748489618e-05 1.394557966705178842e-05 1.294747471547452733e-05 8.807498670648783445e-05
1.690894830971956253e-03 3.065376542508602142e-03 9.227851842297241092e-05 1.523339597042649984e-05 1.283192159462487325e-05 7.896395982243120670e-05
1.937338965944945812e-03 2.630799543112516403e-03 9.331385808764025569e-05 1.522723323432728648e-05 1.308308492298237979e-05 1.050458231475204229e-04
1.500406418927013874e-03 1.547122257761657238e-03 8.785469981376081705e-05 1.423063713446026668e-05 1.304499983234563842e-05 8.690327376825734973e-05
1.733725541271269321e-03 2.120380755513906479e-03 8.908927702577784657e-05 1.486712153564440086e-05 1.256153518625069410e-05 1.545923878438770771e-04
1.346674165688455105e-03 1.961051719263195992e-03 9.187948307953774929e-05 1.532332316855899990e-05 1.278845502383774146e-05 1.277738629141822457e-04
2.629662631079554558e-03 1.944076386280357838e-03 9.244612010661512613e-05 1.524980689282529056e-05 1.301239080930827186e-05 2.118576085194945335e-04
3.580617951229214668e-03 1.865482772700488567e-03 8.758035983191803098e-05 1.497181528975488618e-05 1.203092324431054294e-05 2.539297565817832947e-04
1.367092831060290337e-03 1.107720891013741493e-03 9.295230120187625289e-05 1.548322688904590905e-05 1.268918549612862989e-05 7.667108002351596951e-05
2.812211634591221809e-03 1.522386679425835609e-03 9.208000847138464451e-05 1.537407661089673638e-05 1.261058514501200989e-05 1.759392325766384602e-04
2.556186169385910034e-03 1.301677548326551914e-03 9.132738341577351093e-05 1.562691250001080334e-05 1.258204065379686654e-05 1.717330014798790216e-04
3.547506872564554214e-03 1.516349730081856251e-03 1.001839773380197585e-04 1.694826460152398795e-05 1.247839554707752541e-05 2.029520837822929025e-04
1.962280599400401115e-03 1.015727757476270199e-03 9.473910904489457607e-05 1.550412525830324739e-05 1.272940426133573055e-05 9.186274837702512741e-05
2.066175220534205437e-03 1.278563053347170353e-03 9.447291813557967544e-05 1.549640364828519523e-05 1.235624768014531583e-05 9.660513751441612840e-05
1.906403340399265289e-03 1.346474396996200085e-03 9.974861313821747899e-05 1.636743218114133924e-05 1.285952839680248871e-05 1.299297582590952516e-04
1.418519648723304272e-03 9.482828318141400814e-04 9.777237573871389031e-05 1.661511669226456434e-05 1.233440252690343186e-05 9.783781570149585605e-05
2.454687375575304031e-03 1.253774156793951988e-03 9.647167462389916182e-05 1.647835415496956557e-05 1.213490759255364537e-05 2.004530397243797779e-04
1.310884137637913227e-03 1.360255177132785320e-03 1.030898783938027918e-04 1.755529046931769699e-05 1.223388517246348783e-05 8.048376912483945489e-05
1.550328102894127369e-03 1.335192471742630005e-03 1.090113728423602879e-04 1.883634467958472669e-05 1.246934243681607768e-05 1.138031148002482951e-04
1.568011823110282421e-03 1.360908965580165386e-03 1.035436143865808845e-04 1.751650052028708160e-05 1.238420827576192096e-05 9.284175030188634992e-05
1.322083058767020702e-03 1.506953383795917034e-03 1.047667319653555751e-04 1.758953476382885128e-05 1.310828611167380586e-05 1.164457571576349437e-04
1.611176528967916965e-03 1.751497155055403709e-03 1.063788949977606535e-04 1.714776772132609040e-05 1.320170667895581573e-05 1.290804939344525337e-04
