3.685618340969085693e-01 6.523647345602512360e-03 -2.144133206456899643e-03 5.770454299636185169e-04 2.041711937636137009e-03 4.354945849627256393e-03
3.737078309059143066e-01 9.548396803438663483e-03 -7.904544472694396973e-04 1.767897483659908175e-04 2.267142292112112045e-03 6.038235034793615341e-03
3.777552843093872070e-01 7.461786735802888870e-03 -1.913976739160716534e-04 -1.957625499926507473e-06 1.714275684207677841e-03 6.775367073714733124e-03
3.695011436939239502e-01 1.271180529147386551e-02 -3.285634156782180071e-04 -3.082746698055416346e-04 5.889584426768124104e-04 6.403106264770030975e-03
3.849332034587860107e-01 9.686591103672981262e-03 -5.078730173408985138e-04 2.349573151150252670e-05 -3.362608840689063072e-04 6.868535652756690979e-03
3.983740508556365967e-01 1.088445447385311127e-02 -2.481617266312241554e-04 1.696951803751289845e-04 -5.369498976506292820e-04 7.994760759174823761e-03
4.165649116039276123e-01 1.437225472182035446e-02 -4.851889098063111305e-04 4.505578835960477591e-04 -3.056255809497088194e-04 1.019751001149415970e-02
4.287125766277313232e-01 1.702751033008098602e-02 -1.307086553424596786e-03 8.290755067719146609e-05 7.228396498248912394e-06 1.158000715076923370e-02
4.332687854766845703e-01 1.717710122466087341e-02 -5.093423533253371716e-04 2.551446596044115722e-05 3.567115054465830326e-04 1.172607857733964920e-02
4.396417140960693359e-01 1.900093071162700653e-02 -2.405289997113868594e-04 -1.377438456984236836e-04 5.622405442409217358e-04 1.186663378030061722e-02
4.400372803211212158e-01 1.568404957652091980e-02 -5.713992868550121784e-04 -1.174271601485088468e-04 3.666945267468690872e-04 1.135101355612277985e-02
4.338021874427795410e-01 1.649045199155807495e-02 -8.249982784036546946e-05 1.834622707974631339e-05 2.082018472719937563e-04 1.197871286422014236e-02
4.363361895084381104e-01 1.745486073195934296e-02 4.332194221206009388e-04 -6.461289012804627419e-05 2.530012279748916626e-04 1.230618264526128769e-02
4.337285161018371582e-01 1.698125153779983521e-02 -2.762403455562889576e-04 8.092925418168306351e-05 4.724302561953663826e-05 1.220783032476902008e-02
4.360163509845733643e-01 1.844682730734348297e-02 6.151651032269001007e-04 -8.832104867906309664e-06 1.361342874588444829e-04 1.222489494830369949e-02
4.380510747432708740e-01 1.824515499174594879e-02 -3.007909981533885002e-04 -4.002509376732632518e-05 -7.528042769990861416e-04 1.265245582908391953e-02
4.656288921833038330e-01 1.878640241920948029e-02 -9.759387467056512833e-04 2.731288623181171715e-05 -9.168009273707866669e-04 1.299476157873868942e-02
4.823572337627410889e-01 1.403666287660598755e-02 -8.965742890723049641e-04 4.415206203702837229e-04 -2.107706241076812148e-04 1.593269966542720795e-02
4.853506684303283691e-01 2.323546074330806732e-02 -1.408977550454437733e-03 1.972527243196964264e-04 5.063887801952660084e-04 1.556667219847440720e-02
4.931471347808837891e-01 2.027880772948265076e-02 -4.397170851007103920e-04 -3.948273370042443275e-04 8.887611911632120609e-04 1.490363292396068573e-02
4.631527066230773926e-01 2.216547541320323944e-02 4.485185490921139717e-05 -3.293385670986026525e-04 7.278199773281812668e-04 1.279591955244541168e-02
4.719477295875549316e-01 2.164462581276893616e-02 -6.480136071331799030e-04 -1.372115802951157093e-04 1.167986483778804541e-04 1.274917460978031158e-02
4.753617644309997559e-01 2.104548923671245575e-02 -5.345550016500055790e-05 1.021392890834249556e-04 -2.056839293800294399e-04 1.345468964427709579e-02
4.739839434623718262e-01 1.922707632184028625e-02 -3.113175625912845135e-05 1.008943945635110140e-04 -3.064998018089681864e-04 1.350578851997852325e-02
4.879355430603027344e-01 2.136184833943843842e-02 -1.233654678799211979e-03 1.669391167524736375e-05 -2.430908934911713004e-04 1.402658317238092422e-02
4.817381799221038818e-01 1.960771903395652771e-02 -3.188698901794850826e-04 -7.883842044975608587e-05 2.548423799453303218e-05 1.404651906341314316e-02
4.794933497905731201e-01 2.090984024107456207e-02 -6.538863526657223701e-04 -1.177093799924477935e-04 7.318738789763301611e-05 1.334317307919263840e-02
4.824162423610687256e-01 2.131876908242702484e-02 -1.519442594144493341e-04 -9.542953193886205554e-05 1.458688348066061735e-04 1.340313162654638290e-02
4.845170676708221436e-01 2.031515166163444519e-02 2.807362761814147234e-05 8.494773646816611290e-05 8.826981502352282405e-05 1.341250538825988770e-02
4.807894825935363770e-01 2.010835707187652588e-02 -1.655113883316516876e-04 2.089653207804076374e-06 1.723528839647769928e-06 1.333242375403642654e-02
4.847429394721984863e-01 2.218047343194484711e-02 -1.967075513675808907e-04 2.538337685109581798e-05 -6.521886098198592663e-05 1.373499631881713867e-02
4.825324714183807373e-01 2.133792638778686523e-02 2.348198177060112357e-04 -8.798852650215849280e-05 -1.281967161048669368e-05 1.304881647229194641e-02
4.797023534774780273e-01 2.016500383615493774e-02 9.820034028962254524e-05 3.206021938240155578e-05 7.518320489907637239e-05 1.294215768575668335e-02
4.867547750473022461e-01 2.087787538766860962e-02 -8.714607974980026484e-05 -1.832427551562432200e-05 9.417549881618469954e-05 1.368054375052452087e-02
4.890699386596679688e-01 2.114281989634037018e-02 -3.298282681498676538e-04 -1.435067970305681229e-04 4.507614721660502255e-05 1.335415616631507874e-02
4.871591627597808838e-01 2.087982371449470520e-02 -3.139215914416126907e-05 -6.275132363953161985e-06 5.664084164891391993e-05 1.325935218483209610e-02
4.858375787734985352e-01 2.150056324899196625e-02 -4.427192034199833870e-04 -6.628838309552520514e-05 -1.575713213242124766e-05 1.295196358114480972e-02
4.881131350994110107e-01 2.054548077285289764e-02 2.970711502712219954e-04 7.871513662394136190e-05 1.801857433747500181e-05 1.298653706908226013e-02
4.791012704372406006e-01 2.125136926770210266e-02 -5.135743995197117329e-04 -9.480606240686029196e-05 -3.422210284043103456e-06 1.270004455000162125e-02
4.851769506931304932e-01 1.967053115367889404e-02 5.162665620446205139e-04 1.029643535730428994e-04 5.296386370901018381e-05 1.312692556530237198e-02
4.772330224514007568e-01 2.086597681045532227e-02 -5.910421023145318031e-04 1.118502405006438494e-04 -7.372602340183220804e-06 1.316826697438955307e-02
4.635646343231201172e-01 1.953309215605258942e-02 -1.194247233797796071e-04 -1.672827929724007845e-04 9.948129445547237992e-06 1.198378950357437134e-02
4.802205860614776611e-01 1.834861561655998230e-02 -4.587972071021795273e-04 -9.972030238714069128e-05 -1.871795393526554108e-05 1.189093384891748428e-02
4.904376268386840820e-01 1.742001250386238098e-02 -4.741578013636171818e-04 -1.056299515767022967e-04 -3.096371074207127094e-06 1.219934038817882538e-02
4.963427186012268066e-01 1.913697645068168640e-02 -4.116309864912182093e-04 1.426258313586004078e-05 -1.648490615480113775e-05 1.189864799380302429e-02
4.766379892826080322e-01 1.568248495459556580e-02 -5.466961883939802647e-04 -3.601393245844519697e-06 -1.057064218912273645e-05 1.122213993221521378e-02
4.801834225654602051e-01 1.626970991492271423e-02 -1.959963265107944608e-04 -3.918015863746404648e-05 4.632514537661336362e-05 1.048533897846937180e-02
4.931790530681610107e-01 1.622385345399379730e-02 -5.108126206323504448e-04 -1.552165340399369597e-04 -4.227029421599581838e-05 1.169533841311931610e-02
4.967295825481414795e-01 1.581742241978645325e-02 -7.492688018828630447e-05 -7.097615161910653114e-05 -6.525772914756089449e-05 9.814315475523471832e-03
4.851729273796081543e-01 1.599272340536117554e-02 -6.380482809618115425e-04 6.632059921685140580e-06 -7.935965550132095814e-05 9.933556430041790009e-03
4.867140948772430420e-01 1.468122005462646484e-02 -8.373413584195077419e-04 -6.775728979846462607e-05 -7.892286521382629871e-05 9.833633899688720703e-03
4.686764180660247803e-01 1.262132264673709869e-02 -7.184853893704712391e-05 -2.271148514410015196e-05 -3.048375583603046834e-05 9.124572388827800751e-03
4.746141433715820312e-01 1.448099594563245773e-02 -1.406051160302013159e-05 1.033414373523555696e-04 1.179535502160433680e-05 8.913619443774223328e-03
4.679816961288452148e-01 1.604927890002727509e-02 1.424145302735269070e-04 -1.030962012009695172e-04 3.945542994188144803e-05 8.635946549475193024e-03
4.848596453666687012e-01 1.905868947505950928e-02 3.586395469028502703e-04 -4.892033757641911507e-06 1.049367638188414276e-04 8.040374144911766052e-03
4.901119768619537354e-01 1.290245540440082550e-02 -1.170904070022515953e-04 -2.413720903859939426e-05 5.189354124013334513e-05 8.990240283310413361e-03
4.836825430393218994e-01 1.419697050005197525e-02 7.121000671759247780e-04 -5.554091694648377597e-05 1.392968988511711359e-04 8.666314184665679932e-03
4.841994047164916992e-01 1.312693953514099121e-02 6.235449691303074360e-04 2.299622792634181678e-06 9.469193173572421074e-06 7.531041279435157776e-03
4.889814853668212891e-01 1.228651963174343109e-02 2.691096451599150896e-04 -3.407566327950917184e-05 1.199096459458814934e-05 8.584300987422466278e-03
5.374698042869567871e-01 1.173106767237186432e-02 7.828607922419905663e-04 -4.160100797889754176e-05 1.597476657480001450e-04 8.918821811676025391e-03
5.087299942970275879e-01 1.148305647075176239e-02 -3.641048679128289223e-04 4.271603029337711632e-05 -1.232237991644069552e-05 8.335331454873085022e-03
4.831902384757995605e-01 1.298841089010238647e-02 1.215949014294892550e-04 -1.974682709260378033e-05 5.012921974412165582e-06 8.081731386482715607e-03
4.860290586948394775e-01 1.400864589959383011e-02 -1.852080458775162697e-04 5.572949157794937491e-05 2.423511250526644289e-05 7.103063631802797318e-03
4.884093999862670898e-01 5.526870954781770706e-03 2.441864926367998123e-04 -8.871388126863166690e-05 3.358149842824786901e-05 8.062185719609260559e-03
5.054539442062377930e-01 4.890330135822296143e-03 -1.323902688454836607e-04 -5.686863005394116044e-06 -1.528570646769367158e-05 7.436762563884258270e-03
4.865701794624328613e-01 1.343568321317434311e-02 -3.245297120884060860e-04 -8.837436325848102570e-06 -5.257896918919868767e-05 7.048365194350481033e-03
4.936373233795166016e-01 4.800966009497642517e-03 -3.526377840898931026e-04 9.015293471748009324e-06 -6.353123171720653772e-05 7.629564963281154633e-03
5.015367865562438965e-01 5.308074411004781723e-03 -8.891727193258702755e-04 3.210315480828285217e-05 -1.524261169834062457e-04 7.594884838908910751e-03
5.019018054008483887e-01 3.985945135354995728e-03 -1.017019269056618214e-03 -4.043804074171930552e-05 -1.142737964983098209e-04 8.369988761842250824e-03
4.807278513908386230e-01 1.022178772836923599e-02 5.247549852356314659e-04 -1.517317650723271072e-05 1.222102582687512040e-04 7.253752555698156357e-03
5.104166865348815918e-01 -4.431237466633319855e-03 -3.141696215607225895e-04 -5.044057252234779298e-05 -2.671153924893587828e-05 1.375758647918701172e-02
4.893997311592102051e-01 7.310730870813131332e-03 -2.528855111449956894e-04 -2.121871148119680583e-06 5.300232078297995031e-05 7.595723960548639297e-03
4.794647097587585449e-01 1.564005017280578613e-02 -5.997088155709207058e-04 2.709286854951642454e-05 -6.108142406446859241e-05 5.794886965304613113e-03
4.904097020626068115e-01 1.022672466933727264e-02 -4.023009678348898888e-04 -3.926922363461926579e-05 1.791866270650643855e-05 7.312112022191286087e-03
4.777570664882659912e-01 1.705699227750301361e-02 -2.510868944227695465e-05 4.773260661750100553e-05 2.391965244896709919e-05 6.407145410776138306e-03
4.916603565216064453e-01 1.112132892012596130e-02 -1.755551056703552604e-05 -2.814770050463266671e-05 -6.264610419748350978e-05 7.402334827929735184e-03
4.849047064781188965e-01 1.178711093962192535e-02 -4.214527434669435024e-04 4.903879380435682833e-05 -8.180941222235560417e-07 6.476223468780517578e-03
4.907310903072357178e-01 1.017778459936380386e-02 -6.221184739843010902e-04 3.496825229376554489e-06 -4.279903441783972085e-05 7.405155338346958160e-03
4.992491602897644043e-01 1.136264298111200333e-02 -1.678867847658693790e-04 1.788411464076489210e-05 -4.962294042343273759e-05 7.166539318859577179e-03
4.885493218898773193e-01 9.072331711649894714e-03 1.268966298084706068e-04 -1.351463924947893247e-05 1.000658303382806480e-04 7.236045785248279572e-03
4.859371781349182129e-01 1.662331447005271912e-02 -5.283048085402697325e-05 -5.202953616390004754e-05 2.573829624452628195e-05 7.439958862960338593e-03
4.909591972827911377e-01 1.341977249830961227e-02 4.394744173623621464e-04 1.126036804635077715e-04 9.785098518477752805e-05 7.006313651800155640e-03
4.779230058193206787e-01 1.126083545386791229e-02 -1.491570146754384041e-04 -2.932616735051851720e-05 -5.475552097777836025e-05 6.496121641248464584e-03
4.945201575756072998e-01 8.479259908199310303e-03 1.475908211432397366e-04 -5.992841397528536618e-05 2.128684536728542298e-05 7.586920168250799179e-03
4.794407486915588379e-01 1.293243747204542160e-02 1.190183975268155336e-04 3.340920738992281258e-05 -2.150113505194894969e-05 6.364660803228616714e-03
4.820683300495147705e-01 7.906591519713401794e-03 -9.129851969191804528e-05 2.003253030125051737e-05 3.649183781817555428e-05 6.061510648578405380e-03
4.728961586952209473e-01 9.777027182281017303e-03 -3.976325097028166056e-04 -5.239076563157141209e-05 -4.171153705101460218e-05 5.466977134346961975e-03
4.807201921939849854e-01 1.268307399004697800e-02 -4.397321317810565233e-04 -4.838301538256928325e-05 -4.250149868312291801e-05 6.085117813199758530e-03
4.859821498394012451e-01 1.186392363160848618e-02 -4.977651406079530716e-05 -7.228838512673974037e-05 -1.086478914658073336e-05 6.903910078108310699e-03
4.598930776119232178e-01 7.587962318211793900e-03 2.948385081253945827e-04 1.824739229050464928e-05 7.703383744228631258e-05 3.878339426591992378e-03
4.862521290779113770e-01 1.298704184591770172e-02 -2.068268659058958292e-04 3.540046236594207585e-05 1.693989906925708055e-05 6.859238725155591965e-03
4.873897731304168701e-01 1.254084892570972443e-02 5.266884109005331993e-04 3.466802445473149419e-05 9.009544010041281581e-05 7.240692153573036194e-03
4.700452983379364014e-01 1.388863287866115570e-02 -2.262876369059085846e-04 -4.423422069521620870e-06 -5.361049261409789324e-05 4.950280301272869110e-03
4.325812757015228271e-01 8.488638326525688171e-03 -2.065456937998533249e-04 -3.345828372403047979e-05 -8.964654989540576935e-05 5.479755811393260956e-03
4.870454668998718262e-01 1.087063644081354141e-02 -1.154972007498145103e-03 -1.549253283883444965e-06 -1.257961266674101353e-04 6.397301331162452698e-03
4.636697471141815186e-01 7.057395763695240021e-03 2.613955002743750811e-04 -1.251578123628860340e-05 8.736873860470950603e-05 6.306545343250036240e-03
4.913563728332519531e-01 1.124322600662708282e-02 3.516332944855093956e-04 -5.753882942372001708e-05 5.227843575994484127e-05 7.131448481231927872e-03
4.487363696098327637e-01 2.925752475857734680e-02 5.581026198342442513e-04 2.071500239253509790e-05 1.603988348506391048e-04 2.973366528749465942e-03
4.793866574764251709e-01 1.318680867552757263e-02 1.199764083139598370e-04 -2.743228833423927426e-05 9.090108505915850401e-05 6.265496369451284409e-03
4.790071249008178711e-01 1.424265839159488678e-02 1.174916978925466537e-04 -4.516453918768092990e-05 3.932187973987311125e-05 6.279394496232271194e-03
4.862763285636901855e-01 7.133964914828538895e-03 1.717056729830801487e-04 -6.855888932477682829e-05 1.289674401050433517e-05 6.965812761336565018e-03
4.834919869899749756e-01 1.234506443142890930e-02 4.401417390909045935e-05 -1.006780803436413407e-04 8.063158747972920537e-05 6.564941722899675369e-03
4.839620590209960938e-01 1.187186408787965775e-02 -3.466118141659535468e-05 9.635189053369686007e-05 1.860925840446725488e-05 6.713872775435447693e-03
4.845583438873291016e-01 9.852041490375995636e-03 -1.056081237038597465e-04 -7.526927220169454813e-05 -1.043865722749615088e-05 7.210146635770797729e-03
4.912822544574737549e-01 1.308989059180021286e-02 -3.405681636650115252e-04 2.449400199111551046e-05 4.432845889823511243e-05 7.296356838196516037e-03
4.700866937637329102e-01 9.313630871474742889e-03 2.259600296383723617e-04 9.214425517711788416e-05 2.947854773083236068e-05 6.578119471669197083e-03
4.782794117927551270e-01 1.182928401976823807e-02 -7.203460554592311382e-04 1.438704475731356069e-05 -1.499420031905174255e-04 6.940855644643306732e-03
4.900615811347961426e-01 1.205061282962560654e-02 -1.392744889017194510e-04 -1.659567533351946622e-05 1.301431984757073224e-05 6.688454188406467438e-03
4.858962297439575195e-01 1.328816730529069901e-02 8.401571540161967278e-05 -5.184151450521312654e-05 9.242529631592333317e-05 6.831823382526636124e-03
4.906724095344543457e-01 1.138493604958057404e-02 -4.127653664909303188e-04 1.938855348271317780e-05 -8.072267519310116768e-06 6.949099246412515640e-03
4.650841355323791504e-01 1.983825117349624634e-03 -4.217830137349665165e-04 1.701818837318569422e-05 -5.042636621510609984e-05 8.041006512939929962e-03
4.402508139610290527e-01 6.138110999017953873e-03 -3.534009738359600306e-04 -2.134182432200759649e-05 -9.473189857089892030e-05 6.816250737756490707e-03
4.446093142032623291e-01 4.917268641293048859e-03 -3.873417153954505920e-05 6.490744999609887600e-05 5.915890869800932705e-05 7.876170799136161804e-03
4.511667490005493164e-01 7.388428784906864166e-03 -1.011890592053532600e-03 -8.750188862904906273e-05 -1.031129359034821391e-04 7.276992779225111008e-03
4.700893759727478027e-01 6.083213724195957184e-03 -5.325053643900901079e-05 1.433515990356681868e-06 -1.799889832909684628e-05 7.486471906304359436e-03
4.656428396701812744e-01 6.896955892443656921e-03 -1.190179464174434543e-04 -1.833076566981617361e-05 -3.348000245750881732e-05 6.716152187436819077e-03
4.601461887359619141e-01 1.427876856178045273e-02 3.195922181475907564e-05 1.061048988049151376e-05 -8.956209057942032814e-06 6.759820505976676941e-03
4.531293213367462158e-01 7.530662231147289276e-03 4.317241837270557880e-04 6.028487405274063349e-05 6.353585922624915838e-05 7.392896804958581924e-03
4.261306822299957275e-01 3.162062028422951698e-03 -3.849840140901505947e-05 -6.660837971139699221e-05 4.388003799249418080e-05 7.748027797788381577e-03
4.261893033981323242e-01 5.043249577283859253e-03 -1.212651186506263912e-04 -6.051727541489526629e-05 -2.833395410561934114e-05 7.412891834974288940e-03
4.183551669120788574e-01 6.903992034494876862e-03 -6.137877935543656349e-04 -5.620124284178018570e-05 -5.100198541185818613e-05 6.497332826256752014e-03
4.100252091884613037e-01 8.530656807124614716e-03 -7.039458723738789558e-04 5.871079338248819113e-06 -3.740652027772739530e-05 6.542849820107221603e-03
4.157481193542480469e-01 1.470344373956322670e-03 -5.794925964437425137e-04 -1.319654111284762621e-04 -1.140622698585502803e-04 7.367957383394241333e-03
3.989772498607635498e-01 7.992319762706756592e-03 -7.745138718746602535e-04 -8.442451508017256856e-05 -5.324726953404024243e-05 5.724239628762006760e-03
