3.750539422035217285e-01 5.266753025352954865e-03 -1.685505732893943787e-03 5.769926938228309155e-04 2.071383874863386154e-03 4.529174882918596268e-03
3.784950375556945801e-01 8.450599387288093567e-03 -8.297972381114959717e-04 1.862775534391403198e-04 2.323335269466042519e-03 5.962755065411329269e-03
3.667007088661193848e-01 1.361682917922735214e-02 -3.355438238941133022e-04 -1.830708060879260302e-05 1.693444442935287952e-03 6.649831775575876236e-03
3.679387271404266357e-01 1.140166912227869034e-02 -1.653413346502929926e-04 -2.025070280069485307e-04 5.901032709516584873e-04 6.441546604037284851e-03
3.834346532821655273e-01 1.130860671401023865e-02 -4.008905962109565735e-04 5.129949931870214641e-05 -2.708917309064418077e-04 6.964689120650291443e-03
3.942731022834777832e-01 1.278791390359401703e-02 -6.679140496999025345e-04 1.738943828968331218e-04 -5.301357014104723930e-04 7.977631874382495880e-03
4.176308512687683105e-01 1.357960607856512070e-02 -8.915737271308898926e-04 4.304081667214632034e-04 -3.421910223551094532e-04 1.029343996196985245e-02
4.309887886047363281e-01 1.536110322922468185e-02 -7.131954189389944077e-04 1.196768789668567479e-04 9.232580487150698900e-05 1.125114783644676208e-02
4.318566918373107910e-01 1.841341331601142883e-02 -6.222688825801014900e-04 -1.374112162011442706e-05 4.416473675519227982e-04 1.180133316665887833e-02
4.293660819530487061e-01 1.984519511461257935e-02 -4.259722481947392225e-04 -1.362699113087728620e-04 5.152450175955891609e-04 1.160413865000009537e-02
4.384631812572479248e-01 1.710813865065574646e-02 -2.565335307735949755e-04 -1.343082403764128685e-04 3.879941650666296482e-04 1.132945064455270767e-02
4.282163679599761963e-01 1.887759752571582794e-02 -9.278779907617717981e-05 3.873163950629532337e-05 2.271119446959346533e-04 1.148918550461530685e-02
4.307892024517059326e-01 1.912108622491359711e-02 -2.199646551162004471e-04 7.666708552278578281e-05 1.126395945902913809e-04 1.196220703423023224e-02
4.343404471874237061e-01 1.654570922255516052e-02 -2.694311478990130126e-05 9.846469765761867166e-06 5.407084609032608569e-05 1.210354082286357880e-02
4.313766658306121826e-01 2.020624279975891113e-02 -3.382189970579929650e-05 -1.405425427947193384e-05 1.169847291748737916e-05 1.227674912661314011e-02
4.338889420032501221e-01 2.043393999338150024e-02 -5.232393159531056881e-04 7.896994065959006548e-05 -7.613271591253578663e-04 1.247355621308088303e-02
4.676418602466583252e-01 1.997221074998378754e-02 -6.902599707245826721e-04 4.393763811094686389e-05 -1.000050106085836887e-03 1.302237808704376221e-02
4.865497946739196777e-01 1.970727369189262390e-02 -9.101922041736543179e-04 4.580470558721572161e-04 -2.714649599511176348e-04 1.475626416504383087e-02
4.925701320171356201e-01 2.206068858504295349e-02 -7.481021457351744175e-04 1.824164792196825147e-04 6.206515245139598846e-04 1.566212438046932220e-02
4.873226284980773926e-01 2.261812426149845123e-02 -4.782510222867131233e-04 -3.685631963890045881e-04 9.584561339579522610e-04 1.435694750398397446e-02
4.786012172698974609e-01 2.206973917782306671e-02 1.793347109924070537e-05 -2.759885392151772976e-04 6.827007164247334003e-04 1.304911822080612183e-02
4.666019380092620850e-01 2.386229112744331360e-02 3.821553400484845042e-05 -1.608778620720840991e-05 1.489272399339824915e-04 1.279720012098550797e-02
4.772201776504516602e-01 2.042645961046218872e-02 -9.489598596701398492e-05 1.791441754903644323e-04 -2.352478622924536467e-04 1.348634995520114899e-02
4.778662621974945068e-01 2.134210988879203796e-02 -2.105649618897587061e-04 8.477937808493152261e-05 -2.670256362762302160e-04 1.379801239818334579e-02
4.817601144313812256e-01 2.222495339810848236e-02 -1.361308968625962734e-04 5.293542199069634080e-05 -1.075315303751267493e-04 1.402427814900875092e-02
4.885264039039611816e-01 2.235434576869010925e-02 -1.181519473902881145e-04 -2.339394632144831121e-05 8.021952817216515541e-05 1.398846786469221115e-02
4.905894100666046143e-01 2.042627893388271332e-02 -8.514872752130031586e-05 -5.480038453242741525e-05 1.976242201635614038e-04 1.385640446096658707e-02
4.856171011924743652e-01 2.030499279499053955e-02 -1.998405787162482738e-04 -7.475360325770452619e-05 1.603776618139818311e-04 1.325651723891496658e-02
4.791103005409240723e-01 2.207973599433898926e-02 1.786067441571503878e-04 9.554083226248621941e-05 7.143645780161023140e-05 1.331002917140722275e-02
4.875398278236389160e-01 2.130669727921485901e-02 -1.884379889816045761e-04 -2.539199886086862534e-05 -3.341756382724270225e-05 1.358602568507194519e-02
4.870798289775848389e-01 2.197203971445560455e-02 -1.008238032227382064e-04 6.110782851465046406e-05 -1.882868855318520218e-05 1.374026853591203690e-02
4.883915781974792480e-01 2.205463498830795288e-02 -7.415703294100239873e-05 -8.494147186866030097e-05 -2.909091199398972094e-05 1.334957592189311981e-02
4.852029681205749512e-01 2.211130410432815552e-02 4.305705078877508640e-05 5.953305299044586718e-05 1.744488326949067414e-05 1.336229313164949417e-02
4.864774346351623535e-01 1.993025094270706177e-02 -1.808438973966985941e-04 2.407893407507799566e-05 6.101670442149043083e-05 1.360284537076950073e-02
4.882270097732543945e-01 2.158075384795665741e-02 -5.291098204907029867e-05 -6.943052721908316016e-05 5.064746073912829161e-05 1.327852532267570496e-02
4.924752414226531982e-01 2.196914330124855042e-02 -1.384887582389637828e-05 3.879545147356111556e-06 4.702352453023195267e-05 1.362350583076477051e-02
4.882989823818206787e-01 1.975733041763305664e-02 -1.428852556273341179e-06 -2.162526288884691894e-05 -1.104497187043307349e-07 1.309879589825868607e-02
4.934118688106536865e-01 2.124115452170372009e-02 -1.077233973774127662e-04 4.976262061973102391e-05 -3.905023731931578368e-06 1.354919839650392532e-02
4.854466021060943604e-01 2.040053531527519226e-02 -1.280672440771013498e-04 -1.950902696989942342e-05 1.631359918974339962e-05 1.310850679874420166e-02
4.838159084320068359e-01 1.957451365888118744e-02 2.563723137427587062e-05 2.904509165091440082e-05 1.581757715030107647e-05 1.325697358697652817e-02
4.879348278045654297e-01 2.141816914081573486e-02 -1.633103238418698311e-04 1.799125493562314659e-05 1.994991180254146457e-05 1.362381409853696823e-02
4.846594929695129395e-01 2.097038179636001587e-02 -2.251073055958840996e-05 -1.503381063230335712e-04 1.852505010901950300e-05 1.273443643003702164e-02
4.900754094123840332e-01 1.924815215170383453e-02 -2.105988241964951158e-04 -9.816324745770543814e-05 9.921804121404420584e-06 1.266986131668090820e-02
4.875459074974060059e-01 1.913014054298400879e-02 2.859591768356040120e-05 -1.009900443023070693e-04 -8.110384442261420190e-06 1.170030143111944199e-02
4.806087911128997803e-01 1.658406667411327362e-02 -6.890726945130154490e-05 5.581549339694902301e-05 1.136799164669355378e-05 1.148717571049928665e-02
4.897460639476776123e-01 1.852342858910560608e-02 -9.705105912871658802e-05 -1.539544609840959311e-05 8.137783879647031426e-06 1.175635587424039841e-02
4.904662966728210449e-01 1.761029474437236786e-02 -1.499789650551974773e-04 -5.421210516942664981e-05 2.677322845556773245e-05 1.135436911135911942e-02
4.854217767715454102e-01 1.778491213917732239e-02 1.530850568087771535e-06 -2.312687138328328729e-05 1.740522020554635674e-05 1.097853481769561768e-02
4.875147938728332520e-01 1.733407564461231232e-02 -2.452084736432880163e-04 -5.127168697072193027e-05 -5.167149538465309888e-06 1.056813448667526245e-02
4.875209629535675049e-01 1.550509501248598099e-02 -1.681210269453004003e-04 -5.853296170243993402e-05 2.392813075857702643e-05 1.032924558967351913e-02
4.813993573188781738e-01 1.537480484694242477e-02 -7.446660310961306095e-05 -4.906454250885872170e-06 2.315911478945054114e-05 9.894994087517261505e-03
4.941791594028472900e-01 1.587613858282566071e-02 -1.559652155265212059e-04 -3.130112600047141314e-05 1.319169587077340111e-05 9.924058802425861359e-03
4.889449775218963623e-01 1.338583603501319885e-02 -2.528219192754477262e-04 -1.612025153008289635e-05 2.478144233464263380e-05 9.610044769942760468e-03
4.873766601085662842e-01 1.738625019788742065e-02 -1.394048158545047045e-04 -3.597923932829871774e-05 -2.004038833547383547e-06 9.467734023928642273e-03
4.902856945991516113e-01 1.555522717535495758e-02 -1.405381335644051433e-04 -4.347139474702998996e-05 8.242703188443556428e-06 9.266927838325500488e-03
4.971098005771636963e-01 1.461436599493026733e-02 -1.274462701985612512e-04 -1.260362296306993812e-05 -9.988068541133543476e-07 9.299080818891525269e-03
4.817774593830108643e-01 1.149391755461692810e-02 3.869650754495523870e-05 -2.190281520597636700e-05 1.875354610092472285e-05 8.539549075067043304e-03
4.910775125026702881e-01 1.404771022498607635e-02 -1.333994878223165870e-04 -9.386533747601788491e-06 8.145178981067147106e-06 8.788535371422767639e-03
4.862158894538879395e-01 1.083945576101541519e-02 -6.385829328792169690e-05 -3.638454290921799839e-05 -1.544794395158533007e-05 8.373934775590896606e-03
4.841971993446350098e-01 1.188955176621675491e-02 -4.357140278443694115e-05 -1.732488090055994689e-05 1.298580355069134384e-05 8.079384453594684601e-03
4.890834093093872070e-01 1.429295912384986877e-02 -1.377295120619237423e-04 -3.151563942083157599e-05 6.389391273842193186e-07 8.257275447249412537e-03
4.926002621650695801e-01 1.069215871393680573e-02 -2.022656408371403813e-04 1.100007739296415821e-05 2.877983570215292275e-05 8.267930708825588226e-03
4.880451858043670654e-01 8.343228138983249664e-03 -1.024616503855213523e-04 -3.897737406077794731e-05 7.830447430023923516e-06 7.869684137403964996e-03
4.888201355934143066e-01 9.022852405905723572e-03 -1.537980278953909874e-04 -1.767133835528511554e-05 -1.751605668687261641e-05 7.646380923688411713e-03
4.913055002689361572e-01 1.076516509056091309e-02 -1.786392676876857877e-04 -5.098564361105673015e-05 1.257090298167895526e-05 7.850077003240585327e-03
4.998823702335357666e-01 3.919625654816627502e-03 -5.177908315090462565e-05 2.339413185836747289e-06 1.459058876207564026e-05 8.012846112251281738e-03
4.883050024509429932e-01 5.342279560863971710e-03 -2.501208509784191847e-04 -3.476996789686381817e-05 8.388931746594607830e-06 7.448176853358745575e-03
4.968691766262054443e-01 1.386672630906105042e-02 -9.982366464100778103e-06 -7.376920621027238667e-06 1.443712244508787990e-05 7.894120179116725922e-03
4.858066439628601074e-01 6.084177643060684204e-03 -2.055048535112291574e-04 -2.338282502023503184e-05 -2.037279045907780528e-05 7.415661588311195374e-03
4.938494861125946045e-01 6.183272693306207657e-03 -2.344412932870909572e-04 -3.461322921793907881e-05 1.303457702306332067e-05 7.512083742767572403e-03
5.026473402976989746e-01 4.361574538052082062e-03 -5.855647759744897485e-05 2.455917456245515496e-05 7.499026651203166693e-06 7.828152738511562347e-03
4.894543588161468506e-01 7.827405817806720734e-03 -1.089486468117684126e-04 -2.526532398405834101e-06 -3.861814548145048320e-07 7.425913121551275253e-03
4.930121302604675293e-01 5.826953798532485962e-03 -6.976810254855081439e-05 -3.426567855058237910e-05 7.901275239419192076e-06 7.546964567154645920e-03
4.943084120750427246e-01 5.884080659598112106e-03 -2.177499118261039257e-04 -2.879180465242825449e-05 2.919204052886925638e-05 7.488255389034748077e-03
4.941919147968292236e-01 6.954743526875972748e-03 -1.119759399443864822e-04 9.614305781724397093e-06 1.921099465107545257e-05 7.503653410822153091e-03
4.943843185901641846e-01 7.745705544948577881e-03 -1.253050722880288959e-04 -2.659435085661243647e-05 1.574535235704388469e-05 7.431002799421548843e-03
4.885925650596618652e-01 1.450555492192506790e-02 -4.246041498845443130e-05 3.122801717836409807e-05 2.672662594704888761e-05 7.388415280729532242e-03
4.915101230144500732e-01 8.560070767998695374e-03 -2.019329986069351435e-05 -3.748628296307288110e-05 9.259890248358715326e-06 7.290229666978120804e-03
4.941153228282928467e-01 1.143238414078950882e-02 -1.733864919515326619e-04 -3.159191237500635907e-06 -1.821219120756722987e-05 7.371811196208000183e-03
4.878263473510742188e-01 9.911602362990379333e-03 -1.679447013884782791e-04 -1.484554013586603105e-05 4.070697468705475330e-05 7.316743023693561554e-03
4.846019446849822998e-01 1.412505470216274261e-02 2.698378011700697243e-05 2.181166746595408767e-05 6.434123861254192889e-06 7.171836681663990021e-03
4.916568994522094727e-01 1.357983332127332687e-02 -2.158286224585026503e-04 -1.765997876645997167e-05 7.230273240566020831e-06 7.485254667699337006e-03
4.834689795970916748e-01 1.335314381867647171e-02 -2.754617598839104176e-04 -3.517599907354451716e-05 8.714073373994324356e-06 6.977016106247901917e-03
4.902601242065429688e-01 1.243061479181051254e-02 -1.444513472961261868e-04 -4.670785529015120119e-06 5.665785465680528432e-06 7.172714918851852417e-03
4.917894899845123291e-01 1.425383891910314560e-02 -1.063452727976255119e-04 -5.979903107800055295e-06 1.864715341071132571e-05 7.561553735285997391e-03
4.935138523578643799e-01 1.136633940041065216e-02 -3.265417763032019138e-05 1.628139216336421669e-05 -5.589751708612311631e-06 7.534632459282875061e-03
4.912984371185302734e-01 1.411004178225994110e-02 -4.712032750830985606e-05 -1.724338289932347834e-05 1.036893900163704529e-05 7.225471083074808121e-03
4.933539927005767822e-01 1.142748445272445679e-02 -1.708259514998644590e-04 -3.179118721163831651e-06 9.997825145546812564e-06 7.383004762232303619e-03
4.906661212444305420e-01 1.103441882878541946e-02 1.927966150105930865e-05 7.103997631929814816e-06 1.064426214725244790e-05 7.101775147020816803e-03
4.907712340354919434e-01 1.015631295740604401e-02 -2.663596533238887787e-04 -1.317287933488842100e-05 6.815393135184422135e-06 7.281557656824588776e-03
4.909967482089996338e-01 1.024239696562290192e-02 -1.040311617543920875e-04 -3.934572305297479033e-06 -5.729393251385772601e-06 7.294301409274339676e-03
4.950065612792968750e-01 1.414319407194852829e-02 3.799599289777688682e-05 1.745164081512484699e-05 7.671504135942086577e-06 7.498919963836669922e-03
4.897213578224182129e-01 1.168007124215364456e-02 -1.457426114939153194e-04 -2.081183083646465093e-05 -2.910070406869635917e-06 7.222739979624748230e-03
4.911821782588958740e-01 1.268992293626070023e-02 -1.934830470418091863e-05 3.259503046137979254e-06 -1.981475406864774413e-06 7.240728009492158890e-03
4.898810684680938721e-01 1.167500670999288559e-02 -5.136553954798728228e-05 1.373028953821631148e-05 -1.637103923712857068e-05 7.403288967907428741e-03
4.916366040706634521e-01 1.252814382314682007e-02 -6.341441621771082282e-05 -1.393717047903919592e-05 1.658849942032247782e-05 7.380217313766479492e-03
4.883028268814086914e-01 1.325904019176959991e-02 -6.865446630399674177e-05 -1.299611631111474708e-05 5.870173026778502390e-06 7.253211457282304764e-03
4.924305081367492676e-01 1.346992421895265579e-02 2.163196950277779251e-05 4.944514876115135849e-05 2.666527143446728587e-05 7.318058051168918610e-03
4.871862828731536865e-01 9.184016846120357513e-03 -4.159137824899517000e-05 -7.156825176934944466e-06 6.413944902305956930e-06 7.167574949562549591e-03
4.902827143669128418e-01 1.089746598154306412e-02 -9.315642091678455472e-05 -1.793457886378746480e-05 1.246474221261451021e-05 7.372971624135971069e-03
4.880088269710540771e-01 1.086569577455520630e-02 -3.756025034817866981e-05 -6.732923793606460094e-06 -4.819894911634037271e-06 7.103702053427696228e-03
4.947918951511383057e-01 9.623201563954353333e-03 -7.362095493590459228e-05 2.292778117407578975e-05 5.368724487198051065e-06 7.715328596532344818e-03
4.905696511268615723e-01 1.104856468737125397e-02 -1.311710802838206291e-04 2.969868546642828733e-07 -8.687470653967466205e-07 7.316774222999811172e-03
4.876118600368499756e-01 7.009394932538270950e-03 -1.096059713745489717e-04 -8.235354471253231168e-06 -7.120024747564457357e-06 7.098599337041378021e-03
4.907486140727996826e-01 1.043793372809886932e-02 -1.982643734663724899e-04 -1.838570460677146912e-05 1.612750202184543014e-05 7.430391851812601089e-03
4.888239502906799316e-01 9.449708275496959686e-03 -1.207717796205542982e-04 1.245019939233316109e-05 5.228409463597927243e-06 7.112145889550447464e-03
4.912338852882385254e-01 1.170896459370851517e-02 -1.211838171002455056e-04 1.436254933651071042e-05 3.130302866338752210e-05 7.271053269505500793e-03
4.914412796497344971e-01 1.224302966147661209e-02 -3.212911542505025864e-05 -1.808859633456449956e-05 -9.074447007151320577e-07 7.226393558084964752e-03
4.893113970756530762e-01 1.046299003064632416e-02 -1.110385928768664598e-04 3.353889042045921087e-07 -4.481960331759182736e-06 7.574755698442459106e-03
4.902525246143341064e-01 1.621997915208339691e-03 -5.964344745734706521e-05 -1.473617157898843288e-05 -7.684573120059212670e-07 7.171689998358488083e-03
4.926322400569915771e-01 1.211179140955209732e-02 -1.545251870993524790e-04 -1.303779936279170215e-05 2.753398439381271601e-05 7.477712817490100861e-03
4.907610416412353516e-01 8.513086475431919098e-03 -8.180724398698657751e-05 -6.449067768699023873e-06 -1.073910425475332886e-05 7.077659945935010910e-03
4.894291162490844727e-01 8.855066262185573578e-03 -2.594741235952824354e-04 -6.802613825129810721e-06 2.322783984709531069e-05 7.067907601594924927e-03
4.928446114063262939e-01 1.035938132554292679e-02 -1.072435770765878260e-04 -1.822728518163785338e-05 6.611101071030134335e-07 7.264040410518646240e-03
4.923049509525299072e-01 1.231354940682649612e-02 -6.716632924508303404e-05 7.541757440776564181e-08 1.862757562776096165e-05 7.443324662744998932e-03
4.903633892536163330e-01 1.070487312972545624e-02 -9.595861774869263172e-05 -1.443497239961288869e-06 1.671920108492486179e-05 7.153810933232307434e-03
4.912882745265960693e-01 1.130990125238895416e-02 -5.123512892168946564e-05 4.555379746307153255e-06 -1.548946966067887843e-05 7.407743018120527267e-03
4.915624260902404785e-01 1.233472023159265518e-02 -1.939800131367519498e-04 -6.822042450949084014e-06 -1.173578948510112241e-05 7.366058882325887680e-03
4.925984740257263184e-01 6.971216760575771332e-03 -1.381159963784739375e-04 -7.565196938230656087e-06 1.368436096527148038e-05 7.571578957140445709e-03
4.925501942634582520e-01 1.294117793440818787e-02 -2.861614848370663822e-05 1.567932486068457365e-06 6.134031536930706352e-06 7.529880385845899582e-03
4.919322431087493896e-01 1.209126412868499756e-02 -5.546618922380730510e-05 2.742676224443130195e-05 -7.850085239624604583e-07 7.459541317075490952e-03
4.910287559032440186e-01 1.113473717123270035e-02 -1.351953105768188834e-04 -1.338190668320748955e-05 2.351664988964330405e-06 7.287635002285242081e-03
4.896360933780670166e-01 1.129129528999328613e-02 -1.142350301961414516e-04 -1.175196121039334685e-05 8.295291991089470685e-06 7.093795109540224075e-03
4.904769062995910645e-01 1.317001692950725555e-02 -6.263740215217694640e-05 -1.132438992499373853e-04 5.864429567736806348e-06 6.874039769172668457e-03
