1.679101260378956795e-03 1.930285594426095486e-03 6.079782731831073761e-03 7.112182793207466602e-04 5.407064454630017281e-04 1.186538138426840305e-04
1.930803409777581692e-03 2.441685181111097336e-03 5.941200070083141327e-03 6.046805647201836109e-04 4.970965674147009850e-04 1.649668556638062000e-04
1.907770754769444466e-03 2.371742855757474899e-03 6.305162794888019562e-03 6.503487820737063885e-04 4.188916063867509365e-04 1.698913838481530547e-04
2.171876607462763786e-03 2.195340814068913460e-03 4.989259410649538040e-03 6.486258935183286667e-04 4.441790224518626928e-04 1.649447367526590824e-04
1.586327445693314075e-03 2.266473835334181786e-03 4.314144607633352280e-03 6.335199577733874321e-04 4.987308057025074959e-04 1.329469814663752913e-04
1.807920518331229687e-03 2.326320856809616089e-03 6.790731567889451981e-03 6.125607178546488285e-04 4.389235109556466341e-04 1.799697056412696838e-04
1.530552632175385952e-03 2.156785922124981880e-03 5.988457705825567245e-03 6.793431821279227734e-04 5.267920787446200848e-04 1.370898826280608773e-04
2.134486334398388863e-03 2.970860805362462997e-03 8.296654559671878815e-03 6.605465314351022243e-04 6.453600362874567509e-04 1.984072296181693673e-04
1.759999664500355721e-03 2.316058147698640823e-03 6.791074760258197784e-03 8.518229005858302116e-04 6.253888714127242565e-04 1.414332364220172167e-04
1.886057318188250065e-03 2.381413709372282028e-03 6.725740153342485428e-03 6.016715196892619133e-04 6.439256248995661736e-04 1.724608300719410181e-04
1.737998682074248791e-03 2.681991551071405411e-03 5.822344217449426651e-03 7.162463734857738018e-04 6.386429886333644390e-04 1.551067543914541602e-04
1.500367303378880024e-03 1.965504139661788940e-03 7.383541669696569443e-03 6.556902662850916386e-04 8.720717742107808590e-04 1.260961435036733747e-04
1.761247869580984116e-03 2.991450019180774689e-03 7.130156736820936203e-03 8.383369422517716885e-04 7.584203849546611309e-04 1.334080297965556383e-04
1.705058151856064796e-03 2.772539621219038963e-03 6.140673067420721054e-03 7.572593167424201965e-04 8.452272741124033928e-04 1.283352321479469538e-04
1.664824783802032471e-03 2.071815310046076775e-03 6.588242482393980026e-03 6.196258473210036755e-04 5.644303164444863796e-04 1.411910488968715072e-04
1.222070190124213696e-03 1.585383201017975807e-03 5.344887729734182358e-03 5.055237561464309692e-04 5.195923149585723877e-04 8.644319314043968916e-05
1.965373987331986427e-03 3.197931917384266853e-03 6.274141371250152588e-03 8.192858658730983734e-04 5.994460079818964005e-04 1.437055907445028424e-04
1.890838379040360451e-03 3.322283038869500160e-03 7.869795896112918854e-03 8.658391889184713364e-04 6.626714603044092655e-04 1.671210047788918018e-04
2.161541720852255821e-03 3.185972105711698532e-03 7.074355147778987885e-03 7.795561105012893677e-04 5.644058110192418098e-04 1.862886711023747921e-04
2.008118899539113045e-03 4.126065410673618317e-03 7.330093998461961746e-03 7.715243846178054810e-04 5.918032256886363029e-04 1.816135627450421453e-04
1.855569425970315933e-03 4.362478386610746384e-03 5.421588197350502014e-03 6.294958875514566898e-04 5.810412694700062275e-04 1.645332667976617813e-04
2.666248241439461708e-03 4.042794462293386459e-03 6.512705236673355103e-03 6.480896845459938049e-04 6.104594212956726551e-04 2.024079876719042659e-04
2.012228593230247498e-03 3.932093270123004913e-03 5.347830709069967270e-03 6.412212969735264778e-04 5.115232779644429684e-04 1.798408193280920386e-04
2.035702811554074287e-03 3.149225842207670212e-03 6.440659053623676300e-03 7.622728007845580578e-04 7.347490172833204269e-04 1.563965925015509129e-04
1.914243912324309349e-03 3.798844991251826286e-03 5.173384677618741989e-03 6.389025365933775902e-04 5.483449785970151424e-04 1.517879136372357607e-04
2.311813179403543472e-03 3.087079385295510292e-03 9.239790029823780060e-03 1.026012469083070755e-03 5.376919871196150780e-04 1.632079511182382703e-04
2.410451183095574379e-03 3.308129496872425079e-03 7.339881267398595810e-03 8.440801757387816906e-04 6.741929682902991772e-04 1.869583065854385495e-04
2.731847343966364861e-03 3.980631008744239807e-03 5.731995683163404465e-03 6.710127345286309719e-04 5.562594742514193058e-04 2.490188635420054197e-04
2.385426545515656471e-03 3.210216062143445015e-03 4.577641841024160385e-03 5.194226396270096302e-04 5.055657238699495792e-04 2.127820334862917662e-04
2.204695949330925941e-03 3.583812853321433067e-03 5.777284037321805954e-03 5.389420548453927040e-04 4.546944401226937771e-04 1.346250355709344149e-04
2.451767446473240852e-03 4.052676260471343994e-03 4.714359063655138016e-03 6.264485418796539307e-04 4.539183864835649729e-04 1.984103437280282378e-04
2.023508073762059212e-03 4.374434705823659897e-03 8.066723123192787170e-03 7.659564726054668427e-04 6.191727006807923317e-04 1.150160751421935856e-04
2.827208489179611206e-03 4.111567977815866470e-03 8.269376121461391449e-03 8.816253393888473511e-04 7.897316827438771725e-04 1.406529190717265010e-04
2.332223579287528992e-03 3.663093084469437599e-03 7.223978638648986816e-03 7.661811541765928268e-04 7.149270968511700630e-04 1.939410722116008401e-04
2.520876238122582436e-03 3.467398695647716522e-03 5.386843811720609665e-03 4.937260528095066547e-04 5.201052990742027760e-04 1.891627616714686155e-04
1.871809363365173340e-03 2.719896612688899040e-03 5.595282185822725296e-03 6.332704797387123108e-04 5.354176973924040794e-04 1.507511478848755360e-04
2.350872382521629333e-03 3.013568231835961342e-03 7.054588291794061661e-03 6.191352731548249722e-04 8.043773705139756203e-04 2.296673774253576994e-04
2.108543645590543747e-03 3.528347937390208244e-03 3.802448976784944534e-03 4.789934027940034866e-04 3.795880184043198824e-04 1.506279368186369538e-04
2.363179344683885574e-03 3.521546255797147751e-03 3.814246272668242455e-03 5.225537461228668690e-04 4.414358991198241711e-04 1.762819156283512712e-04
1.880075200460851192e-03 2.541916910558938980e-03 3.875418798997998238e-03 4.957313649356365204e-04 4.291757068131119013e-04 1.474821474403142929e-04
2.178459893912076950e-03 2.636573044583201408e-03 3.968534525483846664e-03 3.892110835295170546e-04 4.246699099894613028e-04 1.738907885737717152e-04
2.402552170678973198e-03 2.169942948967218399e-03 3.970941063016653061e-03 4.435202572494745255e-04 5.242380429990589619e-04 1.928964484250172973e-04
2.117014490067958832e-03 2.438296098262071609e-03 3.492717165499925613e-03 3.783931897487491369e-04 4.135592025704681873e-04 1.457780017517507076e-04
1.618889975361526012e-03 2.518386347219347954e-03 3.558740718290209770e-03 4.672553914133459330e-04 4.269206547178328037e-04 1.250257337233051658e-04
2.248835051432251930e-03 1.547445659525692463e-03 3.437440376728773117e-03 4.248516343068331480e-04 3.573998692445456982e-04 1.750549563439562917e-04
2.343221567571163177e-03 2.050063572824001312e-03 5.208032671362161636e-03 5.835878546349704266e-04 7.681291317567229271e-04 1.621737610548734665e-04
1.713606296107172966e-03 2.087631262838840485e-03 2.951560774818062782e-03 4.192023479845374823e-04 4.299754509702324867e-04 1.707089395495131612e-04
2.051369287073612213e-03 1.844195066951215267e-03 2.601166022941470146e-03 3.184503875672817230e-04 3.091592807322740555e-04 1.992138568311929703e-04
2.239633584395051003e-03 1.877845963463187218e-03 2.382574835792183876e-03 2.787848934531211853e-04 3.257515490986406803e-04 1.887371327029541135e-04
2.011163393035531044e-03 1.817030715756118298e-03 2.360492944717407227e-03 2.956915996037423611e-04 3.689457080326974392e-04 1.573453046148642898e-04
1.927555887959897518e-03 1.797157688997685909e-03 3.249771427363157272e-03 4.086656554136425257e-04 4.890505806542932987e-04 1.337659195996820927e-04
2.034469973295927048e-03 1.592738553881645203e-03 2.612947952002286911e-03 4.366382781881839037e-04 6.346295122057199478e-04 1.372806873405352235e-04
2.068618778139352798e-03 1.409329124726355076e-03 2.114375587552785873e-03 3.315162030048668385e-04 4.263954178895801306e-04 1.585103163961321115e-04
2.142018638551235199e-03 1.682983827777206898e-03 4.237949848175048828e-03 5.749268457293510437e-04 4.159184172749519348e-04 1.777672296157106757e-04
2.118510659784078598e-03 1.425954513251781464e-03 3.180587664246559143e-03 4.285546019673347473e-04 5.423956317827105522e-04 1.627820893190801144e-04
2.091860398650169373e-03 1.408311189152300358e-03 3.208001842722296715e-03 3.864032914862036705e-04 5.172826349735260010e-04 1.561163226142525673e-04
1.598969451151788235e-03 1.202682615257799625e-03 3.469332354143261909e-03 4.607733571901917458e-04 5.463189445436000824e-04 9.262513776775449514e-05
1.639148802496492863e-03 1.266574370674788952e-03 1.864115823991596699e-03 1.897772453958168626e-04 3.032234963029623032e-04 8.153930684784427285e-05
1.732488861307501793e-03 1.419478910975158215e-03 2.299489919096231461e-03 3.310838364996016026e-04 3.134786093141883612e-04 8.777116454439237714e-05
1.301673473790287971e-03 9.299459052272140980e-04 2.246471121907234192e-03 3.306792641524225473e-04 4.870792326983064413e-04 7.826688670320436358e-05
1.097719185054302216e-03 8.660688763484358788e-04 1.816250500269234180e-03 2.691784175112843513e-04 4.662112332880496979e-04 7.381615432677790523e-05
1.743322238326072693e-03 1.386657939292490482e-03 2.190660918131470680e-03 2.993904345203191042e-04 4.695488314609974623e-04 9.079028677660971880e-05
2.130289562046527863e-03 1.653914223425090313e-03 1.687764190137386322e-03 2.583871246315538883e-04 5.071505438536405563e-04 1.145820788224227726e-04
1.448591705411672592e-03 1.503404695540666580e-03 1.464451313950121403e-03 2.519662375561892986e-04 3.852672816719859838e-04 1.243810256710276008e-04
2.100942889228463173e-03 1.394188962876796722e-03 1.545335981063544750e-03 2.878286759369075298e-04 3.734160563908517361e-04 1.768192887539044023e-04
1.955706160515546799e-03 1.464424887672066689e-03 1.513059716671705246e-03 2.574850805103778839e-04 4.746485210489481688e-04 1.704841415630653501e-04
1.442182343453168869e-03 1.130696153268218040e-03 1.567591913044452667e-03 2.666681539267301559e-04 4.772169340867549181e-04 1.542303652968257666e-04
1.409230870194733143e-03 1.368798315525054932e-03 2.105936640873551369e-03 3.485630149953067303e-04 4.562161630019545555e-04 1.151275137090124190e-04
1.405457383953034878e-03 1.298527466133236885e-03 1.848497195169329643e-03 2.950550697278231382e-04 3.900325100403279066e-04 1.178737657028250396e-04
1.940528047271072865e-03 1.652933191508054733e-03 1.885757083073258400e-03 2.748488041106611490e-04 4.001008928753435612e-04 1.453571749152615666e-04
1.958947163075208664e-03 1.458547078073024750e-03 2.311312826350331306e-03 3.610465500969439745e-04 5.423929542303085327e-04 1.555594790261238813e-04
1.721966080367565155e-03 1.290480373427271843e-03 2.335440833121538162e-03 3.047144564334303141e-04 4.780111776199191809e-04 1.235826493939384818e-04
1.484742271713912487e-03 1.156131387688219547e-03 2.260056557133793831e-03 2.875219797715544701e-04 4.616286896634846926e-04 7.787911454215645790e-05
1.429355586878955364e-03 1.250969013199210167e-03 2.185861347243189812e-03 3.061709285248070955e-04 3.973773273173719645e-04 8.098020771285519004e-05
1.830842462368309498e-03 1.487160217948257923e-03 2.281458349898457527e-03 3.265467530582100153e-04 4.510338476393371820e-04 1.120305387303233147e-04
1.256076619029045105e-03 1.335273962467908859e-03 2.613181015476584435e-03 3.654606116469949484e-04 4.576234787236899137e-04 1.081605732906609774e-04
1.295680063776671886e-03 1.506499364040791988e-03 2.474958775565028191e-03 3.400350979063659906e-04 4.163015109952539206e-04 9.980797767639160156e-05
1.260571763850748539e-03 1.420958200469613075e-03 2.204283606261014938e-03 3.069425292778760195e-04 4.196567751932889223e-04 9.663784294389188290e-05
1.446758746169507504e-03 1.552997506223618984e-03 2.847396535798907280e-03 3.925732744392007589e-04 4.027229151688516140e-04 8.375541801797226071e-05
1.306277117691934109e-03 1.355203334242105484e-03 3.072229446843266487e-03 3.545072686392813921e-04 5.661239847540855408e-04 7.715133688179776073e-05
1.872936030849814415e-03 1.872749067842960358e-03 3.108045086264610291e-03 3.433793026488274336e-04 3.996011510025709867e-04 1.181439729407429695e-04
1.286766375415027142e-03 1.439537387341260910e-03 2.972345799207687378e-03 3.219350473955273628e-04 4.721703880932182074e-04 9.699524525785818696e-05
1.767934649251401424e-03 1.591765554621815681e-03 2.950322814285755157e-03 3.234616888221353292e-04 4.508205747697502375e-04 1.697664556559175253e-04
1.359661808237433434e-03 1.503950799815356731e-03 3.897944930940866470e-03 4.295700346119701862e-04 6.390120834112167358e-04 1.152436234406195581e-04
1.468766597099602222e-03 1.491312403231859207e-03 3.129011485725641251e-03 3.734478377737104893e-04 4.364079213701188564e-04 1.015530287986621261e-04
1.508111716248095036e-03 1.497540273703634739e-03 2.845934592187404633e-03 3.000243450514972210e-04 4.758492286782711744e-04 1.213827781612053514e-04
1.321286777965724468e-03 1.295375172048807144e-03 3.403524402529001236e-03 3.597998875193297863e-04 4.733079404104501009e-04 1.075790059985592961e-04
1.337439753115177155e-03 1.499779056757688522e-03 3.800791921094059944e-03 3.407735202927142382e-04 5.754621233791112900e-04 9.152430720860138535e-05
1.485227723605930805e-03 1.417199731804430485e-03 4.267290234565734863e-03 3.679886867757886648e-04 6.616970058530569077e-04 1.233894872711971402e-04
1.525092520751059055e-03 1.596778864040970802e-03 3.773828269913792610e-03 3.971431870013475418e-04 5.404464900493621826e-04 1.131255485233850777e-04
2.026144647970795631e-03 2.111522248014807701e-03 5.224922206252813339e-03 5.444718408398330212e-04 5.796735058538615704e-04 1.363996998406946659e-04
1.609335537068545818e-03 1.467440277338027954e-03 4.133684560656547546e-03 4.870459670200943947e-04 6.238797795958817005e-04 1.215944284922443330e-04
1.666686031967401505e-03 1.378637156449258327e-03 5.150145385414361954e-03 4.671586502809077501e-04 6.608232506550848484e-04 1.190106704598292708e-04
2.642279723659157753e-03 2.006858820095658302e-03 5.222921725362539291e-03 5.543188890442252159e-04 6.281149690039455891e-04 1.845118968049064279e-04
1.752392854541540146e-03 1.244245097041130066e-03 5.184618756175041199e-03 4.770836967509239912e-04 5.456392536871135235e-04 1.313738175667822361e-04
1.741497893817722797e-03 1.346887089312076569e-03 5.254438146948814392e-03 5.427127471193671227e-04 6.412855000235140324e-04 1.497150515206158161e-04
2.509466838091611862e-03 1.996765844523906708e-03 5.049183033406734467e-03 5.248007946647703648e-04 5.868728039786219597e-04 2.054697251878678799e-04
2.087058732286095619e-03 1.519685727544128895e-03 5.450369324535131454e-03 5.668759695254266262e-04 6.517969886772334576e-04 2.062562853097915649e-04
1.576099428348243237e-03 1.211271504871547222e-03 3.593208501115441322e-03 4.213215142954140902e-04 5.256172153167426586e-04 1.126584611483849585e-04
2.676471369341015816e-03 1.848362036980688572e-03 3.685442032292485237e-03 3.396717074792832136e-04 5.117154214531183243e-04 1.811106922104954720e-04
2.339946338906884193e-03 1.392609789036214352e-03 2.096720272675156593e-03 2.916405792348086834e-04 3.984475042670965195e-04 1.938360801432281733e-04
1.822514226660132408e-03 9.879086865112185478e-04 2.911721123382449150e-03 3.443838795647025108e-04 3.738839586731046438e-04 1.140211970778182149e-04
2.321044681593775749e-03 1.340428367257118225e-03 2.561214845627546310e-03 2.130296779796481133e-04 3.206395194865763187e-04 2.004774432862177491e-04
2.579850610345602036e-03 1.355093554593622684e-03 2.979102311655879021e-03 3.726082795765250921e-04 3.840736753772944212e-04 2.501028939150273800e-04
2.068975009024143219e-03 1.210635760799050331e-03 2.958493772894144058e-03 3.682012902572751045e-04 4.895229940302670002e-04 1.711184595478698611e-04
2.044163178652524948e-03 1.042902818880975246e-03 1.512491377070546150e-03 2.249987446703016758e-04 2.737636386882513762e-04 1.625259028514847159e-04
2.289792522788047791e-03 9.001279831863939762e-04 1.486183376982808113e-03 2.790400467347353697e-04 2.712508430704474449e-04 1.432871213182806969e-04
1.821794197894632816e-03 7.545302505604922771e-04 1.556912902742624283e-03 3.553847782313823700e-04 3.050551749765872955e-04 1.045010139932855964e-04
2.286791335791349411e-03 8.766067912802100182e-04 2.118282020092010498e-03 3.595786110963672400e-04 3.764953871723264456e-04 1.887680264189839363e-04
1.900843344628810883e-03 8.999475976452231407e-04 2.054471755400300026e-03 4.014652222394943237e-04 4.563926195260137320e-04 1.743354368954896927e-04
2.410446293652057648e-03 8.020186796784400940e-04 1.165715861134231091e-03 2.771237923298031092e-04 3.480778541415929794e-04 1.439224870409816504e-04
2.216198248788714409e-03 7.025134400464594364e-04 1.144807320088148117e-03 2.739744668360799551e-04 3.770272596739232540e-04 1.505278341937810183e-04
2.047037938609719276e-03 5.788757698610424995e-04 1.434141187928617001e-03 3.686925629153847694e-04 3.255623159930109978e-04 1.430323609383776784e-04
2.184950513765215874e-03 7.501851068809628487e-04 1.458249287679791451e-03 4.445475351531058550e-04 4.830646212212741375e-04 2.274863654747605324e-04
2.499817870557308197e-03 5.728414398618042469e-04 1.589193474501371384e-03 5.033397465012967587e-04 5.832130555063486099e-04 1.769510126905515790e-04
1.923834905028343201e-03 5.642394535243511200e-04 1.706614042632281780e-03 5.618825089186429977e-04 5.575753166340291500e-04 1.480537175666540861e-04
1.737506128847599030e-03 5.217679427005350590e-04 1.547723892144858837e-03 5.490249022841453552e-04 5.815895274281501770e-04 1.553642941871657968e-04
2.070470247417688370e-03 5.660834722220897675e-04 1.845367369242012501e-03 5.654235719703137875e-04 6.335922516882419586e-04 1.823030761443078518e-04
1.869000494480133057e-03 6.111969705671072006e-04 1.562437973916530609e-03 5.328239640220999718e-04 6.581881316378712654e-04 1.656191889196634293e-04
1.627493416890501976e-03 5.343405646272003651e-04 1.741369371302425861e-03 6.000806461088359356e-04 6.472160457633435726e-04 1.592437620274722576e-04
1.784213469363749027e-03 6.704907282255589962e-04 1.222209190018475056e-03 4.360350139904767275e-04 6.129311514087021351e-04 1.834494614740833640e-04
2.508577192202210426e-03 7.613435154780745506e-04 2.062479034066200256e-03 5.068987957201898098e-04 6.923654582351446152e-04 1.512232702225446701e-04
2.680638805031776428e-03 8.320478373207151890e-04 2.234623767435550690e-03 4.753959947265684605e-04 5.618128343485295773e-04 1.636587112443521619e-04
2.142657991498708725e-03 8.650792296975851059e-04 2.295922720804810524e-03 5.069023463875055313e-04 7.578629883937537670e-04 1.748239737935364246e-04
3.004770027473568916e-03 1.172763062641024590e-03 2.874720375984907150e-03 6.409118650481104851e-04 7.737685809843242168e-04 2.008651790674775839e-04
2.118105767294764519e-03 9.566276567056775093e-04 3.008614759892225266e-03 5.241318140178918839e-04 7.196917431429028511e-04 1.698154082987457514e-04
2.129209227859973907e-03 1.042980002239346504e-03 3.411557991057634354e-03 5.632964312098920345e-04 7.015065639279782772e-04 1.699527783785015345e-04
2.851789817214012146e-03 1.408101059496402740e-03 4.799851682037115097e-03 8.316606399603188038e-04 7.557079661637544632e-04 2.123117010341957211e-04
3.271527821198105812e-03 1.858663395978510380e-03 5.329809151589870453e-03 8.439616649411618710e-04 7.143740658648312092e-04 1.852749264799058437e-04
2.904547844082117081e-03 1.459661289118230343e-03 4.264840390533208847e-03 7.246774621307849884e-04 6.135893636383116245e-04 1.514587638666853309e-04
2.667602384462952614e-03 1.472614007070660591e-03 4.673901945352554321e-03 7.425783551298081875e-04 6.504417979158461094e-04 1.311333471676334739e-04
3.070816397666931152e-03 1.367157907225191593e-03 4.311545286327600479e-03 6.759879179298877716e-04 7.103051175363361835e-04 1.605694124009460211e-04
3.111198544502258301e-03 1.511618960648775101e-03 4.589218646287918091e-03 5.793237360194325447e-04 5.582643207162618637e-04 1.767341454979032278e-04
3.516745986416935921e-03 1.757408375851809978e-03 4.126550164073705673e-03 5.578355630859732628e-04 5.470790201798081398e-04 1.500420039519667625e-04
2.908004447817802429e-03 1.605770667083561420e-03 4.775042645633220673e-03 6.637120386585593224e-04 4.832267877645790577e-04 1.878986513474956155e-04
3.176998579874634743e-03 1.554177608340978622e-03 6.350605748593807220e-03 8.526266901753842831e-04 6.814770167693495750e-04 1.725684414850547910e-04
2.559340326115489006e-03 1.011555199511349201e-03 5.233477335423231125e-03 8.209851221181452274e-04 4.548499127849936485e-04 9.580958430888131261e-05
3.662667004391551018e-03 1.559482072480022907e-03 5.385566502809524536e-03 7.217740640044212341e-04 6.856704130768775940e-04 1.688859338173642755e-04
3.593481378629803658e-03 1.318171154707670212e-03 3.764945780858397484e-03 5.199083243496716022e-04 4.386223445180803537e-04 1.757689460646361113e-04
3.047311445698142052e-03 1.396396430209279060e-03 6.259458605200052261e-03 8.944654255174100399e-04 7.209986215457320213e-04 1.681973226368427277e-04
2.632466377690434456e-03 1.355783781036734581e-03 5.648503545671701431e-03 7.595518836751580238e-04 6.155858281999826431e-04 2.047335292445495725e-04
3.679136978462338448e-03 1.145831076428294182e-03 5.104825366288423538e-03 6.330377073027193546e-04 6.814550142735242844e-04 1.801544276531785727e-04
2.583418739959597588e-03 1.060588518157601357e-03 4.993310663849115372e-03 6.378047401085495949e-04 5.935128428973257542e-04 1.461864449083805084e-04
3.235273296013474464e-03 1.069693127647042274e-03 4.380180966109037399e-03 5.823515239171683788e-04 6.370878545567393303e-04 1.653256040299311280e-04
2.931383205577731133e-03 1.052864943630993366e-03 4.549900069832801819e-03 6.146590458229184151e-04 6.103170453570783138e-04 1.745819463394582272e-04
2.823230810463428497e-03 1.173332449980080128e-03 3.507919609546661377e-03 6.289564771577715874e-04 7.435700390487909317e-04 1.833762071328237653e-04
3.189680865034461021e-03 8.837565546855330467e-04 2.229712903499603271e-03 4.867273382842540741e-04 5.644108750857412815e-04 1.225632295245304704e-04
2.601161831989884377e-03 1.077934750355780125e-03 3.300083335489034653e-03 4.403510829433798790e-04 5.919378600083291531e-04 1.585704594617709517e-04
2.884382614865899086e-03 9.397495305165648460e-04 2.849115058779716492e-03 5.075959488749504089e-04 6.051301606930792332e-04 1.444277295377105474e-04
2.121458295732736588e-03 8.341001812368631363e-04 2.117785857990384102e-03 5.115580279380083084e-04 4.362185427453368902e-04 1.524324470665305853e-04
