2.169505693018436432e-03 1.640941016376018524e-03 4.787112993653863668e-04 8.002736285561695695e-05 9.803446300793439150e-05 1.169669631053693593e-04
2.729094587266445160e-03 1.873020781204104424e-03 5.198575090616941452e-04 9.686483099358156323e-05 9.246556146536022425e-05 1.888197584776207805e-04
1.399262342602014542e-03 1.714337966404855251e-03 4.327531787566840649e-04 5.952208448434248567e-05 1.112685858970507979e-04 9.681090887170284986e-05
2.280463930219411850e-03 1.802101382054388523e-03 4.341657040640711784e-04 6.645308894803747535e-05 1.075089749065227807e-04 1.958174834726378322e-04
2.136380178853869438e-03 2.544887596741318703e-03 6.711145397275686264e-04 1.115233608288690448e-04 1.357846922473981977e-04 1.271786895813420415e-04
1.874756882898509502e-03 2.807070268318057060e-03 5.548071349039673805e-04 6.567370292032137513e-05 1.112653335439972579e-04 1.525693951407447457e-04
2.762259216979146004e-03 2.687358995899558067e-03 5.344625096768140793e-04 8.423812687397003174e-05 1.124150876421481371e-04 1.776180288288742304e-04
1.697841798886656761e-03 2.241596113890409470e-03 1.038495916873216629e-03 1.480336504755541682e-04 1.834545109886676073e-04 1.128822623286396265e-04
3.228976158425211906e-03 2.897299593314528465e-03 7.348576327785849571e-04 7.935052417451515794e-05 1.264728925889357924e-04 2.352548763155937195e-04
2.326046582311391830e-03 1.884360797703266144e-03 1.004445599392056465e-03 1.291521330131217837e-04 1.736791309667751193e-04 1.878541370388120413e-04
2.277262741699814796e-03 1.824234030209481716e-03 9.538020240142941475e-04 1.652306527830660343e-04 1.472030126024037600e-04 1.453275181120261550e-04
2.451343229040503502e-03 2.587868832051753998e-03 7.933893939480185509e-04 1.057089320966042578e-04 1.692778605502098799e-04 1.735362457111477852e-04
2.170037478208541870e-03 3.796835662797093391e-03 5.561626167036592960e-04 6.634148303419351578e-05 1.177735248347744346e-04 1.592245243955403566e-04
2.372242975980043411e-03 2.995908027514815331e-03 7.030833512544631958e-04 9.571433474775403738e-05 1.245439052581787109e-04 1.443997025489807129e-04
2.971046138554811478e-03 4.050777759402990341e-03 5.019251839257776737e-04 7.734262180747464299e-05 9.876414696918800473e-05 1.986433489946648479e-04
2.869427436962723732e-03 3.719741711392998695e-03 1.022238866426050663e-03 1.265471801161766052e-04 1.339097070740535855e-04 1.977006759261712432e-04
2.855329774320125580e-03 5.327190738171339035e-03 9.006097097881138325e-04 1.120602901210077107e-04 1.771204988472163677e-04 2.086535387206822634e-04
2.689378801733255386e-03 4.674390424042940140e-03 1.301073585636913776e-03 1.539028453407809138e-04 2.124252350768074393e-04 1.941838272614404559e-04
2.579599851742386818e-03 4.482662305235862732e-03 1.203868538141250610e-03 1.456743775634095073e-04 2.237409644294530153e-04 1.861103810369968414e-04
3.044607117772102356e-03 4.091086331754922867e-03 1.203938154503703117e-03 1.637813693378120661e-04 1.837635209085419774e-04 1.942655653692781925e-04
2.390326233580708504e-03 3.225138876587152481e-03 8.468983578495681286e-04 1.095145635190419853e-04 1.562071411171928048e-04 1.569246378494426608e-04
2.899455837905406952e-03 3.792339004576206207e-03 7.923300145193934441e-04 1.099835353670641780e-04 1.346692733932286501e-04 2.134853129973635077e-04
2.511166967451572418e-03 4.285772796720266342e-03 8.369474671781063080e-04 9.984028292819857597e-05 1.309097278863191605e-04 1.974074693862348795e-04
2.199784852564334869e-03 2.909780712798237801e-03 8.702625054866075516e-04 9.861627768259495497e-05 1.848506799433380365e-04 1.452694850740954280e-04
2.210315549746155739e-03 2.521374961361289024e-03 8.653711411170661449e-04 1.072296508937142789e-04 1.965873379958793521e-04 1.626932207727804780e-04
2.272219164296984673e-03 3.445078618824481964e-03 9.303215192630887032e-04 1.206535744131542742e-04 1.671885547693818808e-04 1.437000901205465198e-04
1.787281478755176067e-03 2.644555410370230675e-03 4.938188940286636353e-04 6.811636558268219233e-05 1.016415044432505965e-04 1.057715198840014637e-04
3.275489667430520058e-03 5.072192754596471786e-03 8.006956195458769798e-04 1.098670836654491723e-04 1.264615275431424379e-04 2.389284200035035610e-04
3.050576196983456612e-03 4.138757474720478058e-03 9.869639761745929718e-04 1.065488831955008209e-04 1.457294420106336474e-04 1.800622849259525537e-04
2.266240771859884262e-03 3.398370929062366486e-03 8.880642708390951157e-04 1.140212843893095851e-04 1.193578063976019621e-04 1.664037554292008281e-04
2.447472186759114265e-03 4.404764622449874878e-03 1.079997862689197063e-03 1.037004913087002933e-04 1.530008303234353662e-04 1.768751535564661026e-04
2.667763968929648399e-03 4.048752598464488983e-03 1.248253625817596912e-03 1.641770068090409040e-04 1.465323875891044736e-04 1.691853540251031518e-04
2.207681071013212204e-03 2.416450297459959984e-03 8.428198634646832943e-04 1.052111547323875129e-04 1.546045969007536769e-04 1.655429223319515586e-04
1.972127938643097878e-03 3.458673134446144104e-03 9.270917507819831371e-04 1.121209352277219296e-04 1.807835506042465568e-04 1.298291172133758664e-04
2.129081403836607933e-03 2.759392606094479561e-03 8.790038409642875195e-04 9.301168756792321801e-05 1.132213292294181883e-04 1.395239232806488872e-04
2.438311232253909111e-03 2.717726863920688629e-03 8.833660976961255074e-04 1.100077060982584953e-04 1.329114020336419344e-04 1.518668868811801076e-04
2.375098643824458122e-03 3.159150946885347366e-03 9.252484887838363647e-04 9.446116746403276920e-05 1.655418163863942027e-04 1.408183597959578037e-04
2.460685791447758675e-03 2.304208930581808090e-03 8.286598022095859051e-04 8.597208216087892652e-05 1.570639433339238167e-04 1.700172724667936563e-04
2.430307911708950996e-03 3.541794838383793831e-03 9.665050311014056206e-04 9.828930342337116599e-05 1.616550580365583301e-04 1.731225638650357723e-04
1.897022011689841747e-03 2.785484772175550461e-03 1.096663763746619225e-03 1.209910042234696448e-04 1.650931953918188810e-04 1.168997623608447611e-04
2.327256603166460991e-03 2.095743548125028610e-03 5.559813580475747585e-04 7.148867007344961166e-05 1.270572538487613201e-04 1.710467768134549260e-04
2.797147259116172791e-03 2.797922817990183830e-03 7.225211011245846748e-04 8.599687134847044945e-05 1.189928661915473640e-04 1.855794544098898768e-04
2.148740459233522415e-03 2.391849877312779427e-03 5.404381081461906433e-04 7.470054697478190064e-05 1.099523578886874020e-04 1.339008449576795101e-04
2.031181240454316139e-03 2.431553555652499199e-03 3.963912895414978266e-04 6.037662024027667940e-05 9.446711192140355706e-05 1.389154786011204123e-04
2.002028515562415123e-03 1.994117395952343941e-03 1.180483028292655945e-03 1.204131840495392680e-04 2.041398984147235751e-04 1.181557236122898757e-04
2.426010323688387871e-03 2.139360876753926277e-03 6.943471962586045265e-04 7.077900954755023122e-05 1.393255370203405619e-04 1.471993891755118966e-04
2.285722177475690842e-03 2.304316731169819832e-03 4.863481153734028339e-04 7.994573388714343309e-05 9.735108324093744159e-05 1.341000606771558523e-04
2.341790823265910149e-03 2.123142126947641373e-03 4.082590166945010424e-04 6.699506775476038456e-05 7.784766057739034295e-05 1.654087973292917013e-04
2.363912062719464302e-03 2.458547474816441536e-03 2.977477561216801405e-04 6.631148426095023751e-05 7.577329961350187659e-05 1.895573514048010111e-04
2.119809621945023537e-03 1.282845973037183285e-03 4.064252425450831652e-04 6.721726094838231802e-05 8.349493873538449407e-05 1.184794673463329673e-04
2.373877214267849922e-03 1.535450806841254234e-03 2.857707731891423464e-04 5.682617484126240015e-05 6.397892138920724392e-05 1.863661891547963023e-04
1.808423432521522045e-03 1.189634087495505810e-03 3.273949550930410624e-04 6.567646778421476483e-05 6.850998761365190148e-05 1.206529486807994545e-04
2.369550056755542755e-03 2.066614571958780289e-03 3.894658584613353014e-04 7.108913268893957138e-05 7.753493264317512512e-05 1.435782032785937190e-04
2.228477038443088531e-03 1.206231885589659214e-03 5.391995655372738838e-04 7.870643457863479853e-05 1.032272630254738033e-04 1.415246952092275023e-04
2.227529883384704590e-03 1.426709000952541828e-03 4.181652620900422335e-04 8.815310138743370771e-05 9.697807399788871408e-05 1.406344381393864751e-04
1.900440664030611515e-03 1.594936125911772251e-03 6.452595116570591927e-04 1.160018437076359987e-04 1.237726828549057245e-04 1.314098772127181292e-04
2.184554934501647949e-03 1.328144804574549198e-03 6.996535812504589558e-04 1.393114653183147311e-04 1.319545117439702153e-04 1.488400448579341173e-04
2.262816764414310455e-03 1.294218935072422028e-03 6.116029107943177223e-04 1.390228280797600746e-04 9.521824540570378304e-05 1.304087636526674032e-04
1.737676910124719143e-03 1.294829999096691608e-03 1.182316453196108341e-03 1.618727546883746982e-04 2.077611425193026662e-04 1.461209467379376292e-04
2.274543046951293945e-03 1.379381283186376095e-03 9.142030030488967896e-04 1.296200643992051482e-04 1.651334168855100870e-04 1.613780768821015954e-04
2.522117225453257561e-03 1.490249182097613811e-03 9.793854551389813423e-04 1.517803320894017816e-04 2.073217037832364440e-04 1.545940322102978826e-04
2.060838742181658745e-03 1.269008964300155640e-03 8.296218584291636944e-04 1.225185551447793841e-04 1.778525183908641338e-04 1.346901117358356714e-04
2.103299601003527641e-03 1.340862596407532692e-03 8.818319765850901604e-04 1.331046514678746462e-04 1.573788613313809037e-04 1.338816364295780659e-04
2.360466867685317993e-03 1.661846763454377651e-03 8.090889896266162395e-04 1.449694391340017319e-04 1.080380388884805143e-04 1.429910480510443449e-04
1.899372553452849388e-03 1.163539709523320198e-03 9.427433251403272152e-04 1.487266126787289977e-04 1.850374392233788967e-04 1.354755368083715439e-04
1.692781923338770866e-03 1.373707666061818600e-03 8.947838214226067066e-04 1.329416700173169374e-04 1.723132299957796931e-04 1.272207155125215650e-04
2.098914002999663353e-03 1.660878071561455727e-03 6.236521876417100430e-04 1.420482294633984566e-04 9.379390394315123558e-05 1.424749934813007712e-04
1.887499354779720306e-03 1.400810317136347294e-03 8.823493844829499722e-04 1.269781641894951463e-04 1.563114929012954235e-04 1.198104291688650846e-04
2.123742597177624702e-03 1.558345975354313850e-03 7.127386052161455154e-04 1.059010683093219995e-04 1.520677324151620269e-04 1.345514028798788786e-04
1.746886293403804302e-03 1.416749088093638420e-03 4.448359832167625427e-04 1.481087965657934546e-04 8.284312934847548604e-05 1.059140340657904744e-04
2.152001718059182167e-03 1.552438596263527870e-03 4.986639833077788353e-04 1.280760479858145118e-04 9.664670506026595831e-05 1.234674273291602731e-04
2.221123315393924713e-03 1.683421782217919827e-03 5.657010478898882866e-04 1.396519219269976020e-04 9.577095624990761280e-05 1.377814041916280985e-04
2.019493840634822845e-03 1.716222497634589672e-03 3.879208234138786793e-04 1.095658080885186791e-04 7.730801735306158662e-05 1.251415087608620524e-04
1.913934131152927876e-03 1.773823401890695095e-03 5.141872097738087177e-04 1.200389888253994286e-04 9.676197805674746633e-05 1.397649175487458706e-04
1.867933780886232853e-03 1.663482864387333393e-03 2.904040447901934385e-04 6.937768193893134594e-05 7.137809006962925196e-05 1.327382633462548256e-04
2.002774039283394814e-03 1.980809727683663368e-03 2.357206976739689708e-04 6.311246397672221065e-05 6.133028364274650812e-05 1.423601061105728149e-04
2.014260040596127510e-03 1.834188355132937431e-03 2.250105899292975664e-04 5.128552584210410714e-05 5.973706720396876335e-05 1.513417228125035763e-04
2.089432906359434128e-03 1.911674393340945244e-03 3.029582439921796322e-04 9.732904436532407999e-05 6.318121450021862984e-05 1.651337952353060246e-04
2.148756058886647224e-03 2.037427853792905807e-03 2.384332765359431505e-04 5.370810686144977808e-05 6.490497617051005363e-05 1.449118426535278559e-04
1.847712788730859756e-03 1.799185411073267460e-03 2.582914603408426046e-04 7.017415191512554884e-05 6.590440898435190320e-05 1.232317154062911868e-04
1.902234740555286407e-03 2.011364325881004333e-03 2.333829179406166077e-04 5.543695806409232318e-05 6.134145223768427968e-05 1.424803485861048102e-04
2.074927790090441704e-03 1.696755876764655113e-03 3.129029646515846252e-04 7.706454198341816664e-05 6.759710959158837795e-05 1.542790269013494253e-04
1.906513818539679050e-03 1.876206137239933014e-03 2.497557725291699171e-04 6.786632002331316471e-05 5.808322384837083519e-05 1.489512505941092968e-04
2.119440352544188499e-03 2.168716397136449814e-03 2.415811322862282395e-04 6.211992877069860697e-05 5.444500129669904709e-05 1.624957949388772249e-04
2.043043263256549835e-03 2.179199131205677986e-03 2.588874776847660542e-04 7.766619091853499413e-05 4.749171421281062067e-05 1.576727081555873156e-04
1.999222906306385994e-03 1.687767566181719303e-03 2.623341861180961132e-04 6.990136898821219802e-05 4.762471871799789369e-05 1.530296867713332176e-04
2.152793109416961670e-03 2.272023120895028114e-03 2.804823161568492651e-04 8.071709453361108899e-05 5.019881791668012738e-05 1.701505825622007251e-04
2.138120355084538460e-03 2.163372468203306198e-03 2.781460934784263372e-04 6.642908556386828423e-05 4.917038677376694977e-05 1.531252637505531311e-04
2.795580308884382248e-03 2.287402516230940819e-03 3.165062516927719116e-04 7.391240797005593777e-05 5.205320121604017913e-05 1.903622323879972100e-04
2.453309483826160431e-03 2.244154689833521843e-03 3.100771282333880663e-04 7.604726852150633931e-05 4.790685488842427731e-05 1.712397788651287556e-04
2.395973773673176765e-03 2.185876714065670967e-03 5.100608104839920998e-04 1.077416745829395950e-04 7.480693602701649070e-05 1.586624566698446870e-04
2.397837582975625992e-03 2.003291621804237366e-03 4.237576504237949848e-04 7.808681402821093798e-05 7.522556552430614829e-05 1.812327391235157847e-04
2.835602965205907822e-03 1.965325791388750076e-03 5.815483164042234421e-04 1.057995468727312982e-04 9.939433948602527380e-05 1.958534703589975834e-04
2.799513749778270721e-03 2.336657373234629631e-03 6.934444536454975605e-04 1.315725239692255855e-04 1.211258422699756920e-04 1.811577385524287820e-04
3.065708559006452560e-03 2.187262987717986107e-03 5.748039693571627140e-04 1.028804472298361361e-04 9.308291191700845957e-05 2.022323315031826496e-04
3.041775431483983994e-03 2.228306373581290245e-03 7.999293156899511814e-04 1.330521918134763837e-04 1.211912021972239017e-04 2.190392697229981422e-04
2.839881926774978638e-03 2.312365453690290451e-03 7.922608056105673313e-04 1.307193160755559802e-04 1.165562935057096183e-04 1.782981853466480970e-04
2.968369284644722939e-03 1.998927211388945580e-03 7.871930138207972050e-04 1.271018554689362645e-04 1.267023471882566810e-04 1.936937478603795171e-04
2.842083806172013283e-03 2.185069024562835693e-03 7.858158205635845661e-04 1.243384322151541710e-04 1.376517029711976647e-04 2.154123649233952165e-04
2.525126328691840172e-03 1.660692272707819939e-03 6.649777642451226711e-04 1.039083799696527421e-04 1.101472516893409193e-04 1.487509580329060555e-04
2.553256228566169739e-03 1.493554213084280491e-03 8.555763633921742439e-04 1.301528973272070289e-04 1.440686028217896819e-04 1.884227385744452477e-04
2.683763625100255013e-03 1.421759021468460560e-03 7.849861285649240017e-04 1.198083482449874282e-04 1.257844123756513000e-04 1.682414585957303643e-04
2.599164843559265137e-03 1.417803112417459488e-03 6.583775393664836884e-04 1.240465062437579036e-04 8.781428914517164230e-05 1.750819792505353689e-04
2.215846907347440720e-03 1.329901162534952164e-03 6.624526577070355415e-04 1.326909696217626333e-04 1.010378546197898686e-04 1.821417390601709485e-04
2.302849432453513145e-03 1.212167320773005486e-03 8.861573878675699234e-04 1.177001104224473238e-04 1.579707895871251822e-04 1.812239643186330795e-04
3.124716226011514664e-03 1.379753579385578632e-03 6.975074065849184990e-04 1.348605437669903040e-04 1.079659778042696416e-04 2.030635077971965075e-04
2.608764683827757835e-03 1.164003391750156879e-03 7.364746998064219952e-04 1.293461100431159139e-04 1.205225707963109016e-04 2.022318367380648851e-04
2.613676479086279869e-03 9.960778988897800446e-04 7.166541181504726410e-04 1.390958932461217046e-04 1.140609165304340422e-04 1.615828223293647170e-04
2.705024555325508118e-03 9.669839055277407169e-04 6.570321274921298027e-04 1.394846622133627534e-04 9.990234684664756060e-05 1.764281187206506729e-04
2.426369348540902138e-03 8.757716859690845013e-04 6.305142305791378021e-04 1.252036745427176356e-04 8.196296403184533119e-05 1.958460634341463447e-04
2.241606125608086586e-03 9.139931644313037395e-04 4.853719437960535288e-04 1.062736409949138761e-04 7.408756937365978956e-05 1.855358423199504614e-04
2.375505398958921432e-03 7.807256188243627548e-04 6.575344013981521130e-04 1.431026903446763754e-04 1.047194818966090679e-04 1.720172876957803965e-04
2.033933065831661224e-03 7.557322387583553791e-04 5.259281024336814880e-04 1.298420538660138845e-04 7.291636575246229768e-05 1.701261644484475255e-04
2.145286416634917259e-03 7.091725710779428482e-04 5.507420282810926437e-04 1.580431562615558505e-04 7.574626943096518517e-05 1.864780788309872150e-04
2.021011430770158768e-03 6.786884041503071785e-04 4.113727482035756111e-04 1.140899184974841774e-04 6.568983371835201979e-05 1.707497140159830451e-04
1.994182821363210678e-03 6.009921780787408352e-04 5.432646721601486206e-04 1.501063961768522859e-04 9.276754281017929316e-05 1.842297351686283946e-04
1.722620800137519836e-03 7.038410985842347145e-04 3.583084908314049244e-04 1.028102997224777937e-04 6.230673898244276643e-05 1.883605436887592077e-04
2.118105301633477211e-03 6.195435998961329460e-04 5.158343119546771049e-04 1.029945342452265322e-04 8.464313577860593796e-05 2.809149737004190683e-04
2.339786151424050331e-03 6.136078154668211937e-04 3.103027702309191227e-04 7.102332165231928229e-05 5.474886711454018950e-05 2.015776262851431966e-04
1.664684852585196495e-03 5.191931850276887417e-04 3.713260230142623186e-04 8.122702274704352021e-05 6.360246334224939346e-05 1.515020121587440372e-04
1.344276475720107555e-03 4.232150095049291849e-04 3.255946212448179722e-04 7.724259194219484925e-05 6.081608444219455123e-05 1.183127387776039541e-04
1.879362622275948524e-03 5.866152350790798664e-04 2.819567162077873945e-04 8.193133544409647584e-05 4.820439426111988723e-05 1.295992551604285836e-04
2.031108131632208824e-03 6.440217839553952217e-04 3.388384357094764709e-04 6.951113755349069834e-05 6.288115400820970535e-05 1.426846138201653957e-04
1.695965649560093880e-03 6.009770440869033337e-04 2.637073339428752661e-04 6.650036812061443925e-05 4.885116868535988033e-05 1.210431437357328832e-04
2.413130132481455803e-03 7.965883705765008926e-04 4.577581130433827639e-04 1.189614122267812490e-04 6.376800592988729477e-05 1.115117847803048790e-04
2.364525105804204941e-03 8.206990314647555351e-04 3.501589526422321796e-04 8.289001561934128404e-05 5.741999484598636627e-05 1.158662926172837615e-04
2.330318093299865723e-03 8.750832639634609222e-04 3.203595115337520838e-04 8.759106276556849480e-05 4.720213837572373450e-05 1.263630692847073078e-04
2.334123477339744568e-03 9.091740939766168594e-04 3.765950095839798450e-04 1.003542784019373357e-04 5.801235238322988153e-05 1.159880994237028062e-04
2.429208951070904732e-03 1.049469690769910812e-03 3.731711767613887787e-04 1.109187578549608588e-04 5.433142723632045090e-05 1.220162666868418455e-04
2.426944440230727196e-03 1.004122546873986721e-03 3.807984758168458939e-04 1.054843814927153289e-04 5.647451325785368681e-05 1.055090906447730958e-04
1.961661037057638168e-03 1.005529891699552536e-03 4.458977200556546450e-04 1.013030268950387836e-04 6.836399552412331104e-05 1.073006933438591659e-04
2.329895272850990295e-03 1.081189489923417568e-03 6.225832039490342140e-04 9.142016642726957798e-05 1.038230038830079138e-04 1.387121155858039856e-04
1.881908974610269070e-03 9.185834205709397793e-04 3.201254585292190313e-04 8.772261935519054532e-05 5.535817399504594505e-05 1.255388924619182944e-04
2.746164333075284958e-03 1.137694460339844227e-03 7.050943095237016678e-04 1.125559356296434999e-04 1.236813550349324942e-04 1.228493783855810761e-04
2.310026204213500023e-03 1.018171780742704868e-03 6.867409101687371731e-04 9.674808097770437598e-05 1.088957214960828424e-04 1.203930878546088934e-04
2.425906714051961899e-03 1.048614154569804668e-03 6.133144488558173180e-04 1.029866834869608283e-04 9.810584015212953091e-05 1.215790616697631776e-04
2.728006802499294281e-03 1.009560772217810154e-03 7.147173164412379265e-04 9.908561332849785686e-05 1.236304378835484385e-04 1.254274393431842327e-04
2.402702579274773598e-03 1.006080186925828457e-03 2.593776443973183632e-04 6.527015648316591978e-05 4.879574407823383808e-05 1.376802101731300354e-04
2.318341983482241631e-03 8.985366439446806908e-04 2.767304540611803532e-04 6.738184310961514711e-05 4.622953565558418632e-05 1.244846789631992579e-04
2.343861153349280357e-03 9.603750659152865410e-04 2.802531525958329439e-04 7.974122127052396536e-05 4.982545942766591907e-05 1.259413402294740081e-04
2.588255330920219421e-03 8.540410199202597141e-04 3.283095720689743757e-04 6.753495108569040895e-05 5.293642243486829102e-05 1.256966206710785627e-04
2.538896864280104637e-03 8.923421846702694893e-04 3.907787613570690155e-04 6.931571988388895988e-05 5.777213664259761572e-05 1.225514133693650365e-04
2.212733961641788483e-03 8.925555739551782608e-04 3.611828724388033152e-04 7.063263183226808906e-05 6.676975317532196641e-05 1.137484723585657775e-04
2.446167636662721634e-03 7.430855766870081425e-04 3.574587462935596704e-04 7.772156823193654418e-05 6.075221244827844203e-05 9.227196278516203165e-05
2.656503813341259956e-03 8.509161998517811298e-04 5.091182538308203220e-04 1.109360091504640877e-04 6.977158773224800825e-05 1.365233183605596423e-04
2.098490484058856964e-03 7.902914076112210751e-04 4.361387109383940697e-04 9.697781206341460347e-05 1.140563908847980201e-04 1.124015325331129134e-04
2.506280317902565002e-03 8.225046331062912941e-04 3.287516883574426174e-04 9.304725244874134660e-05 8.878505468601360917e-05 1.086809716071002185e-04
2.123691374436020851e-03 6.833247025497257710e-04 4.689312481787055731e-04 1.373793347738683224e-04 1.401663175784051418e-04 1.006635720841586590e-04
2.340346341952681541e-03 7.423366187140345573e-04 4.374952404759824276e-04 8.991576760308817029e-05 8.269966929219663143e-05 1.067155099008232355e-04
2.406136831268668175e-03 7.112029707059264183e-04 3.358169342391192913e-04 8.030696335481479764e-05 6.091923569329082966e-05 1.194088108604773879e-04
