3.563342988491058350e-01 1.056501735001802444e-02 -1.615249551832675934e-03 5.608950159512460232e-04 2.100936835631728172e-03 4.447265062481164932e-03
3.718363940715789795e-01 1.071522478014230728e-02 -9.605347295291721821e-04 1.882025826489552855e-04 2.295261248946189880e-03 5.985763389617204666e-03
3.640368580818176270e-01 1.464382465928792953e-02 -4.406817970448173583e-05 -1.060966314980760217e-05 1.699496293440461159e-03 6.692312657833099365e-03
3.709067702293395996e-01 1.087136752903461456e-02 -2.300422784173861146e-04 -2.106813917635008693e-04 5.895083886571228504e-04 6.416708230972290039e-03
3.808075487613677979e-01 1.229143608361482620e-02 -2.900465915445238352e-04 5.675641295965760946e-05 -2.766491961665451527e-04 6.971683818846940994e-03
3.954263925552368164e-01 1.189323607832193375e-02 -5.940241971984505653e-04 1.953354367287829518e-04 -5.356587353162467480e-04 8.014731109142303467e-03
4.107164442539215088e-01 1.732517406344413757e-02 -7.488488336093723774e-04 4.519562644418329000e-04 -3.242434759158641100e-04 1.024979725480079651e-02
4.218899011611938477e-01 1.934349350631237030e-02 -7.051157881505787373e-04 1.248367480002343655e-04 6.561201007571071386e-05 1.132942736148834229e-02
4.378014504909515381e-01 1.753648184239864349e-02 -5.183243774808943272e-04 1.041459108819253743e-05 4.336988495197147131e-04 1.188388187438249588e-02
4.355414807796478271e-01 1.805562712252140045e-02 -2.587365452200174332e-04 -9.107312507694587111e-05 5.118310800753533840e-04 1.159403100609779358e-02
4.333190321922302246e-01 1.989875361323356628e-02 -1.374014755128882825e-05 -9.957295696949586272e-05 3.898259892594069242e-04 1.129101961851119995e-02
4.287548959255218506e-01 1.868307217955589294e-02 -1.693035155767574906e-04 3.462241511442698538e-05 2.229186939075589180e-04 1.158410962671041489e-02
4.369183182716369629e-01 1.886007562279701233e-02 -1.581264223204925656e-05 7.958594505907967687e-05 1.044479358824901283e-04 1.198139879852533340e-02
4.310446679592132568e-01 1.737851276993751526e-02 -1.167641166830435395e-04 1.582473669259343296e-05 5.742259963881224394e-05 1.208886224776506424e-02
4.283715188503265381e-01 1.778220385313034058e-02 -5.049586616223677993e-05 -4.573648766381666064e-05 -7.812504009052645415e-06 1.200704742223024368e-02
4.459318518638610840e-01 1.582053117454051971e-02 -5.196934216655790806e-04 7.753138925181701779e-05 -7.316385162994265556e-04 1.256970223039388657e-02
4.690338373184204102e-01 1.739758253097534180e-02 -6.646474357694387436e-04 4.265911775291897357e-05 -9.981030598282814026e-04 1.291833817958831787e-02
4.821127951145172119e-01 2.247856371104717255e-02 -8.760449709370732307e-04 4.590284079313278198e-04 -2.535248640924692154e-04 1.467469707131385803e-02
4.923003911972045898e-01 2.353180758655071259e-02 -7.441288325935602188e-04 1.881479547591879964e-04 6.092819385230541229e-04 1.583716459572315216e-02
4.827192425727844238e-01 2.525829523801803589e-02 -3.234453033655881882e-04 -3.620097995735704899e-04 9.507834911346435547e-04 1.423712540417909622e-02
4.793730378150939941e-01 1.996594294905662537e-02 3.433148594922386110e-05 -2.681568148545920849e-04 6.666348781436681747e-04 1.306461356580257416e-02
4.753290116786956787e-01 1.939126662909984589e-02 -4.379791789688169956e-05 -2.554082311689853668e-05 1.438056206097826362e-04 1.271590031683444977e-02
4.751591980457305908e-01 2.148454450070858002e-02 4.347310095909051597e-05 1.797098229872062802e-04 -2.364747197134420276e-04 1.345333363860845566e-02
4.807739853858947754e-01 1.973607949912548065e-02 -1.150309108197689056e-04 7.576362258987501264e-05 -2.854352933354675770e-04 1.372711546719074249e-02
4.803564548492431641e-01 2.169738709926605225e-02 -3.782248240895569324e-04 4.001627530669793487e-05 -1.229446061188355088e-04 1.400766987353563309e-02
4.872125685214996338e-01 2.077498659491539001e-02 -9.716016211314126849e-05 -4.562067624647170305e-05 9.918940486386418343e-05 1.390312425792217255e-02
4.865463972091674805e-01 2.157465927302837372e-02 -1.657366374274715781e-04 -5.500006591319106519e-05 1.689272467046976089e-04 1.375101041048765182e-02
4.824086725711822510e-01 2.058841474354267120e-02 -5.990532736177556217e-05 -9.326044528279453516e-05 1.515348849352449179e-04 1.315183844417333603e-02
4.778925180435180664e-01 2.288355492055416107e-02 -7.642984201083891094e-06 8.675088611198589206e-05 6.469717482104897499e-05 1.326541602611541748e-02
4.841375648975372314e-01 2.010164782404899597e-02 -1.977579377125948668e-04 -2.610161800475907512e-06 -2.335298086109105498e-05 1.343724131584167480e-02
4.875901341438293457e-01 2.079364098608493805e-02 1.226777676492929459e-04 6.436320109060034156e-05 -3.080749593209475279e-05 1.376790832728147507e-02
4.847890436649322510e-01 2.223990485072135925e-02 -2.092306531267240644e-04 -8.688836533110588789e-05 -2.081549973809160292e-05 1.328361313790082932e-02
4.894056618213653564e-01 2.040960267186164856e-02 -1.071176375262439251e-04 4.568187068798579276e-05 4.120316225453279912e-05 1.345138065516948700e-02
4.812537729740142822e-01 2.180158719420433044e-02 -5.522575156646780670e-05 2.956486241600941867e-05 5.156044062459841371e-05 1.365692447870969772e-02
4.855966269969940186e-01 2.249084785580635071e-02 -1.780075835995376110e-04 -6.674489850411191583e-05 4.251204154570586979e-05 1.324638072401285172e-02
4.845031201839447021e-01 2.258025482296943665e-02 -3.980267138103954494e-05 9.615692761144600809e-06 2.967630825878586620e-05 1.329703163355588913e-02
4.888084530830383301e-01 2.158272825181484222e-02 -1.034578090184368193e-04 -3.462620588834397495e-05 3.371907587279565632e-05 1.332580111920833588e-02
4.837186038494110107e-01 2.101266756653785706e-02 -4.852241909247823060e-05 5.893720299354754388e-05 2.247011434519663453e-05 1.325689908117055893e-02
4.846720397472381592e-01 2.226600050926208496e-02 -1.642096758587285876e-04 -8.339776104548946023e-05 3.122008638456463814e-05 1.320161856710910797e-02
4.844006299972534180e-01 2.005707100033760071e-02 8.620922744739800692e-05 4.801821705768816173e-05 2.179943658120464534e-05 1.327524706721305847e-02
4.840613603591918945e-01 2.092847228050231934e-02 -2.624720800668001175e-04 3.736975486390292645e-05 4.152814653934910893e-05 1.349974423646926880e-02
4.819274842739105225e-01 2.029607445001602173e-02 -1.367275835946202278e-04 -1.374581479467451572e-04 2.027901427936740220e-05 1.271560415625572205e-02
4.808872342109680176e-01 1.985239051282405853e-02 -1.412834099028259516e-04 -5.167118797544389963e-05 2.983646481879986823e-05 1.229024957865476608e-02
4.872342646121978760e-01 2.038041874766349792e-02 -4.447219180292449892e-05 -1.554091868456453085e-04 -7.664226359338499606e-06 1.172043383121490479e-02
4.771354794502258301e-01 1.819872669875621796e-02 -1.041734794853255153e-04 7.025501690804958344e-05 2.320307430636603385e-05 1.153106987476348877e-02
4.844787716865539551e-01 1.990980096161365509e-02 -5.393035098677501082e-05 -2.216702159785199910e-05 1.069834524969337508e-05 1.159265916794538498e-02
4.887387156486511230e-01 1.768743433058261871e-02 -1.652789651416242123e-04 -8.539235568605363369e-05 -1.432170847692759708e-06 1.128050219267606735e-02
4.913405776023864746e-01 1.783048361539840698e-02 -2.015176687564235181e-05 -3.003607343998737633e-05 2.018902159761637449e-05 1.107888203114271164e-02
4.872155785560607910e-01 1.618993096053600311e-02 -2.609124057926237583e-04 -6.194131128722801805e-05 1.804897692636586726e-05 1.055809296667575836e-02
4.894072711467742920e-01 1.628910563886165619e-02 9.414048690814524889e-06 -1.157284623332088813e-05 8.571965736337006092e-06 1.034330856055021286e-02
4.870512485504150391e-01 1.672018133103847504e-02 -6.180703348945826292e-05 -2.080883314192760736e-05 -7.021349119895603508e-06 1.006975676864385605e-02
4.887273609638214111e-01 1.570059731602668762e-02 -2.307783288415521383e-04 -2.423745718260761350e-05 2.030044242928852327e-06 9.817220270633697510e-03
4.893684685230255127e-01 1.417262945324182510e-02 -1.417166349710896611e-04 -3.910464511136524379e-05 3.435652615735307336e-05 9.637740440666675568e-03
4.870443940162658691e-01 1.568310894072055817e-02 -2.255383733427152038e-04 -1.336500918114325032e-05 1.872570464911404997e-05 9.400889277458190918e-03
4.913728237152099609e-01 1.389894541352987289e-02 -7.591136818518862128e-05 -5.207598587730899453e-05 1.315961526415776461e-05 9.255684912204742432e-03
4.906824529170989990e-01 1.571952737867832184e-02 -8.392120071221143007e-05 -1.807159060263074934e-05 3.803922481893096119e-06 9.119687601923942566e-03
4.841732978820800781e-01 1.353348419070243835e-02 -1.885350648080930114e-04 -5.453542689792811871e-05 1.032657564792316407e-05 8.557521738111972809e-03
4.956715106964111328e-01 1.232180651277303696e-02 -1.699261483736336231e-04 -7.006015039223711938e-06 -5.663750016537960619e-06 8.852385915815830231e-03
4.821322858333587646e-01 1.225276757031679153e-02 -2.044432449110900052e-06 -1.235341642313869670e-05 -4.642211024474818259e-06 8.267928846180438995e-03
4.848376214504241943e-01 1.047553960233926773e-02 1.984586560865864158e-05 -2.058524114545434713e-05 9.758684427652042359e-06 8.154500275850296021e-03
4.882849752902984619e-01 1.496977917850017548e-02 -1.405111397616565228e-04 -1.878200964711140841e-05 2.432296059851069003e-05 8.215101435780525208e-03
4.964452385902404785e-01 1.282858289778232574e-02 -4.769193037645891309e-05 -1.739982690196484327e-05 2.965872681670589373e-06 8.468431420624256134e-03
4.932775199413299561e-01 1.175205875188112259e-02 -3.179176565026864409e-05 -1.743905158946290612e-05 1.845222868723794818e-06 8.191260509192943573e-03
4.865533113479614258e-01 9.070864878594875336e-03 -3.215410979464650154e-04 -2.952127215394284576e-05 2.104751183651387691e-05 7.696739397943019867e-03
4.905222952365875244e-01 1.300711836665868759e-02 -1.653707440709695220e-04 -2.446916914777830243e-05 -1.819609906306141056e-06 7.880277000367641449e-03
4.961831271648406982e-01 1.255686022341251373e-02 -1.217358512803912163e-04 -4.228089892421849072e-06 -3.662594281195197254e-06 8.059906773269176483e-03
4.845688939094543457e-01 1.237287372350692749e-02 -5.039302050136029720e-05 -2.205641067121177912e-05 1.526453525002580136e-05 7.569331210106611252e-03
5.029674768447875977e-01 3.336424706503748894e-03 -1.865513622760772705e-04 -2.031694748438894749e-05 -5.354339009500108659e-06 7.796594873070716858e-03
4.875603020191192627e-01 9.825123474001884460e-03 -3.407408803468570113e-05 1.415466795151587576e-05 1.198058271256741136e-05 7.469902746379375458e-03
4.945797324180603027e-01 6.178045645356178284e-03 -1.042114017764106393e-04 -5.968487130303401500e-06 1.504050760559039190e-05 7.600566372275352478e-03
4.984494745731353760e-01 4.206547047942876816e-03 -1.499555510235950351e-04 -4.086670378455892205e-05 2.156111622753087431e-05 7.742777466773986816e-03
4.931837618350982666e-01 2.826438285410404205e-03 -1.738535502227023244e-04 8.277804681711131707e-07 -1.857322604337241501e-05 7.429369259625673294e-03
4.948304295539855957e-01 6.405887659639120102e-03 -2.357659104745835066e-05 -2.192952342738863081e-05 2.278931606269907206e-05 7.700268179178237915e-03
4.916064143180847168e-01 6.368660368025302887e-03 -6.952598050702363253e-05 -1.917370718729216605e-05 -3.470074807410128415e-05 7.451555691659450531e-03
4.904666244983673096e-01 1.379454042762517929e-02 3.315872527309693396e-05 -2.148341809515841305e-05 2.662847509782295674e-05 7.482683286070823669e-03
4.915259778499603271e-01 9.902075864374637604e-03 -1.405004150001332164e-04 -1.686673567746765912e-05 1.398616950609721243e-05 7.481758482754230499e-03
4.919373095035552979e-01 1.048344187438488007e-02 4.614897625287994742e-05 -1.725130232443916611e-06 -7.216560334200039506e-06 7.576319389045238495e-03
4.911408722400665283e-01 1.092645060271024704e-02 -2.155694237444549799e-04 -9.864955245575401932e-06 1.100514145946362987e-05 7.352915126830339432e-03
4.867153167724609375e-01 1.313338335603475571e-02 -2.756728827080223709e-05 -6.175318048917688429e-06 1.012471602734876797e-05 7.225999142974615097e-03
4.904206395149230957e-01 1.118041202425956726e-02 2.197053436248097569e-05 2.389381916145794094e-05 -8.319566404679790139e-06 7.289957255125045776e-03
4.833292365074157715e-01 1.355336606502532959e-02 -1.085591720766387880e-04 -1.527754420749261044e-07 3.848559572361409664e-06 7.011392153799533844e-03
4.919475913047790527e-01 1.344550121575593948e-02 -1.065071846824139357e-04 -1.308701757807284594e-05 5.683903054887196049e-07 7.526256609708070755e-03
4.798245131969451904e-01 1.421622280031442642e-02 -9.963387856259942055e-05 -2.172705535485874861e-07 1.111401252273935825e-05 6.969111971557140350e-03
4.954488277435302734e-01 1.144962944090366364e-02 -4.019842526759020984e-05 6.554897481692023575e-06 1.112302743422333151e-05 7.453264202922582626e-03
4.850245416164398193e-01 1.264951750636100769e-02 -9.174576916848309338e-06 3.787835566981812008e-06 -3.277049927419284359e-06 7.232976146042346954e-03
4.899168312549591064e-01 1.079771388322114944e-02 -2.483355929143726826e-04 -1.476252327847760171e-05 -2.045643122983165085e-05 7.233374286442995071e-03
4.893977642059326172e-01 1.264810189604759216e-02 -2.901528787333518267e-04 -4.653952419175766408e-05 -1.794732452253811061e-05 7.200191263109445572e-03
4.907422363758087158e-01 1.367779821157455444e-02 -1.790513342712074518e-04 -2.379616125836037099e-05 3.373173058207612485e-06 7.312728557735681534e-03
4.909336268901824951e-01 1.174982357770204544e-02 1.927283301483839750e-05 -1.157656151917763054e-05 -2.551708166720345616e-05 7.411283906549215317e-03
4.907898306846618652e-01 1.135340612381696701e-02 -8.627664647065103054e-05 -2.933114728875807486e-06 -1.621746559976600111e-05 7.337520364671945572e-03
4.890990853309631348e-01 1.111032348126173019e-02 -3.488982474664226174e-05 2.244358938696677797e-06 2.341109393455553800e-05 7.279367186129093170e-03
4.902448654174804688e-01 1.480715535581111908e-02 -2.177556889364495873e-04 -3.084519994445145130e-05 -1.067325229087145999e-06 7.337410002946853638e-03
4.937532544136047363e-01 1.269807294011116028e-02 5.601067459792830050e-05 2.601028791104909033e-05 -5.218114893068559468e-06 7.731898222118616104e-03
4.876306653022766113e-01 1.133351400494575500e-02 -1.527437707409262657e-04 -2.754974411800503731e-05 -1.845267252065241337e-05 7.114630192518234253e-03
4.920690655708312988e-01 1.195300463587045670e-02 -3.474691766314208508e-05 7.543235369666945189e-06 3.157831088174134493e-05 7.385862991213798523e-03
4.910780489444732666e-01 1.461153384298086166e-02 -3.755255602300167084e-05 -1.108161541196750477e-06 -6.688097982987528667e-06 7.440465502440929413e-03
4.900464117527008057e-01 1.003690250217914581e-02 -7.424856448778882623e-05 -3.097368562521296553e-06 -7.243632353493012488e-06 7.287935819476842880e-03
4.896794557571411133e-01 1.121925655752420425e-02 -1.136471619247458875e-04 1.143339250120334327e-05 7.967560122779104859e-06 7.194968871772289276e-03
4.857013225555419922e-01 1.264741457998752594e-02 -2.145183134416583925e-05 -3.391681275388691574e-06 3.470164756436133757e-06 7.115803658962249756e-03
4.949508607387542725e-01 1.217932440340518951e-02 -3.186668618582189083e-05 1.145771875599166378e-05 -4.218768481223378330e-06 7.597590330988168716e-03
4.895814955234527588e-01 1.198336388915777206e-02 7.492934673791751266e-05 -1.755338598741218448e-05 2.118995689670555294e-05 7.208832539618015289e-03
4.892326295375823975e-01 1.143849547952413559e-02 -2.774465538095682859e-04 -1.478832245993544348e-06 -7.458437721652444452e-06 7.426682859659194946e-03
4.875099658966064453e-01 1.434598304331302643e-02 1.511274458607658744e-04 6.688295343337813392e-06 9.533493539493065327e-06 7.102713454514741898e-03
4.923693537712097168e-01 1.098476070910692215e-02 -5.707695891032926738e-05 7.242490482894936576e-06 1.571904431330040097e-05 7.578859105706214905e-03
4.905465543270111084e-01 9.394879452884197235e-03 -1.435126614524051547e-04 -1.764692569850012660e-05 -5.907460035814438015e-06 7.391930092126131058e-03
4.907550811767578125e-01 1.144165825098752975e-02 1.038757181959226727e-05 -4.298652129364199936e-06 2.121704710589256138e-05 7.265876047313213348e-03
4.947001934051513672e-01 1.440506801009178162e-02 -1.851869456004351377e-04 -2.849813063221517950e-05 2.702950723687536083e-06 7.586760446429252625e-03
4.953241348266601562e-01 1.250223908573389053e-02 -5.969850462861359119e-05 2.549035798438126221e-06 -4.375850494398036972e-06 7.511706091463565826e-03
4.866574108600616455e-01 1.182470377534627914e-02 -1.000519205263117328e-05 5.044290446676313877e-06 2.913919888669624925e-05 7.482461165636777878e-03
4.874310493469238281e-01 7.114531006664037704e-03 -1.021473726723343134e-04 -1.185361998068401590e-05 -1.872010216175112873e-06 7.129622623324394226e-03
4.918565452098846436e-01 1.363797672092914581e-02 -1.500280777690932155e-04 1.612443156773224473e-07 -2.821786438289564103e-06 7.432500366121530533e-03
4.913554191589355469e-01 1.391551829874515533e-02 -6.037149796611629426e-05 6.716171355947153643e-06 8.580755093134939671e-06 7.286440115422010422e-03
4.939259886741638184e-01 1.041860133409500122e-02 -2.291892305947840214e-04 -3.924193606508197263e-06 7.876665222283918411e-06 7.536029443144798279e-03
4.932261407375335693e-01 1.103583630174398422e-02 -1.771494498825632036e-05 -2.456087713653687388e-05 -5.049780156696215272e-06 7.214593701064586639e-03
4.925450086593627930e-01 9.128281846642494202e-03 -6.317746738204732537e-05 -1.942006747412960976e-05 7.623309556947788224e-06 7.498471532016992569e-03
4.872282743453979492e-01 1.298203598707914352e-02 -1.307451020693406463e-04 8.667499059811234474e-06 -1.998296829697210342e-05 7.296442519873380661e-03
4.884293079376220703e-01 1.277585141360759735e-02 -9.962001058738678694e-05 -2.546693576732650399e-05 -1.561668977956287563e-05 7.505020126700401306e-03
4.931654930114746094e-01 9.966718964278697968e-03 -1.507786782894982025e-05 -5.894621608604211360e-07 1.364705804007826373e-05 7.506361696869134903e-03
4.908110797405242920e-01 1.001374423503875732e-02 -5.331385909812524915e-05 -5.641164534608833492e-06 -2.349145870539359748e-05 7.312987465411424637e-03
4.959136247634887695e-01 1.008099317550659180e-02 -1.182024570880457759e-04 1.521596823295112699e-05 -9.370958650833927095e-06 7.168424781411886215e-03
4.919708967208862305e-01 9.665562771260738373e-03 -5.921647607465274632e-05 -8.466980034427251667e-06 2.611094532767310739e-05 7.393883075565099716e-03
4.951408803462982178e-01 9.652271866798400879e-03 1.957165295607410371e-05 4.600562533596530557e-06 -9.729776593303540722e-07 7.137152366340160370e-03
4.905166029930114746e-01 9.009228087961673737e-03 -2.085170563077554107e-04 -5.018645242671482265e-05 3.155456397507805377e-06 7.248019799590110779e-03
4.921917915344238281e-01 1.071331091225147247e-02 -1.847835810622200370e-04 -1.174988065031357110e-04 2.350533577555324882e-05 6.822153925895690918e-03
