3.946058917790651321e-03 1.542458427138626575e-03 3.665213298518210649e-04 3.673174069263041019e-05 3.328791717649437487e-05 8.891322067938745022e-05
3.818092867732048035e-03 1.534031820483505726e-03 6.319010281004011631e-04 6.766412116121500731e-05 3.427429692237637937e-05 2.760231436695903540e-04
4.997143056243658066e-03 2.110206522047519684e-03 3.350984770804643631e-04 3.534304778440855443e-05 3.009140345966443419e-05 4.027036193292587996e-04
4.827961791306734085e-03 1.840024604462087154e-03 2.358908241149038076e-04 2.803885035973507911e-05 3.022189957846421748e-05 9.126942313741892576e-05
5.550505127757787704e-03 2.372953342273831367e-03 1.191430710605345666e-04 2.222439434262923896e-05 1.717692248348612338e-05 1.867740502348169684e-04
5.659026559442281723e-03 2.267240080982446671e-03 1.105456467485055327e-04 2.126663275703322142e-05 1.629494909138884395e-05 2.003539266297593713e-04
6.436530966311693192e-03 2.309461357071995735e-03 2.362252271268516779e-04 3.842664227704517543e-05 3.443409514147788286e-05 6.913793040439486504e-04
4.602257162332534790e-03 1.952734543010592461e-03 3.364353615324944258e-04 4.606045331456698477e-05 5.225399945629760623e-05 1.592464832356199622e-04
2.954198280349373817e-03 1.860118703916668892e-03 2.217114379163831472e-04 3.204757740604691207e-05 3.090161771979182959e-05 1.597863592905923724e-04
3.529887879267334938e-03 1.715832157060503960e-03 2.411978784948587418e-04 3.074207415920682251e-05 7.130180165404453874e-05 1.028336264425888658e-04
4.298648796975612640e-03 1.954074250534176826e-03 3.055727283935993910e-04 4.039960185764357448e-05 5.680096364812925458e-05 1.311434316448867321e-04
4.086004104465246201e-03 1.978560583665966988e-03 2.598953142296522856e-04 4.028003604616969824e-05 3.918642323696985841e-05 1.295769034186378121e-04
3.080304712057113647e-03 1.900685834698379040e-03 6.427144398912787437e-04 8.094308577710762620e-05 6.093062984291464090e-05 2.826592826750129461e-04
2.368167508393526077e-03 1.632972387596964836e-03 9.179121116176247597e-04 1.323914038948714733e-04 5.695185245713219047e-05 1.367134536849334836e-04
3.227963345125317574e-03 1.638052053749561310e-03 6.375511875376105309e-04 1.020266281557269394e-04 4.531014928943477571e-05 1.119962325901724398e-04
3.336586290970444679e-03 1.601016148924827576e-03 4.794099659193307161e-04 6.402895087376236916e-05 3.968699456891044974e-05 1.360249152639880776e-04
2.490743296220898628e-03 1.362679060548543930e-03 4.089369613211601973e-04 5.408871584222652018e-05 3.923175609088502824e-05 1.612791529623791575e-04
4.955543205142021179e-03 2.144058700650930405e-03 3.613186127040535212e-04 5.428360236692242324e-05 2.719504846027120948e-05 2.460190444253385067e-04
4.484686069190502167e-03 2.340357517823576927e-03 2.790136495605111122e-04 4.524703399511054158e-05 4.524058385868556798e-05 5.355122266337275505e-04
2.833681413903832436e-03 1.524180755950510502e-03 4.324151377659291029e-04 5.538926052395254374e-05 4.126358908251859248e-05 2.070700575131922960e-04
2.773791551589965820e-03 1.338056405074894428e-03 4.077840712852776051e-04 5.178951687412336469e-05 3.761337211471982300e-05 1.459647464798763394e-04
3.546149004250764847e-03 1.441003987565636635e-03 4.504433018155395985e-04 5.864442209713160992e-05 4.380415703053586185e-05 2.718714822549372911e-04
2.304858062416315079e-03 1.146968337707221508e-03 2.781514776870608330e-04 3.944627314922399819e-05 2.456150832585990429e-05 2.305892267031595111e-04
3.127127885818481445e-03 1.496570999734103680e-03 4.939339705742895603e-04 6.030207805451937020e-05 4.242056456860154867e-05 2.362269297009333968e-04
3.895457834005355835e-03 1.215878408402204514e-03 3.390975762158632278e-04 4.598305167746730149e-05 3.298684532637707889e-05 3.902355383615940809e-04
3.022425109520554543e-03 1.004502177238464355e-03 4.865815571974962950e-04 6.331373151624575257e-05 4.554338738671503961e-05 2.428541920380666852e-04
3.710611257702112198e-03 1.213639508932828903e-03 5.716194864362478256e-04 7.448350515915080905e-05 4.924956374452449381e-05 4.553747130557894707e-04
2.486664801836013794e-03 1.268841675482690334e-03 2.887963200919330120e-04 3.976461448473855853e-05 2.486992707417812198e-05 1.603992568561807275e-04
3.398220986127853394e-03 1.482676831074059010e-03 3.842848236672580242e-04 4.825814176001586020e-05 3.247164204367436469e-05 4.074158787261694670e-04
3.934251610189676285e-03 1.445341738872230053e-03 6.317183724604547024e-04 7.684232696192339063e-05 5.652505933539941907e-05 4.412997514009475708e-04
2.605099696666002274e-03 1.229930901899933815e-03 4.905065870843827724e-04 6.134072464192286134e-05 4.042837099405005574e-05 3.390945203136652708e-04
2.932693576440215111e-03 1.263314741663634777e-03 4.200933035463094711e-04 5.655279892380349338e-05 3.864889004034921527e-05 3.217689518351107836e-04
1.873499248176813126e-03 9.509853553026914597e-04 4.310312797315418720e-04 5.624816185445524752e-05 3.748258313862606883e-05 1.790795504348352551e-04
2.832703990861773491e-03 1.429867115803062916e-03 4.613228957168757915e-04 6.122684135334566236e-05 4.114723196835257113e-05 3.623207157943397760e-04
2.832478377968072891e-03 1.553382142446935177e-03 5.518679972738027573e-04 7.080188515828922391e-05 4.884625741397030652e-05 4.256507963873445988e-04
3.042415250092744827e-03 1.764599466696381569e-03 6.724926060996949673e-04 9.060167940333485603e-05 6.048820796422660351e-05 4.424019425641745329e-04
2.701475517824292183e-03 1.815935713239014149e-03 4.447765531949698925e-04 5.716757732443511486e-05 3.994029248133301735e-05 4.296474508009850979e-04
2.414677757769823074e-03 1.965303206816315651e-03 5.297294701449573040e-04 6.503832264570519328e-05 4.194641223875805736e-05 2.474915527272969484e-04
2.299935789778828621e-03 1.751819858327507973e-03 6.397743709385395050e-04 7.773876859573647380e-05 3.799378828261978924e-05 3.721260582096874714e-04
2.731760650931391865e-05 2.523883478716015816e-03 5.190028459765017033e-04 6.288706936175003648e-05 6.008342825225554407e-05 4.635763762053102255e-04
6.402412895113229752e-03 2.526298863813281059e-03 4.557224747259169817e-04 5.975033127469941974e-05 6.070026574889197946e-05 4.290624056011438370e-04
6.444622296839952469e-03 2.371153095737099648e-03 1.725645270198583603e-04 2.782491355901584029e-05 2.021515865635592490e-05 4.764336044900119305e-04
2.632365794852375984e-05 2.271583536639809608e-03 1.163471824838779867e-04 2.092603062919806689e-05 1.513292954768985510e-05 4.190020845271646976e-04
2.152403350919485092e-03 1.940229907631874084e-03 6.994442082941532135e-04 9.257699275622144341e-05 3.926546924049034715e-05 3.830378991551697254e-04
2.409226493909955025e-03 1.508416607975959778e-03 4.355213895905762911e-04 5.724017319153062999e-05 4.107227505301125348e-05 3.265774284955114126e-04
3.230052243452519178e-05 2.492239698767662048e-03 1.173309865407645702e-04 2.151443004549946636e-05 1.540769153507426381e-05 4.302933521103113890e-04
2.321620377188082784e-05 2.477679634466767311e-03 2.885556605178862810e-04 4.049798371852375567e-05 2.439103081997018307e-05 4.280350112821906805e-04
6.603522226214408875e-03 2.589238109067082405e-03 4.669944173656404018e-04 5.820345540996640921e-05 3.676941560115665197e-05 5.152507801540195942e-04
7.012515561655163765e-05 2.630150178447365761e-03 3.521767503116279840e-04 4.483935845200903714e-05 2.947648135886993259e-05 4.588549199979752302e-04
2.539742126828059554e-05 2.536785090342164040e-03 2.971895446535199881e-04 3.886025660904124379e-05 2.678017153812106699e-05 4.236819804646074772e-04
6.561741232872009277e-03 2.284064888954162598e-03 2.509626210667192936e-04 3.617407855927012861e-05 2.425957427476532757e-05 4.812421102542430162e-04
4.487052137847058475e-05 2.412175759673118591e-03 2.248419623356312513e-04 3.403882510610856116e-05 2.469642458891030401e-05 4.138659569434821606e-04
6.721118930727243423e-03 2.557447878643870354e-03 4.729225765913724899e-04 5.926431913394480944e-05 5.520050763152539730e-05 5.431706667877733707e-04
3.410463250475004315e-05 2.183658536523580551e-03 1.509898575022816658e-04 2.380057776463218033e-05 2.080939157167449594e-05 4.095281183253973722e-04
8.627952047390863299e-05 2.374655567109584808e-03 1.465509267291054130e-04 2.554364618845283985e-05 1.748032991599757224e-05 4.873549041803926229e-04
6.931573152542114258e-03 2.617863239720463753e-03 3.449414507485926151e-04 4.389507012092508376e-05 3.197670594090595841e-05 5.235206917859613895e-04
6.108086090534925461e-03 2.325016539543867111e-03 1.350519887637346983e-04 2.418842268525622785e-05 1.806616091926116496e-05 4.741460725199431181e-04
7.200987543910741806e-03 2.525609452277421951e-03 3.600818163249641657e-04 4.854881262872368097e-05 3.401381400180980563e-05 5.542644648812711239e-04
4.003657028079032898e-03 2.002214314416050911e-03 4.888483090326189995e-04 6.828264304203912616e-05 5.006231003790162504e-05 3.635443863458931446e-04
7.635220419615507126e-03 2.414614195004105568e-03 6.357671809382736683e-04 7.867876411182805896e-05 4.966400956618599594e-05 5.129392375238239765e-04
7.188654504716396332e-03 2.503588562831282616e-03 6.533251726068556309e-04 8.404072286793962121e-05 4.901016291114501655e-05 5.196973215788602829e-04
3.346544457599520683e-03 2.122777746990323067e-03 6.210178253240883350e-04 7.310845103347674012e-05 4.884765803581103683e-05 4.319098661653697491e-04
2.240069210529327393e-03 1.547250663861632347e-03 7.261231658048927784e-04 8.852676546666771173e-05 4.977016214979812503e-05 2.884283603634685278e-04
2.820191672071814537e-03 1.566883409395813942e-03 5.227830843068659306e-04 6.281415699049830437e-05 4.501735747908242047e-05 3.824952291324734688e-04
3.033810295164585114e-03 1.445117522962391376e-03 4.923597443848848343e-04 6.643839878961443901e-05 4.241891656420193613e-05 3.776617813855409622e-04
3.430338576436042786e-03 1.750173862092196941e-03 5.163656314834952354e-04 5.982565198792144656e-05 4.837499727727845311e-05 4.140101664233952761e-04
3.040111390873789787e-03 1.596214948222041130e-03 6.593812722712755203e-04 6.341703556245192885e-05 6.226323603186756372e-05 4.124191764276474714e-04
3.390678670257329941e-03 1.449447823688387871e-03 2.351625123992562294e-03 8.152248483384028077e-05 2.402190730208531022e-04 4.184132849331945181e-04
2.891360083594918251e-03 1.345745171420276165e-03 6.123649654909968376e-04 7.378484588116407394e-05 4.941592123941518366e-05 3.565183433238416910e-04
3.669488010928034782e-03 1.393340993672609329e-03 6.044324254617094994e-04 8.840572263579815626e-05 5.232276453170925379e-05 4.337290883995592594e-04
4.139075987040996552e-03 1.469745999202132225e-03 5.224012420512735844e-04 7.606483995914459229e-05 4.577572326525114477e-05 5.581552395597100258e-04
3.443432069616392255e-05 2.855760278180241585e-03 4.093709285371005535e-04 6.612502329517155886e-05 3.046425445063505322e-05 5.134815000928938389e-04
3.252738853916525841e-03 1.392438658513128757e-03 4.931561998091638088e-04 6.308925367193296552e-05 4.210597398923709989e-05 3.540657344274222851e-04
2.970124827697873116e-03 1.336579909548163414e-03 5.527092725969851017e-04 7.355784327955916524e-05 4.228704710840247571e-05 3.819515986833721399e-04
2.660607686266303062e-03 1.271937624551355839e-03 9.811969939619302750e-04 1.290581712964922190e-04 5.348213016986846924e-05 3.283647529315203428e-04
2.143010497093200684e-03 1.362057402729988098e-03 5.751160788349807262e-04 7.555312186013907194e-05 4.806024298886768520e-05 1.475574827054515481e-04
2.207382349297404289e-03 1.414979458786547184e-03 4.972065798938274384e-04 6.516412395285442472e-05 4.957361670676618814e-05 3.664408286567777395e-04
2.684639999642968178e-03 1.574573339894413948e-03 5.220918101258575916e-04 7.044047379167750478e-05 4.778993024956434965e-05 4.415388684719800949e-04
3.355980850756168365e-03 2.014548750594258308e-03 6.430313806049525738e-04 8.286392403533682227e-05 6.680157821392640471e-05 4.923751112073659897e-04
3.516618628054857254e-03 2.091410104185342789e-03 2.765965764410793781e-04 4.425177030498161912e-05 2.598679020593408495e-05 4.451933491509407759e-04
2.626231638714671135e-03 2.054417273029685020e-03 6.938741425983607769e-04 7.818064477760344744e-05 7.075748726492747664e-05 4.059118509758263826e-04
4.269660916179418564e-03 2.460765885189175606e-03 5.194225814193487167e-04 6.977577868383377790e-05 5.076849993201903999e-05 4.491362487897276878e-04
5.089030601084232330e-03 2.622880740091204643e-03 8.073557401075959206e-04 1.017837639665231109e-04 5.654226697515696287e-05 3.816901007667183876e-04
2.128512598574161530e-03 2.117906929925084114e-03 5.181400920264422894e-04 6.159218901302665472e-05 4.528792851488105953e-05 4.065935208927839994e-04
3.085173899307847023e-03 2.646269975230097771e-03 5.265210638754069805e-04 6.492213287856429815e-05 4.389088644529692829e-05 5.027243169024586678e-04
2.844424918293952942e-03 2.355505246669054031e-03 5.555422976613044739e-04 6.884075264679268003e-05 4.383299165056087077e-05 4.338443686719983816e-04
1.973807346075773239e-03 2.461764495819807053e-03 6.473702960647642612e-04 7.703468145336955786e-05 4.551729580271057785e-05 4.259475681465119123e-04
2.947268076241016388e-03 2.842174377292394638e-03 4.794615670107305050e-04 5.924594734096899629e-05 4.012618956039659679e-05 4.694682429544627666e-04
4.541260655969381332e-03 3.144420916214585304e-03 2.208854857599362731e-04 2.861279062926769257e-05 3.515875505399890244e-05 4.216495726723223925e-04
7.711587939411401749e-03 3.722397144883871078e-03 1.671173813519999385e-04 2.386307642154861242e-05 3.016151458723470569e-05 5.763621884398162365e-04
6.099862977862358093e-03 3.448863746598362923e-03 4.585774731822311878e-04 6.099901293055154383e-05 3.781278428505174816e-05 4.448324034456163645e-04
5.954145919531583786e-03 2.692684298381209373e-03 1.777459256118163466e-04 2.369189132878091186e-05 2.913194293796550483e-05 4.003476060461252928e-04
6.474661175161600113e-03 2.820394001901149750e-03 2.353374002268537879e-04 3.137138992315158248e-05 3.121895133517682552e-05 3.708347794599831104e-04
1.067685516318306327e-04 3.566263476386666298e-03 1.357347937300801277e-04 1.837219315348193049e-05 2.790650069073308259e-05 5.456971121020615101e-04
6.037402432411909103e-03 3.383526578545570374e-03 2.281368069816380739e-04 3.033201937796548009e-05 2.814758590830024332e-05 4.376701836008578539e-04
6.527548655867576599e-03 3.685383358970284462e-03 1.545995182823389769e-04 2.104011764458846301e-05 2.509775549697224051e-05 5.225974018685519695e-04
5.016386508941650391e-03 3.900060197338461876e-03 1.730123185552656651e-04 2.377492455707397312e-05 3.482926331344060600e-05 3.266462299507111311e-04
8.432526374235749245e-04 5.510828923434019089e-03 1.491738657932728529e-04 1.903479278553277254e-05 4.319368963479064405e-05 6.156924064271152020e-04
6.581753958016633987e-03 3.640720387920737267e-03 1.769470982253551483e-04 2.352659794269129634e-05 5.773458542535081506e-05 3.794267831835895777e-04
6.888631731271743774e-03 3.661391325294971466e-03 1.620813127374276519e-04 2.211218816228210926e-05 3.041111813217867166e-05 4.134248592890799046e-04
3.775186196435242891e-04 4.539973568171262741e-03 1.500531216152012348e-04 2.175822737626731396e-05 5.131418220116756856e-05 5.888779996894299984e-04
3.213154850527644157e-03 3.781783860176801682e-03 1.778740552254021168e-04 2.600346851977519691e-05 2.035455509030725807e-05 3.948480589315295219e-04
3.452794859185814857e-03 2.969794673845171928e-03 1.955365587491542101e-04 2.598168066469952464e-05 2.473332460795063525e-05 3.793948562815785408e-04
5.265351384878158569e-03 3.958240617066621780e-03 2.308912517037242651e-04 2.777777990559116006e-05 3.147090683341957629e-05 4.851044795941561460e-04
3.113379469141364098e-03 3.753440221771597862e-03 2.615837438497692347e-04 3.114691935479640961e-05 3.472984826657921076e-05 3.575402952264994383e-04
1.653381041251122952e-03 2.312768949195742607e-03 2.609783259686082602e-04 3.181895226589404047e-05 3.432846642681397498e-05 1.409320248058065772e-04
2.388446126133203506e-03 2.906723413616418839e-03 5.430327146314084530e-04 6.537233275594189763e-05 4.396830991026945412e-05 4.043958324473351240e-04
2.674036892130970955e-03 2.626927802339196205e-03 5.586473853327333927e-04 6.591524288523942232e-05 4.712798181571997702e-05 4.333471588324755430e-04
3.414803883060812950e-03 2.138267271220684052e-03 4.695274692494422197e-04 6.236414628801867366e-05 4.302526940591633320e-05 3.500698658172041178e-04
2.586520509794354439e-03 1.972809666767716408e-03 4.643237916752696037e-04 5.660323586198501289e-05 3.972518607042729855e-05 3.821454010903835297e-04
1.646404271014034748e-03 1.990307355299592018e-03 6.023890455253422260e-04 7.099274080246686935e-05 4.515997716225683689e-05 2.090709022013470531e-04
2.385754836723208427e-03 1.683586975559592247e-03 2.668940578587353230e-04 3.382706563570536673e-05 3.224167448934167624e-05 3.320737741887569427e-04
1.588650280609726906e-03 1.104036578908562660e-03 4.486777761485427618e-04 5.923723074374720454e-05 2.766604666248895228e-05 1.649244804866611958e-04
3.468680195510387421e-03 1.362536568194627762e-03 5.289007676765322685e-04 6.727153959218412638e-05 4.113309114472940564e-05 4.385868378449231386e-04
2.797489752992987633e-03 1.309094019234180450e-03 1.964818948181346059e-04 2.709909313125535846e-05 3.013956484210211784e-05 2.799704088829457760e-04
2.631051931530237198e-03 1.407181611284613609e-03 3.307340375613421202e-04 4.197141242912039161e-05 3.682271926663815975e-05 2.824485418386757374e-04
1.356346998363733292e-03 1.351190381683409214e-03 3.109408426098525524e-04 3.994909639004617929e-05 3.678389839478768408e-05 1.426584349246695638e-04
2.051611198112368584e-03 1.029869890771806240e-03 3.843718732241541147e-04 4.353860640549100935e-05 4.123803955735638738e-05 3.283667028881609440e-04
3.701291512697935104e-03 1.257408759556710720e-03 3.715643833857029676e-04 4.306942355469800532e-05 4.124067709199152887e-05 3.584617807064205408e-04
2.431440632790327072e-03 1.579195493832230568e-03 3.676753549370914698e-04 4.370520764496177435e-05 4.183366399956867099e-05 3.901686286553740501e-04
1.438583829440176487e-03 1.442541833966970444e-03 2.035583165707066655e-04 2.510311060177627951e-05 3.087658842559903860e-05 1.560673990752547979e-04
2.205367432907223701e-03 1.635483000427484512e-03 3.080670721828937531e-04 4.150071254116483033e-05 3.420107532292604446e-05 1.999884407268837094e-04
1.476208679378032684e-03 1.857755123637616634e-03 3.095583815593272448e-04 3.637509871623478830e-05 3.729981472133658826e-05 1.520284276921302080e-04
1.531450077891349792e-03 1.681589172221720219e-03 4.614953068085014820e-04 5.508722460945136845e-05 4.073379750479944050e-05 1.577267685206606984e-04
