3.513176739215850830e-01 1.519389916211366653e-03 3.479249076917767525e-03 -1.785840257070958614e-03 6.618646439164876938e-04 1.509502343833446503e-02
3.489981889724731445e-01 8.866921067237854004e-03 5.267662461847066879e-03 -1.613361644558608532e-03 -4.100349033251404762e-04 1.284039579331874847e-02
3.225117921829223633e-01 1.910846563987433910e-03 -5.452309921383857727e-02 -1.062715775333344936e-03 -1.143331406638026237e-03 1.129604782909154892e-02
3.348022997379302979e-01 1.370131876319646835e-02 1.301991194486618042e-02 2.720113378018140793e-03 -1.138173684012144804e-05 1.363462023437023163e-02
3.253138959407806396e-01 3.551606554538011551e-03 1.229899842292070389e-02 -1.058325520716607571e-03 -1.149230985902249813e-03 1.270322874188423157e-02
3.239698708057403564e-01 7.323133293539285660e-03 2.943895384669303894e-02 -1.213937881402671337e-03 -6.189086707308888435e-04 1.263184566050767899e-02
3.191711604595184326e-01 -2.122532110661268234e-03 -1.214618608355522156e-02 -1.132200050051324069e-04 -1.245712861418724060e-03 1.227917056530714035e-02
3.162997066974639893e-01 1.004240661859512329e-02 -2.523106336593627930e-02 -1.133018056862056255e-03 -1.071216305717825890e-03 1.149995066225528717e-02
3.152510821819305420e-01 1.362467370927333832e-02 1.190726831555366516e-02 -1.289967214688658714e-03 -3.194132819771766663e-03 1.152257714420557022e-02
3.095259964466094971e-01 1.313716266304254532e-02 5.146565660834312439e-02 -1.531289308331906796e-03 -3.006052225828170776e-03 1.113288849592208862e-02
3.181093633174896240e-01 -2.798119094222784042e-03 -5.750197451561689377e-03 1.735794940032064915e-03 1.204390646307729185e-04 1.225900556892156601e-02
3.213338553905487061e-01 -1.521967537701129913e-02 -1.093070209026336670e-01 3.771908581256866455e-03 4.420638550072908401e-03 1.147997658699750900e-02
3.159852623939514160e-01 4.494957625865936279e-03 -1.811169236898422241e-01 7.143276743590831757e-03 4.041431937366724014e-03 1.162018813192844391e-02
3.048859536647796631e-01 1.146956812590360641e-03 1.356285065412521362e-02 -1.309699728153645992e-03 -1.711665419861674309e-03 1.174428779631853104e-02
3.068141639232635498e-01 2.563472604379057884e-03 -3.293203562498092651e-02 -4.186537698842585087e-04 -1.774413511157035828e-03 1.176131609827280045e-02
3.158791959285736084e-01 1.047085318714380264e-02 -4.806057550013065338e-03 5.172081873752176762e-04 4.408355453051626682e-04 1.146657951176166534e-02
3.082902431488037109e-01 1.100599579513072968e-02 4.793605953454971313e-02 -3.659448819234967232e-03 -2.717945259064435959e-03 1.095373369753360748e-02
2.993492484092712402e-01 1.083426177501678467e-02 -1.329041784629225731e-03 -4.903949331492185593e-03 4.033913137391209602e-04 1.144136115908622742e-02
3.037443757057189941e-01 7.857919670641422272e-03 -4.507157718762755394e-04 3.372549079358577728e-03 -2.364189829677343369e-03 1.155322603881359100e-02
3.167523443698883057e-01 4.029097035527229309e-03 2.838096581399440765e-03 -2.051486808340996504e-05 1.202761079184710979e-03 1.249244436621665955e-02
3.239391744136810303e-01 8.285392075777053833e-03 1.873839413747191429e-03 2.252411562949419022e-03 4.782733740285038948e-04 1.279932912439107895e-02
3.333752751350402832e-01 3.054746892303228378e-03 -1.258832216262817383e-02 2.778114518150687218e-03 1.225680694915354252e-03 1.269798912107944489e-02
3.303352296352386475e-01 1.290311384946107864e-02 2.010192722082138062e-02 -9.256749763153493404e-04 2.234981162473559380e-03 1.228139642626047134e-02
3.226996362209320068e-01 -1.008355175144970417e-03 7.635881751775741577e-02 2.781673567369580269e-03 9.042606689035892487e-04 1.200606673955917358e-02
3.238758444786071777e-01 5.201973486691713333e-03 1.344374660402536392e-02 -1.087976736016571522e-03 -7.573272450827062130e-04 1.160220615565776825e-02
3.442462384700775146e-01 8.676567114889621735e-03 2.912421012297272682e-03 -1.865048659965395927e-03 3.023720579221844673e-03 1.280876714736223221e-02
3.285244703292846680e-01 -2.258604392409324646e-03 3.807244449853897095e-02 -1.263328245840966702e-03 6.136769661679863930e-04 1.285271346569061279e-02
3.255355358123779297e-01 -1.108548324555158615e-02 3.900647163391113281e-03 3.632449312135577202e-03 2.698340918868780136e-03 1.177489291876554489e-02
3.168735802173614502e-01 -8.592661470174789429e-03 6.421002093702554703e-03 9.475944680161774158e-04 4.035657620988786221e-04 1.266073621809482574e-02
3.256191611289978027e-01 -5.011645611375570297e-03 3.611603286117315292e-03 6.977207376621663570e-04 1.094832259695976973e-04 1.203030813485383987e-02
3.087356388568878174e-01 -1.711005344986915588e-02 -3.507355973124504089e-02 3.676332766190171242e-03 1.607399433851242065e-03 1.163137331604957581e-02
3.287493884563446045e-01 1.382274553179740906e-02 -6.338857859373092651e-02 -1.509961904957890511e-03 3.529711859300732613e-03 1.237139012664556503e-02
3.380104899406433105e-01 -1.437825849279761314e-03 -4.016957432031631470e-02 4.261281341314315796e-03 2.900465624406933784e-03 1.300018839538097382e-02
3.257240951061248779e-01 -5.408019572496414185e-02 -2.545873634517192841e-02 -2.184077631682157516e-03 1.144929090514779091e-03 1.168395578861236572e-02
3.709835112094879150e-01 -1.058886758983135223e-02 -2.718732459470629692e-03 -4.003120411653071642e-04 -2.232134283985942602e-04 1.338867004960775375e-02
3.567324280738830566e-01 -1.425794232636690140e-02 -1.320448983460664749e-02 9.521850151941180229e-04 5.796396872028708458e-04 1.351542025804519653e-02
3.430054485797882080e-01 -3.393936902284622192e-02 2.953337505459785461e-03 6.417878903448581696e-04 -2.000484615564346313e-03 1.370909065008163452e-02
3.934638202190399170e-01 8.059815503656864166e-03 -1.122550456784665585e-03 1.222879043780267239e-03 -2.170926658436655998e-03 1.529543474316596985e-02
3.931125402450561523e-01 2.915005665272474289e-03 2.348657697439193726e-03 -7.438603206537663937e-04 -7.139401859603822231e-04 1.514726597815752029e-02
4.198681712150573730e-01 4.311517346650362015e-03 -1.235649688169360161e-05 1.874114270322024822e-03 1.838987809605896473e-03 1.665203087031841278e-02
4.143240153789520264e-01 -1.251167431473731995e-02 2.034383639693260193e-02 -7.440365152433514595e-05 2.355786273255944252e-03 1.774337142705917358e-02
4.213493466377258301e-01 4.240158479660749435e-03 2.479517832398414612e-02 -4.031674761790782213e-04 2.324047498404979706e-03 1.733713224530220032e-02
4.450074434280395508e-01 2.557580173015594482e-02 -1.500220410525798798e-02 7.770980009809136391e-04 -5.353929940611124039e-03 1.823914796113967896e-02
4.515443146228790283e-01 2.618114463984966278e-02 -1.940055750310420990e-02 7.265951717272400856e-04 -2.531259320676326752e-03 1.933625340461730957e-02
4.577781558036804199e-01 6.113439798355102539e-03 1.909201592206954956e-02 -4.534520849119871855e-04 2.122783334925770760e-03 1.961001753807067871e-02
4.540168642997741699e-01 -1.660315552726387978e-03 1.790729910135269165e-02 1.918861409649252892e-03 -1.215049996972084045e-04 1.989356614649295807e-02
4.523389339447021484e-01 3.672543447464704514e-03 -8.512026630342006683e-03 1.351187122054398060e-03 -1.459446037188172340e-03 1.981181278824806213e-02
4.519871771335601807e-01 1.575158350169658661e-02 2.190277446061372757e-04 -4.281212459318339825e-04 -7.524537795688956976e-05 1.886878907680511475e-02
4.506542682647705078e-01 1.234311331063508987e-02 -2.644203370437026024e-03 1.126500646932981908e-04 -5.215955316089093685e-04 1.879278756678104401e-02
4.504682719707489014e-01 1.176847051829099655e-02 -8.808651007711887360e-03 -1.807358115911483765e-03 -2.073348499834537506e-03 1.835576258599758148e-02
4.504111409187316895e-01 1.259073056280612946e-02 -1.000809669494628906e-02 1.054753432981669903e-03 -3.164739755447953939e-04 1.731061935424804688e-02
4.375777840614318848e-01 1.248133275657892227e-02 6.245431490242481232e-03 -2.896720543503761292e-04 -3.069312078878283501e-04 1.622407883405685425e-02
4.287119507789611816e-01 1.363993901759386063e-02 -1.177575718611478806e-02 8.677639416418969631e-04 -4.050488932989537716e-04 1.510164234787225723e-02
4.496848881244659424e-01 1.018301118165254593e-02 3.478831425309181213e-02 5.586346611380577087e-03 -3.070126986131072044e-04 1.567622832953929901e-02
4.379763901233673096e-01 1.064169313758611679e-02 9.720019064843654633e-03 8.892407640814781189e-05 -1.331872190348803997e-03 1.436745002865791321e-02
4.326745569705963135e-01 1.499029435217380524e-02 -1.095086336135864258e-02 3.281609679106622934e-04 -2.193641150370240211e-03 1.344103831797838211e-02
4.244401752948760986e-01 6.887326948344707489e-03 7.391865365207195282e-03 8.715101103007327765e-07 8.331840508617460728e-04 1.194651704281568527e-02
4.232685863971710205e-01 1.165439374744892120e-02 -1.023164112120866776e-02 -4.922734660794958472e-05 1.278690760955214500e-04 1.066962443292140961e-02
4.204930067062377930e-01 9.154248982667922974e-03 -1.594537496566772461e-02 2.935142256319522858e-03 1.003186451271176338e-03 9.107148274779319763e-03
4.162916243076324463e-01 7.187871262431144714e-03 -1.429989375174045563e-02 2.431300701573491096e-03 1.618047826923429966e-03 7.776379585266113281e-03
4.155229032039642334e-01 6.637708283960819244e-03 -1.400972716510295868e-02 3.500575898215174675e-03 2.619481412693858147e-03 6.119299679994583130e-03
4.027884006500244141e-01 -3.144908696413040161e-04 -2.015976235270500183e-02 2.847167197614908218e-03 2.880252897739410400e-03 4.197530448436737061e-03
3.931089043617248535e-01 -5.775186233222484589e-03 -9.082797914743423462e-03 2.305543515831232071e-03 2.885624533519148827e-03 2.634381642565131187e-03
4.008228182792663574e-01 -2.320609521120786667e-03 -1.384671311825513840e-02 1.845579245127737522e-03 5.725839291699230671e-04 1.083008944988250732e-03
3.947231173515319824e-01 -2.175284083932638168e-03 -1.160789653658866882e-02 2.095193136483430862e-03 3.026108490303158760e-03 -8.363536908291280270e-04
3.976518213748931885e-01 -1.698610722087323666e-03 -6.726366002112627029e-03 -3.167855320498347282e-04 -3.504353808239102364e-04 -2.085854997858405113e-03
3.940064013004302979e-01 -1.259890850633382797e-03 -1.628891378641128540e-02 2.248665317893028259e-03 -7.054716115817427635e-04 -4.192514810711145401e-03
3.996481895446777344e-01 -2.837808802723884583e-03 -4.388865083456039429e-03 9.998188761528581381e-05 2.300764026585966349e-04 -6.456602830439805984e-03
4.100188910961151123e-01 -1.916086068376898766e-03 -2.481653355062007904e-03 1.538323704153299332e-04 -3.524975909385830164e-04 -8.108752779662609100e-03
4.123090803623199463e-01 -5.139568820595741272e-04 8.003048424143344164e-05 -6.687875138595700264e-04 1.229844870977103710e-03 -9.842766448855400085e-03
4.173071086406707764e-01 3.436448285356163979e-03 -1.341391541063785553e-02 7.368309888988733292e-05 -8.878231164999306202e-05 -1.164526492357254028e-02
4.117047786712646484e-01 9.808840695768594742e-04 -1.588077167980372906e-03 -1.114932820200920105e-03 1.103287097066640854e-03 -1.391304563730955124e-02
4.094444513320922852e-01 -3.218367230147123337e-03 6.089409813284873962e-03 -6.588930846191942692e-04 -9.364422294311225414e-04 -1.555267721414566040e-02
4.051395058631896973e-01 -4.044562578201293945e-03 3.151996294036507607e-03 -2.346734108868986368e-04 1.755245612002909184e-03 -1.687529124319553375e-02
4.026296436786651611e-01 -3.785995999351143837e-03 -5.779029452241957188e-04 1.454343437217175961e-04 -2.081453101709485054e-03 -1.869254931807518005e-02
4.024671018123626709e-01 1.149089221144095063e-04 -1.182802859693765640e-02 8.570287900511175394e-05 3.227489942219108343e-04 -2.033244259655475616e-02
4.011989831924438477e-01 2.595716621726751328e-03 -2.386438846588134766e-02 8.138699922710657120e-04 2.661678241565823555e-03 -2.130503021180629730e-02
3.998007476329803467e-01 -2.085869200527667999e-03 -1.026361621916294098e-02 -1.356936292722821236e-03 1.709103089524433017e-04 -2.128285542130470276e-02
3.946236371994018555e-01 -8.842153474688529968e-03 4.348039627075195312e-03 2.321864594705402851e-04 -3.045408288016915321e-03 -2.196592651307582855e-02
3.908396065235137939e-01 -5.490795243531465530e-03 1.501799188554286957e-02 -1.919582253322005272e-03 7.779118022881448269e-04 -2.321747131645679474e-02
3.963481187820434570e-01 -6.314401980489492416e-03 -6.202179938554763794e-03 -5.313681904226541519e-04 -2.112335991114377975e-03 -2.390792407095432281e-02
3.978458642959594727e-01 -5.260380450636148453e-03 2.076577395200729370e-03 -8.858006331138312817e-04 -1.333311782218515873e-03 -2.409126795828342438e-02
4.028440713882446289e-01 -9.444434195756912231e-03 1.281866151839494705e-02 7.356987334787845612e-04 8.501803968101739883e-04 -2.496454492211341858e-02
4.127193391323089600e-01 -1.046420447528362274e-02 1.863949559628963470e-02 1.529838191345334053e-03 -2.329166047275066376e-03 -2.565078809857368469e-02
4.170731902122497559e-01 -9.909726679325103760e-03 2.886458300054073334e-03 1.322305906796827912e-04 3.465325571596622467e-04 -2.565211988985538483e-02
4.189616143703460693e-01 -3.941645845770835876e-03 -7.257661316543817520e-03 6.871690857224166393e-04 -1.809082750696688890e-04 -2.577956765890121460e-02
4.250526428222656250e-01 -2.344092121347784996e-03 -2.565780654549598694e-02 1.753049204126000404e-03 6.060578743927180767e-05 -2.566573023796081543e-02
4.298802018165588379e-01 -3.900849958881735802e-03 1.684545353055000305e-02 -2.062492305412888527e-03 -2.959116129204630852e-03 -2.550830133259296417e-02
4.326928555965423584e-01 -1.277171075344085693e-02 7.625418249517679214e-03 -3.778590180445462465e-04 -2.733971457928419113e-03 -2.507916651666164398e-02
4.336848855018615723e-01 -1.023546978831291199e-02 1.393515523523092270e-02 5.382497911341488361e-04 9.660262148827314377e-04 -2.484721504151821136e-02
4.409870207309722900e-01 -2.632920863106846809e-03 6.361689884215593338e-03 -6.613403675146400928e-04 1.518288045190274715e-04 -2.494866214692592621e-02
4.514531195163726807e-01 1.788944646250456572e-04 -4.765592515468597412e-03 5.079238209873437881e-03 -7.541634608060121536e-03 -2.485953643918037415e-02
4.570521414279937744e-01 -5.824310705065727234e-03 -9.828358888626098633e-03 1.606571371667087078e-03 -4.413722548633813858e-03 -2.414342388510704041e-02
4.573168456554412842e-01 -5.732971243560314178e-03 2.162992721423506737e-03 1.978117739781737328e-03 -8.157548145391047001e-04 -2.411362528800964355e-02
4.683199226856231689e-01 1.612690393812954426e-03 3.894469700753688812e-03 1.560890697874128819e-03 -1.420354470610618591e-03 -2.457031048834323883e-02
4.656296372413635254e-01 7.382804527878761292e-03 -8.130346424877643585e-03 3.279544645920395851e-03 -3.449487034231424332e-03 -2.495956234633922577e-02
4.684180915355682373e-01 6.993619608692824841e-04 -2.299565123394131660e-03 7.193910423666238785e-04 -2.148133702576160431e-03 -2.483679912984371185e-02
4.741618037223815918e-01 -3.254608716815710068e-03 -2.041168510913848877e-02 1.037194160744547844e-03 -5.318131879903376102e-04 -2.519466355443000793e-02
4.833909273147583008e-01 -2.387292217463254929e-03 -3.809231566265225410e-03 5.324612138792872429e-04 4.373573756311088800e-05 -2.571804262697696686e-02
4.884915947914123535e-01 -7.533555617555975914e-04 7.847539149224758148e-03 -7.265700842253863811e-04 -1.138504012487828732e-04 -2.614923752844333649e-02
5.011450052261352539e-01 1.150615978986024857e-03 -1.316574029624462128e-02 -3.936629218515008688e-04 3.140990156680345535e-03 -2.571225166320800781e-02
5.064166784286499023e-01 -5.406467826105654240e-04 -1.068533211946487427e-02 3.467711212579160929e-05 2.076609060168266296e-03 -2.449584007263183594e-02
5.151773095130920410e-01 -1.873630681075155735e-03 -4.578290972858667374e-04 -3.478227299638092518e-04 1.124580041505396366e-03 -2.378413267433643341e-02
5.143725872039794922e-01 -1.032843138091266155e-03 -6.181827746331691742e-03 -1.079390291124582291e-03 1.378500135615468025e-03 -2.446410618722438812e-02
5.328825712203979492e-01 -5.326366983354091644e-03 4.315019585192203522e-03 -1.736055477522313595e-03 -3.643999662017449737e-05 -2.448436059057712555e-02
5.399922132492065430e-01 -2.152938861399888992e-03 -1.373682264238595963e-02 1.551739289425313473e-03 4.656261298805475235e-04 -2.467488124966621399e-02
5.572737455368041992e-01 -2.008518669754266739e-03 3.061961149796843529e-03 -1.916115172207355499e-03 5.610043299384415150e-04 -2.354403957724571228e-02
5.588224530220031738e-01 -2.369689289480447769e-03 -2.356819342821836472e-03 -1.497134333476424217e-03 -5.768012488260865211e-04 -2.263896726071834564e-02
5.614356994628906250e-01 -2.230384387075901031e-03 -1.514825271442532539e-03 1.077496912330389023e-03 -1.354423002339899540e-04 -2.211901918053627014e-02
5.501139760017395020e-01 -3.047678619623184204e-04 -5.719150416553020477e-03 1.299403840675950050e-03 -7.222181884571909904e-04 -2.227988839149475098e-02
5.821670293807983398e-01 -4.272506572306156158e-03 -2.202830975875258446e-03 8.527811733074486256e-04 2.367165172472596169e-03 -2.261179871857166290e-02
5.953103899955749512e-01 -5.956575740128755569e-03 5.230135750025510788e-03 -8.379562059417366982e-04 1.180161838419735432e-03 -2.102508395910263062e-02
5.973116159439086914e-01 -7.160391658544540405e-03 2.635516226291656494e-02 -2.660767175257205963e-03 5.016076029278337955e-04 -2.080436795949935913e-02
5.609037280082702637e-01 -4.662966355681419373e-03 1.721195690333843231e-02 -2.928869798779487610e-03 6.131929694674909115e-04 -2.007672376930713654e-02
5.721281766891479492e-01 -4.966989159584045410e-03 -1.067287940531969070e-02 -2.059692284092307091e-03 3.286055522039532661e-03 -1.976254768669605255e-02
5.836723446846008301e-01 -2.162809250876307487e-03 7.109050638973712921e-03 -2.486621378920972347e-04 8.634682162664830685e-04 -1.840945705771446228e-02
5.770400166511535645e-01 -3.129980992525815964e-03 2.368285320699214935e-02 6.252753664739429951e-04 -2.290707780048251152e-03 -1.881053671240806580e-02
5.459396243095397949e-01 -3.030398394912481308e-03 -8.102477528154850006e-03 -2.174392342567443848e-03 1.380919129587709904e-03 -1.867970079183578491e-02
5.736837983131408691e-01 -2.479582093656063080e-03 -9.142716415226459503e-03 -6.728592328727245331e-03 -1.465399051085114479e-03 -1.846956089138984680e-02
5.751222968101501465e-01 -1.736680744215846062e-03 1.292773708701133728e-02 2.973806113004684448e-03 -3.809221088886260986e-04 -1.872341707348823547e-02
5.688380599021911621e-01 1.662174181547015905e-04 1.608590222895145416e-02 2.890666946768760681e-04 -1.934955012984573841e-03 -1.881833747029304504e-02
5.778905153274536133e-01 2.161400625482201576e-03 -1.679338142275810242e-02 -3.923600073903799057e-03 4.680225625634193420e-03 -1.834823936223983765e-02
5.904088616371154785e-01 -2.512937178835272789e-03 -3.417943138629198074e-03 -1.161760766990482807e-03 1.208779867738485336e-03 -1.874596625566482544e-02
5.856849551200866699e-01 -6.502939853817224503e-03 -1.452094758860766888e-03 1.052966923452913761e-03 2.668887842446565628e-03 -1.845739595592021942e-02
5.868887305259704590e-01 -8.008853532373905182e-03 1.304760854691267014e-02 2.460245974361896515e-03 -4.126330604776740074e-04 -1.868217252194881439e-02
5.932062864303588867e-01 -7.007457781583070755e-03 1.800707541406154633e-02 -1.708374707959592342e-03 -2.601576270535588264e-03 -1.731903664767742157e-02
5.931664705276489258e-01 -9.884015657007694244e-03 9.349992033094167709e-04 2.011418691836297512e-04 -3.075877320952713490e-04 -1.584814675152301788e-02
5.841455459594726562e-01 -1.221982575953006744e-02 2.947034779936075211e-03 6.082023959606885910e-03 -1.050193968694657087e-04 -1.212309394031763077e-02
5.955793261528015137e-01 -1.537970826029777527e-02 2.219185791909694672e-02 3.539840457960963249e-03 -9.381197742186486721e-04 -8.172564208507537842e-03
6.004850864410400391e-01 -7.163760252296924591e-03 -7.248794427141547203e-04 8.402394596487283707e-04 -3.308151382952928543e-03 -5.966580472886562347e-03
6.026393771171569824e-01 -7.180075161159038544e-03 -5.306506901979446411e-02 -1.203563809394836426e-02 1.692430581897497177e-03 -3.285366808995604515e-03
6.084567308425903320e-01 -6.256464403122663498e-03 -2.460900135338306427e-02 4.944993183016777039e-03 -9.580877958796918392e-04 -9.976488217944279313e-05
6.150679588317871094e-01 -1.279335236176848412e-03 -2.550759911537170410e-02 -3.980459587182849646e-04 -1.448711263947188854e-03 2.282660454511642456e-03
6.142271161079406738e-01 -4.325026646256446838e-03 -3.916756249964237213e-03 -1.655674073845148087e-03 -2.449841704219579697e-04 5.358303431421518326e-03
6.255770921707153320e-01 5.577918607741594315e-03 -1.126077608205378056e-03 1.422307104803621769e-03 1.095349201932549477e-03 7.938456721603870392e-03
6.246064305305480957e-01 -1.951810438185930252e-03 -6.507158745080232620e-03 -1.395397703163325787e-05 -3.026003250852227211e-04 9.579171426594257355e-03
6.424752473831176758e-01 -1.013296889141201973e-03 -2.395597659051418304e-02 -1.713417004793882370e-03 -3.682833397760987282e-03 1.226063258945941925e-02
6.320642828941345215e-01 7.631856482475996017e-03 -1.778281480073928833e-02 4.354176344349980354e-04 3.531029913574457169e-03 1.408132445067167282e-02
6.293005943298339844e-01 8.664092980325222015e-03 -6.962426938116550446e-03 8.412558236159384251e-04 -1.966337207704782486e-03 1.417760457843542099e-02
6.493627429008483887e-01 1.198690291494131088e-02 -4.456705600023269653e-02 3.139760345220565796e-03 2.094510477036237717e-03 1.544983312487602234e-02
6.446677446365356445e-01 3.646931843832135201e-03 8.541779592633247375e-03 2.775003085844218731e-04 -6.199183408170938492e-04 1.576165668666362762e-02
6.344880461692810059e-01 8.421400561928749084e-03 -7.852013222873210907e-03 1.376349362544715405e-03 -3.626522608101367950e-03 1.382728945463895798e-02
6.514156460762023926e-01 6.360624916851520538e-03 1.342070382088422775e-02 -1.939426292665302753e-03 -2.948238048702478409e-03 1.394482702016830444e-02
6.532481908798217773e-01 8.449889719486236572e-03 -2.663737349212169647e-02 2.746406244114041328e-03 -2.099795965477824211e-03 1.412205584347248077e-02
6.566054821014404297e-01 1.305811479687690735e-02 -4.595199227333068848e-02 4.220684524625539780e-03 2.554206410422921181e-03 1.328229531645774841e-02
6.657816767692565918e-01 1.016354374587535858e-02 -3.587279841303825378e-02 2.181678573833778501e-04 -4.929403774440288544e-03 1.330969482660293579e-02
6.672074794769287109e-01 1.073167100548744202e-02 -5.487093701958656311e-02 4.750506021082401276e-03 -2.104015555232763290e-03 1.258177682757377625e-02
6.793694496154785156e-01 1.331008970737457275e-02 -2.562747802585363388e-03 -4.967192071489989758e-04 -2.576518454588949680e-05 1.158055290579795837e-02
6.854959726333618164e-01 1.027786172926425934e-02 4.063506610691547394e-03 1.245108316652476788e-03 2.929295005742460489e-04 1.106694526970386505e-02
6.915838718414306641e-01 5.933265201747417450e-03 -1.787157170474529266e-02 1.823845086619257927e-03 -3.615118912421166897e-04 1.035173609852790833e-02
