3.618541359901428223e-01 -4.333606921136379242e-03 -2.138586947694420815e-03 1.435339654562994838e-04 2.061064355075359344e-03 5.764539353549480438e-03
3.639287352561950684e-01 5.744624417275190353e-03 -1.801152247935533524e-03 1.162351254606619477e-04 2.673979615792632103e-03 8.115326054394245148e-03
3.858270645141601562e-01 5.339448340237140656e-03 -3.691338701173663139e-03 2.409239823464304209e-05 2.178560942411422729e-03 7.710903417319059372e-03
3.819836676120758057e-01 1.072978973388671875e-02 -7.037543691694736481e-04 1.960116933332756162e-04 7.173263002187013626e-04 7.669778540730476379e-03
3.733400404453277588e-01 -1.606914401054382324e-02 -1.121567469090223312e-02 -6.259017391130328178e-04 1.117259613238275051e-03 7.362596690654754639e-03
3.992364406585693359e-01 -7.077348418533802032e-03 -1.098297256976366043e-02 -2.594824181869626045e-04 8.923024288378655910e-04 7.705627009272575378e-03
4.216764271259307861e-01 4.764055367559194565e-03 -2.389555331319570541e-03 7.339056464843451977e-04 -2.079844271065667272e-04 1.063046697527170181e-02
4.411375224590301514e-01 3.361516445875167847e-02 -1.178334816358983517e-03 4.539754590950906277e-04 1.091503072530031204e-04 1.191408559679985046e-02
4.133304953575134277e-01 8.093742653727531433e-03 -3.080980386584997177e-03 4.467640537768602371e-04 4.700532299466431141e-04 1.101425755769014359e-02
4.440262913703918457e-01 3.166994452476501465e-02 7.385245990008115768e-04 7.992859464138746262e-04 4.174263740424066782e-04 1.209802925586700439e-02
4.197306036949157715e-01 -1.349452789872884750e-02 -6.282693240791559219e-03 -5.234249401837587357e-04 1.493680640123784542e-03 1.152460929006338120e-02
4.999433755874633789e-01 6.377012282609939575e-02 2.809492405503988266e-03 1.991299446672201157e-03 5.926983430981636047e-05 1.015811413526535034e-02
3.994928300380706787e-01 3.343501128256320953e-03 -3.917693160474300385e-03 2.192587999161332846e-04 5.490728071890771389e-04 1.120457332581281662e-02
4.522387087345123291e-01 1.562452781945466995e-02 1.939102308824658394e-03 5.389676080085337162e-04 -6.185405072756111622e-04 1.324038114398717880e-02
4.050787389278411865e-01 2.216527611017227173e-02 -2.541005378589034081e-04 6.046797498129308224e-04 1.280582800973206758e-04 1.126750372350215912e-02
4.486654698848724365e-01 3.074853867292404175e-02 2.415281720459461212e-03 1.227108179591596127e-03 -1.452201977372169495e-03 1.058328151702880859e-02
4.461399018764495850e-01 1.988596096634864807e-02 -2.675797324627637863e-03 1.087115029804408550e-03 -7.885345839895308018e-04 1.264740433543920517e-02
4.742161929607391357e-01 3.482620790600776672e-02 -2.365397289395332336e-03 1.292924513109028339e-03 -1.333056134171783924e-04 1.459870580583810806e-02
5.011889338493347168e-01 3.524409607052803040e-02 -1.723115798085927963e-03 1.378764747641980648e-03 5.179197760298848152e-04 1.643572188913822174e-02
4.637971818447113037e-01 4.744152724742889404e-02 6.311265751719474792e-04 5.805061664432287216e-04 7.571611786261200905e-04 1.443604379892349243e-02
