2.212693449109792709e-03 8.085991139523684978e-04 6.675333861494436860e-05 1.166107449535047635e-05 9.839196536631789058e-06 2.527388096495997161e-05
2.687529427930712700e-03 9.816215606406331062e-04 8.121210703393444419e-05 1.445672660338459536e-05 1.220390458911424503e-05 2.948402834590524435e-05
3.032906213775277138e-03 1.124691218137741089e-03 8.233001426560804248e-05 1.477601017541019246e-05 1.242146481672534719e-05 2.866125396394636482e-05
3.056011162698268890e-03 1.145537709817290306e-03 8.170432556653395295e-05 1.444461122446227819e-05 1.255228653462836519e-05 3.215167816961184144e-05
2.692006528377532959e-03 1.047206926159560680e-03 8.225816418416798115e-05 1.456135851185536012e-05 1.246875217475462705e-05 3.165453017572872341e-05
2.248163335025310516e-03 8.842257084324955940e-04 8.062594133662059903e-05 1.433192937838612124e-05 1.238433196704136208e-05 3.442896195338107646e-05
1.460406463593244553e-03 5.946900928393006325e-04 8.147217886289581656e-05 1.448185321351047605e-05 1.250360492122126743e-05 3.156187813146971166e-05
2.844183705747127533e-03 1.151362201198935509e-03 8.142373553710058331e-05 1.467239690100541338e-05 1.228935434482991695e-05 3.420523717068135738e-05
2.300610300153493881e-03 9.733857004903256893e-04 8.051742042880505323e-05 1.458278256905032322e-05 1.222697846969822422e-05 3.413490048842504621e-05
2.154218731448054314e-03 9.094101842492818832e-04 8.164436439983546734e-05 1.494110892963362858e-05 1.222824266733368859e-05 3.358110188855789602e-05
2.361404011026024818e-03 1.031765830703079700e-03 8.058729872573167086e-05 1.495682590757496655e-05 1.227534357894910499e-05 3.512081457301974297e-05
2.534806961193680763e-03 1.150259166024625301e-03 8.191120286937803030e-05 1.508849618403473869e-05 1.241938207385828719e-05 3.344413198647089303e-05
2.518707420676946640e-03 1.179251470603048801e-03 8.295493171317502856e-05 1.562847864988725632e-05 1.238950153492623940e-05 3.258768265368416905e-05
2.703063422814011574e-03 1.306680147536098957e-03 8.213350520236417651e-05 1.533460635982919484e-05 1.237323522218503058e-05 3.123431451967917383e-05
2.485057571902871132e-03 1.239827019162476063e-03 8.369460556423291564e-05 1.596186120877973735e-05 1.230795533047057688e-05 3.444890899118036032e-05
2.468006452545523643e-03 1.244085375219583511e-03 8.304313087137416005e-05 1.578072806296404451e-05 1.241529207618441433e-05 3.707986979861743748e-05
1.817304058931767941e-03 9.501607855781912804e-04 8.363438973901793361e-05 1.591604996065143496e-05 1.249209708475973457e-05 3.637160989455878735e-05
1.973155420273542404e-03 1.082567730918526649e-03 8.170124056050553918e-05 1.552253525005653501e-05 1.216948294313624501e-05 3.201439903932623565e-05
2.063331427052617073e-03 1.105178496800363064e-03 8.483658893965184689e-05 1.589340718055609614e-05 1.255572260561166331e-05 3.427923002163879573e-05
1.977443462237715721e-03 1.107676886022090912e-03 8.357259503100067377e-05 1.557906762172933668e-05 1.243705719389254227e-05 3.214279422536492348e-05
1.835502567701041698e-03 1.052442006766796112e-03 8.238344889832660556e-05 1.513691495347302407e-05 1.226882250193739310e-05 3.415095488890074193e-05
1.773328869603574276e-03 9.393609361723065376e-04 8.361961954506114125e-05 1.508704281150130555e-05 1.239923767570871860e-05 4.127735519432462752e-05
1.686217379756271839e-03 8.548185578547418118e-04 8.226725913118571043e-05 1.482768129790201783e-05 1.219352634507231414e-05 4.621810148819349706e-05
1.570651074871420860e-03 8.783822995610535145e-04 8.480982796754688025e-05 1.507482647866709158e-05 1.273327052331296727e-05 4.384624480735510588e-05
1.275869202800095081e-03 7.150784949772059917e-04 8.372498996322974563e-05 1.508647073933389038e-05 1.241393783857347444e-05 3.829844717984087765e-05
1.219957368448376656e-03 6.629657000303268433e-04 8.444886771030724049e-05 1.514828454673988745e-05 1.253200844075763598e-05 3.477703648968599737e-05
1.758552272804081440e-03 1.088568591512739658e-03 8.346531103597953916e-05 1.509819503553444520e-05 1.242581583937862888e-05 4.766922938870266080e-05
1.562792924232780933e-03 8.115579839795827866e-04 8.449539018329232931e-05 1.523811079096049070e-05 1.235584113601362333e-05 5.933121065027080476e-05
1.584382727742195129e-03 8.632246172055602074e-04 8.378122583962976933e-05 1.495807737228460610e-05 1.238147615367779508e-05 5.291340858093462884e-05
1.335010165348649025e-03 8.039269014261662960e-04 8.504901779815554619e-05 1.552135836391244084e-05 1.250405421160394326e-05 3.465886038611643016e-05
1.312927342951297760e-03 7.239712285809218884e-04 8.413551404373720288e-05 1.514926862000720575e-05 1.239583707501878962e-05 4.133105176151730120e-05
1.246137660928070545e-03 7.156428182497620583e-04 8.338507177541032434e-05 1.510344191046897322e-05 1.245515250047901645e-05 4.412978159962221980e-05
1.405125833116471767e-03 7.260399870574474335e-04 8.412541501456871629e-05 1.502997474744915962e-05 1.251876528840512037e-05 5.813382449559867382e-05
1.189411268569529057e-03 6.464453763328492641e-04 8.202317985706031322e-05 1.472643725719535723e-05 1.226177482749335468e-05 4.872822682955302298e-05
1.443753018975257874e-03 7.427224772982299328e-04 8.464556594844907522e-05 1.513620100013213232e-05 1.261865054402733222e-05 6.140438199508935213e-05
1.423435052856802940e-03 6.379579426720738411e-04 8.271031401818618178e-05 1.500370944995665923e-05 1.223508024850161746e-05 4.791456740349531174e-05
1.277273986488580704e-03 5.993896047584712505e-04 8.485165017191320658e-05 1.508883633505320176e-05 1.236958723893621936e-05 5.314494410413317382e-05
1.232800423167645931e-03 5.510217742994427681e-04 8.509798499289900064e-05 1.537941534479614347e-05 1.242803318746155128e-05 5.127670738147571683e-05
1.553472364321351051e-03 5.176313570700585842e-04 8.400467777391895652e-05 1.511439859314123169e-05 1.258663269254611805e-05 6.557398592121899128e-05
1.560643198899924755e-03 4.783240729011595249e-04 8.400157094001770020e-05 1.520420028100488707e-05 1.245151179318781942e-05 7.267719047376886010e-05
1.236744574271142483e-03 5.098492838442325592e-04 8.313190483022481203e-05 1.492731098551303148e-05 1.231247097166487947e-05 5.641612369799986482e-05
1.395843108184635639e-03 5.269295652396976948e-04 8.516023808624595404e-05 1.525722836959175766e-05 1.259094005945371464e-05 6.433555245166644454e-05
1.476111938245594501e-03 5.070475745014846325e-04 8.562080620322376490e-05 1.539017102913931012e-05 1.245995917997788638e-05 6.894109537824988365e-05
1.592717482708394527e-03 4.990500165149569511e-04 8.353412704309448600e-05 1.491333659942029044e-05 1.260711724171414971e-05 7.408420060528442264e-05
1.208350528031587601e-03 5.205457564443349838e-04 8.393641473958268762e-05 1.522856655356008559e-05 1.259288637811550871e-05 4.802679177373647690e-05
1.603901619091629982e-03 4.772122192662209272e-04 8.514367073075845838e-05 1.539180084364488721e-05 1.249893557542236522e-05 7.421520422212779522e-05
2.182733267545700073e-03 4.608102317433804274e-04 8.510363841196522117e-05 1.537904427095782012e-05 1.258243264601333067e-05 8.696187433088198304e-05
1.665486488491296768e-03 4.574322374537587166e-04 8.470786269754171371e-05 1.512222479504998773e-05 1.262765817955369130e-05 7.757134153507649899e-05
1.805008621886372566e-03 4.639694816432893276e-04 8.435656491201370955e-05 1.541563506179954857e-05 1.241388781636487693e-05 9.494728146819397807e-05
1.821785932406783104e-03 5.109037156216800213e-04 8.330849959747865796e-05 1.498208348493790254e-05 1.229696954396786168e-05 8.572792285121977329e-05
1.917416695505380630e-03 5.444251582957804203e-04 8.240203897003084421e-05 1.493941726948833093e-05 1.225157211592886597e-05 9.762030094861984253e-05
1.835888368077576160e-03 6.121355108916759491e-04 8.291748963529244065e-05 1.507190609117969871e-05 1.230991892953170463e-05 9.969221719074994326e-05
2.011807635426521301e-03 7.306529441848397255e-04 8.626419730717316270e-05 1.579016316100023687e-05 1.242781945620663464e-05 7.216211815830320120e-05
1.219403115101158619e-03 6.519891321659088135e-04 8.363252709386870265e-05 1.521226204204140231e-05 1.244104078068630770e-05 5.699586472474038601e-05
1.803348422981798649e-03 6.674738251604139805e-04 8.430823072558268905e-05 1.546016574138775468e-05 1.230308953381609172e-05 6.989296525716781616e-05
2.115800976753234863e-03 7.013202412053942680e-04 8.687948138685896993e-05 1.569536289025563747e-05 1.269260337721789256e-05 8.621947199571877718e-05
2.147858962416648865e-03 8.330309647135436535e-04 8.515788067597895861e-05 1.541330857435241342e-05 1.252116908290190622e-05 9.708503057481721044e-05
2.055584685876965523e-03 7.923613302409648895e-04 8.673764386912807822e-05 1.577838520461227745e-05 1.246038391400361434e-05 7.391464168904349208e-05
2.198947127908468246e-03 8.616105769760906696e-04 8.607775089330971241e-05 1.581723881827201694e-05 1.245800831384258345e-05 9.667014091974124312e-05
1.529581146314740181e-03 9.025360923260450363e-04 8.521258132532238960e-05 1.536819763714447618e-05 1.257176154467742890e-05 6.493498949566856027e-05
1.425512135028839111e-03 6.715458584949374199e-04 8.524453005520626903e-05 1.555762355565093458e-05 1.260872613784158602e-05 6.995373405516147614e-05
2.086910651996731758e-03 6.685187690891325474e-04 8.684162457939237356e-05 1.583346966071985662e-05 1.289864940190454945e-05 1.025949750328436494e-04
1.658992492593824863e-03 5.113741499371826649e-04 8.589843491790816188e-05 1.578020601300522685e-05 1.272786630579503253e-05 9.056806447915732861e-05
2.030682284384965897e-03 4.743127501569688320e-04 8.905419235816225410e-05 1.629368125577457249e-05 1.302015334658790380e-05 8.568848716095089912e-05
1.319590723142027855e-03 4.343365726526826620e-04 8.673269621795043349e-05 1.636909837543498725e-05 1.300827716477215290e-05 6.869299977552145720e-05
2.384244231507182121e-03 4.295713442843407393e-04 8.722041820874437690e-05 1.657900429563596845e-05 1.298901497648330405e-05 1.180990366265177727e-04
1.708243740722537041e-03 4.260518180672079325e-04 8.705457003088667989e-05 1.672738108027260751e-05 1.279415300814434886e-05 5.827434142702259123e-05
2.155845519155263901e-03 3.861261066049337387e-04 8.785555110080167651e-05 1.718102066661231220e-05 1.265590253751724958e-05 6.090665920055471361e-05
2.124348655343055725e-03 4.491618019528687000e-04 8.839827933115884662e-05 1.770522612787317485e-05 1.263803005713270977e-05 8.256780711235478520e-05
1.205022446811199188e-03 4.326910129748284817e-04 8.996261021820828319e-05 1.814471033867448568e-05 1.272771260119043291e-05 6.649977876804769039e-05
1.539949094876646996e-03 3.802865103352814913e-04 8.718740718904882669e-05 1.720428372209426016e-05 1.245512430614326149e-05 8.432177855866029859e-05
1.482184859924018383e-03 4.121929523535072803e-04 8.632671233499422669e-05 1.716973201837390661e-05 1.273223915632115677e-05 9.251033043256029487e-05
1.305320183746516705e-03 4.573301994241774082e-04 9.029041393660008907e-05 1.782690924301277846e-05 1.303181034018052742e-05 1.241027930518612266e-04
9.348890744149684906e-04 3.769756294786930084e-04 8.945848094299435616e-05 1.736730337142944336e-05 1.325249286310281605e-05 6.086413486627861857e-05
9.972691768780350685e-04 4.214532673358917236e-04 8.746775711188092828e-05 1.681056346569675952e-05 1.268302639800822362e-05 8.271462866105139256e-05
9.672002051956951618e-04 4.408884269651025534e-04 8.658366277813911438e-05 1.637324930925387889e-05 1.290093678107950836e-05 8.437397627858445048e-05
1.058694091625511646e-03 4.189615719951689243e-04 8.613376849098131061e-05 1.621699993847869337e-05 1.288734256377210841e-05 1.005484227789565921e-04
1.232439652085304260e-03 4.677017859648913145e-04 8.693409472471103072e-05 1.583730045240372419e-05 1.284551763092167675e-05 1.224980806000530720e-04
2.145012607797980309e-03 7.228894974105060101e-04 8.808172424323856831e-05 1.609377068234607577e-05 1.262700970983132720e-05 1.521525409771129489e-04
1.858358620665967464e-03 5.123056471347808838e-04 8.698501915205270052e-05 1.575151327415369451e-05 1.256786890735384077e-05 1.019337141769938171e-04
1.379884663037955761e-03 5.284947110339999199e-04 8.579761924920603633e-05 1.558170697535388172e-05 1.246508600161178038e-05 9.757704538060352206e-05
1.397698069922626019e-03 5.627793143503367901e-04 8.414965850533917546e-05 1.511013851995812729e-05 1.258641623280709609e-05 7.867792737670242786e-05
1.342155737802386284e-03 4.812071856576949358e-04 8.306555537274107337e-05 1.480332048231502995e-05 1.259072178072528914e-05 1.011742060654796660e-04
1.454342505894601345e-03 4.304910835344344378e-04 8.225306373788043857e-05 1.462141153751872480e-05 1.252054971700999886e-05 9.065519407158717513e-05
1.399424159899353981e-03 5.470232572406530380e-04 8.239874296123161912e-05 1.464778506488073617e-05 1.235994932358153164e-05 8.325059025082737207e-05
1.219424302689731121e-03 5.319768097251653671e-04 8.269059617305174470e-05 1.469189828640082851e-05 1.262989826500415802e-05 7.464404188795015216e-05
1.781043363735079765e-03 5.194548866711556911e-04 8.131849608616903424e-05 1.434655405319062993e-05 1.252598667633719742e-05 1.764887274475768209e-04
1.327599165961146355e-03 4.959112266078591347e-04 8.050623000599443913e-05 1.438259914721129462e-05 1.232482372870435938e-05 7.283016748260706663e-05
1.432144548743963242e-03 5.353530286811292171e-04 8.219025039579719305e-05 1.444054578314535320e-05 1.285557937080739066e-05 1.035481473081745207e-04
1.500807469710707664e-03 5.019209347665309906e-04 8.099809201667085290e-05 1.422487821400864050e-05 1.250427612831117585e-05 1.318934373557567596e-04
1.542456797324120998e-03 6.766852457076311111e-04 8.129896013997495174e-05 1.417634393874322996e-05 1.281677850784035400e-05 1.492765004513785243e-04
1.629744074307382107e-03 5.506040761247277260e-04 7.985124830156564713e-05 1.402357975166523829e-05 1.269956283067585900e-05 1.294500252697616816e-04
1.903818338178098202e-03 6.883196765556931496e-04 7.959900540299713612e-05 1.382297068630577996e-05 1.249756951438030228e-05 1.539384975330904126e-04
1.730886055156588554e-03 6.924722692929208279e-04 7.822627230780199170e-05 1.375585634377785027e-05 1.237862215930363163e-05 1.510618603788316250e-04
1.719829160720109940e-03 7.853146526031196117e-04 7.787963113514706492e-05 1.350288857793202624e-05 1.239499397343024611e-05 1.429874391760677099e-04
1.930919941514730453e-03 1.183917862363159657e-03 7.820119935786351562e-05 1.347858960798475891e-05 1.264722141058882698e-05 1.741126470733433962e-04
1.130349934101104736e-03 6.532071274705231190e-04 7.882452337071299553e-05 1.352770959783811122e-05 1.273105681320885196e-05 6.488832150353118777e-05
1.430052798241376877e-03 8.747681858949363232e-04 7.755355909466743469e-05 1.329395672655664384e-05 1.248191620106808841e-05 7.941575313452631235e-05
1.612044870853424072e-03 6.184783997014164925e-04 7.781204476486891508e-05 1.343922303931321949e-05 1.253830487257800996e-05 8.211977547034621239e-05
1.463402877561748028e-03 7.015223964117467403e-04 7.787976210238412023e-05 1.310720290348399431e-05 1.282071843888843432e-05 9.396037785336375237e-05
1.488356385380029678e-03 6.599354674108326435e-04 7.872816058807075024e-05 1.349959347862750292e-05 1.278426225326256827e-05 1.011592103168368340e-04
2.071558032184839249e-03 7.564707775600254536e-04 7.663686119485646486e-05 1.316738325840560719e-05 1.245554994966369122e-05 1.784804626367986202e-04
1.727606053464114666e-03 9.717111242935061455e-04 7.789680967107415199e-05 1.357421115244505927e-05 1.236798925674520433e-05 1.635371736483648419e-04
2.101107966154813766e-03 7.413866696879267693e-04 7.635274232598021626e-05 1.317720216320594773e-05 1.230057387147098780e-05 9.512481483398005366e-05
1.442293869331479073e-03 8.487716550007462502e-04 7.815387652954086661e-05 1.355151289317291230e-05 1.248084845428820699e-05 1.057638874044641852e-04
1.982504501938819885e-03 7.079952047206461430e-04 7.844117499189451337e-05 1.344447991868946701e-05 1.240541951119666919e-05 1.541585079394280910e-04
1.745282323099672794e-03 8.872201433405280113e-04 7.885901140980422497e-05 1.360765054414514452e-05 1.246921692654723302e-05 1.504773099441081285e-04
2.247368684038519859e-03 7.722098962403833866e-04 7.775487028993666172e-05 1.358912049909122288e-05 1.228864311997313052e-05 1.789823581930249929e-04
2.367153298109769821e-03 8.644182235002517700e-04 7.797153375577181578e-05 1.344486736343242228e-05 1.232346130564110354e-05 1.822123740566894412e-04
1.994907855987548828e-03 1.221717800945043564e-03 7.764984184177592397e-05 1.369377150695072487e-05 1.214578060171334073e-05 1.331611711066216230e-04
1.874337438493967056e-03 8.570457575842738152e-04 7.804474444128572941e-05 1.380290632368996739e-05 1.215292377310106531e-05 1.566956052556633949e-04
2.859575441107153893e-03 9.429816855117678642e-04 7.844551146263256669e-05 1.377407534164376557e-05 1.235176841873908415e-05 1.399523607688024640e-04
1.851907698437571526e-03 1.630635582841932774e-03 7.986971468199044466e-05 1.411256016581319273e-05 1.236140815308317542e-05 1.080296497093513608e-04
2.407427644357085228e-03 9.869438363239169121e-04 8.012748730834573507e-05 1.417989915353246033e-05 1.232459089806070551e-05 1.093277023755945265e-04
3.078322624787688255e-03 1.179963466711342335e-03 8.065488509600982070e-05 1.446880924049764872e-05 1.226732365466887131e-05 1.641213457332924008e-04
2.930308459326624870e-03 1.779267797246575356e-03 8.010887540876865387e-05 1.435758258594432846e-05 1.227714255946921185e-05 1.371205726172775030e-04
2.240105532109737396e-03 1.333655789494514465e-03 8.186460036085918546e-05 1.486447854404104874e-05 1.229022200277540833e-05 1.054064705385826528e-04
2.061758423224091530e-03 1.548488042317330837e-03 8.231144602177664638e-05 1.456873269489733502e-05 1.243806764250621200e-05 1.002337085083127022e-04
3.228753339499235153e-03 1.798482378944754601e-03 8.293940481962636113e-05 1.474061537010129541e-05 1.235652416653465480e-05 1.597495574969798326e-04
3.551212372258305550e-03 1.785259810276329517e-03 8.262457413366064429e-05 1.501851420471211895e-05 1.231410897162277251e-05 1.650306221563369036e-04
2.889672759920358658e-03 1.431559794582426548e-03 8.201898162951692939e-05 1.497428547736490145e-05 1.223088747792644426e-05 1.462401414755731821e-04
3.043876029551029205e-03 1.184539636597037315e-03 8.325857925228774548e-05 1.489126771048177034e-05 1.247850013896822929e-05 1.240351120941340923e-04
2.482062671333551407e-03 1.567320665344595909e-03 8.347928815055638552e-05 1.509017511125421152e-05 1.238134700543014333e-05 1.157782389782369137e-04
2.496403874829411507e-03 1.641049399040639400e-03 8.354838064406067133e-05 1.493124000262469053e-05 1.265786704607307911e-05 1.089823563233949244e-04
