3.374094143509864807e-03 1.306579681113362312e-03 5.168052157387137413e-04 5.016410432290285826e-05 8.222028554882854223e-05 3.646172408480197191e-04
3.919317852705717087e-03 1.200405182316899300e-03 8.231315878219902515e-04 7.391128019662573934e-05 1.083595270756632090e-04 7.209111208794638515e-05
5.380837246775627136e-03 2.443454926833510399e-03 5.983465816825628281e-04 6.782232958357781172e-05 8.803585660643875599e-05 2.250926045235246420e-04
5.763327237218618393e-03 2.001837594434618950e-03 7.416514563374221325e-04 6.103411578806117177e-05 1.035359236993826926e-04 1.543438120279461145e-04
2.892725635319948196e-03 1.073286985047161579e-03 7.947355043143033981e-04 7.295387331396341324e-05 1.111235105781815946e-04 9.583330393070355058e-05
3.211975097656250000e-03 1.864584628492593765e-03 6.161529454402625561e-04 5.687645170837640762e-05 9.533785487292334437e-05 2.436065260553732514e-04
6.095148157328367233e-03 1.111564342863857746e-03 6.227401900105178356e-04 6.204752571647986770e-05 1.110497905756346881e-04 3.281846584286540747e-04
2.950516995042562485e-03 9.882505983114242554e-04 7.581586833111941814e-04 6.347175076371058822e-05 1.270867214770987630e-04 1.066910917870700359e-04
4.104757215827703476e-03 2.089725108817219734e-03 6.828291807323694229e-04 6.149017281131818891e-05 1.003641882562078536e-04 2.864070993382483721e-04
2.515474567189812660e-03 1.150579657405614853e-03 8.600513101555407047e-04 6.855504761915653944e-05 1.367124496027827263e-04 1.709370408207178116e-04
3.808385925367474556e-03 2.024949062615633011e-03 7.460227352567017078e-04 6.228833808563649654e-05 1.185614237328991294e-04 4.229727492202073336e-04
2.955299103632569313e-03 9.718966321088373661e-04 8.048941963352262974e-04 6.185364327393472195e-05 1.241845020558685064e-04 1.327396312262862921e-04
2.730527659878134727e-03 1.164127606898546219e-03 5.189140210859477520e-04 5.069948747404851019e-05 8.859099762048572302e-05 7.714973617112264037e-05
3.638004418462514877e-03 1.601228839717805386e-03 6.541128386743366718e-04 6.168756954139098525e-05 9.972363477572798729e-05 2.838962827809154987e-04
3.579945769160985947e-03 1.292767934501171112e-03 7.836975855752825737e-04 6.545062205987051129e-05 1.212501520058140159e-04 1.055042230291292071e-04
5.105360411107540131e-03 1.180144725367426872e-03 5.082653951831161976e-04 6.675307668047025800e-05 6.975465657887980342e-05 4.246142634656280279e-04
5.496974568814039230e-03 9.709033183753490448e-04 8.118969271890819073e-04 6.538589514093473554e-05 1.175226498162373900e-04 1.598204544279724360e-04
5.843297112733125687e-03 2.763350959867238998e-03 6.447785999625921249e-04 5.423753464128822088e-05 9.197017789119854569e-05 4.525183176156133413e-04
1.998239429667592049e-03 1.900867675431072712e-03 6.891484954394400120e-04 6.253809988265857100e-05 9.851463983068242669e-05 3.339357790537178516e-04
6.389231886714696884e-03 1.173906028270721436e-03 5.477624945342540741e-04 5.968309051240794361e-05 8.277499728137627244e-05 3.721535904332995415e-04
7.093367166817188263e-03 1.497151679359376431e-03 4.292770754545927048e-04 6.851278885733336210e-05 5.724007496610283852e-05 2.233284321846440434e-04
2.715173875913023949e-03 1.382639398798346519e-03 7.141264504753053188e-04 6.237989146029576659e-05 1.021981079247780144e-04 1.588808081578463316e-04
5.076974164694547653e-03 1.285457517951726913e-03 7.682609721086919308e-04 6.160300836199894547e-05 1.106110430555418134e-04 1.799023302737623453e-04
3.750158706679940224e-03 4.038481507450342178e-03 6.950972019694745541e-04 5.435195271275006235e-05 1.014775261864997447e-04 6.776760565117001534e-04
5.604919046163558960e-03 2.824990078806877136e-03 6.449939101003110409e-04 6.165036757010966539e-05 9.306941501563414931e-05 1.303669851040467620e-04
3.360162023454904556e-03 2.826562151312828064e-03 6.777229136787354946e-04 5.331484135240316391e-05 9.685778059065341949e-05 5.781201762147247791e-04
3.929421305656433105e-03 1.399922184646129608e-03 9.749134769663214684e-04 7.476654718630015850e-05 1.377944136038422585e-04 1.863977813627570868e-04
6.110540125519037247e-03 2.694057067856192589e-03 9.402284049428999424e-04 7.422306225635111332e-05 1.315781701123341918e-04 2.086015156237408519e-04
4.905447829514741898e-03 2.309664385393261909e-03 6.913689430803060532e-04 5.962681825621984899e-05 9.886718908092007041e-05 5.803162930533289909e-04
3.008466446772217751e-03 1.853715977631509304e-03 7.869910332374274731e-04 5.782924563391134143e-05 1.152949189417995512e-04 1.226321328431367874e-04
3.136405954137444496e-03 1.466747140511870384e-03 5.658844020217657089e-04 5.326919563231058419e-05 8.550487109459936619e-05 1.423562935087829828e-04
4.604805726557970047e-03 1.295120338909327984e-03 7.129834266379475594e-04 5.957999019301496446e-05 1.072119121090508997e-04 2.404137339908629656e-04
5.808977875858545303e-03 8.835053886286914349e-04 5.051647312939167023e-04 5.642898395308293402e-05 7.674095104448497295e-05 2.166101185139268637e-04
3.221293445676565170e-03 8.876884821802377701e-04 8.755479357205331326e-04 7.402147457469254732e-05 1.299251161981374025e-04 2.167508646380156279e-04
2.733472501859068871e-03 8.732447167858481407e-04 6.669957074336707592e-04 5.409694495028816164e-05 9.588276589056476951e-05 1.176680307253263891e-04
6.760663352906703949e-03 2.233944367617368698e-03 8.529455517418682575e-04 6.490744272014126182e-05 1.178507664008066058e-04 4.473609733395278454e-04
4.803492687642574310e-03 1.146757975220680237e-03 6.937039433978497982e-04 5.860942474100738764e-05 1.016267124214209616e-04 5.270233377814292908e-04
6.917545571923255920e-03 1.406430732458829880e-03 7.622496923431754112e-04 6.144565122667700052e-05 1.221851562149822712e-04 3.327794256620109081e-04
6.881823297590017319e-03 1.215598429553210735e-03 8.028550073504447937e-04 6.005142859066836536e-05 1.169423703686334193e-04 3.028274513781070709e-04
4.591441713273525238e-03 1.341866096481680870e-03 5.964851588942110538e-04 6.878047133795917034e-05 7.883663784014061093e-05 5.029857857152819633e-04
5.740658380091190338e-03 1.185412984341382980e-03 8.776698377914726734e-04 6.753143679816275835e-05 1.244062441401183605e-04 5.476722726598381996e-04
3.323614597320556641e-03 1.162540516816079617e-03 1.455765799619257450e-03 9.257921192329376936e-05 2.039917744696140289e-04 2.748796250671148300e-04
5.515239667147397995e-03 9.650872088968753815e-04 4.701075959019362926e-04 5.357677582651376724e-05 7.264876330737024546e-05 2.160068543162196875e-04
6.136322394013404846e-03 1.206034328788518906e-03 7.621339173056185246e-04 7.377080328296869993e-05 1.117549618356861174e-04 2.555151586420834064e-04
5.310882814228534698e-03 1.318686408922076225e-03 6.290873279795050621e-04 6.155732262413948774e-05 9.649449202697724104e-05 4.333943361416459084e-04
6.310387048870325089e-03 1.490879571065306664e-03 9.610832203179597855e-04 7.675932283746078610e-05 1.463335211155936122e-04 2.564882161095738411e-04
4.609397612512111664e-03 2.384317805990576744e-03 9.348882013000547886e-04 7.755961996736004949e-05 1.320101582678034902e-04 5.295875598676502705e-04
5.868779029697179794e-03 1.607176847755908966e-03 7.073236047290265560e-04 6.384761945810168982e-05 1.076276530511677265e-04 2.575379621703177691e-04
6.478476803749799728e-03 1.314730616286396980e-03 1.120155793614685535e-03 6.961265899008139968e-05 1.667210308369249105e-04 2.316817844985052943e-04
3.669083118438720703e-03 1.306502847000956535e-03 1.379596767947077751e-03 1.019074406940490007e-04 1.858812611317262053e-04 3.336406953167170286e-04
6.282965186983346939e-03 1.232807291671633720e-03 6.697786739096045494e-04 5.928862083237618208e-05 1.013922592392191291e-04 2.955958188977092505e-04
6.522576324641704559e-03 3.774637356400489807e-03 7.666525780223309994e-04 6.527095683850347996e-05 1.137574799940921366e-04 5.969721241854131222e-04
6.755956448614597321e-03 3.532946109771728516e-03 1.036335714161396027e-03 7.478457700926810503e-05 1.380585017614066601e-04 3.042765019927173853e-04
6.395796779543161392e-03 1.770174480043351650e-03 6.323650013655424118e-04 6.156526069389656186e-05 1.037497277138754725e-04 4.946300177834928036e-04
6.864954717457294464e-03 1.800350961275398731e-03 9.434221428819000721e-04 7.603424455737695098e-05 1.281914446735754609e-04 3.609043487813323736e-04
6.581495981663465500e-03 1.514035044237971306e-03 8.171900408342480659e-04 5.916767986491322517e-05 1.158932936959899962e-04 2.372417802689597011e-04
7.191702723503112793e-03 2.791984705254435539e-03 1.406210474669933319e-03 7.963520329212769866e-05 1.849610416684299707e-04 6.047824281267821789e-04
6.383533123880624771e-03 1.747692585922777653e-03 1.023394288495182991e-03 7.766742783132940531e-05 1.522223174106329679e-04 3.464711189735680819e-04
6.408783607184886932e-03 1.483450178056955338e-03 9.213736630044877529e-04 7.588297739857807755e-05 1.149387826444581151e-04 2.702325291465967894e-04
6.243322044610977173e-03 1.834945869632065296e-03 7.582529797218739986e-04 6.522910553030669689e-05 1.167327354778535664e-04 4.905535024590790272e-04
5.201963242143392563e-03 2.274401253089308739e-03 8.968425099737942219e-04 6.993745046202093363e-05 1.287201303057372570e-04 5.619552102871239185e-04
7.477603852748870850e-03 4.664632491767406464e-03 1.101341331377625465e-03 7.356613059528172016e-05 1.576889917487278581e-04 7.380759925581514835e-04
5.580052267760038376e-03 6.140891462564468384e-03 1.085305004380643368e-03 7.824955537216737866e-05 1.532490859972313046e-04 9.403964504599571228e-04
4.495990462601184845e-03 4.666211083531379700e-03 1.079886220395565033e-03 8.984901796793565154e-05 1.545245759189128876e-04 7.367848302237689495e-04
5.349129904061555862e-03 4.818210378289222717e-03 1.019292394630610943e-03 7.722028385614976287e-05 1.415018632542341948e-04 9.630547720007598400e-04
5.206126254051923752e-03 4.769628401845693588e-03 1.045423676259815693e-03 8.730218542041257024e-05 1.427410315955057740e-04 8.683747146278619766e-04
6.083465181291103363e-03 1.320444396696984768e-03 1.283933757804334164e-03 9.041112934937700629e-05 1.732597593218088150e-04 3.764247230719774961e-04
2.890113275498151779e-03 1.577250426635146141e-03 9.313240298070013523e-04 7.860732875997200608e-05 1.345497585134580731e-04 5.706410738639533520e-04
4.001068882644176483e-03 2.120512537658214569e-03 8.623409667052328587e-04 7.494795136153697968e-05 1.109595905290916562e-04 4.343914042692631483e-04
6.469067651778459549e-03 1.598060829564929008e-03 1.129757612943649292e-03 8.183786121662706137e-05 1.687318144831806421e-04 4.711362416855990887e-04
3.269479144364595413e-03 1.598950126208364964e-03 9.760634857229888439e-04 6.561464397236704826e-05 1.397546438965946436e-04 3.524990752339363098e-04
5.819982383400201797e-03 5.472213961184024811e-03 1.001773751340806484e-03 7.023991929600015283e-05 1.364416966680437326e-04 8.581875008530914783e-04
6.415948737412691116e-03 5.019321106374263763e-03 9.353670757263898849e-04 6.919475708855316043e-05 1.318879076279699802e-04 7.723120506852865219e-04
6.287438794970512390e-03 3.257607342675328255e-03 8.499051327817142010e-04 6.529668462462723255e-05 1.112562458729371428e-04 7.103910902515053749e-04
4.882489796727895737e-03 4.671593662351369858e-03 1.052368315868079662e-03 8.099881233647465706e-05 1.528201246401295066e-04 6.633279845118522644e-04
5.690047983080148697e-03 3.858219599351286888e-03 8.347131661139428616e-04 6.367779133142903447e-05 1.232854265253990889e-04 6.190249696373939514e-04
3.758554114028811455e-03 1.715799677185714245e-03 8.968707406893372536e-04 7.241736602736636996e-05 1.331153325736522675e-04 2.949310583062469959e-04
5.666200537234544754e-03 2.538439584895968437e-03 1.016910304315388203e-03 8.103335858322679996e-05 1.322117022937163711e-04 6.813616491854190826e-04
5.990308243781328201e-03 3.672024700790643692e-03 7.636258960701525211e-04 6.551293336087837815e-05 1.230243942700326443e-04 7.072374573908746243e-04
5.063972901552915573e-03 2.267912495881319046e-03 6.432435475289821625e-04 5.577968113357201219e-05 9.243216481991112232e-05 5.933750071562826633e-04
5.998565815389156342e-03 2.473873551934957504e-03 8.066297159530222416e-04 6.533937266794964671e-05 1.159383464255370200e-04 6.606357055716216564e-04
4.436071962118148804e-03 1.326544908806681633e-03 5.592403467744588852e-04 5.908419916522689164e-05 9.370018233312293887e-05 5.276720621623098850e-04
5.351644009351730347e-03 3.763447282835841179e-03 7.576959906145930290e-04 6.805908196838572621e-05 1.072024242603220046e-04 6.067784270271658897e-04
6.234661675989627838e-03 2.529349643737077713e-03 7.833819254301488400e-04 6.901365122757852077e-05 1.069986537913791835e-04 7.493307930417358875e-04
5.238681100308895111e-03 3.536589443683624268e-03 4.851891717407852411e-04 5.632690954371355474e-05 7.016181189101189375e-05 5.900749238207936287e-04
4.748559556901454926e-03 2.486077137291431427e-03 5.427646101452410221e-04 4.893064033240079880e-05 8.432724280282855034e-05 5.038655945099890232e-04
5.861033219844102859e-03 4.391472786664962769e-03 6.809501792304217815e-04 5.947144018136896193e-05 1.022612123051658273e-04 5.765742971561849117e-04
4.856100305914878845e-03 1.433466444723308086e-03 8.503650897182524204e-04 6.738556839991360903e-05 1.213476280099712312e-04 5.569061031565070152e-04
6.042785942554473877e-03 6.370509043335914612e-03 1.033909269608557224e-03 6.525268690893426538e-05 1.475043682148680091e-04 6.622440414503216743e-04
4.115758463740348816e-03 1.556147821247577667e-03 6.448077620007097721e-04 5.296384188113734126e-05 1.032683867379091680e-04 5.472178454510867596e-04
8.170027285814285278e-03 7.391480728983879089e-03 1.201449194923043251e-03 8.443323167739436030e-05 1.861945638665929437e-04 8.576581603847444057e-04
7.185613270848989487e-03 6.680925842374563217e-03 8.345599635504186153e-04 7.521718362113460898e-05 1.354447449557483196e-04 7.466739043593406677e-04
5.823358427733182907e-03 5.217664409428834915e-03 7.082174415700137615e-04 5.784840323030948639e-05 1.111910314648412168e-04 6.013684906065464020e-04
4.894149489700794220e-03 2.505816752091050148e-03 5.720863700844347477e-04 6.010838114889338613e-05 7.887404353823512793e-05 5.071347695775330067e-04
6.007398478686809540e-03 4.909102804958820343e-03 5.924269207753241062e-04 5.805498949484899640e-05 9.292532922700047493e-05 5.347438855096697807e-04
1.963135786354541779e-03 3.816664684563875198e-03 7.488713599741458893e-04 5.687605153070762753e-05 1.034625311149284244e-04 1.073986859410069883e-04
6.047656759619712830e-03 2.367005683481693268e-03 7.134128245525062084e-04 5.899033931200392544e-05 1.104222246794961393e-04 6.172679131850600243e-04
7.535474374890327454e-03 7.288584951311349869e-03 7.743255700916051865e-04 5.719744513044133782e-05 1.073924286174587905e-04 8.084768196567893028e-04
5.941486917436122894e-03 2.702485071495175362e-03 6.276270141825079918e-04 5.138873166288249195e-05 1.006973761832341552e-04 6.347835296764969826e-04
6.988448556512594223e-03 5.025120452046394348e-03 6.932074320502579212e-04 5.723841240978799760e-05 1.033396692946553230e-04 7.557304343208670616e-04
5.730564240366220474e-03 3.855442628264427185e-03 4.343828768469393253e-04 4.902284126728773117e-05 6.612356082769110799e-05 6.009378121234476566e-04
7.219991181045770645e-03 5.949760787189006805e-03 6.452081142924726009e-04 7.290446956176310778e-05 8.699996396899223328e-05 8.155522518791258335e-04
5.106681492179632187e-03 2.056888304650783539e-03 5.700371693819761276e-04 6.117150041973218322e-05 8.230192906921729445e-05 4.905439564026892185e-04
4.075876437127590179e-03 1.129194279201328754e-03 6.550140096805989742e-04 5.642326141241937876e-05 9.241679799742996693e-05 2.589306677691638470e-04
4.379599355161190033e-03 1.869764295406639576e-03 7.252607611007988453e-04 6.777256930945441127e-05 1.082582530216313899e-04 4.157636140007525682e-04
4.001756198704242706e-03 1.512808143161237240e-03 8.416073396801948547e-04 6.561625195899978280e-05 1.156866710516624153e-04 2.949972404167056084e-04
5.385634489357471466e-03 1.900713541544973850e-03 5.733441212214529514e-04 5.840706944582052529e-05 8.756457827985286713e-05 5.078875692561268806e-04
7.440838031470775604e-03 5.911326967179775238e-03 1.036137575283646584e-03 7.610738248331472278e-05 1.328684738837182522e-04 8.197871502488851547e-04
6.251840852200984955e-03 2.345930319279432297e-03 6.303254049271345139e-04 5.591700391960330307e-05 9.059593867277726531e-05 5.415671621449291706e-04
6.842241156846284866e-03 3.995929379016160965e-03 8.208685903809964657e-04 6.348983151838183403e-05 1.172281918115913868e-04 7.298071868717670441e-04
7.554775569587945938e-03 6.842011120170354843e-03 9.882759768515825272e-04 6.698978540953248739e-05 1.312212116317823529e-04 9.441273286938667297e-04
8.230183273553848267e-03 3.996847197413444519e-03 9.883857565000653267e-04 7.785449997754767537e-05 1.269338972633704543e-04 8.428708533756434917e-04
6.316532846540212631e-03 1.919447677209973335e-03 9.546828223392367363e-04 7.597052172059193254e-05 1.316102134296670556e-04 4.974189796485006809e-04
6.613747216761112213e-03 2.968189772218465805e-03 9.427494951523840427e-04 7.192789780674502254e-05 1.203204083140008152e-04 4.986664862371981144e-04
6.497056689113378525e-03 4.305071197450160980e-03 6.843557348474860191e-04 6.737936200806871057e-05 9.428295015823096037e-05 5.765728419646620750e-04
6.179000716656446457e-03 2.895778045058250427e-03 5.112113431096076965e-04 5.228734880802221596e-05 7.481024658773094416e-05 5.929834442213177681e-04
6.564292591065168381e-03 2.126074163243174553e-03 5.613213288597762585e-04 5.753286677645519376e-05 8.053454075707122684e-05 5.881236284039914608e-04
6.787602324038743973e-03 9.023618884384632111e-03 7.248889887705445290e-04 5.772235817858017981e-05 1.037134497892111540e-04 9.447997435927391052e-04
6.587689276784658432e-03 1.732951495796442032e-03 7.617337978444993496e-04 5.771757787442766130e-05 1.067340854206122458e-04 5.160595173947513103e-04
7.483644410967826843e-03 1.700704568065702915e-03 7.818813319317996502e-04 6.439173012040555477e-05 1.094834078685380518e-04 5.628150538541376591e-04
6.656620185822248459e-03 6.758369971066713333e-03 7.185064605437219143e-04 6.144250801298767328e-05 1.006217644317075610e-04 6.326267030090093613e-04
6.940220016986131668e-03 7.237037178128957748e-03 6.169101106934249401e-04 5.535126911127008498e-05 9.210341522702947259e-05 8.294543949887156487e-04
6.832056213170289993e-03 6.695796735584735870e-03 6.855758838355541229e-04 5.562103251577354968e-05 9.848673653323203325e-05 5.987710901536047459e-04
6.851849146187305450e-03 6.030377000570297241e-03 7.752355886623263359e-04 6.021744775352999568e-05 1.069667705451138318e-04 6.511266110464930534e-04
