1.166060916148126125e-03 1.309683430008590221e-03 5.026487633585929871e-03 6.132338894531130791e-04 5.638299626298248768e-04 1.125091584981419146e-04
1.120947999879717827e-03 1.276002149097621441e-03 3.008790779858827591e-03 6.247822311706840992e-04 6.634487072005867958e-04 1.048697813530452549e-04
1.898428541608154774e-03 1.601586933247745037e-03 5.616722162812948227e-03 7.866639061830937862e-04 7.026570965535938740e-04 1.874567678896710277e-04
8.993954979814589024e-04 1.469766604714095592e-03 4.042383749037981033e-03 5.474191275425255299e-04 4.036719910800457001e-04 6.624693196499720216e-05
8.628609939478337765e-04 1.442858716472983360e-03 4.838936030864715576e-03 5.119900451973080635e-04 4.508320998866111040e-04 6.884759204695001245e-05
1.804517814889550209e-03 2.643736777827143669e-03 6.070771720260381699e-03 7.795777637511491776e-04 7.301289588212966919e-04 1.559289812576025724e-04
9.165823576040565968e-04 1.199802616611123085e-03 3.758996957913041115e-03 6.290231249295175076e-04 5.956059321761131287e-04 6.932875112397596240e-05
9.101235191337764263e-04 1.332236221060156822e-03 4.649806302040815353e-03 4.767588688991963863e-04 3.941243921872228384e-04 7.088098936947062612e-05
1.095066429115831852e-03 1.449397765100002289e-03 5.942877847701311111e-03 6.529730744659900665e-04 6.935491692274808884e-04 9.391650382895022631e-05
1.993690850213170052e-03 1.755453879013657570e-03 6.318855565041303635e-03 6.676173070445656776e-04 7.813874981366097927e-04 1.889569393824785948e-04
8.887313306331634521e-04 1.339192385785281658e-03 5.041570868343114853e-03 4.799368616659194231e-04 4.374800482764840126e-04 6.299339293036609888e-05
9.403470321558415890e-04 1.455799210816621780e-03 5.214871838688850403e-03 7.126497221179306507e-04 8.085944573394954205e-04 6.231588486116379499e-05
9.300020756199955940e-04 1.887646038085222244e-03 4.883300047367811203e-03 5.608116625808179379e-04 5.647207144647836685e-04 6.439605931518599391e-05
1.571891363710165024e-03 1.813587383367121220e-03 5.724428221583366394e-03 6.102218758314847946e-04 5.760385538451373577e-04 1.567817962495610118e-04
8.532980573363602161e-04 1.329964492470026016e-03 4.263347480446100235e-03 4.064750683028250933e-04 4.161083779763430357e-04 6.279384979279711843e-05
8.389158756472170353e-04 1.450336072593927383e-03 4.083048552274703979e-03 4.837927990593016148e-04 5.107253673486411572e-04 5.957808025414124131e-05
1.012925291433930397e-03 1.789587200619280338e-03 5.208388436585664749e-03 5.359852802939713001e-04 5.619003786705434322e-04 7.787662616465240717e-05
2.089774701744318008e-03 1.972244121134281158e-03 5.956463515758514404e-03 6.794044747948646545e-04 8.494884241372346878e-04 1.341782917734235525e-04
1.822344376705586910e-03 1.981090055778622627e-03 5.575703456997871399e-03 8.559372508898377419e-04 7.841718615964055061e-04 1.797426375560462475e-04
2.163043012842535973e-03 1.972494879737496376e-03 1.342474855482578278e-02 1.364269177429378033e-03 1.522212405689060688e-03 1.323878095718100667e-04
1.123354537412524223e-03 1.604761928319931030e-03 4.841898567974567413e-03 4.496568872127681971e-04 5.421194364316761494e-04 1.023430595523677766e-04
1.196742407046258450e-03 2.298342762514948845e-03 5.143899470567703247e-03 4.269556666258722544e-04 5.541915306821465492e-04 1.033674707286991179e-04
1.159976003691554070e-03 1.952741993591189384e-03 4.459427669644355774e-03 4.846941446885466576e-04 6.470688385888934135e-04 9.164417861029505730e-05
1.037123147398233414e-03 1.521049765869975090e-03 3.804639913141727448e-03 4.823119961656630039e-04 5.152829689905047417e-04 6.926340574864298105e-05
9.792734635993838310e-04 1.362364040687680244e-03 3.435516031458973885e-03 4.284188034944236279e-04 4.633967473637312651e-04 6.354394281515851617e-05
1.171347917988896370e-03 1.466977526433765888e-03 3.775082295760512352e-03 6.313385674729943275e-04 6.799540133215487003e-04 7.062171061988919973e-05
1.431200304068624973e-03 1.650685560889542103e-03 4.662142600864171982e-03 5.292969872243702412e-04 8.232114487327635288e-04 9.139480243902653456e-05
1.460794941522181034e-03 1.749382237903773785e-03 4.328856710344552994e-03 5.964816664345562458e-04 6.035147234797477722e-04 9.520960884401574731e-05
1.483035041019320488e-03 1.699396991170942783e-03 5.537686869502067566e-03 8.753540460020303726e-04 7.216017693281173706e-04 1.002989956759847701e-04
1.496980199590325356e-03 2.053032163530588150e-03 6.528969854116439819e-03 5.838223733007907867e-04 5.469480529427528381e-04 1.143192566814832389e-04
2.447402803227305412e-03 4.534996114671230316e-03 5.461253225803375244e-03 7.869474939070641994e-04 6.596800521947443485e-04 2.090977795887738466e-04
1.120498403906822205e-03 1.747687929309904575e-03 3.312037792056798935e-03 5.451674223877489567e-04 4.212480271235108376e-04 7.497438491554930806e-05
1.460368162952363491e-03 1.722096232697367668e-03 4.074521362781524658e-03 3.845763276331126690e-04 4.871806304436177015e-04 8.598341082688421011e-05
1.771938172169029713e-03 1.818496617488563061e-03 5.045087542384862900e-03 4.723188467323780060e-04 4.083794774487614632e-04 1.392822450725361705e-04
1.461836043745279312e-03 1.877844450064003468e-03 4.765093326568603516e-03 4.403711645863950253e-04 5.776417674496769905e-04 9.668406710261479020e-05
1.533228671178221703e-03 1.879121060483157635e-03 3.838230390101671219e-03 4.103999235667288303e-04 4.703837621491402388e-04 1.220443809870630503e-04
1.729771727696061134e-03 2.160215051844716072e-03 3.609295468777418137e-03 3.570802218746393919e-04 5.401556263677775860e-04 1.372944534523412585e-04
1.135920756496489048e-03 1.406855764798820019e-03 4.265276249498128891e-03 4.212310886941850185e-04 4.779062874149531126e-04 8.774232992436736822e-05
1.203652238473296165e-03 1.673300284892320633e-03 3.527440130710601807e-03 3.318869858048856258e-04 4.473575390875339508e-04 8.829983562463894486e-05
1.162687782198190689e-03 1.548683154396712780e-03 4.320077598094940186e-03 4.099683428648859262e-04 4.649169859476387501e-04 9.584798681316897273e-05
1.202351995743811131e-03 1.510257367044687271e-03 2.975251991301774979e-03 3.016832051798701286e-04 6.320346146821975708e-04 9.799240069696679711e-05
1.261502271518111229e-03 1.739312196150422096e-03 2.277430379763245583e-03 2.504102303646504879e-04 4.684782179538160563e-04 1.300322473980486393e-04
1.276633469387888908e-03 1.663282746449112892e-03 4.437558818608522415e-03 4.708234337158501148e-04 7.224442088045179844e-04 9.252355812350288033e-05
1.185379456728696823e-03 1.345425727777183056e-03 3.731205826625227928e-03 3.685589181259274483e-04 5.955309607088565826e-04 1.063730087480507791e-04
1.161580090411007404e-03 1.282262150198221207e-03 2.952958224341273308e-03 2.688888635020703077e-04 4.473666485864669085e-04 9.638018673285841942e-05
1.597620663233101368e-03 1.293646637350320816e-03 3.447543596848845482e-03 3.479956067167222500e-04 6.622528308071196079e-04 1.451832067687064409e-04
1.159236649982631207e-03 1.329373102635145187e-03 3.196126781404018402e-03 3.594237787183374166e-04 5.308183026500046253e-04 9.000490535981953144e-05
1.278849784284830093e-03 1.183329499326646328e-03 1.706252223812043667e-03 3.205448156222701073e-04 4.215940425638109446e-04 9.105959907174110413e-05
1.306391786783933640e-03 1.143275178037583828e-03 1.571606262587010860e-03 3.215648466721177101e-04 3.452273376751691103e-04 9.820607374422252178e-05
1.148864976130425930e-03 1.129464828409254551e-03 3.743096254765987396e-03 4.697539261542260647e-04 4.275065148249268532e-04 9.982549818232655525e-05
1.144268200732767582e-03 9.949089726433157921e-04 3.342611249536275864e-03 3.610081621445715427e-04 5.170735530555248260e-04 8.549787889933213592e-05
1.714240061119198799e-03 1.185491215437650681e-03 3.724476089701056480e-03 4.607982991728931665e-04 6.344248540699481964e-04 1.246661267941817641e-04
1.453566248528659344e-03 1.032008556649088860e-03 2.994166454300284386e-03 3.135540173389017582e-04 4.434581496752798557e-04 1.239066332345828414e-04
1.592542743310332298e-03 1.157414983026683331e-03 2.831353340297937393e-03 3.792078059632331133e-04 6.381389102898538113e-04 1.354829146293923259e-04
1.120071276091039181e-03 8.570867939852178097e-04 1.863823621533811092e-03 1.950797450263053179e-04 6.610737764276564121e-04 1.002966746455058455e-04
1.309185521677136421e-03 9.672350715845823288e-04 2.302383072674274445e-03 3.187087713740766048e-04 6.770610925741493702e-04 1.017312388285063207e-04
1.039404189214110374e-03 7.844680803827941418e-04 1.954912440851330757e-03 3.411147627048194408e-04 6.500110030174255371e-04 9.153689461527392268e-05
1.216082600876688957e-03 8.736217278055846691e-04 1.928421086631715298e-03 3.252139431424438953e-04 4.607586888596415520e-04 8.017138316063210368e-05
1.067155622877180576e-03 9.241873049177229404e-04 1.468433416448533535e-03 2.703731297515332699e-04 4.545862902887165546e-04 8.018322841962799430e-05
1.057183719240128994e-03 7.488731062039732933e-04 1.436727703548967838e-03 3.026080376002937555e-04 4.535153275355696678e-04 9.653809684095904231e-05
1.001535216346383095e-03 7.741217850707471371e-04 1.399545115418732166e-03 2.815634652506560087e-04 5.209183436818420887e-04 7.723277667537331581e-05
1.915166270919144154e-03 1.334131346084177494e-03 1.614505890756845474e-03 3.320996474940329790e-04 6.915880949236452579e-04 1.211870912811718881e-04
1.014593290165066719e-03 8.163602906279265881e-04 1.248285756446421146e-03 2.458251256030052900e-04 6.599077023565769196e-04 7.490785355912521482e-05
8.336180471815168858e-04 7.255887030623853207e-04 1.122845569625496864e-03 2.462649426888674498e-04 3.926737990695983171e-04 8.894462371245026588e-05
9.887679480016231537e-04 6.999976467341184616e-04 1.217901473864912987e-03 2.469100581947714090e-04 3.920800227206200361e-04 8.204620098695158958e-05
1.463256077840924263e-03 1.198439509607851505e-03 1.791952410712838173e-03 3.466126800049096346e-04 6.111043621785938740e-04 1.411402918165549636e-04
8.008114527910947800e-04 7.244861335493624210e-04 1.405116519890725613e-03 2.439326344756409526e-04 4.873214638791978359e-04 9.924756159307435155e-05
8.434792980551719666e-04 7.752328529022634029e-04 1.847329898737370968e-03 3.244890540372580290e-04 3.884682955686002970e-04 8.605446782894432545e-05
1.159196253865957260e-03 1.031290623359382153e-03 1.981212059035897255e-03 3.348452737554907799e-04 4.633693897631019354e-04 7.739457214483991265e-05
1.307778991758823395e-03 8.637750288471579552e-04 1.994053134694695473e-03 3.142250061500817537e-04 3.736496146302670240e-04 1.095526968128979206e-04
9.224819368682801723e-04 7.974056061357259750e-04 1.884596655145287514e-03 3.121926856692880392e-04 3.580750199034810066e-04 9.598453470971435308e-05
1.018372131511569023e-03 7.923113880679011345e-04 2.103858627378940582e-03 3.440544533077627420e-04 3.068440128117799759e-04 9.114229033002629876e-05
1.325436867773532867e-03 1.208061585202813148e-03 1.998727442696690559e-03 3.257427597418427467e-04 4.129860608372837305e-04 7.860374171286821365e-05
9.988315869122743607e-04 1.025282661430537701e-03 2.073250012472271919e-03 3.156215243507176638e-04 3.008334897458553314e-04 7.464321242878213525e-05
1.440642517991364002e-03 1.076469081453979015e-03 2.456465270370244980e-03 3.964983916375786066e-04 4.112603492103517056e-04 1.022908400045707822e-04
1.083675189875066280e-03 1.075243111699819565e-03 2.308837138116359711e-03 3.389677149243652821e-04 4.131624882575124502e-04 1.042986405082046986e-04
9.862197330221533775e-04 1.033922424539923668e-03 2.019854728132486343e-03 2.822590759024024010e-04 3.094417916145175695e-04 9.242339001502841711e-05
1.370169920846819878e-03 1.457632868550717831e-03 2.391936257481575012e-03 3.475274424999952316e-04 5.608717328868806362e-04 1.053258602041751146e-04
1.022325828671455383e-03 1.037019072100520134e-03 2.075146883726119995e-03 2.752581203822046518e-04 3.649345599114894867e-04 7.591343455715104938e-05
1.067758421413600445e-03 1.017173170112073421e-03 2.411456312984228134e-03 3.378232649993151426e-04 4.374780983198434114e-04 9.996206063078716397e-05
1.513709663413465023e-03 1.549406326375901699e-03 3.304251935333013535e-03 4.350601520854979753e-04 6.350690964609384537e-04 1.204973887070082128e-04
1.149258110672235489e-03 1.208790345117449760e-03 2.824056660756468773e-03 3.086028154939413071e-04 4.324515175540000200e-04 9.748790762387216091e-05
1.298716641031205654e-03 1.241826452314853668e-03 2.873920369893312454e-03 2.972889924421906471e-04 4.625812289305031300e-04 1.128388248616829515e-04
1.151864766143262386e-03 1.163821900263428688e-03 2.696299925446510315e-03 3.387072065379470587e-04 4.058200574945658445e-04 1.082553571905009449e-04
1.285298145376145840e-03 1.289285602979362011e-03 2.807933371514081955e-03 3.209312562830746174e-04 5.285057122819125652e-04 1.000901756924577057e-04
2.204644260928034782e-03 1.748721580952405930e-03 3.005192847922444344e-03 3.631378640420734882e-04 5.548418266698718071e-04 1.752016687532886863e-04
1.462864107452332973e-03 1.327228848822414875e-03 3.557648044079542160e-03 4.274514794815331697e-04 5.502004059962928295e-04 1.159051680588163435e-04
1.086384057998657227e-03 1.219815923832356930e-03 3.069284139201045036e-03 3.688360447995364666e-04 4.214249202050268650e-04 8.705046639079228044e-05
1.214211806654930115e-03 1.102669979445636272e-03 2.849875949323177338e-03 3.296156064607203007e-04 3.600039926823228598e-04 1.083529568859376013e-04
1.274439506232738495e-03 1.208944711834192276e-03 2.824229421094059944e-03 3.888376813847571611e-04 4.458839248400181532e-04 1.064540338120423257e-04
1.250771689228713512e-03 1.255472190678119659e-03 2.894283039495348930e-03 3.697180363815277815e-04 3.693812759593129158e-04 9.654230962041765451e-05
1.316623296588659286e-03 1.199675374664366245e-03 5.256828386336565018e-03 5.612697568722069263e-04 6.714556366205215454e-04 1.083699316950514913e-04
1.297795097343623638e-03 1.200611237436532974e-03 3.401319729164242744e-03 5.647764191962778568e-04 6.786476005800068378e-04 1.087651253328658640e-04
1.397417159751057625e-03 1.266337232664227486e-03 3.137501887977123260e-03 4.665293381549417973e-04 6.172593566589057446e-04 1.051934232236817479e-04
1.493605668656527996e-03 1.265354803763329983e-03 4.374760203063488007e-03 5.385280237533152103e-04 6.370419287122786045e-04 1.408852258464321494e-04
1.314083230681717396e-03 1.187068293802440166e-03 3.967249300330877304e-03 4.926082328893244267e-04 4.910402931272983551e-04 1.168025773949921131e-04
1.352317747659981251e-03 1.326903933659195900e-03 4.274799488484859467e-03 4.036869504489004612e-04 4.366864159237593412e-04 1.404840295435860753e-04
1.329702441580593586e-03 1.086183940060436726e-03 3.618307411670684814e-03 4.536102351266890764e-04 4.190674517303705215e-04 1.367489894619211555e-04
1.279185526072978973e-03 1.094556530006229877e-03 3.435680875554680824e-03 3.936388529837131500e-04 4.993944894522428513e-04 1.102785099647007883e-04
1.373867155052721500e-03 1.155694597400724888e-03 2.352759242057800293e-03 3.133877471555024385e-04 3.284727281425148249e-04 1.601796247996389866e-04
1.438842038623988628e-03 1.080605783499777317e-03 2.591225784271955490e-03 2.450436004437506199e-04 3.215553006157279015e-04 1.539383520139381289e-04
1.402197405695915222e-03 9.371854830533266068e-04 2.990836976096034050e-03 2.581664302852004766e-04 4.698655102401971817e-04 1.239183329744264483e-04
1.481823041103780270e-03 9.535415447317063808e-04 2.517496235668659210e-03 2.135796385118737817e-04 5.512491916306316853e-04 1.379249733872711658e-04
1.666118390858173370e-03 9.908194188028573990e-04 1.597532536834478378e-03 1.395671570207923651e-04 1.821975165512412786e-04 1.662319409660995007e-04
1.490039401687681675e-03 8.933308417908847332e-04 1.346942386589944363e-03 1.311360247200354934e-04 2.365772234043106437e-04 1.455903111491352320e-04
1.937547349371016026e-03 1.089183846488595009e-03 2.778075635433197021e-03 4.363196494523435831e-04 3.613936714828014374e-04 1.839860779000446200e-04
2.017233520746231079e-03 8.468496380373835564e-04 1.875768881291151047e-03 3.238153585698455572e-04 2.822385285980999470e-04 1.303951576119288802e-04
1.272919005714356899e-03 6.795510998927056789e-04 1.344708958640694618e-03 1.259333366760984063e-04 3.221971564926207066e-04 1.044261225615628064e-04
1.444877474568784237e-03 6.496208952739834785e-04 1.661360613070428371e-03 2.938986872322857380e-04 3.519439487718045712e-04 1.224696461576968431e-04
2.021084306761622429e-03 6.445737672038376331e-04 8.858207729645073414e-04 1.113205580622889102e-04 3.260588564444333315e-04 1.325008197454735637e-04
1.946183154359459877e-03 6.810429622419178486e-04 1.070496393367648125e-03 1.065684627974405885e-04 1.037805486703291535e-04 1.243642618646845222e-04
1.927912584505975246e-03 5.819322541356086731e-04 8.405722328461706638e-04 8.150648500304669142e-05 9.922084427671507001e-05 1.354328560410067439e-04
1.870189444161951542e-03 4.714512324426323175e-04 8.336322498507797718e-04 7.960332004586234689e-05 2.469169849064201117e-04 1.216510499943979084e-04
1.744037494063377380e-03 4.054195305798202753e-04 8.979661506600677967e-04 8.420990343438461423e-05 2.358453639317303896e-04 1.357115106657147408e-04
2.230933168902993202e-03 4.383717023301869631e-04 1.216194941662251949e-03 4.012960125692188740e-04 6.418194971047341824e-04 1.705179020063951612e-04
1.304603531025350094e-03 4.280176362954080105e-04 1.359267393127083778e-03 4.625297442544251680e-04 6.376358214765787125e-04 1.269997301278635859e-04
1.644383301027119160e-03 3.976112056989222765e-04 1.295855850912630558e-03 4.267735348548740149e-04 8.272893028333783150e-04 1.367966906400397420e-04
2.046996727585792542e-03 3.722532128449529409e-04 1.269539352506399155e-03 3.168318362440913916e-04 6.651665316894650459e-04 1.470097631681710482e-04
1.690219854936003685e-03 3.961255133617669344e-04 1.269503263756632805e-03 4.846367810387164354e-04 6.517797592096030712e-04 1.362824259558692575e-04
1.649936428293585777e-03 4.736344853881746531e-04 1.437188009731471539e-03 3.059017763007432222e-04 6.193014560267329216e-04 1.356855646008625627e-04
1.761796651408076286e-03 5.111291538923978806e-04 1.497675082646310329e-03 3.124289214611053467e-04 6.291752797551453114e-04 1.369295350741595030e-04
1.876158872619271278e-03 5.437873769551515579e-04 1.190270180813968182e-03 2.476008376106619835e-04 7.452374848071485758e-05 1.250640052603557706e-04
1.752464449964463711e-03 5.892838817089796066e-04 1.388482865877449512e-03 2.668417291715741158e-04 4.250748606864362955e-04 1.154526325990445912e-04
1.552771544083952904e-03 6.311995093710720539e-04 1.243009348399937153e-03 2.489219186827540398e-04 5.496243247762322426e-04 1.316738635068759322e-04
1.480240025557577610e-03 7.021717028692364693e-04 2.031902084127068520e-03 4.592253244481980801e-04 6.075687124393880367e-04 1.337093417532742023e-04
1.257408992387354374e-03 6.884676986373960972e-04 1.639956491999328136e-03 2.454993082210421562e-04 5.047039012424647808e-04 1.194358701468445361e-04
1.175622222945094109e-03 7.237383979372680187e-04 3.674861975014209747e-03 5.948521429672837257e-04 7.362573524005711079e-04 1.210042246384546161e-04
1.373151317238807678e-03 7.422216585837304592e-04 3.185498062521219254e-03 5.016248906031250954e-04 5.772610893473029137e-04 8.837284258333966136e-05
1.545511069707572460e-03 9.800747502595186234e-04 3.878095420077443123e-03 6.614352460019290447e-04 5.781262880191206932e-04 1.106439594877883792e-04
1.813715556636452675e-03 1.049322658218443394e-03 3.227507229894399643e-03 5.648561054840683937e-04 5.092864739708602428e-04 1.115533304982818663e-04
1.822778256610035896e-03 9.921069722622632980e-04 2.812854014337062836e-03 4.303370951674878597e-04 5.996401887387037277e-04 1.001768978312611580e-04
1.768760615959763527e-03 9.640676435083150864e-04 2.276220591738820076e-03 3.735272621270269156e-04 4.595905775204300880e-04 9.852836228674277663e-05
1.863266923464834690e-03 9.117753943428397179e-04 2.409928478300571442e-03 3.654101456049829721e-04 3.730979515239596367e-04 9.166987729258835316e-05
1.913283253088593483e-03 9.406337048858404160e-04 2.275193808600306511e-03 3.539729514159262180e-04 4.171207256149500608e-04 9.599106124369427562e-05
2.004545181989669800e-03 9.816500823944807053e-04 2.517541637644171715e-03 3.674709005281329155e-04 4.073144518770277500e-04 1.031817591865547001e-04
2.604302717372775078e-03 1.099916291423141956e-03 6.148879881948232651e-03 8.893604972399771214e-04 5.460058455355465412e-04 1.050348364515230060e-04
2.162654185667634010e-03 9.684712276794016361e-04 5.212750751525163651e-03 7.117702625691890717e-04 4.881675413344055414e-04 9.068656072486191988e-05
2.587561728432774544e-03 9.645223035477101803e-04 3.055257489904761314e-03 4.397071315906941891e-04 3.699410299304872751e-04 9.215254976879805326e-05
2.607200760394334793e-03 1.042560674250125885e-03 3.784562461078166962e-03 4.889116971753537655e-04 5.012052133679389954e-04 1.315484259976074100e-04
1.900800503790378571e-03 9.109889506362378597e-04 4.243936389684677124e-03 5.837861681357026100e-04 6.789613398723304272e-04 1.085549229173921049e-04
1.773452851921319962e-03 8.801696822047233582e-04 3.348337719216942787e-03 4.800317401532083750e-04 4.106282722204923630e-04 1.104315961129032075e-04
1.465942594222724438e-03 8.038001251406967640e-04 3.529425477609038353e-03 5.507636233232915401e-04 4.767134087160229683e-04 8.598191925557330251e-05
2.448678016662597656e-03 1.507505658082664013e-03 2.915941411629319191e-03 4.922577063553035259e-04 5.258725723251700401e-04 1.758857397362589836e-04
1.613828469999134541e-03 7.805579225532710552e-04 3.218981437385082245e-03 4.937958437949419022e-04 4.400060570333153009e-04 1.004829318844713271e-04
1.963611226528882980e-03 8.859690278768539429e-04 4.582155961543321609e-03 6.139099132269620895e-04 5.500523839145898819e-04 1.194736396428197622e-04
1.484830863773822784e-03 8.329849806614220142e-04 3.088969970121979713e-03 4.859981709159910679e-04 4.765804624184966087e-04 1.023776421789079905e-04
1.561505137942731380e-03 6.739540258422493935e-04 2.763511613011360168e-03 3.999430628027766943e-04 3.682587994262576103e-04 9.480192238697782159e-05
1.583949429914355278e-03 7.325875922106206417e-04 1.950025209225714207e-03 4.428236861713230610e-04 3.443304449319839478e-04 9.719761874293908477e-05
1.532436814159154892e-03 6.501819007098674774e-04 1.745287911035120487e-03 4.361745959613472223e-04 3.851867513731122017e-04 9.774848149390891194e-05
2.069191774353384972e-03 1.156003447249531746e-03 2.018874511122703552e-03 5.109069170430302620e-04 5.756174796260893345e-04 2.271549165016040206e-04
