3.775273263454437256e-01 3.277725772932171822e-03 -1.939184498041868210e-03 5.718839820474386215e-04 2.118919277563691139e-03 4.456376656889915466e-03
3.787229955196380615e-01 8.520358242094516754e-03 -7.761995075270533562e-04 2.265935909235849977e-04 2.381969476118683815e-03 5.924617405980825424e-03
3.717691600322723389e-01 1.130853220820426941e-02 -2.170867664972320199e-04 -6.916557140357326716e-07 1.713671721518039703e-03 6.617009174078702927e-03
3.766867220401763916e-01 1.024850085377693176e-02 -4.823719209525734186e-04 -2.154069370590150356e-04 5.758283077739179134e-04 6.377329118549823761e-03
3.770350217819213867e-01 1.336410921066999435e-02 -5.676415748894214630e-04 4.782302858075127006e-05 -2.315498422831296921e-04 6.863892544060945511e-03
3.968170285224914551e-01 1.166345737874507904e-02 -1.162855536676943302e-03 1.673951483098790050e-04 -5.563940503634512424e-04 7.990968413650989532e-03
4.147820174694061279e-01 1.395692862570285797e-02 -9.305428829975426197e-04 4.392130649648606777e-04 -2.586950140539556742e-04 1.021323539316654205e-02
4.339677989482879639e-01 1.524693798273801804e-02 -8.228552760556340218e-04 9.305901767220348120e-05 5.691583646694198251e-05 1.132876891642808914e-02
4.337739646434783936e-01 1.741117425262928009e-02 -3.145306254737079144e-04 8.384198736166581511e-05 5.693933344446122646e-04 1.177377440035343170e-02
4.349764883518218994e-01 1.816010102629661560e-02 -9.278047364205121994e-04 -1.586742291692644358e-04 4.547534917946904898e-04 1.179545745253562927e-02
4.387186765670776367e-01 1.747900061309337616e-02 1.145691276178695261e-04 -1.096505220630206168e-04 5.018077790737152100e-04 1.126412209123373032e-02
4.389989674091339111e-01 1.505933515727519989e-02 9.063191100722178817e-05 1.028607584885321558e-04 2.888411399908363819e-04 1.163060683757066727e-02
4.329602420330047607e-01 1.573707722127437592e-02 -5.977476248517632484e-04 6.611715798499062657e-05 7.723987801000475883e-05 1.176486909389495850e-02
4.331447780132293701e-01 1.818283088505268097e-02 -3.983205533586442471e-04 1.671877726039383560e-05 2.066856177407316864e-05 1.221918035298585892e-02
4.354938566684722900e-01 1.828402653336524963e-02 1.438532199244946241e-04 -1.755103585310280323e-05 1.083677416318096220e-04 1.227712538093328476e-02
4.450516998767852783e-01 1.809880882501602173e-02 -3.592031716834753752e-04 1.215943848364986479e-04 -7.463046349585056305e-04 1.241196878254413605e-02
4.631634056568145752e-01 1.912976615130901337e-02 -7.981261005625128746e-04 3.940391252399422228e-06 -9.822550928220152855e-04 1.294279657304286957e-02
4.746968746185302734e-01 2.145938761532306671e-02 -1.199704594910144806e-03 4.229143960401415825e-04 -2.591789816506206989e-04 1.443023514002561569e-02
4.858278930187225342e-01 2.426867745816707611e-02 -8.895171922631561756e-04 1.784876803867518902e-04 6.175162270665168762e-04 1.561356801539659500e-02
4.910120069980621338e-01 2.344951219856739044e-02 -4.247638280503451824e-04 -3.279399534221738577e-04 9.683633688837289810e-04 1.457592006772756577e-02
4.775029420852661133e-01 2.103982865810394287e-02 -8.238869486376643181e-05 -2.396224299445748329e-04 7.363515323959290981e-04 1.312295719981193542e-02
4.746368527412414551e-01 1.985689625144004822e-02 1.223063736688345671e-05 2.686820698727387935e-05 1.856865128502249718e-04 1.284359581768512726e-02
4.764609634876251221e-01 1.957041025161743164e-02 2.181273157475516200e-04 1.627454767003655434e-04 -1.675133971730247140e-04 1.345409732311964035e-02
4.800645709037780762e-01 2.226009033620357513e-02 -4.490212013479322195e-04 1.180179970106109977e-04 -3.117032174486666918e-04 1.392391044646501541e-02
4.827551841735839844e-01 2.143132314085960388e-02 -1.877701870398595929e-04 5.606323247775435448e-05 -9.166166273644194007e-05 1.403610873967409134e-02
4.864059090614318848e-01 2.174375951290130615e-02 -4.259224806446582079e-04 -1.238126151292817667e-05 6.137762829894199967e-05 1.399233937263488770e-02
4.884476959705352783e-01 2.094952948391437531e-02 8.504222205374389887e-05 -1.650104604777880013e-05 1.905270473798736930e-04 1.368088833987712860e-02
4.834090471267700195e-01 2.052984759211540222e-02 1.810805406421422958e-04 -2.457875962136313319e-05 1.775478158378973603e-04 1.321514695882797241e-02
4.861923158168792725e-01 2.089982107281684875e-02 -5.302103236317634583e-04 7.242600986501201987e-05 2.577035775175318122e-05 1.364230364561080933e-02
4.864233732223510742e-01 1.964758522808551788e-02 -1.954669714905321598e-04 -1.011500353342853487e-05 -8.434696792392060161e-05 1.349121890962123871e-02
4.875775575637817383e-01 2.154887840151786804e-02 -3.775063087232410908e-04 3.552018461050465703e-05 -2.524297815398313105e-05 1.383806299418210983e-02
4.877443611621856689e-01 2.145636267960071564e-02 2.349822025280445814e-04 -3.349452163092792034e-05 8.913691272027790546e-05 1.331559661775827408e-02
4.844680726528167725e-01 2.040843293070793152e-02 -3.526815271470695734e-04 4.044278830406256020e-05 1.244096438313135877e-05 1.328092534095048904e-02
4.888423383235931396e-01 2.149437740445137024e-02 3.971527912653982639e-04 8.314738079207018018e-05 1.841362245613709092e-04 1.378331240266561508e-02
4.877449572086334229e-01 2.216676063835620880e-02 2.759425842668861151e-04 -7.038463809294626117e-05 5.909042374696582556e-05 1.331385131925344467e-02
4.883298873901367188e-01 2.003495208919048309e-02 -1.131735552917234600e-05 4.861065826844424009e-05 8.534306107321754098e-05 1.335610356181859970e-02
4.916914403438568115e-01 2.147861011326313019e-02 -1.751645759213715792e-04 -9.943514669430442154e-06 3.375123560545034707e-05 1.344939414411783218e-02
4.905280172824859619e-01 2.011217735707759857e-02 1.508001296315342188e-04 5.795278411824256182e-05 6.347776798065751791e-05 1.349902246147394180e-02
4.873546063899993896e-01 2.025327831506729126e-02 -6.492632674053311348e-04 -1.795148818928282708e-05 -1.777581019268836826e-05 1.326517853885889053e-02
4.904688894748687744e-01 1.932237297296524048e-02 3.899876901414245367e-04 1.037826295942068100e-04 3.761771949939429760e-05 1.348303817212581635e-02
4.876816868782043457e-01 2.225788123905658722e-02 -3.413681988604366779e-04 4.093404641025699675e-05 2.125972605426795781e-05 1.365793962031602859e-02
4.924697875976562500e-01 2.089908719062805176e-02 2.637041325215250254e-05 -9.457692067371681333e-05 3.751501935767009854e-05 1.313450094312429428e-02
4.887456893920898438e-01 1.942556165158748627e-02 -2.258103631902486086e-04 -5.205753768677823246e-05 6.136470619821920991e-05 1.256090961396694183e-02
4.847390949726104736e-01 1.828899607062339783e-02 -5.979554262012243271e-04 -1.072135928552597761e-04 -8.211573731387034059e-05 1.152663119137287140e-02
4.967248141765594482e-01 1.767811551690101624e-02 -6.045627524144947529e-04 -2.898580351029522717e-05 3.781042687478475273e-05 1.229130756109952927e-02
4.875311553478240967e-01 1.805221848189830780e-02 -6.820979178883135319e-04 -1.109361437556799501e-05 -5.423818947747349739e-05 1.171920821070671082e-02
4.887674152851104736e-01 1.812769472599029541e-02 3.245642874389886856e-04 -2.080512058455497026e-05 1.156446160166524351e-05 1.141341589391231537e-02
4.951243996620178223e-01 1.682909578084945679e-02 -3.908658982254564762e-05 -2.737244722084142268e-05 1.890156636363826692e-05 1.139790378510951996e-02
4.854186475276947021e-01 1.735511049628257751e-02 -7.629369792994111776e-05 -8.133335359161719680e-05 2.211231912951916456e-05 1.050900388509035110e-02
4.917664825916290283e-01 1.641621440649032593e-02 8.420298399869352579e-06 -1.581723518029320985e-05 1.768685433489736170e-05 1.028121728450059891e-02
4.857283532619476318e-01 1.553500257432460785e-02 -6.235700566321611404e-04 -6.301444227574393153e-05 -2.442267577862367034e-05 1.003745198249816895e-02
4.919486939907073975e-01 1.455080229789018631e-02 2.653233241289854050e-05 -2.794846750475699082e-06 4.052963049616664648e-05 1.002578716725111008e-02
4.860441684722900391e-01 1.449656207114458084e-02 -5.098704132251441479e-04 -2.982359001180157065e-05 -1.842787969508208334e-05 9.569011628627777100e-03
4.902027547359466553e-01 1.566871441900730133e-02 -8.230676758103072643e-04 -6.716740608680993319e-05 -5.044198769610375166e-05 9.506924077868461609e-03
4.852089285850524902e-01 1.461880933493375778e-02 -4.017768369521945715e-04 -1.065167180058779195e-05 1.991754470509476960e-05 9.074714034795761108e-03
4.892637133598327637e-01 1.438039168715476990e-02 -6.319618551060557365e-04 -1.929071186168584973e-05 -6.559302710229530931e-05 9.049864485859870911e-03
5.049444437026977539e-01 1.260347478091716766e-02 -6.268788129091262817e-04 -6.449843931477516890e-05 -5.798224810860119760e-05 9.452033787965774536e-03
4.720516502857208252e-01 1.411367673426866531e-02 -5.517659010365605354e-04 -6.447506893891841173e-05 -2.584565663710236549e-07 8.191582746803760529e-03
4.812889099121093750e-01 1.152619626373052597e-02 -6.228947313502430916e-04 -4.121864185435697436e-05 -6.673853931715711951e-05 8.341765031218528748e-03
4.826610386371612549e-01 1.231653429567813873e-02 2.816307242028415203e-04 -1.273115776712074876e-05 7.155059574870392680e-05 7.870384491980075836e-03
4.866780638694763184e-01 1.200166065245866776e-02 -1.566940482007339597e-04 5.883321136934682727e-05 3.412342630326747894e-05 8.075745776295661926e-03
4.892349839210510254e-01 1.306533440947532654e-02 -1.854010624811053276e-04 -4.062361404066905379e-05 -3.193027441739104688e-05 8.263019844889640808e-03
4.903931915760040283e-01 1.095477025955915451e-02 1.678473199717700481e-05 3.786696106544695795e-05 6.641501386184245348e-05 8.055635727941989899e-03
5.258120894432067871e-01 8.379722014069557190e-03 -5.292046116665005684e-04 -2.584814501460641623e-05 -6.873573875054717064e-05 8.940348401665687561e-03
5.153783559799194336e-01 9.020434692502021790e-03 -3.108355740550905466e-04 1.738862556521780789e-05 1.409007745678536594e-05 8.621800690889358521e-03
5.041798949241638184e-01 5.802602507174015045e-03 -2.742058131843805313e-04 -3.118373570032417774e-06 -1.958241227839607745e-06 8.187917061150074005e-03
4.729903638362884521e-01 1.682678796350955963e-02 -9.037001291289925575e-04 1.198145309899700806e-05 -9.446503827348351479e-05 7.110946346074342728e-03
4.564559757709503174e-01 1.138555072247982025e-02 -6.103423656895756721e-04 8.302537025883793831e-05 -4.169328531133942306e-05 6.593922153115272522e-03
5.185931324958801270e-01 9.535485878586769104e-03 -4.685607564169913530e-04 1.281387994822580367e-05 -1.522465026937425137e-06 8.459196425974369049e-03
5.008824467658996582e-01 9.487825445830821991e-03 -4.349292721599340439e-04 4.973155955667607486e-05 3.178174301865510643e-05 8.027919568121433258e-03
5.104403495788574219e-01 9.315880946815013885e-03 -7.248083129525184631e-04 -5.189697549212723970e-05 -4.349201844888739288e-05 8.445950224995613098e-03
5.020912885665893555e-01 7.770683616399765015e-03 1.167965092463418841e-04 -2.645167114678770304e-05 1.010503183351829648e-04 8.153111673891544342e-03
5.134322643280029297e-01 1.175054814666509628e-02 3.632250591181218624e-04 7.759445907140616328e-06 8.072605851339176297e-05 8.559219539165496826e-03
4.928117096424102783e-01 7.571392692625522614e-03 -5.631630774587392807e-04 -3.136018858640454710e-05 1.660625275690108538e-05 7.817799225449562073e-03
4.957958161830902100e-01 6.497086957097053528e-03 -6.918014842085540295e-04 -6.760509677405934781e-06 -7.530310540460050106e-05 8.402823470532894135e-03
4.905299544334411621e-01 1.382118556648492813e-02 -1.317319256486371160e-04 1.094987819669768214e-04 -1.349844205833505839e-05 7.400833070278167725e-03
4.933684468269348145e-01 1.107770111411809921e-02 -9.052145469468086958e-05 -5.226477514952421188e-05 4.867022653343155980e-05 7.633338682353496552e-03
4.912308752536773682e-01 1.051130332052707672e-02 2.996416878886520863e-04 2.260334804304875433e-05 4.457086470210924745e-05 7.739808876067399979e-03
5.033800005912780762e-01 8.594437502324581146e-03 -2.661049365997314453e-04 1.549596163386013359e-05 1.679886190686374903e-05 7.893357425928115845e-03
4.870075285434722900e-01 1.362944208085536957e-02 -1.057539368048310280e-03 -3.630804712884128094e-05 -1.137307481258176267e-04 7.158401422202587128e-03
4.802428483963012695e-01 1.326965354382991791e-02 -2.754454035311937332e-04 3.224223837605677545e-05 2.618130747578106821e-05 6.590564269572496414e-03
4.929462969303131104e-01 1.064139697700738907e-02 2.170238076359964907e-05 1.370193604088854045e-05 5.108840468892594799e-06 7.697262801229953766e-03
4.847894012928009033e-01 1.088629569858312607e-02 4.768333456013351679e-04 5.502630665432661772e-05 6.828870391473174095e-05 7.487010676413774490e-03
4.969345033168792725e-01 1.149447169154882431e-02 8.833402534946799278e-05 2.398887772869784385e-06 8.212404645746573806e-05 7.772178854793310165e-03
4.814193546772003174e-01 1.480724010616540909e-02 -6.582925561815500259e-04 1.987966061278712004e-05 -3.638389898696914315e-05 6.805688142776489258e-03
4.944351315498352051e-01 8.983544073998928070e-03 3.401423455215990543e-04 1.066460117726819590e-05 1.122872054111212492e-04 7.320445962250232697e-03
4.898461699485778809e-01 1.052166707813739777e-02 2.281975903315469623e-04 -2.983109652632265352e-06 5.609238723991438746e-05 7.400554604828357697e-03
4.885046780109405518e-01 1.317135896533727646e-02 5.299650365486741066e-04 3.568195097614079714e-06 6.486594065790995955e-05 6.839601323008537292e-03
4.738536179065704346e-01 1.195594295859336853e-02 -5.333862500265240669e-04 -2.591449811006896198e-05 -4.890736363449832425e-06 5.255880299955606461e-03
4.901941418647766113e-01 1.179463230073451996e-02 -1.792661205399781466e-04 1.376925138174556196e-05 -2.070813934551551938e-06 7.458729669451713562e-03
4.899972081184387207e-01 1.539640314877033234e-02 -8.261011098511517048e-04 -3.630170976975932717e-05 -3.275617200415581465e-05 7.336365059018135071e-03
4.771344363689422607e-01 1.511805783957242966e-02 -3.315909998491406441e-05 2.890706127800513059e-05 -8.230226740124635398e-06 5.791996605694293976e-03
4.743571877479553223e-01 2.055924572050571442e-02 -3.954750427510589361e-04 -2.111508365487679839e-05 3.668533463496714830e-05 5.816075485199689865e-03
4.841126203536987305e-01 1.505719125270843506e-02 -4.924664972350001335e-04 2.350687282159924507e-05 -5.154617247171700001e-05 6.051050964742898941e-03
4.930683672428131104e-01 1.207247376441955566e-02 -3.401057620067149401e-04 3.525217107380740345e-05 1.075133332051336765e-05 7.329323794692754745e-03
4.874122142791748047e-01 1.066146790981292725e-02 -1.768904912751168013e-04 -8.135853022395167500e-06 1.845781662268564105e-05 7.089250255376100540e-03
4.825548827648162842e-01 1.063154451549053192e-02 -8.843840623740106821e-05 -8.862262802722398192e-06 2.107325417455285788e-05 6.600393913686275482e-03
4.884759187698364258e-01 1.182529237121343613e-02 -2.499099355190992355e-04 -1.049614274961641058e-05 2.177003079850692302e-05 6.912018638104200363e-03
4.955099821090698242e-01 8.583243936300277710e-03 -8.927173621486872435e-05 3.444355024839751422e-05 -1.175263423647265881e-05 8.007423020899295807e-03
4.959969818592071533e-01 1.045862771570682526e-02 -3.435560211073607206e-04 -1.515270923846401274e-05 1.423088542651385069e-05 7.802215870469808578e-03
4.964505732059478760e-01 1.052579563111066818e-02 -4.193010681774467230e-05 -3.268024011049419641e-05 5.248005254543386400e-05 8.101921528577804565e-03
4.930456280708312988e-01 1.009805593639612198e-02 -1.615240034880116582e-04 2.403315374976955354e-05 -2.790953658404760063e-05 7.775358390063047409e-03
4.842251837253570557e-01 1.189285237342119217e-02 -5.701532354578375816e-04 -2.306341684743529186e-06 -2.292922727065160871e-05 7.032081484794616699e-03
4.916310906410217285e-01 1.167046278715133667e-02 2.488446625648066401e-05 2.099893572449218482e-05 5.080205301055684686e-05 7.417627610266208649e-03
4.885620474815368652e-01 1.147381681948900223e-02 -4.683822044171392918e-05 -1.797501317923888564e-05 8.059763786150142550e-05 7.183479145169258118e-03
4.879653453826904297e-01 1.622718945145606995e-02 2.202738251071423292e-04 8.167683699866756797e-05 3.747508526430465281e-05 6.357920821756124496e-03
4.841726124286651611e-01 1.128080766648054123e-02 -6.590530392713844776e-05 4.477626862353645265e-05 3.139154432574287057e-05 6.908107548952102661e-03
4.899687469005584717e-01 1.120647136121988297e-02 -3.936922003049403429e-04 -5.127845361130312085e-05 -2.371125083300285041e-05 7.109257392585277557e-03
4.774946570396423340e-01 8.953045122325420380e-03 3.172066863044165075e-05 2.580931686679832637e-05 8.223256008932366967e-05 7.578618358820676804e-03
4.952901899814605713e-01 1.170715689659118652e-02 2.279921609442681074e-04 -3.908328835677821189e-06 8.183789759641513228e-06 7.471849676221609116e-03
4.820961654186248779e-01 1.123911328613758087e-02 -3.613665467128157616e-05 -2.460827636241447181e-05 4.981083475286141038e-05 7.149179931730031967e-03
4.843721687793731689e-01 9.472545236349105835e-03 9.004210005514323711e-05 -1.466785761294886470e-06 -3.670929800136946142e-07 7.472856435924768448e-03
4.775495231151580811e-01 7.994684390723705292e-03 -2.563655143603682518e-04 6.798992399126291275e-05 1.471984433010220528e-06 7.533020805567502975e-03
4.693204164505004883e-01 7.722281385213136673e-03 -3.467881469987332821e-04 1.616852387087419629e-05 4.172752232989296317e-05 7.636873982846736908e-03
4.792084693908691406e-01 1.135543826967477798e-02 -4.503278178162872791e-04 -2.874271194741595536e-05 -1.029210034175775945e-05 6.664976943284273148e-03
4.841176569461822510e-01 1.017876341938972473e-02 -1.610659819561988115e-05 1.818705641198903322e-05 6.187794497236609459e-05 7.283181883394718170e-03
4.772293865680694580e-01 1.154845766723155975e-02 1.203442952828481793e-04 -3.971455589635297656e-05 4.532977618509903550e-05 7.233841810375452042e-03
4.573921263217926025e-01 8.249390870332717896e-03 -5.574300885200500488e-04 -1.415407677995972335e-05 -1.585969584994018078e-05 6.393664982169866562e-03
4.561812877655029297e-01 8.811887353658676147e-03 2.033447235589846969e-04 4.986971543985418975e-05 6.483540346380323172e-05 7.193925790488719940e-03
4.988300800323486328e-01 1.245011389255523682e-02 -2.206631033914163709e-04 2.800705806293990463e-05 -2.936179043899755925e-05 7.617794442921876907e-03
4.885714650154113770e-01 1.136735454201698303e-02 9.618286276236176491e-05 6.361507257679477334e-05 -1.354207415715791285e-05 7.659670896828174591e-03
4.718151986598968506e-01 1.023083925247192383e-02 -2.086682507069781423e-04 3.630703213275410235e-05 -2.240594585600774735e-05 7.050519809126853943e-03
4.708108007907867432e-01 8.557211607694625854e-03 -7.075278554111719131e-04 -3.744187779375351965e-05 -8.165856706909835339e-05 7.301667239516973495e-03
4.532985687255859375e-01 6.536036729812622070e-03 -6.031838129274547100e-04 -1.317383284913375974e-04 -1.681281537457834929e-05 6.274290382862091064e-03
