3.735755681991577148e-01 5.305001046508550644e-03 -1.815906260162591934e-03 5.402485257945954800e-04 2.085316693410277367e-03 4.412825219333171844e-03
3.606342077255249023e-01 1.480574347078800201e-02 -9.286977583542466164e-04 2.124270686181262136e-04 2.293912461027503014e-03 5.981597118079662323e-03
3.223794698715209961e-01 3.013809397816658020e-02 -2.503613650333136320e-04 -3.466974158072844148e-05 1.702544628642499447e-03 6.679286248981952667e-03
3.728567957878112793e-01 9.047221392393112183e-03 -4.282980517018586397e-04 -2.207180077675729990e-04 5.938170943409204483e-04 6.355855148285627365e-03
3.785315454006195068e-01 1.291758101433515549e-02 -4.082751402165740728e-04 1.981263994821347296e-05 -2.691792615223675966e-04 6.955204531550407410e-03
4.030095338821411133e-01 1.040412299335002899e-02 -7.195846410468220711e-04 1.689966593403369188e-04 -4.862443311139941216e-04 7.939361035823822021e-03
3.472118675708770752e-01 4.140244796872138977e-02 -5.623745964840054512e-04 4.389722598716616631e-04 -3.082085750065743923e-04 1.009159162640571594e-02
3.718672096729278564e-01 3.888557851314544678e-02 -7.458593463525176048e-04 1.056155306287109852e-04 9.132170089287683368e-05 1.121619250625371933e-02
4.356844127178192139e-01 1.734533160924911499e-02 -5.802964442409574986e-04 2.050674811471253633e-05 4.357070138212293386e-04 1.182461529970169067e-02
4.334072172641754150e-01 1.739723607897758484e-02 -3.507490037009119987e-04 -1.231477945111691952e-04 5.363710806705057621e-04 1.157108135521411896e-02
4.263845980167388916e-01 2.329894900321960449e-02 -1.704594469629228115e-04 -7.902657671365886927e-05 3.848197229672223330e-04 1.137210335582494736e-02
4.376390874385833740e-01 1.516081485897302628e-02 -8.578490815125405788e-05 3.551240661181509495e-05 2.201046299887821078e-04 1.154453866183757782e-02
4.316499233245849609e-01 1.810309104621410370e-02 6.495689012808725238e-05 7.690688653383404016e-05 1.105550327338278294e-04 1.196302287280559540e-02
4.346731603145599365e-01 1.793460734188556671e-02 -9.207442781189456582e-05 1.766930608937400393e-06 2.748703263932839036e-05 1.218908093869686127e-02
4.277156591415405273e-01 2.108676545321941376e-02 -3.697078209370374680e-04 -1.121470413636416197e-04 7.520763028878718615e-05 1.225353591144084930e-02
4.423458576202392578e-01 1.848848536610603333e-02 -4.661058483179658651e-04 1.171102703665383160e-04 -7.138165528886020184e-04 1.250629313290119171e-02
4.564303755760192871e-01 2.433153241872787476e-02 -7.854992290958762169e-04 4.866472954745404422e-05 -1.022622222080826759e-03 1.287361793220043182e-02
4.814333021640777588e-01 2.351693622767925262e-02 -1.081651425920426846e-03 4.221505078021436930e-04 -2.251608821097761393e-04 1.468960382044315338e-02
4.960472583770751953e-01 2.131192572414875031e-02 -6.808213656768202782e-04 1.316921261604875326e-04 6.545464857481420040e-04 1.577870175242424011e-02
4.739506840705871582e-01 3.122839145362377167e-02 -2.330992283532395959e-04 -3.259066725149750710e-04 9.278313955292105675e-04 1.439762488007545471e-02
4.819949865341186523e-01 2.007851190865039825e-02 -1.746082853060215712e-04 -2.798940404318273067e-04 6.953967968001961708e-04 1.318390388041734695e-02
4.764812886714935303e-01 1.637447066605091095e-02 6.137624586699530482e-05 -2.645618906171876006e-06 1.419630425516515970e-04 1.272815186530351639e-02
4.765663743019104004e-01 2.148888632655143738e-02 6.686281994916498661e-05 1.958791544893756509e-04 -2.205712662544101477e-04 1.341085880994796753e-02
4.786785840988159180e-01 2.283240295946598053e-02 -7.931140862638130784e-05 1.040844799717888236e-04 -2.879212552215903997e-04 1.390881557017564774e-02
4.757646620273590088e-01 2.950442768633365631e-02 -3.130886470898985863e-04 7.748720963718369603e-05 -1.167351947515271604e-04 1.420093793421983719e-02
4.872354567050933838e-01 2.084955386817455292e-02 -2.608399954624474049e-04 -6.290586316026747227e-05 2.311229218321386725e-05 1.396355126053094864e-02
4.878555238246917725e-01 1.957628317177295685e-02 -1.536945055704563856e-04 -3.848932828987017274e-05 1.791979448171332479e-04 1.369590032845735550e-02
4.891523718833923340e-01 1.799039542675018311e-02 -4.019463085569441319e-05 -6.838244735263288021e-05 1.564776030136272311e-04 1.329500693827867508e-02
4.787838757038116455e-01 2.415373921394348145e-02 -1.279315620195120573e-04 8.192266977857798338e-05 4.725563485408201814e-05 1.338885817676782608e-02
4.883024394512176514e-01 2.117004990577697754e-02 1.405958391842432320e-05 -1.236203388543799520e-07 -3.210615614079870284e-05 1.359018869698047638e-02
4.863038659095764160e-01 2.156981267035007477e-02 -2.691205299925059080e-04 5.327919097908306867e-06 -2.800724723783787340e-05 1.378924027085304260e-02
4.789859354496002197e-01 2.461257949471473694e-02 -1.161221007350832224e-04 -6.294962804531678557e-05 -3.424956958042457700e-05 1.309878565371036530e-02
4.849792718887329102e-01 2.170167118310928345e-02 -1.545906416140496731e-04 5.377217894420027733e-05 3.635726534412242472e-05 1.344268303364515305e-02
5.030419230461120605e-01 1.922970265150070190e-02 -7.776574057061225176e-05 1.532693386252503842e-05 5.190548472455702722e-05 1.449103467166423798e-02
4.834481179714202881e-01 2.550172619521617889e-02 -4.889738920610398054e-05 -5.711101039196364582e-05 3.098043089266866446e-05 1.319427043199539185e-02
4.882773160934448242e-01 1.982611045241355896e-02 3.931857645511627197e-05 -1.446072701583034359e-06 2.716052586038131267e-05 1.335573289543390274e-02
4.862371385097503662e-01 1.620572619140148163e-02 -1.240827114088460803e-04 -2.716429480642545968e-05 -1.727956941977026872e-06 1.307210978120565414e-02
4.859515726566314697e-01 2.283680438995361328e-02 -2.162633027182891965e-04 6.069923983886837959e-05 1.066601544152945280e-05 1.338782254606485367e-02
4.868903756141662598e-01 1.878528483211994171e-02 6.872970061522210017e-06 -5.433743717730976641e-05 1.338907804893096909e-05 1.315338909626007080e-02
4.858421683311462402e-01 1.928873360157012939e-02 -9.930136729963123798e-05 3.917823778465390205e-05 8.217094546125736088e-06 1.322341151535511017e-02
4.916073977947235107e-01 2.112417109310626984e-02 -1.270312786800786853e-04 2.220030364696867764e-05 5.184632027521729469e-05 1.374650187790393829e-02
4.843398332595825195e-01 1.891362108290195465e-02 -1.456583559047430754e-04 -1.212905699503608048e-04 1.591141881363000721e-05 1.278778444975614548e-02
4.942697882652282715e-01 2.003850229084491730e-02 -1.147176808444783092e-04 -9.309764573117718101e-05 1.566962237120606005e-05 1.275716256350278854e-02
4.846515357494354248e-01 1.842382550239562988e-02 1.883072691271081567e-04 -1.027061953209340572e-04 7.591095709358341992e-06 1.164457853883504868e-02
4.924395680427551270e-01 1.884750463068485260e-02 -3.339185786899179220e-04 3.127608215436339378e-05 7.237500085466308519e-06 1.194740273058414459e-02
4.862917065620422363e-01 1.977987959980964661e-02 -1.205858425237238407e-04 -3.492764153634198010e-05 2.965119165310170501e-05 1.165243517607450485e-02
4.954558908939361572e-01 1.818265207111835480e-02 -1.188125243061222136e-04 -7.712787009950261563e-06 9.405928722117096186e-06 1.133582554757595062e-02
4.886982738971710205e-01 1.781060546636581421e-02 1.027513644658029079e-04 -3.737976294360123575e-05 5.609249910776270553e-06 1.105635799467563629e-02
4.826437532901763916e-01 1.491301413625478745e-02 -1.209510810440406203e-04 -5.553332084673456848e-05 7.142055437725502998e-06 1.021780725568532944e-02
4.898265600204467773e-01 1.613660715520381927e-02 6.980495527386665344e-06 -9.751312973094172776e-06 1.445198086003074422e-05 1.041354052722454071e-02
4.909732043743133545e-01 1.573016494512557983e-02 -4.946230183122679591e-05 -4.412871930981054902e-05 8.928700481192208827e-06 1.022474374622106552e-02
4.907733798027038574e-01 1.682454533874988556e-02 -2.274927246617153287e-04 -1.365934440400451422e-05 -8.577188054914586246e-06 9.801941923797130585e-03
4.882075786590576172e-01 1.348909176886081696e-02 6.578964530490338802e-05 -2.697148011066019535e-05 -7.126096534193493426e-06 9.597340598702430725e-03
4.932594001293182373e-01 1.661703735589981079e-02 -1.862796489149332047e-04 -2.149517968064174056e-05 -1.480051469116006047e-05 9.534803219139575958e-03
4.850659668445587158e-01 1.490633841603994370e-02 -1.164209243142977357e-04 -3.997508974862284958e-05 2.664941348484717309e-05 9.142526425421237946e-03
4.830703139305114746e-01 1.204981934279203415e-02 -1.520752703072503209e-04 -1.087238615582464263e-05 -4.693936716648750007e-06 8.737022988498210907e-03
4.891296923160552979e-01 1.343769766390323639e-02 -3.753838536795228720e-04 -2.897714875871315598e-05 5.724630227632587776e-06 8.773464709520339966e-03
4.900209605693817139e-01 1.124556455761194229e-02 -1.737690763548016548e-04 -1.712838820822071284e-05 1.216815780935576186e-05 8.713771589100360870e-03
4.832736849784851074e-01 1.848485320806503296e-02 -7.226197340060025454e-06 -1.312155018240446225e-05 2.488415339030325413e-05 8.469197899103164673e-03
4.933350086212158203e-01 7.329456042498350143e-03 -4.707453990704379976e-05 -3.448079223744571209e-05 -1.641242670302744955e-05 8.335130289196968079e-03
4.806572198867797852e-01 1.467513106763362885e-02 -1.145863570854999125e-04 2.367480192333459854e-06 6.806356395827606320e-06 7.896055467426776886e-03
5.021502375602722168e-01 1.723062060773372650e-02 -4.592158948071300983e-04 -6.794097862439230084e-05 1.630547376407776028e-05 8.907617069780826569e-03
4.864659607410430908e-01 1.606822572648525238e-02 -9.607224637875333428e-05 -5.666272045345976949e-06 -2.278109832332120277e-06 7.859304547309875488e-03
4.855129420757293701e-01 1.487726159393787384e-02 -4.959561920259147882e-05 -1.221526690642349422e-05 2.232068982266355306e-05 7.844035513699054718e-03
4.806286990642547607e-01 7.127663586288690567e-03 -1.324828772339969873e-04 -1.447161594114731997e-05 1.448117382096825168e-05 7.475398480892181396e-03
4.940741658210754395e-01 1.613483577966690063e-02 -1.853603316703811288e-04 -9.586894520907662809e-06 -3.637237023212946951e-05 7.980894297361373901e-03
4.908082783222198486e-01 5.002430640161037445e-03 -3.859873104374855757e-04 -6.986635708017274737e-05 -5.798619895358569920e-08 7.606139872223138809e-03
4.879662692546844482e-01 1.810992695391178131e-02 -3.283124242443591356e-04 -3.364937583683058619e-05 -4.424135113367810845e-06 7.698096800595521927e-03
4.895481467247009277e-01 5.678402725607156754e-03 -7.102954987203702331e-05 2.783065247058402747e-05 1.184319626190699637e-05 7.509463932365179062e-03
4.972896873950958252e-01 5.623850971460342407e-03 -1.227523753186687827e-04 1.662954673520289361e-06 1.276366128877270967e-05 7.821618579328060150e-03
4.801405668258666992e-01 1.834963215515017509e-03 -7.305250619538128376e-05 -1.249969591299304739e-05 6.691776889056200162e-06 7.071382366120815277e-03
4.872969388961791992e-01 1.019833888858556747e-02 -2.776871842797845602e-04 -2.851529825420584530e-05 -1.467965557822026312e-05 7.561413571238517761e-03
4.926593601703643799e-01 1.079748664051294327e-02 -1.198680984089151025e-04 -1.579745912749785930e-05 1.688582051428966224e-05 7.662449032068252563e-03
4.866002500057220459e-01 1.451681181788444519e-02 -1.276050606975331903e-04 -3.538941382430493832e-05 6.613543064304394647e-07 7.335225585848093033e-03
4.926121830940246582e-01 1.005400624126195908e-02 -1.314852706855162978e-04 7.630615982634481043e-06 9.246029549103695899e-06 7.522809319198131561e-03
4.877320826053619385e-01 1.370538678020238876e-02 3.945595744880847633e-05 -2.282610330439638346e-05 3.948921948904171586e-05 7.294249720871448517e-03
4.891869425773620605e-01 9.986646473407745361e-03 -4.611601470969617367e-04 -2.915486402343958616e-05 -5.113598945172270760e-06 7.304653991013765335e-03
4.928663372993469238e-01 1.074574328958988190e-02 -3.259539953432977200e-04 -2.902307278418447822e-05 -2.548699058024794795e-06 7.355106528848409653e-03
4.914203286170959473e-01 1.089147012680768967e-02 1.624415890546515584e-04 2.552044679760001600e-05 6.260713234951253980e-06 7.397119887173175812e-03
4.871654212474822998e-01 1.381130702793598175e-02 -1.692866499070078135e-04 1.515788972028531134e-05 7.737397027085535228e-06 7.381343748420476913e-03
4.945197105407714844e-01 9.341944940388202667e-03 -2.521470305509865284e-04 -9.498381587036419660e-06 -1.432651697541587055e-05 7.386848796159029007e-03
4.903344213962554932e-01 1.244470942765474319e-02 -2.890769101213663816e-04 -1.783894731488544494e-06 -4.692085894930642098e-06 7.315402850508689880e-03
4.735934138298034668e-01 1.416060049086809158e-02 -1.689051132416352630e-04 -1.795871503418311477e-05 -1.862705175881274045e-06 6.665951106697320938e-03
4.916692674160003662e-01 9.287329390645027161e-03 -3.331172629259526730e-04 -1.928042183862999082e-05 -2.550716999394353479e-05 7.245230954140424728e-03
4.897707104682922363e-01 1.466946676373481750e-02 -2.651472750585526228e-04 -1.104824423237005249e-05 -1.122602134273620322e-05 7.305936422199010849e-03
4.928334355354309082e-01 1.235044561326503754e-02 -1.174148492282256484e-04 -2.273474274261388928e-05 -1.919065471156500280e-05 7.417692802846431732e-03
4.906313121318817139e-01 1.043232157826423645e-02 -3.428088966757059097e-04 3.040047658942057751e-06 1.286142287426628172e-05 7.134862244129180908e-03
4.899767041206359863e-01 1.383920200169086456e-02 -5.893689376534894109e-05 -2.344295353395864367e-06 1.137842082243878394e-05 7.391034159809350967e-03
4.952326118946075439e-01 1.289419084787368774e-02 -1.594481582287698984e-04 -9.121906259679235518e-06 -1.171933945443015546e-05 7.500702515244483948e-03
4.878081977367401123e-01 1.364128850400447845e-02 -2.629262744449079037e-04 -3.542589547578245401e-05 -2.215037056885194033e-06 7.333511952310800552e-03
4.933500587940216064e-01 1.093144621700048447e-02 -2.004270208999514580e-04 9.454057362745516002e-06 1.051659182849107310e-05 7.401738781481981277e-03
4.958202838897705078e-01 1.391282491385936737e-02 -5.565062383539043367e-05 -3.866308361466508359e-06 -1.426442941010463983e-05 7.519758772104978561e-03
4.945456087589263916e-01 1.266649551689624786e-02 -1.402330381097272038e-04 -4.756228008773177862e-06 7.128744073270354420e-06 7.507896516472101212e-03
4.902639985084533691e-01 1.256505772471427917e-02 -7.320718577830120921e-05 -4.256145530234789476e-06 1.808229899324942380e-05 7.177012041211128235e-03
4.932614564895629883e-01 1.676495373249053955e-02 -1.473259617341682315e-04 -7.511504009016789496e-06 1.090389014279935509e-05 7.458973675966262817e-03
4.925995767116546631e-01 1.428714394569396973e-02 -2.011914766626432538e-04 -3.343322532600723207e-05 -2.618865619297139347e-05 7.604798302054405212e-03
4.845398664474487305e-01 8.638659492135047913e-03 -1.291513908654451370e-04 -2.570099240983836353e-06 4.305167749407701194e-05 7.071767468005418777e-03
4.929916262626647949e-01 1.663375645875930786e-02 -1.273762172786518931e-04 -1.836442061176057905e-05 -7.619906682521104813e-06 7.296730764210224152e-03
4.789419770240783691e-01 8.913608267903327942e-03 -1.259765704162418842e-04 -1.040734605339821428e-05 2.441265678498893976e-08 6.883723195642232895e-03
4.958443939685821533e-01 1.387686282396316528e-02 -1.829967659432440996e-04 -2.989288259414024651e-05 2.161014344892464578e-05 7.665790151804685593e-03
4.890177249908447266e-01 1.244988013058900833e-02 1.298314600717276335e-05 1.984357004403136671e-05 -1.018946113617857918e-05 7.151907775551080704e-03
4.886680245399475098e-01 1.077457889914512634e-02 -1.031060673994943500e-04 2.379329271207097918e-05 3.170593845425173640e-05 7.537441793829202652e-03
4.914366304874420166e-01 1.193428225815296173e-02 -8.391702431254088879e-05 -1.999248161155264825e-05 -6.191704414959531277e-06 7.233161013573408127e-03
4.931376874446868896e-01 7.727690506726503372e-03 -2.983480226248502731e-04 -9.112764928431715816e-06 5.342229997040703893e-06 7.544352207332849503e-03
4.882538616657257080e-01 1.021797396242618561e-02 -7.999195076990872622e-05 5.696452717529609799e-06 -3.945611751987598836e-06 7.281376980245113373e-03
4.923751950263977051e-01 8.912696503102779388e-03 -2.171040250686928630e-05 2.836704334185924381e-05 5.434114427771419287e-06 7.239999249577522278e-03
4.927082359790802002e-01 1.225370820611715317e-02 -1.602691481821238995e-04 -8.740260454942472279e-06 1.094710751203820109e-05 7.598200347274541855e-03
4.915215373039245605e-01 1.176737993955612183e-02 1.718987914500758052e-05 4.116147465538233519e-06 -1.041007271851412952e-05 7.169849704951047897e-03
4.878272712230682373e-01 3.336052177473902702e-03 -2.831241581588983536e-04 -2.970206514874007553e-05 3.548320455593056977e-05 7.305035833269357681e-03
4.930016696453094482e-01 9.642084129154682159e-03 -4.524150426732376218e-05 -1.056345990946283564e-05 -8.457307558273896575e-06 7.836563512682914734e-03
4.932776987552642822e-01 1.036051753908395767e-02 -3.157061291858553886e-04 -2.384694198553916067e-05 2.960650635941419750e-05 7.394261658191680908e-03
4.936445653438568115e-01 1.820782385766506195e-02 -1.119314256357029080e-04 -1.797672302927821875e-05 7.785072739352472126e-06 7.338067516684532166e-03
4.904392361640930176e-01 8.922188542783260345e-03 -1.474452437832951546e-04 1.574865200382191688e-05 -1.996904393308795989e-05 7.660802453756332397e-03
4.875811040401458740e-01 1.405359711498022079e-02 -1.002644130494445562e-04 -1.713490564725361764e-05 1.979313128686044365e-05 7.188820745795965195e-03
4.952111840248107910e-01 9.611451067030429840e-03 -4.177607770543545485e-04 -3.548048698576167226e-05 -7.418438599415821955e-06 7.362944073975086212e-03
4.840734004974365234e-01 1.361471973359584808e-02 3.365099109942093492e-05 2.952734348582453094e-06 -9.289631634601391852e-06 7.272439543157815933e-03
4.851969182491302490e-01 5.887466017156839371e-03 -1.549536827951669693e-04 -9.508493349130731076e-06 -2.835011173374368809e-06 7.510761730372905731e-03
4.920912384986877441e-01 1.269121374934911728e-02 1.526611595181748271e-05 -1.201592112920479849e-06 1.502857321611372754e-05 7.169243413954973221e-03
4.890253245830535889e-01 7.018948905169963837e-03 -1.401544868713244796e-04 -5.215867076913127676e-06 2.051396404567640275e-05 7.248882204294204712e-03
4.919164180755615234e-01 1.022718753665685654e-02 -2.203634066972881556e-04 9.580429832567460835e-06 6.859389941382687539e-06 7.398892659693956375e-03
4.910220801830291748e-01 1.189102884382009506e-02 -5.050780600868165493e-06 1.705225804471410811e-05 -1.418009105691453442e-06 7.335273548960685730e-03
4.935724437236785889e-01 1.209368649870157242e-02 -1.553416950628161430e-04 -1.834076829254627228e-05 -1.715902908472344279e-05 7.506723981350660324e-03
4.905068874359130859e-01 5.078987218439579010e-03 -8.766907558310776949e-05 -5.743448491557501256e-05 9.350978871225379407e-06 7.162042427808046341e-03
4.867611229419708252e-01 1.392795518040657043e-02 -6.347177259158343077e-05 -6.568138633156195283e-05 -3.824073701252928004e-06 6.918175145983695984e-03
