2.759000752121210098e-03 3.158930456265807152e-03 3.390128258615732193e-03 3.223510866519063711e-04 1.735966216074302793e-04 1.451336429454386234e-04
3.355319378897547722e-03 3.615201450884342194e-03 3.448557807132601738e-03 3.145206428598612547e-04 1.735702389851212502e-04 1.768645015545189381e-04
5.606892984360456467e-03 5.143097136169672012e-03 3.152467543259263039e-03 2.848459407687187195e-04 1.860281481640413404e-04 2.990209322888404131e-04
4.440390039235353470e-03 4.879156127572059631e-03 2.583354711532592773e-03 2.481772389728575945e-04 1.885929959826171398e-04 2.420863747829571366e-04
4.783748649060726166e-03 6.124908104538917542e-03 2.626247704029083252e-03 2.694861032068729401e-04 1.857911556726321578e-04 3.110272227786481380e-04
3.454418620094656944e-03 6.761135533452033997e-03 2.680633682757616043e-03 2.427848667139187455e-04 1.899732160381972790e-04 2.332859003217890859e-04
3.903475124388933182e-03 5.587846972048282623e-03 2.977281576022505760e-03 2.734834852162748575e-04 1.904385862872004509e-04 2.368986752117052674e-04
4.015280399471521378e-03 6.589425727725028992e-03 2.974371192976832390e-03 2.581890730652958155e-04 1.736632257234305143e-04 2.429027808830142021e-04
4.553740844130516052e-03 6.197550799697637558e-03 3.255721414461731911e-03 2.746091922745108604e-04 1.809243985917419195e-04 3.140432527288794518e-04
6.275012157857418060e-03 1.087258756160736084e-02 2.451814943924546242e-03 2.174980036215856671e-04 1.692555233603343368e-04 4.307308408897370100e-04
5.668907426297664642e-03 6.869431119412183762e-03 2.607447095215320587e-03 2.387349086347967386e-04 1.784518099157139659e-04 4.114186449442058802e-04
6.266111508011817932e-03 1.089165732264518738e-02 2.598297083750367165e-03 2.361091319471597672e-04 1.647031167522072792e-04 3.119099419564008713e-04
4.904314875602722168e-03 9.204347617924213409e-03 3.329350613057613373e-03 3.088017110712826252e-04 1.620740222278982401e-04 3.421744040679186583e-04
3.797275247052311897e-03 5.638849921524524689e-03 2.931410213932394981e-03 2.560047141741961241e-04 1.616012741578742862e-04 2.414571645203977823e-04
4.517071880400180817e-03 5.649690516293048859e-03 2.734023844823241234e-03 2.509704208932816982e-04 1.663323491811752319e-04 3.320176037959754467e-04
3.184549277648329735e-03 8.371676318347454071e-03 3.124899463728070259e-03 2.769186976365745068e-04 1.695949467830359936e-04 3.002785379067063332e-04
3.627432044595479965e-03 5.004283972084522247e-03 2.585878828540444374e-03 2.431907923892140388e-04 1.518677599960938096e-04 2.437821385683491826e-04
4.460585769265890121e-03 7.175141014158725739e-03 2.677700715139508247e-03 2.592361124698072672e-04 1.691288925940170884e-04 3.462349122855812311e-04
4.793189000338315964e-03 1.015805359929800034e-02 2.891910262405872345e-03 2.739087212830781937e-04 1.691812358330935240e-04 3.390982165001332760e-04
3.971405792981386185e-03 8.720900863409042358e-03 2.739391056820750237e-03 2.763416850939393044e-04 1.716368715278804302e-04 2.850515884347259998e-04
3.739101113751530647e-03 9.403906762599945068e-03 3.091647755354642868e-03 3.011916705872863531e-04 1.887267135316506028e-04 2.626256900839507580e-04
2.642302773892879486e-03 7.283187471330165863e-03 2.993450267240405083e-03 2.663605264388024807e-04 1.853031280916184187e-04 2.669433597475290298e-04
3.270389745011925697e-03 4.529164172708988190e-03 2.912668511271476746e-03 2.695201255846768618e-04 1.823795901145786047e-04 2.777740883175283670e-04
3.910947591066360474e-03 5.676457192748785019e-03 2.783062402158975601e-03 2.633215917740017176e-04 1.758564758347347379e-04 3.390996716916561127e-04
5.396228283643722534e-03 5.174105521291494370e-03 2.637434517964720726e-03 2.456437796354293823e-04 1.742489694152027369e-04 3.378080727998167276e-04
3.013363573700189590e-03 4.467974882572889328e-03 2.578095300123095512e-03 2.469349419698119164e-04 1.752064417814835906e-04 2.342239313293248415e-04
3.752864198759198189e-03 8.225167170166969299e-03 2.518649445846676826e-03 2.545344759710133076e-04 1.692559453658759594e-04 2.283417124999687076e-04
3.722066991031169891e-03 8.987506851553916931e-03 2.773749409243464470e-03 2.431170869385823607e-04 1.798498269636183977e-04 2.434112975606694818e-04
3.491489449515938759e-03 4.649829119443893433e-03 3.057732479646801949e-03 3.106782387476414442e-04 1.768216898199170828e-04 2.207557263318449259e-04
5.376829765737056732e-03 7.351304870098829269e-03 2.866796217858791351e-03 2.712764835450798273e-04 1.813581329770386219e-04 2.903318672906607389e-04
4.516282584518194199e-03 8.268297649919986725e-03 3.081729402765631676e-03 2.990042557939887047e-04 1.832765847211703658e-04 3.666534903459250927e-04
4.278186243027448654e-03 5.808605346828699112e-03 2.904789987951517105e-03 2.835706691257655621e-04 1.771012903191149235e-04 2.642892650328576565e-04
3.161285305395722389e-03 3.836401738226413727e-03 2.248553326353430748e-03 2.354799944441765547e-04 1.626370794838294387e-04 1.751567324390634894e-04
4.295960534363985062e-03 6.872054655104875565e-03 2.153897192329168320e-03 2.231161488452926278e-04 1.653483923291787505e-04 2.518955734558403492e-04
4.462665412575006485e-03 7.437761873006820679e-03 2.401412231847643852e-03 2.411153836874291301e-04 1.793255651136860251e-04 2.733422152232378721e-04
3.303409321233630180e-03 7.623706478625535965e-03 2.784137148410081863e-03 2.586468763183802366e-04 1.849846885306760669e-04 2.173068351112306118e-04
4.713451024144887924e-03 6.127659231424331665e-03 2.625813940539956093e-03 2.595491241663694382e-04 1.873319124570116401e-04 2.080836420645937324e-04
3.905848367139697075e-03 5.919957067817449570e-03 2.363080158829689026e-03 2.488079189788550138e-04 1.821149053284898400e-04 2.106363681377843022e-04
3.410478588193655014e-03 5.666265264153480530e-03 2.200555056333541870e-03 2.321041829418390989e-04 1.897205220302566886e-04 1.704926689853891730e-04
4.295051563531160355e-03 4.597396124154329300e-03 2.112347166985273361e-03 2.259385801153257489e-04 1.917002082336694002e-04 2.912025956902652979e-04
4.166357219219207764e-03 4.251800477504730225e-03 2.237852895632386208e-03 2.380694058956578374e-04 1.984989503398537636e-04 2.151854278054088354e-04
4.112050868570804596e-03 4.264947026968002319e-03 2.153924899175763130e-03 2.334597957087680697e-04 2.092304202960804105e-04 1.962770766112953424e-04
3.663106588646769524e-03 2.859272295609116554e-03 2.210493432357907295e-03 2.544007147662341595e-04 2.273034479003399611e-04 2.380256773903965950e-04
3.411656245589256287e-03 3.120404435321688652e-03 2.110093599185347557e-03 2.208287769462913275e-04 2.272353012813255191e-04 1.881153875729069114e-04
4.029748030006885529e-03 2.900507999584078789e-03 2.021375112235546112e-03 2.228743978776037693e-04 2.245882060378789902e-04 2.769790298771113157e-04
4.766675177961587906e-03 2.709275344386696815e-03 2.073704032227396965e-03 2.322655054740607738e-04 2.560180437285453081e-04 2.141205040970817208e-04
3.794579533860087395e-03 2.891076495870947838e-03 2.127821091562509537e-03 2.341117797186598182e-04 2.618377620819956064e-04 2.066091110464185476e-04
3.566550789400935173e-03 3.692871658131480217e-03 2.123689977452158928e-03 2.311782154720276594e-04 2.717848401516675949e-04 2.077031094813719392e-04
3.592254361137747765e-03 2.680685603991150856e-03 2.147233579307794571e-03 2.464916615281254053e-04 2.673944982234388590e-04 2.242819027742370963e-04
2.945949323475360870e-03 2.711738692596554756e-03 2.074947580695152283e-03 2.351339790038764477e-04 2.903107088059186935e-04 2.405575069133192301e-04
3.748680697754025459e-03 3.717532847076654434e-03 2.069002715870738029e-03 2.312110154889523983e-04 2.591040974948555231e-04 3.010649816133081913e-04
3.078078851103782654e-03 2.713555004447698593e-03 2.163388533517718315e-03 2.496883389540016651e-04 2.738459443207830191e-04 1.968583528650924563e-04
3.732095472514629364e-03 2.294886857271194458e-03 2.136753406375646591e-03 2.452771586831659079e-04 2.626051718834787607e-04 2.504302538000047207e-04
3.496124409139156342e-03 2.620270708575844765e-03 2.010568743571639061e-03 2.276600716868415475e-04 2.759695635177195072e-04 3.049197839573025703e-04
4.204617347568273544e-03 2.915286924690008163e-03 2.092007081955671310e-03 2.356029435759410262e-04 2.691451518330723047e-04 1.688791671767830849e-04
3.205732675269246101e-03 2.322867978364229202e-03 1.988708507269620895e-03 2.221269387518987060e-04 2.927654422819614410e-04 2.031834301305934787e-04
3.146725241094827652e-03 2.467586891725659370e-03 1.877264119684696198e-03 2.088734909193590283e-04 3.075932036153972149e-04 1.983566762646660209e-04
3.309844760224223137e-03 2.036805264651775360e-03 2.081076148897409439e-03 2.293828874826431274e-04 2.854140184354037046e-04 2.881544060073792934e-04
3.487158333882689476e-03 2.884527435526251793e-03 1.957954606041312218e-03 2.164637990063056350e-04 2.788669371511787176e-04 2.068752946797758341e-04
3.598967799916863441e-03 2.421164652332663536e-03 1.998000778257846832e-03 2.229883102700114250e-04 3.023123135790228844e-04 2.978853590320795774e-04
3.801316488534212112e-03 2.346373395994305611e-03 2.255596220493316650e-03 2.335015014978125691e-04 2.566792536526918411e-04 1.640791597310453653e-04
3.226055530831217766e-03 2.457221504300832748e-03 2.215004293248057365e-03 2.292507997481152415e-04 2.941075654234737158e-04 2.732329303398728371e-04
2.874389057978987694e-03 2.702236175537109375e-03 2.074456540867686272e-03 2.287657698616385460e-04 2.854863414540886879e-04 2.404331025900319219e-04
3.883303841575980186e-03 2.261636545881628990e-03 2.347404137253761292e-03 2.462687552906572819e-04 3.033986140508204699e-04 3.177337348461151123e-04
3.317340277135372162e-03 2.217138186097145081e-03 2.476226538419723511e-03 2.501363051123917103e-04 3.038342110812664032e-04 2.067552704829722643e-04
3.984208684414625168e-03 2.524605719372630119e-03 2.395646413788199425e-03 2.421454846626147628e-04 2.633921685628592968e-04 1.992075995076447725e-04
3.681960282847285271e-03 2.209862228482961655e-03 2.435879549011588097e-03 2.412268222542479634e-04 2.782315714284777641e-04 2.308844996150583029e-04
3.830030560493469238e-03 2.726923208683729172e-03 2.749037463217973709e-03 2.768557751551270485e-04 2.513751969672739506e-04 1.980278466362506151e-04
3.136699553579092026e-03 2.569402568042278290e-03 2.145881764590740204e-03 2.161908632842823863e-04 2.804236137308180332e-04 2.356277836952358484e-04
3.669459838420152664e-03 2.200644230470061302e-03 2.238133223727345467e-03 2.324836823390796781e-04 2.464693388901650906e-04 2.890782488975673914e-04
3.847671439871191978e-03 3.127719508484005928e-03 2.057922771200537682e-03 2.131128567270934582e-04 2.375538897467777133e-04 1.631912600714713335e-04
4.043648019433021545e-03 2.734932582825422287e-03 2.119187032803893089e-03 2.227833174401894212e-04 2.333302691113203764e-04 2.703377685975283384e-04
3.593032015487551689e-03 3.071371931582689285e-03 2.104094950482249260e-03 2.118796546710655093e-04 2.479874237906187773e-04 2.914082142524421215e-04
3.487629583105444908e-03 2.355413744226098061e-03 2.290086122229695320e-03 2.173010871047154069e-04 2.595156256575137377e-04 2.358010387979447842e-04
3.431053599342703819e-03 2.512324368581175804e-03 2.131167799234390259e-03 2.061295235762372613e-04 2.348806156078353524e-04 2.305216621607542038e-04
3.117693588137626648e-03 2.825785428285598755e-03 2.051681047305464745e-03 2.104526502080261707e-04 2.445430436637252569e-04 1.535002375021576881e-04
2.677615266293287277e-03 2.765934215858578682e-03 2.027672482654452324e-03 1.922115916386246681e-04 2.342126099392771721e-04 2.235247811768203974e-04
2.452756045386195183e-03 2.437351737171411514e-03 2.000529086217284203e-03 1.890989224193617702e-04 2.237957232864573598e-04 1.984889677260071039e-04
3.131115576252341270e-03 3.188520204275846481e-03 1.873100991360843182e-03 1.743569300742819905e-04 2.203049225499853492e-04 2.432996407151222229e-04
3.482301253825426102e-03 4.379098769277334213e-03 2.061748877167701721e-03 1.974463812075555325e-04 2.256406587548553944e-04 2.510694321244955063e-04
3.599988995119929314e-03 3.364050993695855141e-03 1.845283666625618935e-03 1.767221983755007386e-04 2.091133937938138843e-04 1.552306202938780189e-04
3.034181427210569382e-03 2.760521834716200829e-03 1.967545365914702415e-03 1.968365104403346777e-04 2.207810466643422842e-04 2.367604320170357823e-04
3.478542901575565338e-03 3.233425784856081009e-03 1.919902977533638477e-03 1.849387917900457978e-04 2.144507889170199633e-04 2.331167343072593212e-04
3.043934004381299019e-03 3.405138850212097168e-03 1.981493318453431129e-03 1.930058351717889309e-04 2.103020524373278022e-04 1.914026070153340697e-04
3.530845744535326958e-03 3.812429262325167656e-03 1.783235231414437294e-03 1.717284176265820861e-04 2.048378228209912777e-04 2.445797726977616549e-04
2.854503458365797997e-03 3.294113790616393089e-03 1.812158152461051941e-03 1.733366079861298203e-04 2.149236097466200590e-04 1.955646293936297297e-04
2.461394993588328362e-03 3.213053103536367416e-03 1.744796987622976303e-03 1.707276678644120693e-04 1.918114576255902648e-04 1.783668703865259886e-04
3.668227465823292732e-03 3.189251292496919632e-03 1.711908145807683468e-03 1.703463203739374876e-04 1.941201189765706658e-04 2.370297879679128528e-04
3.980703186243772507e-03 2.745706820860505104e-03 1.911807921715080738e-03 1.900623174151405692e-04 1.968558062799274921e-04 2.640541351865977049e-04
4.729971755295991898e-03 3.644061041995882988e-03 1.943097566254436970e-03 1.918330672197043896e-04 2.031025651376694441e-04 2.045689179794862866e-04
3.418110543861985207e-03 3.165586851537227631e-03 1.917988876812160015e-03 1.903905358631163836e-04 1.958077627932652831e-04 2.160743897547945380e-04
4.078445024788379669e-03 3.019948722794651985e-03 1.772383810020983219e-03 1.740044826874509454e-04 1.901619398267939687e-04 2.254109276691451669e-04
4.220533650368452072e-03 2.985230414196848869e-03 2.029233146458864212e-03 2.045928122242912650e-04 2.079968398902565241e-04 2.072173956548795104e-04
3.375611267983913422e-03 3.210252616554498672e-03 1.997082727029919624e-03 1.956245396286249161e-04 2.096457610605284572e-04 2.364935935474932194e-04
5.411379970610141754e-03 2.876266604289412498e-03 2.061730250716209412e-03 2.011700125876814127e-04 2.119864220730960369e-04 2.505541488062590361e-04
3.657538676634430885e-03 2.441918244585394859e-03 2.167101716622710228e-03 2.028680610237643123e-04 2.465635188855230808e-04 1.759223814588040113e-04
6.100585684180259705e-03 3.216325305402278900e-03 2.073575975373387337e-03 2.027656591963022947e-04 2.432258479529991746e-04 2.757549809757620096e-04
4.355669487267732620e-03 2.390304580330848694e-03 1.964380498975515366e-03 1.950323057826608419e-04 2.262448688270524144e-04 2.164070901926606894e-04
4.999002441763877869e-03 2.598259830847382545e-03 1.977842999622225761e-03 1.958384527824819088e-04 2.308708353666588664e-04 1.857104653026908636e-04
4.840629640966653824e-03 2.383772283792495728e-03 1.896995585411787033e-03 1.931131846504285932e-04 2.368601271882653236e-04 2.651898830663412809e-04
5.163515452295541763e-03 2.191022969782352448e-03 1.765279914252460003e-03 1.872621796792373061e-04 2.309631381649523973e-04 2.833513717632740736e-04
5.013681016862392426e-03 2.303563756868243217e-03 1.636115601286292076e-03 1.668015320319682360e-04 2.257164742331951857e-04 2.568932250142097473e-04
4.209323786199092865e-03 1.950051751919090748e-03 1.694333855994045734e-03 1.807884982554242015e-04 2.427285508019849658e-04 2.230916870757937431e-04
4.540850874036550522e-03 2.247022464871406555e-03 1.749413553625345230e-03 1.879793708212673664e-04 2.758191549219191074e-04 2.911829797085374594e-04
4.621902480721473694e-03 1.739528379403054714e-03 1.865629688836634159e-03 1.919277565320953727e-04 3.178631886839866638e-04 2.104822779074311256e-04
5.084990989416837692e-03 2.111524809151887894e-03 1.610842416994273663e-03 1.750133524183183908e-04 2.783985692076385021e-04 2.654238487593829632e-04
4.333208780735731125e-03 1.541735371574759483e-03 1.466734218411147594e-03 1.684894232312217355e-04 2.767782425507903099e-04 1.990028395084664226e-04
5.187292117625474930e-03 1.520021352916955948e-03 1.557867741212248802e-03 1.890485291369259357e-04 2.712923160288482904e-04 2.432343171676620841e-04
4.425608552992343903e-03 1.533103524707257748e-03 1.694429782219231129e-03 2.091454662149772048e-04 2.887521695811301470e-04 2.832242753356695175e-04
7.521458901464939117e-03 1.792086753994226456e-03 1.623715390451252460e-03 2.262069319840520620e-04 3.618701884988695383e-04 3.415585670154541731e-04
1.079446915537118912e-02 3.441128414124250412e-03 3.410723293200135231e-03 4.904785309918224812e-04 7.297721458598971367e-04 6.624371162615716457e-04
7.071205880492925644e-03 1.496732700616121292e-03 1.918688300065696239e-03 2.273996069561690092e-04 3.383221628610044718e-04 3.047256032004952431e-04
1.027272827923297882e-02 3.176121972501277924e-03 3.169606672599911690e-03 4.555464547593146563e-04 7.046618848107755184e-04 8.301610359922051430e-04
4.431023262441158295e-03 1.771171111613512039e-03 1.797096454538404942e-03 2.494619402568787336e-04 3.203785163350403309e-04 3.377907851245254278e-04
1.224944368004798889e-02 2.777550136670470238e-03 3.541337093338370323e-03 4.430555563885718584e-04 6.002801237627863884e-04 6.536791333928704262e-04
5.848901346325874329e-03 1.513128750957548618e-03 2.645480213686823845e-03 3.408473567105829716e-04 3.511897812131792307e-04 2.668057568371295929e-04
4.669398069381713867e-03 1.717004226520657539e-03 2.674338640645146370e-03 3.745934518519788980e-04 3.237492055632174015e-04 1.872978609753772616e-04
6.645598914474248886e-03 1.910602906718850136e-03 2.364672953262925148e-03 3.154475416522473097e-04 3.547483065631240606e-04 2.670381509233266115e-04
4.722357727587223053e-03 1.503967330791056156e-03 2.383597893640398979e-03 3.465382033027708530e-04 3.614913439378142357e-04 2.135834365617483854e-04
4.078291356563568115e-03 1.302667660638689995e-03 2.185005927458405495e-03 3.314425703138113022e-04 3.690872690640389919e-04 1.617411908227950335e-04
4.485649988055229187e-03 1.604555058293044567e-03 2.044529421254992485e-03 3.248420252930372953e-04 3.702321264427155256e-04 1.848595857154577971e-04
5.557967349886894226e-03 1.458290033042430878e-03 1.854353351518511772e-03 3.135382721666246653e-04 3.307939623482525349e-04 2.062009734800085425e-04
5.037886090576648712e-03 1.718139741569757462e-03 1.714395591989159584e-03 2.827769203577190638e-04 3.164465306326746941e-04 2.860011882148683071e-04
3.907681908458471298e-03 1.466680434532463551e-03 1.391823287121951580e-03 2.312440919922664762e-04 3.004714380949735641e-04 2.242698828922584653e-04
5.555866286158561707e-03 1.646379940211772919e-03 1.813757931813597679e-03 3.170216514263302088e-04 4.069557471666485071e-04 1.930270082084462047e-04
3.966019023209810257e-03 1.227492932230234146e-03 1.444016699679195881e-03 2.172149979742243886e-04 2.655457647051662207e-04 1.553627371322363615e-04
3.836320713162422180e-03 1.261888770386576653e-03 1.456383615732192993e-03 2.159675786970183253e-04 2.393799804849550128e-04 1.096553314710035920e-04
3.155863843858242035e-03 1.188577269203960896e-03 1.525201951153576374e-03 2.188216749345883727e-04 2.180801675422117114e-04 1.346273202216252685e-04
2.984418068081140518e-03 1.263634301722049713e-03 1.460686326026916504e-03 2.165222394978627563e-04 2.435328060528263450e-04 1.493650925112888217e-04
3.043979173526167870e-03 1.220355392433702946e-03 1.431028707884252071e-03 1.886309328256174922e-04 2.066449960693717003e-04 1.427384704584255815e-04
2.465084660798311234e-03 1.249253866262733936e-03 1.403514412231743336e-03 1.879380579339340329e-04 1.972068857867270708e-04 1.512961462140083313e-04
2.912121592089533806e-03 1.203283783979713917e-03 1.424197223968803883e-03 1.815533178159967065e-04 1.983813563128933311e-04 1.516539487056434155e-04
2.884898101910948753e-03 1.243222621269524097e-03 1.419473090209066868e-03 1.797760778572410345e-04 2.019358944380655885e-04 1.650390331633388996e-04
3.239383921027183533e-03 1.399992266669869423e-03 1.472569885663688183e-03 1.832002744777128100e-04 1.922933734022080898e-04 1.729628274915739894e-04
2.827728167176246643e-03 1.220982405357062817e-03 1.508023240603506565e-03 1.850132830440998077e-04 2.005858987104147673e-04 1.359262969344854355e-04
2.869178773835301399e-03 1.186638255603611469e-03 1.410501543432474136e-03 1.758362777763977647e-04 1.873646833701059222e-04 1.207057284773327410e-04
2.357420977205038071e-03 1.111652934923768044e-03 1.375823514536023140e-03 1.731151860440149903e-04 1.893728767754510045e-04 1.418208994437009096e-04
3.434161422774195671e-03 1.312275533564388752e-03 1.393367303535342216e-03 1.793222472770139575e-04 1.804468047339469194e-04 1.420209009665995836e-04
4.415648989379405975e-03 1.429021824151277542e-03 2.181625692173838615e-03 2.748054976109415293e-04 2.585231850389391184e-04 1.130030796048231423e-04
4.794903099536895752e-03 1.422168686985969543e-03 2.299272688105702400e-03 2.956828684546053410e-04 2.611623494885861874e-04 1.424986257916316390e-04
4.517453256994485855e-03 1.325243501923978329e-03 1.984462374821305275e-03 2.573701785877346992e-04 2.516045933589339256e-04 1.022705328068695962e-04
3.350604558363556862e-03 9.672813466750085354e-04 1.357052009552717209e-03 1.770054950611665845e-04 1.848873071139678359e-04 1.151500982814468443e-04
3.494976554065942764e-03 9.370220359414815903e-04 1.399610191583633423e-03 1.802313636289909482e-04 1.935274194693192840e-04 9.931748354574665427e-05
3.346580313518643379e-03 8.249978418461978436e-04 1.318652881309390068e-03 1.707371848169714212e-04 1.855085865827277303e-04 1.008076869766227901e-04
3.406302072107791901e-03 8.398610516451299191e-04 1.370826386846601963e-03 1.800655591068789363e-04 1.874236331786960363e-04 9.085334022529423237e-05
3.206660505384206772e-03 7.931417203508317471e-04 1.334652653895318508e-03 1.771401002770289779e-04 1.897388865472748876e-04 8.427423745160922408e-05
3.158491104841232300e-03 8.038219530135393143e-04 1.350090024061501026e-03 1.763218460837379098e-04 1.905334793264046311e-04 9.577388118486851454e-05
3.253412200137972832e-03 6.774668581783771515e-04 1.407047268003225327e-03 1.841199700720608234e-04 2.006006834562867880e-04 8.842642273521050811e-05
3.033407730981707573e-03 7.976702181622385979e-04 1.506651751697063446e-03 2.070503687718883157e-04 1.936472544912248850e-04 1.140625536208972335e-04
3.416961058974266052e-03 7.479654159396886826e-04 1.499506412073969841e-03 1.952348102349787951e-04 2.347706176806241274e-04 1.093631435651332140e-04
