3.747384548187255859e-01 2.309548202902078629e-03 -8.444488630630075932e-04 5.463080015033483505e-04 2.084605628624558449e-03 4.494597204029560089e-03
3.821477890014648438e-01 6.388001609593629837e-03 -8.775912283454090357e-05 2.010415919357910752e-04 2.349931048229336739e-03 6.003584712743759155e-03
3.764333128929138184e-01 8.367618545889854431e-03 1.717220293357968330e-04 -3.638743510236963630e-05 1.703438698314130306e-03 6.817890331149101257e-03
3.729660511016845703e-01 7.008857559412717819e-03 3.239026773371733725e-05 -2.077317913062870502e-04 5.706629017367959023e-04 6.299478467553853989e-03
3.838552534580230713e-01 8.382373489439487457e-03 -6.812947685830295086e-04 7.201611879281699657e-06 -2.609964576549828053e-04 6.913297809660434723e-03
3.997685015201568604e-01 7.658436894416809082e-03 -9.264932596124708652e-04 1.819645694922655821e-04 -5.028626765124499798e-04 8.045915514230728149e-03
4.128759801387786865e-01 1.088725682348012924e-02 -9.246701374650001526e-04 4.203789576422423124e-04 -3.212527080904692411e-04 1.013381592929363251e-02
4.342041611671447754e-01 8.356447331607341766e-03 -9.800135158002376556e-04 6.564766954397782683e-05 1.028331680572591722e-04 1.124067511409521103e-02
4.370173513889312744e-01 1.196264196187257767e-02 -4.449754778761416674e-04 2.159041650884319097e-05 4.298895364627242088e-04 1.188462041318416595e-02
4.368562102317810059e-01 1.255546603351831436e-02 -1.892413565656170249e-04 -1.451692078262567520e-04 5.085031152702867985e-04 1.163848582655191422e-02
4.370636940002441406e-01 1.292931195348501205e-02 7.194253703346475959e-05 -8.669725502841174603e-05 4.195824149064719677e-04 1.133486535400152206e-02
4.340203702449798584e-01 1.264974661171436310e-02 -9.502637112746015191e-05 3.383664079592563212e-05 2.345298416912555695e-04 1.170643419027328491e-02
4.289664328098297119e-01 1.400186773389577866e-02 -3.086522337980568409e-05 4.977253047400154173e-05 1.175709840026684105e-04 1.192727312445640564e-02
4.345558881759643555e-01 1.164501346647739410e-02 -1.346596545772626996e-04 3.558819298632442951e-05 7.698271656408905983e-05 1.213462743908166885e-02
4.299206435680389404e-01 1.500868611037731171e-02 -6.548890087287873030e-05 -4.478999835555441678e-05 2.877678343793377280e-05 1.221648883074522018e-02
4.366030395030975342e-01 1.490033883601427078e-02 -8.195272530429065228e-04 4.185786383459344506e-05 -7.423855713568627834e-04 1.254704874008893967e-02
4.650310873985290527e-01 1.422509923577308655e-02 -1.442218781448900700e-03 6.889913493068888783e-05 -1.006142003461718559e-03 1.295651216059923172e-02
4.833550453186035156e-01 1.453957147896289825e-02 -1.165724825114011765e-03 4.498049966059625149e-04 -2.156094997189939022e-04 1.476231124252080917e-02
4.928637742996215820e-01 1.723768562078475952e-02 -5.744413938373327255e-04 1.673547812970355153e-04 6.413788069039583206e-04 1.583313569426536560e-02
4.862573146820068359e-01 1.711221598088741302e-02 1.786673092283308506e-04 -3.276080824434757233e-04 9.144523646682500839e-04 1.444530021399259567e-02
4.773260056972503662e-01 1.582286879420280457e-02 2.964547311421483755e-04 -2.729504194576293230e-04 6.971855764277279377e-04 1.308709848672151566e-02
4.723358750343322754e-01 1.301497872918844223e-02 1.723672758089378476e-04 -1.558807525725569576e-05 1.074233514373190701e-04 1.269041467458009720e-02
4.766881465911865234e-01 1.606501825153827667e-02 -6.819275586167350411e-05 1.812631089705973864e-04 -1.913306623464450240e-04 1.353751868009567261e-02
4.805788397789001465e-01 1.427108794450759888e-02 -4.509023565333336592e-04 6.207966362126171589e-05 -3.110347897745668888e-04 1.380739267915487289e-02
4.846783280372619629e-01 1.582713797688484192e-02 -2.603065804578363895e-04 3.229721187381073833e-05 -9.700732334749773145e-05 1.414658129215240479e-02
4.914560317993164062e-01 1.479665003716945648e-02 -3.033868269994854927e-04 -4.781431562150828540e-05 1.086979827960021794e-04 1.409015525132417679e-02
4.840298295021057129e-01 1.704662665724754333e-02 -7.232063217088580132e-05 -4.838064342038705945e-05 1.677737163845449686e-04 1.381856855005025864e-02
4.897761642932891846e-01 1.096402481198310852e-02 -1.698012347333133221e-04 -1.243346778210252523e-04 1.852444402175024152e-04 1.318871416151523590e-02
4.789110124111175537e-01 1.695346459746360779e-02 -4.932380034006200731e-05 9.209512063534930348e-05 6.074301927583292127e-05 1.330912858247756958e-02
4.918632209300994873e-01 1.313183363527059555e-02 -1.024086086545139551e-04 -1.832332054618746042e-05 -4.030205673188902438e-05 1.367326546460390091e-02
4.864138960838317871e-01 1.573738269507884979e-02 -2.261832996737211943e-04 2.489435064489953220e-05 7.397426088573411107e-06 1.380773726850748062e-02
4.835700988769531250e-01 1.460862532258033752e-02 -3.068538790103048086e-04 -9.938499715644866228e-05 -3.507954534143209457e-05 1.322808116674423218e-02
4.842153489589691162e-01 1.705450564622879028e-02 -2.664523344719782472e-05 4.907798211206682026e-05 2.261874396936036646e-05 1.337635982781648636e-02
4.884876012802124023e-01 1.452118903398513794e-02 -1.375981664750725031e-04 2.542205038480460644e-05 6.911501259310171008e-05 1.383841503411531448e-02
4.838320314884185791e-01 1.652654074132442474e-02 -2.027092850767076015e-04 -1.209580950671806931e-04 4.172793705947697163e-05 1.309186685830354691e-02
4.857849776744842529e-01 1.513923704624176025e-02 -9.214630699716508389e-05 1.783597144822124392e-05 3.199050843250006437e-05 1.330022513866424561e-02
4.931104481220245361e-01 1.433563139289617538e-02 -1.492922310717403889e-04 -7.322777673834934831e-05 9.169238182948902249e-06 1.348135247826576233e-02
4.825302064418792725e-01 1.744306832551956177e-02 -1.894099550554528832e-04 6.883031164761632681e-05 1.453201548429206014e-05 1.332537457346916199e-02
4.908531308174133301e-01 1.299778185784816742e-02 -3.447398485150188208e-04 -1.126999995904043317e-04 3.252044552937150002e-05 1.335469074547290802e-02
4.938901066780090332e-01 1.268708799034357071e-02 -1.831698464229702950e-04 1.646584132686257362e-05 4.437397728906944394e-05 1.356722041964530945e-02
4.934454262256622314e-01 1.662421226501464844e-02 -1.131083627115003765e-05 4.028058174299076200e-05 3.136496889055706561e-05 1.392846554517745972e-02
4.857523739337921143e-01 1.403967384248971939e-02 -1.369727397104725242e-04 -1.733060344122350216e-04 2.498162211850285530e-05 1.281693950295448303e-02
1.083363662473857403e-03 -5.141096189618110657e-03 -8.604667527833953500e-05 -7.305071630980819464e-05 -8.081335181486792862e-06 -3.782340325415134430e-03
4.877469241619110107e-01 1.331537030637264252e-02 -2.060357364825904369e-04 -1.697654079180210829e-04 1.275353724849992432e-06 1.158025674521923065e-02
4.899865984916687012e-01 1.357295922935009003e-02 -1.171600815723650157e-04 6.240665243240073323e-05 1.951525518961716443e-05 1.185132842510938644e-02
4.901077449321746826e-01 1.279318518936634064e-02 -2.962233338621445000e-05 -2.748192855506204069e-05 1.556685310788452625e-05 1.166205946356058121e-02
4.919573366641998291e-01 1.254386082291603088e-02 -1.550918095745146275e-04 -7.941768126329407096e-05 4.938226629747077823e-05 1.130480132997035980e-02
4.906693100929260254e-01 1.549912057816982269e-02 -3.565110382623970509e-04 -8.271525439340621233e-05 3.375735468580387533e-05 1.110376790165901184e-02
4.867382347583770752e-01 1.281820517033338547e-02 6.945739642105763778e-06 -5.498181781149469316e-05 8.877952495822682977e-06 1.054878532886505127e-02
4.868987500667572021e-01 1.096187811344861984e-02 -2.986581239383667707e-04 -5.926656285737408325e-06 2.063492866000160575e-05 1.030173804610967636e-02
4.897975027561187744e-01 1.084333006292581558e-02 -1.668403710937127471e-04 -7.309815555345267057e-05 1.602563861524686217e-05 1.009119022637605667e-02
4.883171319961547852e-01 1.059127599000930786e-02 -2.468598831910640001e-04 -4.213495776639319956e-05 2.556193066993728280e-05 9.748992510139942169e-03
5.011203885078430176e-01 8.683236315846443176e-03 -5.149970093043521047e-06 -4.562066169455647469e-05 2.990410575876012444e-05 1.003550272434949875e-02
4.893714487552642822e-01 1.197784394025802612e-02 -2.317914040759205818e-04 -4.774862827616743743e-05 2.754792149062268436e-05 9.279450401663780212e-03
4.856842160224914551e-01 9.903444908559322357e-03 -1.288927596760913730e-04 -1.810479443520307541e-05 1.928858364408370107e-05 9.075121022760868073e-03
8.746115490794181824e-04 -1.276323758065700531e-02 -2.547608528402633965e-05 -4.264946983312256634e-05 -2.392652277194429189e-05 -5.932338535785675049e-03
4.275151295587420464e-04 -2.364233136177062988e-03 6.797393871238455176e-05 -2.082684295601211488e-05 -4.939921836921712384e-06 -5.645927507430315018e-03
4.905608892440795898e-01 7.300659082829952240e-03 -2.860793210857082158e-05 -4.076149343745782971e-05 4.606852144206641242e-07 8.668277412652969360e-03
1.081870053894817829e-03 -7.618576288223266602e-03 7.117397763067856431e-05 -1.702001645753625780e-05 9.025141025631455705e-07 -6.593208294361829758e-03
4.933377206325531006e-01 1.025047060102224350e-02 -3.282376565039157867e-04 -5.258178134681656957e-05 1.083919414668343961e-06 8.628590963780879974e-03
4.987081885337829590e-01 8.907253853976726532e-03 -3.450085205258801579e-05 1.708394665911328048e-05 1.150210755440639332e-05 8.465435355901718140e-03
4.904656112194061279e-01 7.729129400104284286e-03 -1.401828340021893382e-04 -3.390718484297394753e-05 2.420613236608915031e-05 8.352829143404960632e-03
4.969574511051177979e-01 6.685199216008186340e-03 -1.507328852312639356e-04 -2.126406252500601113e-05 2.999036587425507605e-05 8.211732842028141022e-03
4.956549108028411865e-01 8.402526378631591797e-03 -3.433359961491078138e-04 -1.597729169589001685e-05 3.114214632660150528e-05 8.062354288995265961e-03
4.846838116645812988e-01 1.235758978873491287e-02 -7.971882587298750877e-05 -4.771578460349701345e-05 -1.623492244107183069e-05 7.675485685467720032e-03
5.041918754577636719e-01 3.954950720071792603e-03 -4.549197328742593527e-04 -4.195730070932768285e-05 2.591437805676832795e-05 8.217383176088333130e-03
4.904392957687377930e-01 6.057478953152894974e-03 -8.345856622327119112e-05 -4.286154944566078484e-05 2.231272264907602221e-05 7.627270184457302094e-03
5.604306459426879883e-01 -7.018747855909168720e-04 -1.674141385592520237e-04 -4.482037911657243967e-05 3.637535655798274092e-06 9.909761138260364532e-03
4.900241494178771973e-01 4.673394840210676193e-03 -2.754692395683377981e-04 -5.580261858995072544e-05 2.265870989504037425e-06 7.538901641964912415e-03
4.842753112316131592e-01 8.996826596558094025e-03 -3.538693636073730886e-05 -2.769011416603461839e-06 1.783265361154917628e-05 7.292604073882102966e-03
4.986659884452819824e-01 4.059415310621261597e-03 -1.510510628577321768e-04 -3.208788257325068116e-05 2.619633232825435698e-05 7.667545229196548462e-03
4.858246147632598877e-01 7.908911444246768951e-03 -1.308186328969895840e-04 -4.074714979651616886e-06 -1.311511823587352410e-06 7.197392173111438751e-03
4.959017634391784668e-01 3.217260818928480148e-03 -2.169309009332209826e-04 6.641466825385577977e-07 1.409459218848496675e-05 7.447150535881519318e-03
4.903076887130737305e-01 2.061836421489715576e-03 -1.350773236481472850e-04 -1.890167186502367258e-05 2.602683889563195407e-05 7.360349874943494797e-03
4.894568920135498047e-01 7.100822404026985168e-03 -1.587782171554863453e-04 -4.896437530987896025e-05 1.973931466636713594e-05 7.371366024017333984e-03
4.925138950347900391e-01 4.501212853938341141e-03 -3.078758309129625559e-04 -4.961866579833440483e-05 -2.352144747419515625e-06 6.968664936721324921e-03
4.921683073043823242e-01 7.677698507905006409e-03 -2.450704050716012716e-04 -1.799177516659256071e-05 -1.228874498337972909e-05 7.569852285087108612e-03
4.891977906227111816e-01 8.262852206826210022e-03 -1.627243909751996398e-04 -2.566335570008959621e-05 5.859585144207812846e-05 7.289577275514602661e-03
4.887566268444061279e-01 7.115984335541725159e-03 -1.093496030080132186e-04 -3.933913467335514724e-05 -2.244322604383341968e-05 7.348408922553062439e-03
4.860294461250305176e-01 8.701788261532783508e-03 -6.247265991987660527e-05 -2.798838977469131351e-06 1.346848148386925459e-05 7.275911048054695129e-03
4.877739250659942627e-01 1.001649163663387299e-02 -2.638184523675590754e-04 -4.376803917693905532e-05 2.262470115965697914e-05 7.155167404562234879e-03
4.894790947437286377e-01 8.509865961968898773e-03 -1.420604385202750564e-04 -1.532224632683210075e-05 2.539974957471713424e-06 7.326270919293165207e-03
4.883168935775756836e-01 9.172268211841583252e-03 -1.142632390838116407e-04 5.378767582442378625e-06 1.041233372234273702e-05 7.346386555582284927e-03
4.914249479770660400e-01 7.977642118930816650e-03 -1.219884070451371372e-04 -1.743083339533768594e-05 -1.835495459090452641e-05 7.131689228117465973e-03
4.881519079208374023e-01 1.114027481526136398e-02 -9.406586468685418367e-05 2.330076677026227117e-05 1.020812214846955612e-05 7.599933072924613953e-03
4.908165931701660156e-01 6.713346112519502640e-03 -1.592511689523234963e-04 -2.282429340993985534e-05 9.795771802600938827e-06 7.147256750613451004e-03
4.919096529483795166e-01 1.249328348785638809e-02 -1.027232356136664748e-04 -3.072106210311176255e-06 3.412668957025744021e-05 7.226896937936544418e-03
4.895489811897277832e-01 8.088807575404644012e-03 -1.636524393688887358e-04 -2.635137389006558806e-05 -1.936992339324206114e-05 7.027248386293649673e-03
4.909814000129699707e-01 1.013087201863527298e-02 -8.209263614844530821e-05 -5.083747055323328823e-06 3.153355464746709913e-06 7.344129960983991623e-03
4.913217425346374512e-01 1.078303903341293335e-02 5.177723869564943016e-05 1.219645582750672475e-05 4.010588600067421794e-05 7.500270847231149673e-03
4.916126728057861328e-01 9.281015954911708832e-03 -2.384636900387704372e-04 -3.364095755387097597e-05 1.179575519927311689e-05 7.334169466048479080e-03
4.923721551895141602e-01 1.041527185589075089e-02 -1.104881521314382553e-04 9.824774679145775735e-06 4.583237023325636983e-05 7.319014053791761398e-03
4.871801137924194336e-01 9.303538128733634949e-03 -1.285530743189156055e-04 2.727399760260595940e-06 2.328037680854322389e-06 7.170292548835277557e-03
4.961699247360229492e-01 9.988449513912200928e-03 -8.207702921936288476e-05 -6.855609626654768363e-07 1.492694173066411167e-05 7.427031174302101135e-03
4.888071715831756592e-01 9.004743769764900208e-03 -1.519226498203352094e-04 -2.418475105514517054e-06 -6.508227215817896649e-06 7.172229699790477753e-03
4.894566833972930908e-01 6.185940932482481003e-03 4.857719977735541761e-05 2.019545718212611973e-05 8.198351679311599582e-06 7.485631853342056274e-03
4.901725351810455322e-01 8.272491395473480225e-03 -1.767061985447071493e-05 -1.458896622352767736e-05 1.853859976108651608e-05 7.304894737899303436e-03
4.917568266391754150e-01 8.446561172604560852e-03 -1.111503734136931598e-04 9.878170203592162579e-06 2.201543247792869806e-05 7.245800457894802094e-03
4.875231087207794189e-01 7.208548951894044876e-03 -6.686901178909465671e-05 2.198140236941981129e-06 1.665857416810467839e-05 7.265698164701461792e-03
4.949763417243957520e-01 9.635984897613525391e-03 -1.978643849724903703e-04 -2.700048025872092694e-05 -9.796988706511911005e-06 7.354519795626401901e-03
4.911628663539886475e-01 8.717576041817665100e-03 -4.085272666998207569e-05 -2.991741166624706239e-05 1.959292603714857250e-05 7.307098247110843658e-03
4.921846091747283936e-01 8.117342367768287659e-03 -7.286049367394298315e-05 -1.221334787260275334e-05 2.194611261074896902e-05 7.511389441788196564e-03
4.906344711780548096e-01 8.832510560750961304e-03 -1.800799509510397911e-04 -6.047557690180838108e-07 -8.897370207705534995e-06 7.169515360146760941e-03
4.906511008739471436e-01 1.000140979886054993e-02 -9.707083518151193857e-05 -1.970079392776824534e-05 7.289905624929815531e-06 8.019560948014259338e-03
4.882944226264953613e-01 6.666605360805988312e-03 -3.604630182962864637e-05 -1.135818024522450287e-06 7.529885806434322149e-06 7.128067314624786377e-03
4.873340427875518799e-01 9.517259895801544189e-03 -3.009794163517653942e-04 1.487330337113235146e-06 1.371582311548991129e-05 7.094850763678550720e-03
4.912736713886260986e-01 7.417576387524604797e-03 -5.323983714333735406e-05 2.276500481457333080e-06 -9.543578926241025329e-06 7.657498586922883987e-03
4.959252178668975830e-01 2.828982891514897346e-03 -1.347542856819927692e-04 2.273746576975099742e-05 7.074250788718927652e-06 7.473076693713665009e-03
4.890212118625640869e-01 9.711930528283119202e-03 5.601754310191608965e-05 -3.288015022917534225e-06 1.306467856920789927e-05 7.403292693197727203e-03
4.864709675312042236e-01 8.988402783870697021e-03 2.721193959587253630e-05 -3.401529102120548487e-05 4.543601789919193834e-06 6.972795352339744568e-03
4.967498481273651123e-01 8.102539926767349243e-03 -1.238285040017217398e-04 1.374982957713655196e-06 1.709318348730448633e-05 7.729236036539077759e-03
4.941883683204650879e-01 6.139177363365888596e-03 -1.784341875463724136e-04 -5.547400178329553455e-06 4.028194780403282493e-06 7.379664573818445206e-03
4.938414096832275391e-01 6.192046217620372772e-03 -1.424964866600930691e-04 -4.532639650278724730e-06 9.041672456078231335e-06 7.411785423755645752e-03
4.978196322917938232e-01 7.132727187126874924e-03 -2.665584179339930415e-05 -3.684409239212982357e-05 2.211967876064591110e-05 7.959719747304916382e-03
4.931918084621429443e-01 4.544347058981657028e-03 -9.708249126560986042e-05 -5.160400178283452988e-06 1.549633634567726403e-05 7.262140046805143356e-03
4.867046475410461426e-01 1.321728900074958801e-02 -2.530975034460425377e-04 3.171026764903217554e-05 3.758406455744989216e-05 7.331714499741792679e-03
4.906948506832122803e-01 1.331018516793847084e-03 -9.045533079188317060e-05 -1.843440259108319879e-05 3.414664888623519801e-06 7.197380531579256058e-03
4.924744367599487305e-01 1.634416542947292328e-02 1.070481521310284734e-04 1.920992872328497469e-05 1.052661627909401432e-05 7.456223014742136002e-03
4.894886314868927002e-01 9.441955015063285828e-03 -1.283950696233659983e-04 -1.971394158317707479e-05 2.558991582191083580e-05 7.313036825507879257e-03
4.889993667602539062e-01 5.726046394556760788e-03 -1.506807748228311539e-04 3.391446807654574513e-05 2.613931064843200147e-05 7.608202751725912094e-03
4.908881783485412598e-01 8.314765989780426025e-03 -1.118005366151919588e-05 4.293046458769822493e-06 -5.468427843879908323e-08 7.313290610909461975e-03
4.976442158222198486e-01 8.914347738027572632e-03 -2.777822955977171659e-04 -3.226478293072432280e-05 1.531250745756551623e-05 7.275670766830444336e-03
4.872543513774871826e-01 5.564061459153890610e-03 -1.306594931520521641e-04 -6.476260023191571236e-05 -8.740486009628511965e-06 7.179598789662122726e-03
4.889634549617767334e-01 1.098983548581600189e-02 -8.862586400937289000e-05 -1.050838254741393030e-04 4.198176247882656753e-05 7.082464173436164856e-03
