1.665861112996935844e-03 5.081970011815428734e-04 1.969639415619894862e-04 2.567069896031171083e-05 2.807508280966430902e-05 4.762198659591376781e-05
2.176314825192093849e-03 6.836935062892735004e-04 2.008658630074933171e-04 2.887985647248569876e-05 2.759348171821329743e-05 5.250207686913199723e-05
1.820287550799548626e-03 5.799139617010951042e-04 1.908694393932819366e-04 2.955676063720602542e-05 2.742628748819697648e-05 7.872321293689310551e-05
1.620294060558080673e-03 5.351805011741816998e-04 2.118428237736225128e-04 2.791545739455614239e-05 3.153810757794417441e-05 5.992429578327573836e-05
2.005415037274360657e-03 7.024232181720435619e-04 2.460545510984957218e-04 3.067862780881114304e-05 3.550427572918124497e-05 5.776705802418291569e-05
1.891121617518365383e-03 7.601496763527393341e-04 3.477451682556420565e-04 3.343070056871511042e-05 4.911858559353277087e-05 9.026099723996594548e-05
2.174717141315340996e-03 6.840856513008475304e-04 2.682364429347217083e-04 3.039387593162246048e-05 3.934140841010957956e-05 1.147319853771477938e-04
2.218693727627396584e-03 8.363874512724578381e-04 3.177254111506044865e-04 3.183235094184055924e-05 4.623144923243671656e-05 6.083680273150093853e-05
1.343063195236027241e-03 5.220649181865155697e-04 3.480026789475232363e-04 3.004874088219366968e-05 5.271854024613276124e-05 4.554362021735869348e-05
2.085043583065271378e-03 8.184722391888499260e-04 3.684569092001765966e-04 3.373012077645398676e-05 5.487804082804359496e-05 6.590623524971306324e-05
1.734556281007826328e-03 6.106789805926382542e-04 2.698377065826207399e-04 3.090720201726071537e-05 4.179769530310295522e-05 7.351648673648014665e-05
1.550573622807860374e-03 5.687959492206573486e-04 2.836475323420017958e-04 3.173012009938247502e-05 4.178328526904806495e-05 5.404336116043850780e-05
1.883151126094162464e-03 8.247740915976464748e-04 3.428436466492712498e-04 3.415783794480375946e-05 4.913903467240743339e-05 6.729449523845687509e-05
1.564960461109876633e-03 6.212194566614925861e-04 2.908777969423681498e-04 3.349149483256042004e-05 4.458304101717658341e-05 4.534603431238792837e-05
1.828492153435945511e-03 7.219694089144468307e-04 3.151936689391732216e-04 3.340889452374540269e-05 4.576614082907326519e-05 6.175891758175566792e-05
1.998864114284515381e-03 6.732816109433770180e-04 3.308593295514583588e-04 3.180677595082670450e-05 5.000088640372268856e-05 9.452606900595128536e-05
2.275584731251001358e-03 6.957778241485357285e-04 3.361012204550206661e-04 3.487415233394131064e-05 4.767446080222725868e-05 1.395363069605082273e-04
2.298602135851979256e-03 7.224920555017888546e-04 3.673539613373577595e-04 3.293746340204961598e-05 5.134013917995616794e-05 7.523735257564112544e-05
2.030228963121771812e-03 9.952706750482320786e-04 3.150630509480834007e-04 3.328536695335060358e-05 4.434823495103046298e-05 5.341381256585009396e-05
1.628438592888414860e-03 6.786395097151398659e-04 3.361188864801079035e-04 3.247958375141024590e-05 4.893798177363350987e-05 9.256100747734308243e-05
1.626743120141327381e-03 6.263949326239526272e-04 3.518075100146234035e-04 3.311608452349901199e-05 5.145393515704199672e-05 7.414322317345067859e-05
1.788096269592642784e-03 6.367126479744911194e-04 3.093858540523797274e-04 3.193753946106880903e-05 4.561339301289990544e-05 6.122241757111623883e-05
1.369194476865231991e-03 7.235683151520788670e-04 3.018542483914643526e-04 3.361595736350864172e-05 4.195145083940587938e-05 4.726736733573488891e-05
2.030565636232495308e-03 1.054208492860198021e-03 3.423723974265158176e-04 3.338693932164460421e-05 4.884849840891547501e-05 1.045672252075746655e-04
1.817915239371359348e-03 9.217784390784800053e-04 2.770544670056551695e-04 3.159303378197364509e-05 4.012887075077742338e-05 6.668129208264872432e-05
1.610817271284759045e-03 6.611109129153192043e-04 3.751732001546770334e-04 3.287462823209352791e-05 5.455590144265443087e-05 7.362876931438222528e-05
1.648141653276979923e-03 6.856543477624654770e-04 3.382019349373877048e-04 3.350881524966098368e-05 4.768274084199219942e-05 6.631700671277940273e-05
1.409768592566251755e-03 6.990878027863800526e-04 3.090594836976379156e-04 3.042105527129024267e-05 4.510958387982100248e-05 4.684420491685159504e-05
1.524005667306482792e-03 7.124545518308877945e-04 3.329455503262579441e-04 3.298382944194599986e-05 4.825373252970166504e-05 7.938050839584320784e-05
1.571572967804968357e-03 9.155714651569724083e-04 3.289018932264298201e-04 3.156357706757262349e-05 4.798247755388729274e-05 5.994225284666754305e-05
1.625690027140080929e-03 6.235741893760859966e-04 3.537064476404339075e-04 3.235202166251838207e-05 5.008365042158402503e-05 7.240624108817428350e-05
1.622167648747563362e-03 7.273832452483475208e-04 3.833953815046697855e-04 3.445824404479935765e-05 5.398405846790410578e-05 6.704412226099520922e-05
1.430969452485442162e-03 5.583331221714615822e-04 3.154397127218544483e-04 3.092910264967940748e-05 4.802181501872837543e-05 5.324592711986042559e-05
1.422476139850914478e-03 6.894019898027181625e-04 3.529218083713203669e-04 3.477212158031761646e-05 5.154417522135190666e-05 6.536600267281755805e-05
1.610376988537609577e-03 7.114061736501753330e-04 3.145936352666467428e-04 3.352483690832741559e-05 4.668546534958295524e-05 7.263747829711064696e-05
1.371736172586679459e-03 6.368248723447322845e-04 3.507635847199708223e-04 3.401065259822644293e-05 5.168843927094712853e-05 5.924746437813155353e-05
1.599613809958100319e-03 5.227795918472111225e-04 2.881820837501436472e-04 3.013537207152694464e-05 4.221051131025888026e-05 6.633633165620267391e-05
1.506745698861777782e-03 5.835709744133055210e-04 3.723433474078774452e-04 3.349341568537056446e-05 5.440423410618677735e-05 5.734978913096711040e-05
1.631585415452718735e-03 5.833295872434973717e-04 3.240139049012213945e-04 3.194488454028032720e-05 4.856627492699772120e-05 6.780421244911849499e-05
1.529507571831345558e-03 5.714806611649692059e-04 3.395780804567039013e-04 3.236471093259751797e-05 4.927725240122526884e-05 8.523643191438168287e-05
1.796934287995100021e-03 7.004910730756819248e-04 3.253536124248057604e-04 2.982598562084604055e-05 4.810192695003934205e-05 6.470464722951874137e-05
1.662470283918082714e-03 6.716825300827622414e-04 3.287075378466397524e-04 3.332113192300312221e-05 4.923149390378966928e-05 7.183317939052358270e-05
1.624463242478668690e-03 6.397026008926331997e-04 3.097018634434789419e-04 2.946081076515838504e-05 4.572442776407115161e-05 7.980125519679859281e-05
1.809891080483794212e-03 5.999794811941683292e-04 3.443704626988619566e-04 3.413226295378990471e-05 4.938180427416227758e-05 7.977461064001545310e-05
2.106447936967015266e-03 7.952558225952088833e-04 3.173762816004455090e-04 3.072362233069725335e-05 4.578025982482358813e-05 1.050996579579077661e-04
1.615653862245380878e-03 6.943435873836278915e-04 3.379358386155217886e-04 3.211864896002225578e-05 5.062488708063028753e-05 6.851621583336964250e-05
2.105616498738527298e-03 7.892498397268354893e-04 3.419282438699156046e-04 3.059730806853622198e-05 5.079038601252250373e-05 8.212831016862764955e-05
1.780579914338886738e-03 9.416845859959721565e-04 3.248282882850617170e-04 3.147091410937719047e-05 4.767404243466444314e-05 1.164777277153916657e-04
1.848143874667584896e-03 6.732632173225283623e-04 3.497048455756157637e-04 3.296264549135230482e-05 5.134511593496426940e-05 1.177168742287904024e-04
1.576918410137295723e-03 6.674840697087347507e-04 3.339266695547848940e-04 3.167696195305325091e-05 4.912306394544430077e-05 5.823489118483848870e-05
1.648023491725325584e-03 7.363585173152387142e-04 3.980468900408595800e-04 3.702823232742957771e-05 5.380883521866053343e-05 7.245663437061011791e-05
1.810170826502144337e-03 6.089394446462392807e-04 3.468438517302274704e-04 3.202297375537455082e-05 5.084892472950741649e-05 6.658360507572069764e-05
1.845192280597984791e-03 5.249631940387189388e-04 3.317669616080820560e-04 3.231914888601750135e-05 4.992105823475867510e-05 7.003085920587182045e-05
2.000497421249747276e-03 7.791724638082087040e-04 3.720644745044410229e-04 3.569486580090597272e-05 5.194856566959060729e-05 6.984190986258909106e-05
2.383871935307979584e-03 7.410140242427587509e-04 3.373360377736389637e-04 3.024076613655779511e-05 4.916655598208308220e-05 9.693252650322392583e-05
2.303788205608725548e-03 7.238469552248716354e-04 3.805548767559230328e-04 3.462195672909729183e-05 5.530047928914427757e-05 1.012005450320430100e-04
2.273608464747667313e-03 8.348675328306853771e-04 3.971489204559475183e-04 3.371341153979301453e-05 5.784589666291140020e-05 1.263205776922404766e-04
3.158875275403261185e-03 7.044691592454910278e-04 3.567456733435392380e-04 3.307994120405055583e-05 5.336485992302186787e-05 1.331316307187080383e-04
3.204474458470940590e-03 7.436632877215743065e-04 3.369623154867440462e-04 3.398258559172973037e-05 4.850843833992257714e-05 1.102876776712946594e-04
2.490279497578740120e-03 7.766760536469519138e-04 3.448679053690284491e-04 3.416202525841072202e-05 4.943520616507157683e-05 1.095612533390522003e-04
2.804819261655211449e-03 7.714742096140980721e-04 3.219650534447282553e-04 3.355672743055038154e-05 4.430797343957237899e-05 1.151194082922302186e-04
1.898812362924218178e-03 7.113846950232982635e-04 3.568887477740645409e-04 3.419277345528826118e-05 5.092596256872639060e-05 8.739726035855710506e-05
1.778670819476246834e-03 6.088622030802071095e-04 3.928666410502046347e-04 4.213687861920334399e-05 5.558479824685491621e-05 9.020962170325219631e-05
3.135036444291472435e-03 6.750963511876761913e-04 3.515709540806710720e-04 3.677687345771118999e-05 5.421405512606725097e-05 1.119356820709072053e-04
2.767852041870355606e-03 5.475130747072398663e-04 3.514901909511536360e-04 3.904972982127219439e-05 5.011110624764114618e-05 1.016158785205334425e-04
3.170874435454607010e-03 5.532447830773890018e-04 4.086019762326031923e-04 3.896320413332432508e-05 5.943793075857684016e-05 1.164150817203335464e-04
2.288219751790165901e-03 5.613967659883201122e-04 3.653849998954683542e-04 4.009994881926104426e-05 5.058037277194671333e-05 9.189369302475824952e-05
3.359662601724267006e-03 6.615315796807408333e-04 4.030192212667316198e-04 4.192736741970293224e-05 5.291996058076620102e-05 1.054536260198801756e-04
3.187264548614621162e-03 6.144556100480258465e-04 4.520266957115381956e-04 3.891855521942488849e-05 6.328213203232735395e-05 1.124430054915137589e-04
2.826490206643939018e-03 6.594098522327840328e-04 4.358256992418318987e-04 3.824487430392764509e-05 6.123870116425678134e-05 1.492861338192597032e-04
2.649812726303935051e-03 5.624162149615585804e-04 5.008752923458814621e-04 3.834941526292823255e-05 6.905433838255703449e-05 1.265747996512800455e-04
2.601279877126216888e-03 8.603153401054441929e-04 3.981491900049149990e-04 3.503990956232883036e-05 5.588043859461322427e-05 1.554096525069326162e-04
3.439643187448382378e-03 1.179208979010581970e-03 4.237636749166995287e-04 3.511123941279947758e-05 6.209186540218070149e-05 1.497114426456391811e-04
1.778080477379262447e-03 8.697948069311678410e-04 4.169690364506095648e-04 3.317316077300347388e-05 6.054698314983397722e-05 1.558470539748668671e-04
1.907500205561518669e-03 9.149902034550905228e-04 4.110302252229303122e-04 3.694761471706442535e-05 5.509781476575881243e-05 2.156613045372068882e-04
2.491102553904056549e-03 1.401237328536808491e-03 3.858820127788931131e-04 3.459619620116427541e-05 5.528200199478305876e-05 2.727975661400705576e-04
2.509179757907986641e-03 1.365852542221546173e-03 3.766065055970102549e-04 3.205997927580028772e-05 5.416225030785426497e-05 2.883225097320973873e-04
2.432190813124179840e-03 1.278612529858946800e-03 3.720350214280188084e-04 3.228429704904556274e-05 5.524946755031123757e-05 2.833931066561490297e-04
2.882109489291906357e-03 1.296692877076566219e-03 3.909184015356004238e-04 3.489559821900911629e-05 5.590530054178088903e-05 1.888247206807136536e-04
2.690430032089352608e-03 1.329774386249482632e-03 3.967703378293663263e-04 3.371412822161801159e-05 5.589027932728640735e-05 2.054985234281048179e-04
2.583327237516641617e-03 1.051826169714331627e-03 3.009437932632863522e-04 2.926749220932833850e-05 4.478364280657842755e-05 2.216869470430538058e-04
2.805126365274190903e-03 1.218252931721508503e-03 3.392561629880219698e-04 2.968436638184357435e-05 5.117852197145111859e-05 1.501334045315161347e-04
2.354194410145282745e-03 7.453183061443269253e-04 3.394457453396171331e-04 2.821606176439672709e-05 4.967882705386728048e-05 1.500268117524683475e-04
2.694078721106052399e-03 9.739010711200535297e-04 3.438151325099170208e-04 2.959623816423118114e-05 5.089098704047501087e-05 1.774997654138132930e-04
2.640073653310537338e-03 1.249457593075931072e-03 3.592951688915491104e-04 2.957298602268565446e-05 5.505072840605862439e-05 1.807886437745764852e-04
3.029635408893227577e-03 1.496604294516146183e-03 3.413778904359787703e-04 2.901040352298878133e-05 5.364339813240803778e-05 1.896402973216027021e-04
2.279656939208507538e-03 1.395442057400941849e-03 3.212924639228731394e-04 2.718274117796681821e-05 5.121776848682202399e-05 1.724766188999637961e-04
2.736195689067244530e-03 1.357384258881211281e-03 3.284619306214153767e-04 2.630772723932750523e-05 5.095583401271142066e-05 3.144675865769386292e-04
3.038869472220540047e-03 1.272937515750527382e-03 2.988543710671365261e-04 3.172273864038288593e-05 4.268223347025923431e-05 3.136188024654984474e-04
2.319896360859274864e-03 1.429131487384438515e-03 3.195534227415919304e-04 2.826181844284292310e-05 4.948778587277047336e-05 1.976621861103922129e-04
2.529495628550648689e-03 1.383517519570887089e-03 3.565532388165593147e-04 2.822257010848261416e-05 5.535592936212196946e-05 2.798776549752801657e-04
3.270371817052364349e-03 2.287968760356307030e-03 3.082133771385997534e-04 2.757302172540221363e-05 4.874799196841195226e-05 3.306086873635649681e-04
3.291351487860083580e-03 2.417529933154582977e-03 2.618455037008970976e-04 2.524095725675579160e-05 4.036127938888967037e-05 3.118701570201665163e-04
3.100463422015309334e-03 2.425353042781352997e-03 2.960395067930221558e-04 2.650291025929618627e-05 4.634425204130820930e-05 3.204324457328766584e-04
2.414263319224119186e-03 2.327968366444110870e-03 2.718617906793951988e-04 2.630065500852651894e-05 4.343856198829598725e-05 3.011345979757606983e-04
3.004089929163455963e-03 3.627684433013200760e-03 2.470141043886542320e-04 2.615593439259100705e-05 3.851122528431005776e-05 3.080120950471609831e-04
2.644030377268791199e-03 1.649452024139463902e-03 3.111500409431755543e-04 2.760064126050565392e-05 4.837799133383668959e-05 2.753779990598559380e-04
2.474773442372679710e-03 1.299146329984068871e-03 3.146384842693805695e-04 2.805196163535583764e-05 4.979305595043115318e-05 2.742182405199855566e-04
1.816902426071465015e-03 1.302268938161432743e-03 2.971100911963731050e-04 2.682382364582736045e-05 4.705183891928754747e-05 1.075137697625905275e-04
2.764015691354870796e-03 1.815882045775651932e-03 2.649339730851352215e-04 2.552778096287511289e-05 4.322158565628342330e-05 2.974160597659647465e-04
2.459304640069603920e-03 1.346510718576610088e-03 2.748414117377251387e-04 2.583629066066350788e-05 4.496388646657578647e-05 2.537196851335465908e-04
2.064301166683435440e-03 1.301769982092082500e-03 2.933012438006699085e-04 2.838480213540606201e-05 4.685324165620841086e-05 2.392658498138189316e-04
2.122496720403432846e-03 1.077953027561306953e-03 2.998658164869993925e-04 3.036948874068912119e-05 4.634714787243865430e-05 2.125096361851319671e-04
1.853766501881182194e-03 9.606670937500894070e-04 2.831665042322129011e-04 2.739720730460248888e-05 4.412364069139584899e-05 1.946459378814324737e-04
1.999933505430817604e-03 8.288553217425942421e-04 2.964236191473901272e-04 2.935891643573995680e-05 4.415113653521984816e-05 1.881954522104933858e-04
3.151417477056384087e-03 1.824795152060687542e-03 2.569137432146817446e-04 2.831436358974315226e-05 4.047104084747843444e-05 3.125088987872004509e-04
2.640401013195514679e-03 1.227516680955886841e-03 3.016036935150623322e-04 2.966165084217209369e-05 4.565181734506040812e-05 2.669353270903229713e-04
2.791154431179165840e-03 1.085851108655333519e-03 3.003258025273680687e-04 2.960263736895285547e-05 4.552665996016003191e-05 2.496004744898527861e-04
3.320754738524556160e-03 1.331107108853757381e-03 3.692150057759135962e-04 3.391370410099625587e-05 5.167995186639018357e-05 2.875606587622314692e-04
2.373983850702643394e-03 1.003182143904268742e-03 3.281403915025293827e-04 2.912293166446033865e-05 4.999238808522932231e-05 2.158006973331794143e-04
2.864320762455463409e-03 1.123038004152476788e-03 2.754311135504394770e-04 2.827495336532592773e-05 4.241711576469242573e-05 2.507049357518553734e-04
2.949555171653628349e-03 1.014262088574469090e-03 3.256423224229365587e-04 3.197726618964225054e-05 4.749212894239462912e-05 2.105340390698984265e-04
3.499167039990425110e-03 8.734010625630617142e-04 2.773914311546832323e-04 3.010265209013596177e-05 4.107164932065643370e-05 1.919616188388317823e-04
3.338336013257503510e-03 8.948975009843707085e-04 3.331011685077100992e-04 3.154005753458477557e-05 4.863192953052930534e-05 2.266590599901974201e-04
3.466514172032475471e-03 1.163806999102234840e-03 3.515040152706205845e-04 3.161822678521275520e-05 5.260235775494948030e-05 2.841319073922932148e-04
3.256093477830290794e-03 1.041033072397112846e-03 3.505873901303857565e-04 2.959657467727083713e-05 5.238563244347460568e-05 2.739921910688281059e-04
3.211032832041382790e-03 9.902428137138485909e-04 2.953817893285304308e-04 2.800960464810486883e-05 4.567174255498684943e-05 2.218305016867816448e-04
3.650167956948280334e-03 1.057217828929424286e-03 3.145434602629393339e-04 2.888816743507049978e-05 4.686112515628337860e-05 2.241622714791446924e-04
3.488915273919701576e-03 1.034752582199871540e-03 3.113193088211119175e-04 2.873350240406580269e-05 4.870057455264031887e-05 2.650680835358798504e-04
2.440430922433733940e-03 9.012978989630937576e-04 3.437435079831629992e-04 3.016759183083195239e-05 5.121933645568788052e-05 2.303734363522380590e-04
2.381176920607686043e-03 9.872742230072617531e-04 3.146400267723947763e-04 3.351533086970448494e-05 4.481067662709392607e-05 2.045996079687029123e-04
3.383419709280133247e-03 1.282850163988769054e-03 2.669064269866794348e-04 2.835572922776918858e-05 4.038316546939313412e-05 2.508528123144060373e-04
3.651527687907218933e-03 1.332545420154929161e-03 2.992858935613185167e-04 3.177687176503241062e-05 4.461585194803774357e-05 2.558669366408139467e-04
3.473053919151425362e-03 7.656742818653583527e-04 2.618569706100970507e-04 2.883746856241486967e-05 3.967227166867814958e-05 2.076289238175377250e-04
