3.592207133769989014e-01 1.235835254192352295e-02 -2.041053958237171173e-03 5.231897230260074139e-04 2.037604805082082748e-03 4.635197110474109650e-03
4.039832949638366699e-01 -8.301639463752508163e-04 -2.706472761929035187e-03 2.941455750260502100e-05 2.221841830760240555e-03 5.479686893522739410e-03
3.246314823627471924e-01 1.594692096114158630e-02 -2.387145941611379385e-04 -4.100724618183448911e-05 1.670203171670436859e-03 5.056559108197689056e-03
3.138947784900665283e-01 3.068399429321289062e-02 -5.868991138413548470e-05 -2.130502543877810240e-04 6.631271098740398884e-04 6.340681109577417374e-03
1.701947301626205444e-01 8.899167925119400024e-02 -6.956361175980418921e-05 5.339283234206959605e-05 -2.740239142440259457e-04 6.606984883546829224e-03
2.206382155418395996e-01 6.842656433582305908e-02 -3.651743754744529724e-04 2.403226535534486175e-04 -4.453648871276527643e-04 6.439513526856899261e-03
3.249443769454956055e-01 4.643066972494125366e-02 1.832870766520500183e-04 5.451097385957837105e-04 -4.165696445852518082e-04 8.879372850060462952e-03
3.871058821678161621e-01 3.379384800791740417e-02 -1.462942746002227068e-04 1.669868943281471729e-04 6.922955799382179976e-05 1.133963745087385178e-02
4.295139312744140625e-01 1.953134499490261078e-02 -7.118756184354424477e-05 1.132777688326314092e-04 4.317145503591746092e-04 1.184590719640254974e-02
4.182789325714111328e-01 2.717513591051101685e-02 5.253718700259923935e-04 -4.377332516014575958e-06 5.443833651952445507e-04 1.183076668530702591e-02
4.023747444152832031e-01 3.336206078529357910e-02 9.120267350226640701e-04 3.101705078734084964e-05 4.809656820725649595e-04 1.131604053080081940e-02
4.055246412754058838e-01 2.861253172159194946e-02 7.804491324350237846e-04 1.839226897573098540e-04 2.173439570469781756e-04 1.153900101780891418e-02
4.282391071319580078e-01 1.948313787579536438e-02 6.708455039188265800e-04 1.640708942431956530e-04 9.604902152204886079e-05 1.223177649080753326e-02
4.354646503925323486e-01 1.759233698248863220e-02 -4.665978776756674051e-04 -2.814976323861628771e-05 4.612487828126177192e-06 1.204978674650192261e-02
4.164223074913024902e-01 2.628593333065509796e-02 1.126291113905608654e-03 1.236807293025776744e-04 -4.434589209267869592e-05 1.224237401038408279e-02
4.423118531703948975e-01 1.783883944153785706e-02 -2.144664293155074120e-03 -1.358345325570553541e-04 -6.822881405241787434e-04 1.259477995336055756e-02
4.560529291629791260e-01 2.147693373262882233e-02 -1.875646528787910938e-03 -6.960166501812636852e-05 -9.196549071930348873e-04 1.239469647407531738e-02
4.191986620426177979e-01 3.014248237013816833e-02 -9.479264263063669205e-04 4.591643810272216797e-04 -2.578136627562344074e-04 1.283460110425949097e-02
4.689927101135253906e-01 3.344520553946495056e-02 9.079906158149242401e-04 3.268767031840980053e-04 6.426946492865681648e-04 1.488731056451797485e-02
4.749960601329803467e-01 2.965124882757663727e-02 -7.846440421417355537e-04 -3.662967064883559942e-04 9.907765779644250870e-04 1.422176137566566467e-02
4.764890670776367188e-01 2.217377908527851105e-02 1.175387296825647354e-06 -2.707942039705812931e-04 7.090485305525362492e-04 1.301037799566984177e-02
4.537936449050903320e-01 1.765973679721355438e-02 -3.749160096049308777e-04 -8.846860873745754361e-05 1.930136932060122490e-04 1.150040142238140106e-02
4.733484387397766113e-01 2.191138453781604767e-02 -5.415796767920255661e-04 1.182417545351199806e-04 -2.011391625273972750e-04 1.361468713730573654e-02
4.648779928684234619e-01 2.520642429590225220e-02 1.927458215504884720e-04 1.556737406644970179e-04 -2.806906704790890217e-04 1.330730505287647247e-02
4.649358093738555908e-01 3.468322753906250000e-02 -2.849265001714229584e-06 8.659819286549463868e-05 -1.231558999279513955e-04 1.343434397131204605e-02
4.718737900257110596e-01 2.055005729198455811e-02 1.205726759508252144e-03 3.898404247593134642e-05 -7.409862882923334837e-05 1.322905905544757843e-02
4.769727885723114014e-01 1.501568313688039780e-02 -1.465065870434045792e-03 -1.386834483128041029e-04 3.746294532902538776e-04 1.283594314008951187e-02
4.869478940963745117e-01 1.739619672298431396e-02 -2.869739255402237177e-04 -1.733214303385466337e-04 6.178089824970811605e-05 1.344513241201639175e-02
4.588137865066528320e-01 2.072778902947902679e-02 2.744589874055236578e-04 1.579751842655241489e-04 7.438876491505652666e-05 1.307747513055801392e-02
4.849283099174499512e-01 2.073699794709682465e-02 -4.392524715512990952e-04 -5.858624354004859924e-05 8.509217877872288227e-06 1.264156214892864227e-02
4.826190471649169922e-01 2.202485501766204834e-02 -2.142734592780470848e-05 4.713809175882488489e-05 -8.031244215089827776e-05 1.364965457469224930e-02
4.729081392288208008e-01 2.303321100771427155e-02 -3.800772246904671192e-04 -1.251013163710013032e-04 3.409758937777951360e-05 1.265387609601020813e-02
4.819451868534088135e-01 2.249661646783351898e-02 -5.226049106568098068e-04 1.785151471267454326e-05 3.986153024015948176e-05 1.343472208827733994e-02
4.778564572334289551e-01 1.117697264999151230e-02 3.138443571515381336e-04 1.209782858495600522e-04 6.837820546934381127e-05 1.391423400491476059e-02
4.809854626655578613e-01 2.097804658114910126e-02 3.445616457611322403e-04 -3.010879299836233258e-05 5.135698302183300257e-06 1.173697412014007568e-02
4.735200405120849609e-01 1.247418764978647232e-02 -8.769306587055325508e-04 -5.039824463892728090e-05 1.395883737131953239e-04 1.301776617765426636e-02
4.823557734489440918e-01 1.187481731176376343e-02 3.423175076022744179e-05 4.059182538185268641e-05 -1.939153298735618591e-05 1.374246831983327866e-02
4.881640672683715820e-01 2.145894803106784821e-02 -3.215543925762176514e-03 -3.428604686632752419e-04 1.324837649008259177e-04 1.308928430080413818e-02
4.836535453796386719e-01 1.582913473248481750e-02 -1.706287730485200882e-05 -1.889944542199373245e-05 2.946265158243477345e-05 1.334447227418422699e-02
3.266097605228424072e-01 1.878683641552925110e-02 1.703859306871891022e-03 2.069228794425725937e-04 1.876175665529444814e-04 9.363154880702495575e-03
3.605443239212036133e-01 2.087813988327980042e-02 5.114887608215212822e-04 1.740514271659776568e-04 9.109775419346988201e-05 1.204098016023635864e-02
2.046383917331695557e-01 1.657976768910884857e-02 -1.623719726921990514e-04 -1.352627732558175921e-04 -7.420514975819969550e-06 5.443195812404155731e-03
1.946751177310943604e-01 1.591539755463600159e-02 2.290639895363710821e-05 -5.861942918272688985e-05 2.757680340437218547e-05 5.356115754693746567e-03
4.926962554454803467e-01 2.008969523012638092e-02 8.242798503488302231e-05 -9.960259194485843182e-05 -8.146453183144330978e-06 1.262909732758998871e-02
4.770683050155639648e-01 1.431873440742492676e-02 5.639961455017328262e-05 2.675346695468761027e-05 7.508449925808236003e-06 1.179515011608600616e-02
1.773507446050643921e-01 8.124260231852531433e-03 -4.684743180405348539e-05 6.600100277864839882e-06 -1.568756488268263638e-05 3.574336878955364227e-03
2.647342681884765625e-01 1.451546885073184967e-02 2.335697936359792948e-04 -8.292766869999468327e-05 7.855019794078543782e-05 6.461482495069503784e-03
3.528402447700500488e-01 2.328732982277870178e-02 9.170899866148829460e-04 7.731281948508694768e-05 7.700855348957702518e-07 6.205749232321977615e-03
2.544750273227691650e-01 4.463812336325645447e-03 5.947299359831959009e-05 -3.081143586314283311e-05 6.468695210060104728e-05 6.995392031967639923e-03
2.528029978275299072e-01 6.823971867561340332e-03 -3.960141330026090145e-04 -4.069154601893387735e-05 -2.317833968845661730e-05 5.617481190711259842e-03
2.222220599651336670e-01 4.746889695525169373e-03 -6.004632450640201569e-05 -9.170423436444252729e-05 -1.241444260813295841e-05 5.115915089845657349e-03
2.227743268013000488e-01 7.140795234590768814e-03 -2.466378209646791220e-04 -3.553815986379049718e-05 -2.819953260768670589e-05 5.671257153153419495e-03
1.169418990612030029e-01 4.793034866452217102e-03 7.332860695896670222e-05 5.253612471278756857e-06 2.411631066934205592e-05 2.642443403601646423e-03
2.229526042938232422e-01 9.384937584400177002e-03 1.165915309684351087e-04 2.917488018283620477e-06 1.082012204278726131e-05 6.879335269331932068e-03
2.038773447275161743e-01 4.620832856744527817e-03 -5.003661499358713627e-05 -6.422967999242246151e-06 2.081646925944369286e-05 6.189013831317424774e-03
2.622041702270507812e-01 9.691691026091575623e-03 5.070453044027090073e-04 6.043081521056592464e-05 1.591553882462903857e-05 8.556391112506389618e-03
1.890086382627487183e-01 6.002287846058607101e-03 7.909125997684895992e-06 -3.053582986467517912e-07 9.360647709399927408e-06 9.195792488753795624e-03
2.479758560657501221e-01 4.530395846813917160e-03 -1.996102510020136833e-03 -2.454771893098950386e-04 5.185930058360099792e-05 5.571415182203054428e-03
4.460721909999847412e-01 1.934242062270641327e-02 1.900948351249098778e-03 1.764599146554246545e-04 -9.442852751817554235e-05 9.393025189638137817e-03
3.443015813827514648e-01 7.976599968969821930e-03 -1.523489481769502163e-03 -2.183010219596326351e-04 1.031044812407344580e-04 5.584813188761472702e-03
3.269178569316864014e-01 1.254981104284524918e-02 3.620286239311099052e-03 5.077300593256950378e-04 -3.259078948758542538e-04 5.441764369606971741e-03
5.016162991523742676e-01 2.085951715707778931e-02 2.410848625004291534e-03 2.874199708458036184e-04 -4.717950650956481695e-05 9.234864264726638794e-03
4.823855161666870117e-01 1.952122338116168976e-02 1.082122442312538624e-03 1.551664608996361494e-04 -4.184867430012673140e-05 7.981960661709308624e-03
4.887001812458038330e-01 1.177866291254758835e-02 -2.666163258254528046e-03 -2.580710861366242170e-04 2.475063665769994259e-04 8.345531299710273743e-03
4.766964316368103027e-01 1.028261333703994751e-02 -2.999491989612579346e-03 -2.510148333385586739e-04 2.308688563061878085e-04 6.815740838646888733e-03
4.767624437808990479e-01 1.937583833932876587e-02 -9.682495146989822388e-06 3.365805605426430702e-05 -6.845768803032115102e-05 6.836420856416225433e-03
4.876281917095184326e-01 5.324070341885089874e-03 2.978157717734575272e-04 -3.714187187142670155e-05 -1.083136012312024832e-04 7.208941504359245300e-03
4.814721941947937012e-01 1.911084540188312531e-02 -7.327134953811764717e-04 -1.234019291587173939e-04 1.249467459274455905e-05 7.219885475933551788e-03
4.815764725208282471e-01 4.749868996441364288e-03 -7.813015254214406013e-04 -9.183485235553234816e-05 -3.537974771461449564e-05 6.093321833759546280e-03
4.627525210380554199e-01 1.682100258767604828e-02 -6.495407433249056339e-05 4.527425335254520178e-05 -8.313689613714814186e-05 6.867563351988792419e-03
4.866335391998291016e-01 7.034510374069213867e-03 -3.928841906599700451e-04 9.158774446405004710e-06 -8.249234087998047471e-05 6.685262080281972885e-03
2.728168964385986328e-01 5.314154084771871567e-03 6.384589942172169685e-04 1.318102440563961864e-04 8.119184349197894335e-05 5.195286590605974197e-03
4.809267520904541016e-01 4.417144227772951126e-03 5.024246638640761375e-05 -1.382169739372329786e-05 -7.555814227089285851e-05 6.916014477610588074e-03
4.799470603466033936e-01 1.670523360371589661e-02 -7.579575758427381516e-04 -7.246554014272987843e-05 7.631954213138669729e-05 7.720259949564933777e-03
4.914104044437408447e-01 7.765809074044227600e-03 -1.605632714927196503e-03 -2.472546184435486794e-04 1.085447656805627048e-04 7.121851667761802673e-03
4.885006546974182129e-01 1.267613563686609268e-02 3.861423116177320480e-03 4.388583765830844641e-04 -4.613999044522643089e-05 7.705751340836286545e-03
4.902244210243225098e-01 7.020651362836360931e-03 2.505278389435261488e-04 8.086947491392493248e-05 -1.362642942694947124e-04 8.691878989338874817e-03
4.804170429706573486e-01 7.496463600546121597e-03 -4.272873629815876484e-04 -4.261783033143728971e-05 1.182440792035777122e-05 4.547980614006519318e-03
4.891228079795837402e-01 4.923342261463403702e-03 -6.771727930754423141e-04 -9.281103848479688168e-05 9.997867164202034473e-05 6.657360121607780457e-03
4.704110324382781982e-01 6.130715366452932358e-03 2.174725523218512535e-04 3.261298115830868483e-05 -2.672390110092237592e-05 6.480538286268711090e-03
4.935219585895538330e-01 5.207121372222900391e-03 -1.842284109443426132e-05 -3.497564830468036234e-05 -4.061991785420104861e-05 7.811446208506822586e-03
4.822591245174407959e-01 8.888719603419303894e-03 -1.935251988470554352e-03 -2.534331870265305042e-04 5.435480125015601516e-05 7.256470154970884323e-03
4.431599676609039307e-01 1.501065306365489960e-02 -1.197167788632214069e-03 -1.583535340614616871e-04 -5.774571036454290152e-06 7.761210668832063675e-03
4.933791458606719971e-01 8.337363600730895996e-03 2.389919245615601540e-05 4.389257810544222593e-06 -4.800876558874733746e-05 7.755513302981853485e-03
4.946815371513366699e-01 1.690872758626937866e-02 -1.139671076089143753e-03 -1.184592765639536083e-04 1.213052673847414553e-04 7.867509499192237854e-03
4.876003563404083252e-01 9.067093953490257263e-03 -1.584663987159729004e-03 -1.743487082421779633e-04 -5.029273597756400704e-05 8.310382254421710968e-03
4.917083084583282471e-01 1.542988326400518417e-02 2.304398454725742340e-03 2.658784505911171436e-04 -4.205050936434417963e-05 7.339904550462961197e-03
4.896136820316314697e-01 1.346854027360677719e-02 -6.349378963932394981e-04 -6.864153692731633782e-05 7.066028774715960026e-05 7.135706953704357147e-03
4.355227649211883545e-01 3.232559189200401306e-02 9.566842345520853996e-05 1.465846435166895390e-05 -3.505442873574793339e-05 1.173815038055181503e-02
3.933248817920684814e-01 2.771478146314620972e-02 -3.621464129537343979e-04 -2.963199221994727850e-05 1.356301618216093630e-05 9.198001585900783539e-03
4.590644240379333496e-01 1.346119306981563568e-02 1.643154537305235863e-04 6.506950740003958344e-06 2.176477028115186840e-05 7.376459427177906036e-03
4.414718151092529297e-01 2.576034702360630035e-02 2.951994829345494509e-04 3.539855970302596688e-05 -4.284010356059297919e-05 8.084862492978572845e-03
4.252849221229553223e-01 2.027135714888572693e-02 -1.936209737323224545e-04 2.695729926927015185e-05 5.492998752743005753e-06 8.930928073823451996e-03
3.905000090599060059e-01 1.287734601646661758e-02 -4.424617509357631207e-05 6.219972419785335660e-06 -9.105278149945661426e-05 7.467624731361865997e-03
4.559003114700317383e-01 1.382419466972351074e-02 -3.151919809170067310e-04 -2.562556255725212395e-05 1.905799581436440349e-05 7.522726897150278091e-03
4.628610908985137939e-01 1.893961615860462189e-02 -1.427350507583469152e-04 2.498911635484546423e-05 -1.276492730539757758e-05 8.190453052520751953e-03
4.531672894954681396e-01 1.267130207270383835e-02 6.178044714033603668e-05 -1.807659828045871109e-05 2.564908936619758606e-05 9.001350961625576019e-03
3.344148397445678711e-01 2.398366108536720276e-03 9.722176037030294538e-05 -7.607113730045966804e-06 3.444017784204334021e-05 3.808743786066770554e-03
3.835943043231964111e-01 2.812256477773189545e-02 4.809771198779344559e-04 3.452033342909999192e-05 1.631381455808877945e-04 1.137012429535388947e-02
4.007831811904907227e-01 1.312278211116790771e-02 6.332139309961348772e-05 7.423678653140086681e-06 9.584375220583751798e-06 6.620312109589576721e-03
3.532723486423492432e-01 8.611986413598060608e-04 4.374014679342508316e-06 -2.087598659272771329e-05 -5.600699660135433078e-05 5.399505142122507095e-03
4.809020161628723145e-01 1.711620949208736420e-02 3.098770393989980221e-04 6.565071817021816969e-05 4.293822712497785687e-06 7.200961466878652573e-03
4.863002896308898926e-01 1.329832337796688080e-02 -1.808619999792426825e-04 -2.608964496175758541e-05 2.025836147367954254e-05 7.415806874632835388e-03
4.815339148044586182e-01 9.674306958913803101e-03 1.735873229335993528e-04 3.044164623133838177e-05 -8.189768777810968459e-06 6.975699216127395630e-03
4.926033020019531250e-01 8.659422397613525391e-03 -2.099997072946280241e-04 -2.326532376173418015e-05 3.787887544604018331e-05 7.673753425478935242e-03
4.945054054260253906e-01 5.879695527255535126e-03 -2.530737838242202997e-04 3.063738040509633720e-05 3.468292561592534184e-05 7.090086117386817932e-03
4.937220215797424316e-01 1.146991737186908722e-02 4.306103510316461325e-04 4.104812978766858578e-05 -1.480427818023599684e-05 7.750085555016994476e-03
4.872834980487823486e-01 1.578931696712970734e-02 -3.722187830135226250e-05 3.669167563202790916e-05 2.232953193015418947e-06 7.599610835313796997e-03
4.892417490482330322e-01 2.342121675610542297e-03 -1.600424729986116290e-04 -4.422915662871673703e-05 -2.655749995028600097e-05 7.788961753249168396e-03
4.787243604660034180e-01 1.773222908377647400e-02 4.232168721500784159e-04 3.332656342536211014e-05 -2.156064510927535594e-05 6.663419306278228760e-03
4.890461862087249756e-01 1.262358017265796661e-02 -3.716126084327697754e-04 -6.234174361452460289e-05 -1.035551031236536801e-05 6.994530558586120605e-03
4.920915365219116211e-01 2.007772400975227356e-02 -9.762882837094366550e-05 -3.244945764890871942e-05 7.146608550101518631e-05 8.179590106010437012e-03
4.890965521335601807e-01 1.511589810252189636e-02 5.980560090392827988e-04 1.694117963779717684e-04 -3.063969052163884044e-05 7.661610376089811325e-03
4.797590970993041992e-01 1.379153691232204437e-02 -9.367099264636635780e-04 -1.546482380945235491e-04 8.069210889516398311e-05 6.118912249803543091e-03
4.907126128673553467e-01 6.143774371594190598e-03 -2.444954297970980406e-04 -2.953733201138675213e-06 2.506286591597017832e-06 7.331189699470996857e-03
4.838712215423583984e-01 1.369065605103969574e-02 -4.292448866181075573e-04 -2.755347122729290277e-05 7.009454566286876798e-05 8.013847284018993378e-03
4.901333451271057129e-01 1.035215239971876144e-02 -3.972105041611939669e-04 -6.102123370510526001e-05 2.144836253137327731e-05 7.462990470230579376e-03
4.847713708877563477e-01 1.300981268286705017e-02 -7.975842163432389498e-05 1.388929558743257076e-05 -1.737519232847262174e-05 6.737074349075555801e-03
4.835389256477355957e-01 8.977491408586502075e-03 2.252516278531402349e-04 2.708202373469248414e-08 -5.134464117872994393e-06 6.841953378170728683e-03
4.899847507476806641e-01 8.741714991629123688e-03 2.238742745248600841e-04 1.505206091678701341e-05 3.774542619794374332e-06 7.617390248924493790e-03
4.890877306461334229e-01 1.233396399766206741e-02 2.009240270126610994e-04 -3.130780896754004061e-05 5.612177119473926723e-05 7.584060076624155045e-03
4.880187213420867920e-01 8.225829340517520905e-03 6.182973738759756088e-04 2.109819433826487511e-05 -1.882649085018783808e-04 7.550254464149475098e-03
4.919086694717407227e-01 8.011485449969768524e-03 -6.838587578386068344e-04 -8.415937190875411034e-05 9.309582674177363515e-05 7.113217841833829880e-03
4.830445051193237305e-01 1.481694355607032776e-02 2.134208916686475277e-04 -2.757093170657753944e-05 -9.302111720899119973e-06 7.396990433335304260e-03
