1.335573662072420120e-02 5.419015884399414062e-03 8.233285509049892426e-03 8.975581149570643902e-04 1.062542549334466457e-03 7.619345560669898987e-04
1.842141151428222656e-02 1.014705188572406769e-02 6.893292069435119629e-03 7.666910532861948013e-04 7.486246176995337009e-04 1.001258147880434990e-03
2.570797502994537354e-02 7.330406457185745239e-03 5.881443154066801071e-03 5.808406858704984188e-04 8.553448133170604706e-04 9.073801920749247074e-04
1.938738301396369934e-02 7.400657981634140015e-03 4.472553264349699020e-03 3.949381352867931128e-04 6.274117622524499893e-04 7.433224818669259548e-04
2.095959335565567017e-02 9.132817387580871582e-03 5.406321026384830475e-03 4.855549777857959270e-04 8.170887012965977192e-04 5.580416182056069374e-04
2.107194811105728149e-02 7.147710770368576050e-03 5.959968082606792450e-03 5.326020182110369205e-04 9.937777649611234665e-04 9.566626395098865032e-04
2.236794680356979370e-02 8.596147410571575165e-03 6.555478088557720184e-03 6.540755857713520527e-04 7.259057019837200642e-04 3.637912159319967031e-04
1.273938454687595367e-02 5.970300175249576569e-03 7.818992249667644501e-03 8.539815898984670639e-04 9.174562292173504829e-04 4.917092155665159225e-04
1.915853098034858704e-02 9.335485287010669708e-03 6.143303588032722473e-03 5.533751682378351688e-04 7.695371168665587902e-04 9.847215842455625534e-04
2.013202384114265442e-02 7.565455976873636246e-03 7.149344310164451599e-03 7.162262336350977421e-04 8.869079756550490856e-04 4.873073776252567768e-04
3.201149031519889832e-02 9.716751985251903534e-03 5.676819942891597748e-03 5.571968504227697849e-04 7.915308233350515366e-04 9.368959581479430199e-04
3.722823783755302429e-02 8.708927780389785767e-03 6.441711448132991791e-03 6.056312122382223606e-04 7.879693293944001198e-04 1.101109897717833519e-03
1.629886217415332794e-02 7.435281760990619659e-03 8.162541314959526062e-03 9.142282651737332344e-04 8.526892052032053471e-04 8.755122544243931770e-04
2.077602781355381012e-02 9.096254594624042511e-03 5.859568249434232712e-03 5.674482672475278378e-04 7.240836275741457939e-04 9.171724668703973293e-04
1.781569607555866241e-02 8.345810696482658386e-03 5.553461145609617233e-03 5.579176940955221653e-04 7.024130900390446186e-04 7.776187267154455185e-04
2.109476923942565918e-02 7.227004505693912506e-03 6.992287468165159225e-03 6.833467050455510616e-04 7.060429197736084461e-04 1.076377462595701218e-03
3.122918680310249329e-02 9.133655577898025513e-03 4.766064230352640152e-03 4.726051702164113522e-04 7.746296469122171402e-04 9.161707130260765553e-04
3.655771911144256592e-02 9.272790513932704926e-03 8.298659697175025940e-03 9.014291572384536266e-04 8.717313176020979881e-04 1.427030423656105995e-03
1.145860087126493454e-02 5.430154502391815186e-03 6.812192965298891068e-03 7.228054455481469631e-04 7.353310938924551010e-04 7.328743813559412956e-04
1.313194632530212402e-02 6.770342588424682617e-03 6.521212868392467499e-03 6.575039005838334560e-04 7.494376623071730137e-04 4.157152434345334768e-04
1.516680791974067688e-02 8.131054230034351349e-03 5.205569323152303696e-03 4.809679521713405848e-04 6.812420324422419071e-04 8.921988774091005325e-04
1.598722860217094421e-02 7.988151162862777710e-03 6.745566148310899734e-03 7.417720626108348370e-04 6.976095028221607208e-04 7.830986869521439075e-04
2.017486654222011566e-02 1.035073678940534592e-02 6.734693422913551331e-03 7.271977374330163002e-04 7.708776392973959446e-04 9.181558270938694477e-04
1.664906553924083710e-02 6.163688376545906067e-03 6.918827071785926819e-03 7.454528240486979485e-04 7.815983844920992851e-04 7.060650386847555637e-04
3.183456137776374817e-02 9.660467505455017090e-03 6.865673232823610306e-03 7.239613914862275124e-04 7.187125738710165024e-04 1.286379410885274410e-03
3.266381099820137024e-02 8.421466685831546783e-03 5.837798584252595901e-03 5.653224652633070946e-04 8.134325616993010044e-04 7.505742833018302917e-04
2.272665686905384064e-02 7.711828686296939850e-03 6.748978979885578156e-03 7.330774096772074699e-04 7.735792896710336208e-04 9.881100850179791451e-04
2.959608659148216248e-02 1.011972688138484955e-02 6.579466164112091064e-03 7.475673337467014790e-04 7.022598874755203724e-04 8.526550955139100552e-04
2.496966719627380371e-02 8.465201593935489655e-03 6.941526662558317184e-03 7.723726448602974415e-04 7.509179995395243168e-04 8.014568593353033066e-04
8.836647495627403259e-03 6.096747703850269318e-03 6.201453972607851028e-03 7.102327654138207436e-04 6.998275057412683964e-04 7.799750310368835926e-04
3.156447038054466248e-02 9.852121584117412567e-03 7.308137603104114532e-03 8.602459565736353397e-04 7.046179380267858505e-04 1.102511538192629814e-03
2.693412639200687408e-02 8.020345121622085571e-03 6.049430929124355316e-03 6.557725137099623680e-04 7.743861642666161060e-04 9.161251946352422237e-04
1.533203758299350739e-02 6.795444060117006302e-03 5.990248639136552811e-03 6.251693703234195709e-04 8.035164792090654373e-04 8.886889554560184479e-04
1.789545826613903046e-02 5.139261018484830856e-03 6.687615998089313507e-03 7.255079108290374279e-04 8.042707922868430614e-04 1.332584535703063011e-03
2.768424525856971741e-02 5.760480184108018875e-03 5.399057641625404358e-03 5.020978860557079315e-04 8.554357336834073067e-04 1.099464483559131622e-03
2.367854118347167969e-02 6.540535483509302139e-03 6.235131062567234039e-03 6.525500793941318989e-04 7.269772468134760857e-04 1.341647701337933540e-03
1.982607506215572357e-02 7.969436235725879669e-03 7.059702649712562561e-03 7.952367886900901794e-04 8.259110036306083202e-04 1.070305821485817432e-03
2.052480541169643402e-02 8.099456317722797394e-03 6.699687335640192032e-03 6.981390179134905338e-04 9.619270567782223225e-04 1.189535949379205704e-03
2.264964394271373749e-02 9.824337437748908997e-03 6.147759500890970230e-03 6.170350825414061546e-04 8.953197975642979145e-04 1.225793035700917244e-03
1.450410299003124237e-02 1.116431783884763718e-02 6.131788715720176697e-03 6.386131863109767437e-04 8.276127045974135399e-04 1.044459757395088673e-03
1.039526890963315964e-02 7.298366632312536240e-03 6.224969401955604553e-03 6.793541251681745052e-04 8.870288729667663574e-04 8.739915210753679276e-04
3.456026315689086914e-02 1.006180979311466217e-02 5.474771372973918915e-03 5.300515913404524326e-04 9.803359862416982651e-04 1.332190120592713356e-03
5.178371816873550415e-02 1.116634812206029892e-02 6.642753258347511292e-03 7.325114565901458263e-04 9.794454090297222137e-04 1.854493515565991402e-03
1.765421591699123383e-02 8.888485841453075409e-03 6.261173170059919357e-03 6.524868658743798733e-04 7.960151415318250656e-04 1.268557389266788960e-03
2.092091180384159088e-02 1.004078146070241928e-02 5.807596724480390549e-03 6.126993685029447079e-04 7.536304765380918980e-04 1.104851602576673031e-03
2.566858008503913879e-02 7.579516619443893433e-03 5.795906297862529755e-03 5.909320316277444363e-04 8.280411129817366600e-04 8.332973229698836803e-04
1.887213252484798431e-02 9.274917654693126678e-03 5.622218362987041473e-03 6.000246503390371799e-04 7.169002783484756947e-04 1.144355745054781437e-03
1.275237370282411575e-02 8.269594050943851471e-03 6.079745478928089142e-03 6.251900340430438519e-04 7.922660443000495434e-04 1.074530882760882378e-03
1.398934703320264816e-02 6.945481989532709122e-03 4.005121532827615738e-03 3.593772416934370995e-04 7.767458446323871613e-04 9.278908837586641312e-04
1.485001668334007263e-02 8.933355100452899933e-03 5.853259004652500153e-03 6.034593679942190647e-04 7.489503477700054646e-04 1.045048353262245655e-03
3.483888134360313416e-02 8.250902406871318817e-03 4.531362093985080719e-03 4.513516323640942574e-04 6.371014169417321682e-04 1.693638972938060760e-03
1.823882944881916046e-02 8.232744410634040833e-03 5.437380168586969376e-03 5.587196210399270058e-04 6.671229493804275990e-04 9.978428715839982033e-04
4.229686036705970764e-02 1.200743578374385834e-02 5.795286968350410461e-03 5.931335035711526871e-04 7.255631498992443085e-04 1.838687807321548462e-03
2.446392327547073364e-01 3.519879654049873352e-02 8.748338557779788971e-03 8.745990926399827003e-04 1.551207154989242554e-03 3.087287303060293198e-03
3.247472271323204041e-02 7.541730068624019623e-03 6.017306353896856308e-03 5.951385246589779854e-04 8.313985890708863735e-04 1.668193377554416656e-03
3.747468441724777222e-02 7.999639026820659637e-03 5.927838850766420364e-03 5.857120850123465061e-04 7.985103875398635864e-04 1.116964500397443771e-03
3.881955146789550781e-02 8.549922145903110504e-03 5.790400318801403046e-03 6.339459214359521866e-04 8.976516546681523323e-04 9.409368503838777542e-04
3.560394048690795898e-02 7.502319756895303726e-03 5.603191908448934555e-03 5.695350118912756443e-04 6.877672858536243439e-04 9.359181858599185944e-04
2.912286855280399323e-02 8.882857859134674072e-03 5.611672066152095795e-03 5.774417077191174030e-04 7.556081400252878666e-04 1.152028446085751057e-03
3.558877483010292053e-02 7.417089305818080902e-03 6.119495257735252380e-03 6.258516223169863224e-04 8.742064819671213627e-04 1.250902540050446987e-03
4.263803362846374512e-02 9.337753988802433014e-03 5.036284215748310089e-03 5.009036394767463207e-04 7.975533953867852688e-04 1.120672444812953472e-03
3.158227354288101196e-02 7.790895178914070129e-03 4.959140438586473465e-03 4.332140088081359863e-04 1.093871425837278366e-03 1.047106808982789516e-03
5.853450298309326172e-02 1.082688197493553162e-02 6.011814344674348831e-03 6.322927656583487988e-04 9.067550417967140675e-04 1.167875714600086212e-03
3.019426204264163971e-02 7.941946387290954590e-03 6.344907917082309723e-03 6.820065318606793880e-04 8.368750568479299545e-04 9.962733602151274681e-04
3.429257497191429138e-02 1.046470366418361664e-02 6.063621491193771362e-03 6.322422414086759090e-04 8.604443864896893501e-04 1.658634049817919731e-03
2.474566921591758728e-02 7.834305986762046814e-03 6.151474080979824066e-03 6.259924266487360001e-04 7.957413326948881149e-04 1.111660269089043140e-03
3.399062156677246094e-02 9.411864914000034332e-03 6.303313188254833221e-03 6.617454346269369125e-04 8.738059550523757935e-04 1.083903247490525246e-03
2.710747905075550079e-02 6.398495752364397049e-03 5.922370124608278275e-03 5.671754479408264160e-04 7.966018747538328171e-04 7.958485512062907219e-04
2.823429927229881287e-02 1.030607428401708603e-02 5.124306306242942810e-03 4.774213011842221022e-04 7.857816526666283607e-04 1.560618868097662926e-03
3.027796186506748199e-02 7.343860343098640442e-03 6.160432472825050354e-03 6.194889429025352001e-04 9.101685136556625366e-04 9.789484320208430290e-04
3.286465629935264587e-02 6.648133043199777603e-03 5.658966489136219025e-03 5.390460719354450703e-04 9.587923414073884487e-04 8.602216839790344238e-04
1.488167326897382736e-02 6.710208486765623093e-03 7.085568737238645554e-03 6.317176157608628273e-04 7.995182531885802746e-04 9.024489554576575756e-04
2.529270574450492859e-02 7.031826302409172058e-03 6.118350196629762650e-03 6.017131963744759560e-04 9.172855643555521965e-04 9.613655274733901024e-04
1.119218021631240845e-02 6.630977150052785873e-03 5.332857836037874222e-03 5.487522576004266739e-04 8.028045995160937309e-04 8.540002163499593735e-04
5.032975599169731140e-02 1.388682425022125244e-02 6.002966314554214478e-03 6.001940928399562836e-04 8.852782193571329117e-04 1.806703628972172737e-03
5.625468492507934570e-02 1.308427657932043076e-02 6.179209798574447632e-03 6.472016102634370327e-04 7.811770774424076080e-04 1.524624414741992950e-03
2.619960531592369080e-02 8.031395263969898224e-03 5.989536177366971970e-03 5.179311847314238548e-04 9.000413119792938232e-04 7.196882506832480431e-04
2.271181903779506683e-02 9.712353348731994629e-03 6.276070140302181244e-03 6.270811427384614944e-04 8.943816646933555603e-04 1.117138774134218693e-03
2.460737898945808411e-02 1.003538258373737335e-02 6.163249257951974869e-03 6.314058555290102959e-04 9.945827769115567207e-04 1.925893360748887062e-03
4.715801030397415161e-02 1.559725496917963028e-02 6.115218158811330795e-03 6.619179039262235165e-04 1.022222684696316719e-03 1.562284887768328190e-03
2.662599273025989532e-02 1.273034419864416122e-02 6.219036877155303955e-03 6.672616000287234783e-04 1.043361495248973370e-03 1.559432363137602806e-03
2.149070799350738525e-02 1.025999709963798523e-02 6.225370336323976517e-03 6.472484674304723740e-04 1.073970692232251167e-03 1.274137641303241253e-03
6.949210166931152344e-02 1.361313369125127792e-02 6.010220386087894440e-03 6.268974393606185913e-04 1.030213781632483006e-03 1.075680134817957878e-03
6.857322901487350464e-02 1.468485593795776367e-02 5.732635036110877991e-03 4.385937936604022980e-04 9.865259053185582161e-04 3.002865239977836609e-03
4.148954898118972778e-02 2.342946268618106842e-02 6.907074712216854095e-03 6.996589363552629948e-04 1.015732763335108757e-03 3.148537129163742065e-03
2.873354405164718628e-02 1.561119500547647476e-02 6.381726358085870743e-03 6.459797732532024384e-04 9.686415432952344418e-04 1.617832924239337444e-03
2.081054076552391052e-02 8.888429962098598480e-03 6.497662514448165894e-03 6.576859159395098686e-04 1.063905190676450729e-03 1.165315043181180954e-03
1.939496025443077087e-02 1.026685163378715515e-02 7.012597750872373581e-03 6.704572588205337524e-04 1.052061445079743862e-03 1.202956191264092922e-03
2.131473273038864136e-02 1.045012474060058594e-02 6.868046708405017853e-03 6.675935583189129829e-04 1.158139435574412346e-03 9.526649955660104752e-04
2.910753525793552399e-02 1.589198969304561615e-02 6.394032388925552368e-03 6.334197241812944412e-04 9.647049009799957275e-04 1.274449401535093784e-03
1.488160714507102966e-02 1.436367444694042206e-02 6.695963907986879349e-03 6.333250785246491432e-04 8.958053076639771461e-04 1.233380869962275028e-03
2.372874179854989052e-03 2.369974926114082336e-02 8.103820495307445526e-03 6.352057098411023617e-04 1.196036697365343571e-03 2.858129562810063362e-03
1.829664595425128937e-02 1.787648536264896393e-02 6.833678111433982849e-03 6.545492797158658504e-04 9.944350458681583405e-04 1.168475020676851273e-03
1.386954262852668762e-02 1.196416839957237244e-02 7.161608431488275528e-03 6.622798973694443703e-04 9.099160670302808285e-04 1.051893224939703941e-03
3.225084394216537476e-02 1.628439873456954956e-02 7.450551260262727737e-03 6.584357470273971558e-04 8.954268996603786945e-04 1.848226762376725674e-03
3.444842994213104248e-02 1.652251556515693665e-02 7.278313860297203064e-03 6.488619837909936905e-04 1.045629149302840233e-03 1.530348788946866989e-03
2.217573113739490509e-02 1.325961947441101074e-02 7.153014652431011200e-03 6.326589500531554222e-04 9.723806870169937611e-04 1.066277967765927315e-03
3.306056931614875793e-02 1.564336940646171570e-02 6.890665274113416672e-03 6.100503378547728062e-04 8.173140813596546650e-04 1.664032344706356525e-03
2.521770074963569641e-02 1.748383790254592896e-02 5.819432903081178665e-03 5.030791508033871651e-04 8.568710763938724995e-04 1.984048634767532349e-03
3.216772899031639099e-02 1.741959713399410248e-02 7.461641449481248856e-03 6.579171167686581612e-04 9.072893881238996983e-04 2.055784920230507851e-03
2.624015510082244873e-02 2.495579794049263000e-02 6.790319457650184631e-03 5.852634203620254993e-04 7.514809258282184601e-04 1.711235032416880131e-03
3.798839077353477478e-02 2.103369496762752533e-02 7.619275711476802826e-03 6.679379730485379696e-04 9.673967142589390278e-04 1.677574357017874718e-03
1.448902208358049393e-02 1.902543567121028900e-02 8.176654577255249023e-03 7.114073378033936024e-04 1.133667188696563244e-03 9.796457597985863686e-04
8.552868850529193878e-03 1.621755585074424744e-02 7.833184674382209778e-03 7.247290923260152340e-04 7.850828696973621845e-04 9.971953695639967918e-04
3.282381221652030945e-02 1.710024848580360413e-02 8.178023621439933777e-03 7.117186323739588261e-04 8.526499150320887566e-04 1.283039338886737823e-03
2.893608249723911285e-02 3.052883595228195190e-02 7.601356599479913712e-03 7.175267674028873444e-04 1.078225555829703808e-03 1.501876162365078926e-03
7.465030252933502197e-02 2.643804065883159637e-02 8.088606409728527069e-03 7.699382258579134941e-04 1.119555323384702206e-03 3.009272040799260139e-03
2.732163853943347931e-02 1.571896672248840332e-02 7.671752013266086578e-03 7.621045806445181370e-04 9.560800972394645214e-04 1.588624785654246807e-03
3.376277163624763489e-02 2.550341375172138214e-02 7.993259467184543610e-03 7.632433553226292133e-04 9.078255970962345600e-04 1.681742724031209946e-03
2.813809365034103394e-02 2.265569940209388733e-02 8.464437909424304962e-03 8.178362040780484676e-04 1.021165866404771805e-03 1.969686942175030708e-03
7.349739782512187958e-03 2.145724743604660034e-02 8.584119379520416260e-03 8.599819266237318516e-04 1.098492299206554890e-03 1.350058242678642273e-03
2.776355482637882233e-02 2.363317273557186127e-02 8.850195445120334625e-03 8.878280059434473515e-04 9.075070847757160664e-04 1.881318050436675549e-03
1.126930210739374161e-02 2.553460374474525452e-02 8.587710559368133545e-03 9.381558629684150219e-04 1.000936143100261688e-03 2.024455228820443153e-03
8.669170737266540527e-02 3.799090534448623657e-02 8.277054876089096069e-03 8.532235515303909779e-04 1.050627906806766987e-03 3.694441635161638260e-03
6.583477370440959930e-03 1.360656321048736572e-02 8.579374291002750397e-03 8.588443160988390446e-04 8.916161023080348969e-04 1.134728430770337582e-03
6.334196310490369797e-03 1.175436563789844513e-02 8.813305757939815521e-03 8.841373492032289505e-04 8.779005147516727448e-04 1.208554953336715698e-03
3.864345606416463852e-03 1.361267175525426865e-02 8.671384304761886597e-03 9.652845328673720360e-04 9.644543169997632504e-04 3.904285258613526821e-04
6.284319330006837845e-03 1.122682448476552963e-02 9.538962505757808685e-03 1.054823747836053371e-03 8.101845160126686096e-04 1.079752924852073193e-03
8.238000795245170593e-03 1.252683717757463455e-02 9.677007794380187988e-03 9.879971621558070183e-04 9.446856565773487091e-04 1.412490615621209145e-03
6.648835726082324982e-03 1.453920453786849976e-02 1.045530289411544800e-02 1.137706683948636055e-03 8.847977733239531517e-04 1.187242800369858742e-03
5.263283848762512207e-03 1.452097669243812561e-02 9.317906573414802551e-03 1.037051784805953503e-03 8.803236414678394794e-04 7.360491435974836349e-04
6.643419153988361359e-03 1.328879687935113907e-02 9.340792894363403320e-03 1.027298276312649250e-03 9.167022653855383396e-04 9.357893140986561775e-04
1.063720136880874634e-02 2.064663358032703400e-02 1.322032976895570755e-02 1.484879641793668270e-03 1.046203076839447021e-03 1.850150758400559425e-03
1.003904361277818680e-02 1.481950934976339340e-02 9.749368764460086823e-03 1.137955114245414734e-03 1.008802792057394981e-03 1.737138605676591396e-03
