2.663080580532550812e-03 8.265266660600900650e-04 2.599727886263281107e-04 3.438891144469380379e-05 4.068461566930636764e-05 5.812649033032357693e-05
2.687018131837248802e-03 9.355047950521111488e-04 3.066337376367300749e-04 3.893361645168624818e-05 4.792003164766356349e-05 6.880328146507963538e-05
3.288895124569535255e-03 1.174303935840725899e-03 3.848788037430495024e-04 4.534770414466038346e-05 6.336497608572244644e-05 1.992500328924506903e-04
2.755107125267386436e-03 9.963969932869076729e-04 3.230506263207644224e-04 4.364308188087306917e-05 5.038333620177581906e-05 8.834165782900527120e-05
2.236515982076525688e-03 8.442774997092783451e-04 3.187762631569057703e-04 3.881009979522787035e-05 4.870068005402572453e-05 8.661729953018948436e-05
2.632927382364869118e-03 1.148874638602137566e-03 3.711830358952283859e-04 4.023196743219159544e-05 6.057578139007091522e-05 1.245383900823071599e-04
2.997658448293805122e-03 1.021618605591356754e-03 3.389329067431390285e-04 3.782128260354511440e-05 5.435071943793445826e-05 1.224036968778818846e-04
2.716500079259276390e-03 9.122315095737576485e-04 3.245472325943410397e-04 4.040809653815813363e-05 5.468673043651506305e-05 1.431210257578641176e-04
1.526682288385927677e-03 6.623179069720208645e-04 3.322531410958617926e-04 4.267101758159697056e-05 5.428262738860212266e-05 8.583629096392542124e-05
2.518194960430264473e-03 8.574119419790804386e-04 4.133654292672872543e-04 4.462696233531460166e-05 6.401220161933451891e-05 1.201565828523598611e-04
2.286787610501050949e-03 9.255741606466472149e-04 3.436458064243197441e-04 4.321850792621262372e-05 5.407303615356795490e-05 1.052527441061101854e-04
2.080913400277495384e-03 8.933771168813109398e-04 3.052757238037884235e-04 4.454049121704883873e-05 4.807555887964554131e-05 1.326484780292958021e-04
3.025992307811975479e-03 7.810923270881175995e-04 3.499104059301316738e-04 4.461960270418785512e-05 5.441544635687023401e-05 1.473308657296001911e-04
2.416847972199320793e-03 8.723796345293521881e-04 3.283592523075640202e-04 4.192105552647262812e-05 5.174237230676226318e-05 1.022113137878477573e-04
2.631074050441384315e-03 8.170787477865815163e-04 3.502584586385637522e-04 4.247474134899675846e-05 5.511297786142677069e-05 9.228423732565715909e-05
2.248281147330999374e-03 1.053024549037218094e-03 4.188352031633257866e-04 4.423695645527914166e-05 6.481360469479113817e-05 1.736979611450806260e-04
4.875795915722846985e-03 1.272860332392156124e-03 3.920384042430669069e-04 4.731614171760156751e-05 6.071643656468950212e-05 3.289008454885333776e-04
2.540725516155362129e-03 1.730392454192042351e-03 3.984690993092954159e-04 4.959094439982436597e-05 5.736734965466894209e-05 3.318407980259507895e-04
2.064101863652467728e-03 9.359416435472667217e-04 4.905975074507296085e-04 4.536631968221627176e-05 7.373563857981935143e-05 1.690105709712952375e-04
4.319516476243734360e-03 1.553238835185766220e-03 5.087282042950391769e-04 4.953115058015100658e-05 7.143089896999299526e-05 3.400570130906999111e-04
4.417941439896821976e-03 9.982628980651497841e-04 4.610321193467825651e-04 5.085108205094002187e-05 6.548064266098663211e-05 1.772017421899363399e-04
2.254475140944123268e-03 1.103436807170510292e-03 3.994002181570976973e-04 4.611581971403211355e-05 5.605740443570539355e-05 1.901735813589766622e-04
3.561151912435889244e-03 1.904656528495252132e-03 5.617609713226556778e-04 4.830232501262798905e-05 8.252906991401687264e-05 4.181703261565417051e-04
3.364820731803774834e-03 8.899488020688295364e-04 3.622379445005208254e-04 4.184877980151213706e-05 5.452889308799058199e-05 1.170358591480180621e-04
2.484069438651204109e-03 1.112466445192694664e-03 4.140803066547960043e-04 4.334152254159562290e-05 6.183372170198708773e-05 1.802754268283024430e-04
2.802620874717831612e-03 1.207870547659695148e-03 3.766817098949104548e-04 4.631539923138916492e-05 5.390669684857130051e-05 1.311270752921700478e-04
4.351658280938863754e-03 1.937067019753158092e-03 4.907269030809402466e-04 4.482365693547762930e-05 7.510242721764370799e-05 4.144748672842979431e-04
3.038528375327587128e-03 1.168026588857173920e-03 3.708344011101871729e-04 4.384007843327708542e-05 5.479972242028452456e-05 1.530890585854649544e-04
2.960028126835823059e-03 1.136225648224353790e-03 4.249922349117696285e-04 4.571925455820746720e-05 6.328237213892862201e-05 1.773526892066001892e-04
2.909737406298518181e-03 1.446353853680193424e-03 5.182037712074816227e-04 4.603167326422408223e-05 7.976858614711090922e-05 9.234869503416121006e-05
4.711867775768041611e-03 2.156095579266548157e-03 5.370251601561903954e-04 4.791591345565393567e-05 7.789913797751069069e-05 4.850827972404658794e-04
3.988702315837144852e-03 1.731421449221670628e-03 4.296890401747077703e-04 4.073660602443851531e-05 6.499604933196678758e-05 4.409207322169095278e-04
2.626668429002165794e-03 9.159175097011029720e-04 4.384576459415256977e-04 4.323151006246916950e-05 6.647970440099015832e-05 1.219527985085733235e-04
2.132818335667252541e-03 1.122235669754445553e-03 3.533847921062260866e-04 4.278997948858886957e-05 5.390594378695823252e-05 8.653453551232814789e-05
2.614957047626376152e-03 9.453768143430352211e-04 5.318475887179374695e-04 4.880828419118188322e-05 7.732225640211254358e-05 1.378613524138927460e-04
1.688853371888399124e-03 7.310751825571060181e-04 4.041634383611381054e-04 4.157724106335081160e-05 6.221553485374897718e-05 1.052840379998087883e-04
4.347110167145729065e-03 8.186868508346378803e-04 3.614113084040582180e-04 4.332341632107272744e-05 5.132102523930370808e-05 2.067747554974630475e-04
3.666888223960995674e-03 1.054613152518868446e-03 5.316335009410977364e-04 4.783120311913080513e-05 8.083310967776924372e-05 1.719836145639419556e-04
3.947460092604160309e-03 1.433348166756331921e-03 3.519929887261241674e-04 4.449918924365192652e-05 4.773604086949490011e-05 3.749704046640545130e-04
3.276909235864877701e-03 9.078139555640518665e-04 3.895048284903168678e-04 4.178957169642671943e-05 5.614506153506226838e-05 1.973245525732636452e-04
4.081841092556715012e-03 9.186918614432215691e-04 3.557002055458724499e-04 4.402844933792948723e-05 5.075072112958878279e-05 1.416303130099549890e-04
3.992506768554449081e-03 7.986145210452377796e-04 4.356182471383363008e-04 4.355862984084524214e-05 6.791541090933606029e-05 2.864134730771183968e-04
3.853037487715482712e-03 1.016443129628896713e-03 3.872370289172977209e-04 4.067899499204941094e-05 5.954755761194974184e-05 2.208744699601083994e-04
4.473020788282155991e-03 1.941961003467440605e-03 4.771940293721854687e-04 4.392366827232763171e-05 7.335783448070287704e-05 4.938208148814737797e-04
3.861552802845835686e-03 2.850441494956612587e-03 4.325790505390614271e-04 4.611151962308213115e-05 6.776284135412424803e-05 4.519989597611129284e-04
4.043224733322858810e-03 7.526993867941200733e-04 3.565559163689613342e-04 3.952090992243029177e-05 5.859175143996253610e-05 1.764467888278886676e-04
3.652396146208047867e-03 1.994183752685785294e-03 3.474610857665538788e-04 4.669083136832341552e-05 5.476316437125205994e-05 4.158872179687023163e-04
4.669049289077520370e-03 2.824352821335196495e-03 4.502114315982908010e-04 4.388632441987283528e-05 7.182171248132362962e-05 3.535103460308164358e-04
4.532282240688800812e-03 2.768006175756454468e-03 4.575304046738892794e-04 4.369693488115444779e-05 7.311763329198583961e-05 4.862246860284358263e-04
4.719625692814588547e-03 1.232670387253165245e-03 5.205311463214457035e-04 4.543040995486080647e-05 8.595617691753432155e-05 3.302838886156678200e-04
4.456880502402782440e-03 1.170480973087251186e-03 5.182332242839038372e-04 4.888723196927458048e-05 7.697573164477944374e-05 3.326101286802440882e-04
4.363038111478090286e-03 2.107550157234072685e-03 3.481974417809396982e-04 4.528611316345632076e-05 5.164029062143526971e-05 1.966552517842501402e-04
4.229434300214052200e-03 1.270791864953935146e-03 3.421378787606954575e-04 4.839252505917102098e-05 4.976977288606576622e-05 3.610955318436026573e-04
4.855889361351728439e-03 1.188412774354219437e-03 3.845276078209280968e-04 4.723904567072167993e-05 5.783653250546194613e-05 1.701909641269594431e-04
4.661694634705781937e-03 1.686301198787987232e-03 3.808459150604903698e-04 4.411822737893089652e-05 5.661167597281746566e-05 4.550548328552395105e-04
4.720001015812158585e-03 1.872978173196315765e-03 5.955685046501457691e-04 4.959883517585694790e-05 8.802046795608475804e-05 4.322444438003003597e-04
4.535020329058170319e-03 1.515547512099146843e-03 4.476458998396992683e-04 4.335258563514798880e-05 6.996893353061750531e-05 1.551000605104491115e-04
4.581933841109275818e-03 1.294787973165512085e-03 4.476630710996687412e-04 5.037696610088460147e-05 6.809595652157440782e-05 3.766091540455818176e-04
4.523191601037979126e-03 1.146277063526213169e-03 3.743062261492013931e-04 4.365107452031224966e-05 5.576094190473668277e-05 1.433082943549379706e-04
4.753965418785810471e-03 1.465806853957474232e-03 6.351349293254315853e-04 4.655690645449794829e-05 1.079813300748355687e-04 4.239700501784682274e-04
4.411140922456979752e-03 2.003113972023129463e-03 4.231615166645497084e-04 4.697669646702706814e-05 6.164234218886122108e-05 4.647945170290768147e-04
4.362508188933134079e-03 9.875340620055794716e-04 4.596701764967292547e-04 4.600644751917570829e-05 7.025018567219376564e-05 1.712595403660088778e-04
4.627790767699480057e-03 1.873052329756319523e-03 4.762567405123263597e-04 4.757952774525620043e-05 7.415615982608869672e-05 3.302157856523990631e-04
4.680559504777193069e-03 3.351609222590923309e-03 3.997527237515896559e-04 4.845456714974716306e-05 5.826389678986743093e-05 5.578028503805398941e-04
4.599562846124172211e-03 1.881961012259125710e-03 5.177553975954651833e-04 5.159957800060510635e-05 7.541522791143506765e-05 3.950575774069875479e-04
2.488343743607401848e-03 1.206646207720041275e-03 4.835833096876740456e-04 5.612270251731388271e-05 6.952915282454341650e-05 2.920919505413621664e-04
2.327048452571034431e-03 9.436021791771054268e-04 4.074432072229683399e-04 5.067446545581333339e-05 5.841381789650768042e-05 1.298334682360291481e-04
3.590653417631983757e-03 8.597944979555904865e-04 6.328204181045293808e-04 5.514081931323744357e-05 8.778162737144157290e-05 3.305865975562483072e-04
2.620208077132701874e-03 9.422907605767250061e-04 5.997430998831987381e-04 5.245904685580171645e-05 8.445204002782702446e-05 3.358906833454966545e-04
2.002924913540482521e-03 1.057684654369950294e-03 4.666346358135342598e-04 4.916342732030898333e-05 6.774115172447636724e-05 9.309426968684419990e-05
4.496702458709478378e-03 1.248168060556054115e-03 4.588498268276453018e-04 4.377455479698255658e-05 7.144308619899675250e-05 4.158201336394995451e-04
2.808518242090940475e-03 1.250179368071258068e-03 5.644600605592131615e-04 4.623713539331220090e-05 7.903345249360427260e-05 3.770493785850703716e-04
3.446559188887476921e-03 1.917480491101741791e-03 3.571654087863862514e-04 4.583263216773048043e-05 4.958541831001639366e-05 4.280124849174171686e-04
1.510577858425676823e-03 1.222600811161100864e-03 5.436220671981573105e-04 4.655835437006317079e-05 7.743586320430040359e-05 8.901453111320734024e-05
3.584138816222548485e-03 2.340787323191761971e-03 4.263537703081965446e-04 4.596172584570012987e-05 5.942752250120975077e-05 4.201467381790280342e-04
2.843460766598582268e-03 1.359367626719176769e-03 5.368668935261666775e-04 4.727318446384742856e-05 7.586264837300404906e-05 3.776911180466413498e-04
2.141688950359821320e-03 1.194441691040992737e-03 4.297994310036301613e-04 4.928945418214425445e-05 6.288573786150664091e-05 3.334140346851199865e-04
1.837136456742882729e-03 8.845643606036901474e-04 5.064535071142017841e-04 4.700729550677351654e-05 7.445672235917299986e-05 1.855348527897149324e-04
2.759513445198535919e-03 9.566959924995899200e-04 5.251445691101253033e-04 4.353837357484735548e-05 8.106895984383299947e-05 2.914881042670458555e-04
3.738543484359979630e-03 2.004884416237473488e-03 3.731767064891755581e-04 4.062696098117157817e-05 5.581656660069711506e-05 4.374738491605967283e-04
4.010194446891546249e-03 2.426663879305124283e-03 3.928644582629203796e-04 4.265883762855082750e-05 5.762718865298666060e-05 3.607472463045269251e-04
2.851330908015370369e-03 1.193255069665610790e-03 4.853496211580932140e-04 4.287789852241985500e-05 7.512903539463877678e-05 3.951088583562523127e-04
4.026792477816343307e-03 1.658423454500734806e-03 4.089781141374260187e-04 4.397038355818949640e-05 6.108736124588176608e-05 4.430922272149473429e-04
2.328426344320178032e-03 1.371076214127242565e-03 5.552681977860629559e-04 4.248059849487617612e-05 7.996922067832201719e-05 2.309396804776042700e-04
3.062646836042404175e-03 1.147352275438606739e-03 3.282211837358772755e-04 3.978182940045371652e-05 4.923440428683534265e-05 3.498594742268323898e-04
3.603058867156505585e-03 3.141725901514291763e-03 3.175402234774082899e-04 3.678196662804111838e-05 4.801219984074123204e-05 4.092103044968098402e-04
3.693655133247375488e-03 3.525297157466411591e-03 3.454852849245071411e-04 4.072800220455974340e-05 5.207122012507170439e-05 3.711809113156050444e-04
3.412530524656176567e-03 2.239198423922061920e-03 3.979391767643392086e-04 3.735541031346656382e-05 6.603253859793767333e-05 3.784961591009050608e-04
3.035676665604114532e-03 1.063669682480394840e-03 3.962575283367186785e-04 3.832580841844901443e-05 6.305152055574581027e-05 3.343781281728297472e-04
3.726693568751215935e-03 1.431757584214210510e-03 3.717704094015061855e-04 3.984659633715637028e-05 6.122978811617940664e-05 3.755887155421078205e-04
3.848438616842031479e-03 2.639091806486248970e-03 3.743350389413535595e-04 3.893131361110135913e-05 5.751902790507301688e-05 4.689150082413107157e-04
3.443331923335790634e-03 1.818585442379117012e-03 4.646231827791780233e-04 4.122438258491456509e-05 7.272571383509784937e-05 3.560033801477402449e-04
4.119283519685268402e-03 4.572506062686443329e-03 4.031911084894090891e-04 3.740157262654975057e-05 6.847686017863452435e-05 4.326105990912765265e-04
5.172590259462594986e-03 4.499204922467470169e-03 2.970967616420239210e-04 4.001353954663500190e-05 4.720605647889897227e-05 5.101530696265399456e-04
3.281003097072243690e-03 2.044911729171872139e-03 4.229061014484614134e-04 3.961311449529603124e-05 6.454577669501304626e-05 3.686679701786488295e-04
3.990469034761190414e-03 2.750638406723737717e-03 3.592166467569768429e-04 3.578461110009811819e-05 5.810691800434142351e-05 4.438881878741085529e-04
2.157234819605946541e-03 1.854041707701981068e-03 3.435131220612674952e-04 4.010845805169083178e-05 5.168139978195540607e-05 1.708185736788436770e-04
4.751428030431270599e-03 4.939352627843618393e-03 3.926622157450765371e-04 4.057608020957559347e-05 6.336595106404274702e-05 4.889676929451525211e-04
3.658720757812261581e-03 1.446640701033174992e-03 4.050257848575711250e-04 4.877736137132160366e-05 5.800575308967381716e-05 3.873165696859359741e-04
4.326469730585813522e-03 2.100627403706312180e-03 5.344474338926374912e-04 4.707018160843290389e-05 7.801626634318381548e-05 3.984161012340337038e-04
3.793929237872362137e-03 2.288598800078034401e-03 3.744079440366476774e-04 3.950671816710382700e-05 5.951991624897345901e-05 2.954238152597099543e-04
3.482222557067871094e-03 1.817308133468031883e-03 3.977716842200607061e-04 4.071020521223545074e-05 6.542968185385689139e-05 3.509794478304684162e-04
3.312428947538137436e-03 1.165571855381131172e-03 3.743353881873190403e-04 4.207016900181770325e-05 5.680216054315678775e-05 2.636607096064835787e-04
3.233725670725107193e-03 1.239113975316286087e-03 3.994308935943990946e-04 4.818516754312440753e-05 5.516188684850931168e-05 2.716567832976579666e-04
3.051600884646177292e-03 1.283195917494595051e-03 3.661765949800610542e-04 4.107427957933396101e-05 5.516349483514204621e-05 3.139839682262390852e-04
3.938276320695877075e-03 1.881901989690959454e-03 3.537905577104538679e-04 4.216868182993493974e-05 5.301251803757622838e-05 3.023384779226034880e-04
3.710695076733827591e-03 1.127472729422152042e-03 4.601695400197058916e-04 4.180874748271889985e-05 6.936947465874254704e-05 2.806958218570798635e-04
3.787818597629666328e-03 1.006349921226501465e-03 4.401478217914700508e-04 4.368077134131453931e-05 6.524149648612365127e-05 2.128181076841428876e-04
3.776840167120099068e-03 1.419313601218163967e-03 4.881240020040422678e-04 4.945434193359687924e-05 7.156764331739395857e-05 2.685420622583478689e-04
3.722126362845301628e-03 2.236602129414677620e-03 3.430103242862969637e-04 3.928002479369752109e-05 5.601758675766177475e-05 3.309464955236762762e-04
4.633363336324691772e-03 2.719247248023748398e-03 3.705543349497020245e-04 4.226386954542249441e-05 5.589801367023028433e-05 3.809464687947183847e-04
4.684279207140207291e-03 2.193852560594677925e-03 3.556156298145651817e-04 4.353180338512174785e-05 5.170155782252550125e-05 3.295538190286606550e-04
4.648317582905292511e-03 1.497909426689147949e-03 4.111375019419938326e-04 4.455561429494991899e-05 5.990159843349829316e-05 3.086329961661249399e-04
4.731667693704366684e-03 1.348905381746590137e-03 3.840874123852699995e-04 4.276007530279457569e-05 5.689241879736073315e-05 1.765750785125419497e-04
4.465606063604354858e-03 3.760463092476129532e-03 3.329205210320651531e-04 4.231890125083737075e-05 5.161673470865935087e-05 4.637554811779409647e-04
4.809765610843896866e-03 1.764818327501416206e-03 3.595042799133807421e-04 4.148691368754953146e-05 5.246747241471894085e-05 3.029364161193370819e-04
4.703300539404153824e-03 2.365851774811744690e-03 4.205378936603665352e-04 4.183923374512232840e-05 6.391056376742199063e-05 3.698699292726814747e-04
4.556613508611917496e-03 2.138037700206041336e-03 4.026999813504517078e-04 4.349479786469601095e-05 6.395979289663955569e-05 3.705081762745976448e-04
4.694837145507335663e-03 1.402562949806451797e-03 3.680978261400014162e-04 4.193276981823146343e-05 5.812085146317258477e-05 2.849225711543112993e-04
4.925768822431564331e-03 1.454893616028130054e-03 3.875282127410173416e-04 4.198632086627185345e-05 6.182910146890208125e-05 2.972162619698792696e-04
4.744127858430147171e-03 1.762661268003284931e-03 4.067102563567459583e-04 4.308962888899259269e-05 6.148890679469332099e-05 3.458748396951705217e-04
4.756921436637639999e-03 3.528648521751165390e-03 3.426601761020720005e-04 4.088908826815895736e-05 5.572031295741908252e-05 5.719944601878523827e-04
4.594363737851381302e-03 3.441702807322144508e-03 3.424019669182598591e-04 4.444002479431219399e-05 5.210295057622715831e-05 5.102809518575668335e-04
4.870505537837743759e-03 5.009891930967569351e-03 2.765602257568389177e-04 3.981259942520409822e-05 4.574359627440571785e-05 5.655312561430037022e-04
