1.327631762251257896e-03 4.655378579627722502e-04 6.453231617342680693e-05 1.104403690987965092e-05 9.674598004494328052e-06 2.340297760383691639e-05
2.590034157037734985e-03 9.120197501033544540e-04 8.017022628337144852e-05 1.363180035696132109e-05 1.184670145448762923e-05 2.777034569589886814e-05
1.470879535190761089e-03 5.487676826305687428e-04 8.043304842431098223e-05 1.373503801005426794e-05 1.189302929560653865e-05 2.809257603075820953e-05
1.535963965579867363e-03 5.599716096185147762e-04 7.969386933837085962e-05 1.387722386425593868e-05 1.170583163911942393e-05 3.028155879292171448e-05
2.285404829308390617e-03 8.573835948482155800e-04 8.111333590932190418e-05 1.390914076182525605e-05 1.200516544486163184e-05 3.118091626674868166e-05
1.768677611835300922e-03 6.752094486728310585e-04 8.080711995717138052e-05 1.386570602335268632e-05 1.198933659907197580e-05 3.127245508949272335e-05
1.555424998514354229e-03 5.994358798488974571e-04 8.038464147830381989e-05 1.388283817504998296e-05 1.206794513564091176e-05 3.196594843757338822e-05
2.648122143000364304e-03 1.067533856257796288e-03 7.994895713636651635e-05 1.365226580674061552e-05 1.201449049403890967e-05 2.943147046607919037e-05
2.211094135418534279e-03 9.080606978386640549e-04 7.943907985463738441e-05 1.382018035656074062e-05 1.190354032587492839e-05 3.239253055653534830e-05
1.472506555728614330e-03 6.130931433290243149e-04 8.034100028453394771e-05 1.414795042364858091e-05 1.163338311016559601e-05 3.131444464088417590e-05
2.428624778985977173e-03 1.061153598129749298e-03 8.062255074037238955e-05 1.428504856448853388e-05 1.174982935481239110e-05 3.472357275313697755e-05
1.867005717940628529e-03 7.707346812821924686e-04 8.137650729622691870e-05 1.430035445082467049e-05 1.198056725115748122e-05 3.489271330181509256e-05
1.576510141603648663e-03 6.729721790179610252e-04 8.123336738208308816e-05 1.481516483181621879e-05 1.179815626528579742e-05 3.292061228421516716e-05
1.538797630928456783e-03 6.992293056100606918e-04 8.137082477333024144e-05 1.506410080764908344e-05 1.170966606878209859e-05 3.457505954429507256e-05
1.324361772276461124e-03 5.281756748445332050e-04 8.120013808365911245e-05 1.497659741289680824e-05 1.181655898108147085e-05 3.736129656317643821e-05
1.780673861503601074e-03 8.308222168125212193e-04 8.192202221835032105e-05 1.496935055911308154e-05 1.169525057775899768e-05 3.842075966531410813e-05
1.681017340160906315e-03 8.092744974419474602e-04 8.143167360685765743e-05 1.483686719438992441e-05 1.158311442850390449e-05 3.776392622967250645e-05
1.657365704886615276e-03 8.159397984854876995e-04 8.320502820424735546e-05 1.519086981716100127e-05 1.190592774946708232e-05 3.155779995722696185e-05
1.641543814912438393e-03 8.066827431321144104e-04 8.188821084331721067e-05 1.464700108044780791e-05 1.185791097668698058e-05 3.802819628617726266e-05
1.605222234502434731e-03 8.537538815289735794e-04 8.284638170152902603e-05 1.485095890529919416e-05 1.181796869786921889e-05 3.460829975665546954e-05
1.316312933340668678e-03 6.174772861413657665e-04 8.131356298690661788e-05 1.450641320843715221e-05 1.153828361566411331e-05 3.627061960287392139e-05
1.780907739885151386e-03 9.826601017266511917e-04 8.121429709717631340e-05 1.443957989977207035e-05 1.156279540737159550e-05 3.769661634578369558e-05
1.922219409607350826e-03 1.024330616928637028e-03 8.256200089817866683e-05 1.454385619581444189e-05 1.206033539347117767e-05 4.726534098153933883e-05
1.431996701285243034e-03 6.894288817420601845e-04 8.195226837415248156e-05 1.409611377312103286e-05 1.180963317892747000e-05 4.032262222608551383e-05
1.357032684609293938e-03 6.824613083153963089e-04 8.050764881772920489e-05 1.411494577041594312e-05 1.191260253108339384e-05 4.205774166621267796e-05
1.587868318893015385e-03 7.917396724224090576e-04 8.028782031033188105e-05 1.390992565575288609e-05 1.146376325777964666e-05 4.989421358914114535e-05
1.365605159662663937e-03 7.943832897581160069e-04 8.007218275452032685e-05 1.395296749251428992e-05 1.141410484706284478e-05 3.853709858958609402e-05
1.461166422814130783e-03 7.747015333734452724e-04 8.029294986044988036e-05 1.379595505568431690e-05 1.160573992819990963e-05 5.114321538712829351e-05
1.486729481257498264e-03 7.899161428213119507e-04 8.106177847366780043e-05 1.423921094101388007e-05 1.140995755122276023e-05 5.866291030542925000e-05
1.508069108240306377e-03 9.093830012716352940e-04 8.107470057439059019e-05 1.412161964253755286e-05 1.160580723080784082e-05 4.362317486084066331e-05
1.422964734956622124e-03 8.666970534250140190e-04 8.148988126777112484e-05 1.413806421624030918e-05 1.169857750937808305e-05 4.299650026950985193e-05
1.333744148723781109e-03 7.700148271396756172e-04 8.151920337695628405e-05 1.416774739482207224e-05 1.152574532170547172e-05 4.995929339202120900e-05
1.471281866542994976e-03 7.839389145374298096e-04 8.114511001622304320e-05 1.413980226061539724e-05 1.163682100013829768e-05 5.625241101370193064e-05
1.471028197556734085e-03 6.256288033910095692e-04 8.220307063311338425e-05 1.424148467776831239e-05 1.173847704194486141e-05 6.081903120502829552e-05
1.518183620646595955e-03 6.542340852320194244e-04 8.071320189628750086e-05 1.396593870595097542e-05 1.164150853583123535e-05 8.015903586056083441e-05
1.396512845531105995e-03 6.752623594366014004e-04 8.114073716569691896e-05 1.390389206790132448e-05 1.167026766779599711e-05 5.695096842828206718e-05
1.407204661518335342e-03 6.473485846072435379e-04 8.145696483552455902e-05 1.411040466336999089e-05 1.154830079030944034e-05 5.376494300435297191e-05
1.149233663454651833e-03 5.415201303549110889e-04 8.265591895906254649e-05 1.420760963810607791e-05 1.167591835837811232e-05 5.316832175594754517e-05
1.423711772076785564e-03 5.320481723174452782e-04 8.238344162236899137e-05 1.411065386491827667e-05 1.182760115625569597e-05 7.134111365303397179e-05
1.714632613584399223e-03 5.187581991776823997e-04 8.295981388073414564e-05 1.437886839994462207e-05 1.182372488983673975e-05 9.110339306062087417e-05
1.372512429952621460e-03 5.137292318977415562e-04 8.329554839292541146e-05 1.410642744303913787e-05 1.211692051583668217e-05 7.410313992295414209e-05
1.504156971350312233e-03 5.085913580842316151e-04 8.369625720661133528e-05 1.433695069863460958e-05 1.199864709633402526e-05 5.410274752648547292e-05
1.547355903312563896e-03 5.186230991967022419e-04 8.483036799589172006e-05 1.464927663619164377e-05 1.193902880913810804e-05 6.354304059641435742e-05
1.590242143720388412e-03 5.307999090291559696e-04 8.345236710738390684e-05 1.439462357666343451e-05 1.194090236822376028e-05 7.030201959423720837e-05
1.447803922928869724e-03 4.588479932863265276e-04 8.382617670577019453e-05 1.422479635948548093e-05 1.217402677866630256e-05 8.237767178798094392e-05
1.989312702789902687e-03 4.716663388535380363e-04 8.156499097822234035e-05 1.412191340932622552e-05 1.169344523077597842e-05 9.475216938881203532e-05
2.665458479896187782e-03 5.637470749206840992e-04 8.361590153072029352e-05 1.439725929230917245e-05 1.183572021545842290e-05 9.530952956993132830e-05
1.960702938959002495e-03 5.739785265177488327e-04 8.265230280812829733e-05 1.435893591406056657e-05 1.202200382977025583e-05 9.025805047713220119e-05
2.670560963451862335e-03 5.505849258042871952e-04 8.354018063982948661e-05 1.450186391593888402e-05 1.196947323478525504e-05 8.126132161123678088e-05
2.646936802193522453e-03 5.996660329401493073e-04 8.171764784492552280e-05 1.416823761246632785e-05 1.153810171672375873e-05 8.260869071818888187e-05
1.773059018887579441e-03 6.477371207438409328e-04 8.354913006769493222e-05 1.458167571399826556e-05 1.184061056846985593e-05 6.969072273932397366e-05
2.105081686750054359e-03 5.504654254764318466e-04 8.281157352030277252e-05 1.441796121071092784e-05 1.174988665297860280e-05 6.680207297904416919e-05
2.340762177482247353e-03 7.040064083412289619e-04 8.110002090688794851e-05 1.412077472195960581e-05 1.174083172372775152e-05 8.081537816906347871e-05
2.018954139202833176e-03 7.101637311279773712e-04 8.329287811648100615e-05 1.442526536266086623e-05 1.186372901429422200e-05 1.015605885186232626e-04
1.436021877452731133e-03 6.841677823103964329e-04 8.299360342789441347e-05 1.435126523574581370e-05 1.192038416775176302e-05 6.511855463031679392e-05
1.465904992073774338e-03 7.024550577625632286e-04 8.419525693170726299e-05 1.462901582272024825e-05 1.212942061101784930e-05 6.637493788730353117e-05
2.221367089077830315e-03 7.477896870113909245e-04 8.462575351586565375e-05 1.464932302042143419e-05 1.226356198458233848e-05 7.668579200981184840e-05
1.779814600013196468e-03 6.370174814946949482e-04 8.256494038505479693e-05 1.447037175239529461e-05 1.171749227069085464e-05 6.795421359129250050e-05
2.408283064141869545e-03 7.496085017919540405e-04 8.503510616719722748e-05 1.477203113608993590e-05 1.209806123370071873e-05 8.946904563345015049e-05
1.430656877346336842e-03 7.037157192826271057e-04 8.428833825746551156e-05 1.444973804609617218e-05 1.204318778036395088e-05 7.479875785065814853e-05
1.548104686662554741e-03 7.042004144750535488e-04 8.408229768974706531e-05 1.458980568713741377e-05 1.192255876958370209e-05 7.469527918146923184e-05
2.177583053708076477e-03 6.708609289489686489e-04 8.397791680181398988e-05 1.471665473218308762e-05 1.196636549138929695e-05 1.044658056343905628e-04
1.348607824184000492e-03 6.069635273888707161e-04 8.620841981610283256e-05 1.503665134805487469e-05 1.261255511053605005e-05 6.922795000718906522e-05
1.777204801328480244e-03 4.558777145575731993e-04 8.593502570874989033e-05 1.553179026814177632e-05 1.237863398273475468e-05 5.879314267076551914e-05
1.430909615010023117e-03 5.564154707826673985e-04 8.382714440813288093e-05 1.505025466030929238e-05 1.215675638377433643e-05 5.850799425388686359e-05
1.614168286323547363e-03 4.200325347483158112e-04 8.490341861033812165e-05 1.551968307467177510e-05 1.229357894771965221e-05 6.806189776398241520e-05
1.990316901355981827e-03 4.165390855632722378e-04 8.544157753931358457e-05 1.610370964044705033e-05 1.187307680083904415e-05 9.014162787934765220e-05
2.144825877621769905e-03 3.844953316729515791e-04 8.516795060131698847e-05 1.620394868950825185e-05 1.226035783474799246e-05 8.183359022950753570e-05
2.054153243079781532e-03 3.865075414068996906e-04 8.708552195457741618e-05 1.674608938628807664e-05 1.238231470779282972e-05 7.766456110402941704e-05
1.347284764051437378e-03 4.557018692139536142e-04 8.515916124451905489e-05 1.658549808780662715e-05 1.167146092484472319e-05 6.834263331256806850e-05
1.851733308285474777e-03 4.375651769805699587e-04 8.427683496847748756e-05 1.652656283113174140e-05 1.152745153376599774e-05 1.057716945069842041e-04
1.542421989142894745e-03 4.286169132683426142e-04 8.382772648474201560e-05 1.654545121709816158e-05 1.179008449980756268e-05 9.172483260044828057e-05
1.254089525900781155e-03 4.113772301934659481e-04 8.497275848640128970e-05 1.624335709493607283e-05 1.197234269056934863e-05 7.728795753791928291e-05
1.040248898789286613e-03 4.512220912147313356e-04 8.430000889347866178e-05 1.623846037546172738e-05 1.187700672744540498e-05 7.074871246004477143e-05
9.359079413115978241e-04 4.383548512123525143e-04 8.454292401438578963e-05 1.565073944220785052e-05 1.201090799440862611e-05 7.485862442990764976e-05
9.348439052700996399e-04 4.848596290685236454e-04 8.487473678542301059e-05 1.542252539366018027e-05 1.213066752825397998e-05 7.824375643394887447e-05
9.937504073604941368e-04 5.586391198448836803e-04 8.497105591231957078e-05 1.519299439678434283e-05 1.216274085891200230e-05 7.484092202503234148e-05
1.137989456765353680e-03 5.338761257007718086e-04 8.343594527104869485e-05 1.497123867011396214e-05 1.174632052425295115e-05 6.141405901871621609e-05
1.778490026481449604e-03 7.085845572873950005e-04 8.345813694177195430e-05 1.435068224964197725e-05 1.181968764285556972e-05 7.533187454100698233e-05
1.409367192536592484e-03 6.933658150956034660e-04 8.411906310357153416e-05 1.464334945922018960e-05 1.198229347210144624e-05 1.195128497784025967e-04
1.290159765630960464e-03 5.810703150928020477e-04 8.356200851267203689e-05 1.442749908164842054e-05 1.194229480461217463e-05 9.328196756541728973e-05
1.264715567231178284e-03 5.770441493950784206e-04 8.181595330825075507e-05 1.395374692947370932e-05 1.169360984931699932e-05 8.561443246435374022e-05
1.304957666434347630e-03 5.984000745229423046e-04 8.148315100697800517e-05 1.435323792975395918e-05 1.170097129943314940e-05 8.636498387204483151e-05
1.521540805697441101e-03 6.278465152718126774e-04 7.996184285730123520e-05 1.358635017822962254e-05 1.156206326413666829e-05 8.813077147351577878e-05
1.341600669547915459e-03 5.537908873520791531e-04 7.905365782789885998e-05 1.349275407847017050e-05 1.163285287475446239e-05 8.614301623310893774e-05
1.291078981012105942e-03 5.823879619129002094e-04 7.923709927126765251e-05 1.358289682684699073e-05 1.163855904451338574e-05 1.079572248272597790e-04
1.398816239088773727e-03 5.066295270808041096e-04 7.996161002665758133e-05 1.360294390906346962e-05 1.170181349152699113e-05 1.205814551212824881e-04
1.214092946611344814e-03 4.812877741642296314e-04 7.813975389581173658e-05 1.310035804635845125e-05 1.168962444353383034e-05 6.482862227130681276e-05
1.561388606205582619e-03 6.333300261758267879e-04 7.849656685721129179e-05 1.346310909866588190e-05 1.165579124062787741e-05 6.648094131378456950e-05
1.542856567539274693e-03 6.044809124432504177e-04 7.799619925208389759e-05 1.336222430836642161e-05 1.166339825431350619e-05 1.468032714910805225e-04
1.178739592432975769e-03 6.931892130523920059e-04 7.740463479422032833e-05 1.300951589655596763e-05 1.176911155198467895e-05 6.536584987770766020e-05
1.761826104484498501e-03 6.646816618740558624e-04 7.742723391856998205e-05 1.298298229812644422e-05 1.200131828227313235e-05 1.598188828211277723e-04
1.769029651768505573e-03 7.273832452483475208e-04 7.652621570741757751e-05 1.291608714382164180e-05 1.161989621323300526e-05 1.432428543921560049e-04
1.218829536810517311e-03 7.153465994633734226e-04 7.642678974661976099e-05 1.256563064089277759e-05 1.188002261187648401e-05 7.184099376900121570e-05
1.158115919679403305e-03 8.943220600485801697e-04 7.754212128929793835e-05 1.298153529205592349e-05 1.169026018033036962e-05 7.474030280718579888e-05
1.480535138398408890e-03 8.281856426037847996e-04 7.759533764328807592e-05 1.293546483793761581e-05 1.179010723717510700e-05 8.688977686688303947e-05
1.207412686198949814e-03 8.517245878465473652e-04 7.695217209402471781e-05 1.307071397604886442e-05 1.174922726931981742e-05 8.730581612326204777e-05
1.349695492535829544e-03 8.816635818220674992e-04 7.550291775260120630e-05 1.268475079996278509e-05 1.150377283920533955e-05 8.682268526172265410e-05
1.566213439218699932e-03 8.717820746824145317e-04 7.605486462125554681e-05 1.274149053642759100e-05 1.164896093541756272e-05 1.259022392332553864e-04
1.528196502476930618e-03 8.455304778181016445e-04 7.493134035030379891e-05 1.258322663488797843e-05 1.144115685747237876e-05 1.427333481842651963e-04
1.957654953002929688e-03 9.904360631480813026e-04 7.648550672456622124e-05 1.266314029635395855e-05 1.168865492218174040e-05 1.661689893808215857e-04
1.606424455530941486e-03 8.404271211475133896e-04 7.554618059657514095e-05 1.273143880098359659e-05 1.158471241069491953e-05 1.515874464530497789e-04
1.836185925640165806e-03 7.903050864115357399e-04 7.555328920716419816e-05 1.265906939806882292e-05 1.164286732091568410e-05 1.509501016698777676e-04
1.615647692233324051e-03 6.924620829522609711e-04 7.529270078521221876e-05 1.256174073205329478e-05 1.129754855355713516e-05 1.503362727817147970e-04
1.882564625702798367e-03 8.637369610369205475e-04 7.668274338357150555e-05 1.291278476855950430e-05 1.175205670733703300e-05 1.672825892455875874e-04
1.697183470241725445e-03 9.956773137673735619e-04 7.673070649616420269e-05 1.293560035264817998e-05 1.180063281935872510e-05 1.690871140453964472e-04
1.928593148477375507e-03 9.228690178133547306e-04 7.692965300520882010e-05 1.285235885006841272e-05 1.184884422400500625e-05 1.692179503152146935e-04
1.883275923319160938e-03 1.330484054051339626e-03 7.616454240633174777e-05 1.295372931053861976e-05 1.150163825514027849e-05 1.761970634106546640e-04
1.462731743231415749e-03 7.521416409872472286e-04 7.777090650051832199e-05 1.306156536884373054e-05 1.165829235105775297e-05 1.228220353368669748e-04
1.754376571625471115e-03 1.041501644067466259e-03 7.710896170465275645e-05 1.301935299125034362e-05 1.164417153631802648e-05 1.231698115589097142e-04
2.192010637372732162e-03 1.177499303594231606e-03 7.739927241345867515e-05 1.314897235715761781e-05 1.140254425990860909e-05 1.446476235287263989e-04
2.641867846250534058e-03 1.142358640208840370e-03 7.932131848065182567e-05 1.363351566396886483e-05 1.214316853292984888e-05 1.569884479977190495e-04
2.454866655170917511e-03 1.096157124266028404e-03 7.718377310084179044e-05 1.317359601671341807e-05 1.152988352259853855e-05 1.610966864973306656e-04
1.518277451395988464e-03 9.243083768524229527e-04 7.722601731074973941e-05 1.311912819801364094e-05 1.150726529886014760e-05 1.089543220587074757e-04
2.258365275338292122e-03 1.004771329462528229e-03 7.969466241775080562e-05 1.385455652780365199e-05 1.159798739536199719e-05 1.375599676975980401e-04
2.355810953304171562e-03 8.613275131210684776e-04 7.840371108613908291e-05 1.366717606288148090e-05 1.144000907515874133e-05 1.289283536607399583e-04
2.231735968962311745e-03 1.202991814352571964e-03 7.702564471401274204e-05 1.313231587118934840e-05 1.128797066485276446e-05 1.399434549966827035e-04
2.027294132858514786e-03 1.042192219756543636e-03 7.862931670388206840e-05 1.333404543402139097e-05 1.154638175648869947e-05 1.135659840656444430e-04
1.703865476883947849e-03 7.691442733630537987e-04 7.927423575893044472e-05 1.369589335808996111e-05 1.151449305325513706e-05 9.002461592899635434e-05
1.771018956787884235e-03 8.132866933010518551e-04 7.754738180665299296e-05 1.357286419079173356e-05 1.130421424022642896e-05 6.223603122634813190e-05
2.201050985604524612e-03 8.707370725460350513e-04 8.033048652578145266e-05 1.378736124024726450e-05 1.152742333943024278e-05 9.787359886104241014e-05
2.305078785866498947e-03 9.950461098924279213e-04 8.148403867380693555e-05 1.415751557942712680e-05 1.161174714070511982e-05 1.170319010270759463e-04
1.709042233414947987e-03 7.070583524182438850e-04 8.083366992650553584e-05 1.414497273799497634e-05 1.162881653726799414e-05 9.010756184579804540e-05
1.748636830598115921e-03 7.256179815158247948e-04 7.998295768629759550e-05 1.409392825735267252e-05 1.142542350862640887e-05 9.768411837285384536e-05
