3.778144717216491699e-03 1.380836591124534607e-03 1.492607698310166597e-04 2.110726745740976185e-05 2.942272112704813480e-05 5.381511800806038082e-05
3.653463907539844513e-03 1.367482938803732395e-03 1.768395159160718322e-04 2.467649210302624851e-05 2.987991865666117519e-05 7.244652806548401713e-05
3.842147300019860268e-03 1.481535611674189568e-03 1.931715087266638875e-04 2.778658745228312910e-05 4.153892223257571459e-05 1.126580973505042493e-04
3.098046872764825821e-03 1.169294118881225586e-03 2.770366845652461052e-04 3.449578071013092995e-05 9.445046453038230538e-05 1.546378043713048100e-04
2.159030642360448837e-03 8.613148238509893417e-04 3.031870874110609293e-04 4.123498729313723743e-05 1.276526163564994931e-04 1.043102602125145495e-04
2.077901735901832581e-03 8.800090872682631016e-04 3.890185325872153044e-04 4.397955854074098170e-05 2.008332230616360903e-04 1.027003963827155530e-04
3.816484240815043449e-03 1.549145090393722057e-03 2.811002195812761784e-04 4.211826308164745569e-05 1.165833891718648374e-04 8.920528489397838712e-05
3.286672756075859070e-03 1.581707154400646687e-03 4.527890123426914215e-04 6.004792885505594313e-05 1.536841737106442451e-04 1.517208147561177611e-04
2.385872183367609978e-03 1.456682803109288216e-03 5.574039532802999020e-04 7.476725295418873429e-05 1.211720373248681426e-04 8.896990766515955329e-05
1.798876677639782429e-03 1.003493438474833965e-03 3.862412122543901205e-04 4.768015060108155012e-05 1.589980820426717401e-04 8.407598943449556828e-05
3.743517212569713593e-03 1.710091019049286842e-03 5.271012778393924236e-04 6.542984920088201761e-05 1.637444365769624710e-04 1.274007372558116913e-04
3.726987866684794426e-03 1.668480224907398224e-03 4.945331020280718803e-04 6.355504592647776008e-05 1.823553466238081455e-04 1.349127851426601410e-04
2.614405471831560135e-03 1.498448778875172138e-03 4.890648415312170982e-04 6.386556196957826614e-05 1.865241792984306812e-04 1.271677174372598529e-04
2.195905428379774094e-03 1.651080674491822720e-03 5.301167839206755161e-04 7.488262781407684088e-05 1.648549659876152873e-04 1.609557220945134759e-04
3.476319136098027229e-03 1.549038104712963104e-03 4.786203498952090740e-04 6.288581062108278275e-05 1.810525573091581464e-04 1.507808774476870894e-04
3.241159720346331596e-03 1.660252572037279606e-03 5.158084095455706120e-04 7.321959856199100614e-05 1.866501988843083382e-04 9.706241689855232835e-05
3.408438526093959808e-03 1.762171625159680843e-03 3.892009553965181112e-04 5.310417327564209700e-05 1.974668557522818446e-04 1.362494949717074633e-04
3.079575253650546074e-03 1.609952421858906746e-03 3.425904433242976665e-04 5.404847615864127874e-05 8.539480040781199932e-05 9.175522427540272474e-05
3.204656532034277916e-03 1.715147634968161583e-03 5.892560002394020557e-04 8.124898886308073997e-05 2.465794677846133709e-04 1.490522845415398479e-04
2.644714899361133575e-03 1.442089094780385494e-03 7.263918523676693439e-04 8.910289034247398376e-05 1.716617698548361659e-04 7.175215432653203607e-05
2.957105170935392380e-03 1.376765547320246696e-03 6.571870180778205395e-04 8.135065581882372499e-05 1.737156853778287768e-04 9.548132948111742735e-05
1.594168134033679962e-03 1.291971886530518532e-03 6.014456739649176598e-04 8.427514694631099701e-05 2.569101925473660231e-04 7.194205682026222348e-05
3.522706683725118637e-03 1.290902029722929001e-03 6.463837344199419022e-04 9.075351408682763577e-05 2.525009331293404102e-04 1.554080226924270391e-04
3.861269680783152580e-03 1.306759542785584927e-03 5.453229532577097416e-04 7.857583113946020603e-05 2.582738525234162807e-04 2.121108263963833451e-04
2.758294111117720604e-03 1.048694946803152561e-03 7.117742788977921009e-04 9.737814252730458975e-05 2.508095058146864176e-04 1.723963214317336679e-04
2.580305561423301697e-03 1.120420289225876331e-03 1.096644555218517780e-03 1.441873318981379271e-04 2.417798677925020456e-04 9.990159014705568552e-05
1.621517585590481758e-03 1.076035201549530029e-03 6.539117312058806419e-04 7.976807683007791638e-05 1.521039666840806603e-04 7.133764302125200629e-05
1.806445652619004250e-03 1.083859242498874664e-03 6.115225842222571373e-04 7.557006028946489096e-05 1.631470950087532401e-04 8.940651605371385813e-05
3.138086060062050819e-03 1.457428559660911560e-03 7.613082998432219028e-04 9.974084969144314528e-05 1.537023636046797037e-04 1.352618564851582050e-04
3.436694154515862465e-03 1.386714633554220200e-03 8.444096893072128296e-04 1.052059815265238285e-04 2.127572806784883142e-04 1.692338555585592985e-04
2.787121105939149857e-03 1.211836701259016991e-03 5.286682862788438797e-04 6.998398021096363664e-05 1.498181518400087953e-04 1.189927206723950803e-04
2.776173176243901253e-03 1.114964368753135204e-03 9.263745159842073917e-04 1.218693432747386396e-04 1.737455750117078424e-04 1.264580059796571732e-04
2.745748031884431839e-03 1.339453388936817646e-03 8.825341938063502312e-04 1.162319531431421638e-04 2.215498388977721334e-04 1.902993099065497518e-04
2.868911484256386757e-03 1.429351628758013248e-03 9.254245669580996037e-04 1.215407974086701870e-04 2.281964698340743780e-04 2.427367289783433080e-04
2.578233135864138603e-03 1.404368551447987556e-03 7.306340266950428486e-04 8.943348075263202190e-05 1.640167320147156715e-04 1.416321028955280781e-04
2.504152245819568634e-03 1.506577129475772381e-03 8.040120010264217854e-04 9.845084423432126641e-05 1.983593974728137255e-04 1.561756362207233906e-04
2.042176434770226479e-03 1.542231882922351360e-03 6.389949703589081764e-04 8.063152927206829190e-05 1.621965784579515457e-04 1.466788089601323009e-04
2.092386363074183464e-03 1.658663037233054638e-03 8.706355001777410507e-04 1.185096116387285292e-04 2.792498271446675062e-04 1.482197985751554370e-04
2.145653124898672104e-03 1.667535980232059956e-03 8.830830338411033154e-04 1.181105617433786392e-04 2.448455197736620903e-04 1.565381535328924656e-04
2.852605888620018959e-03 1.687680720351636410e-03 9.088935912586748600e-04 1.155211066361516714e-04 1.632900675758719444e-04 1.838353200582787395e-04
2.388501306995749474e-03 1.470226561650633812e-03 4.812539555132389069e-04 7.069963612593710423e-05 2.315648598596453667e-04 1.328227226622402668e-04
4.597519990056753159e-03 2.040675608441233635e-03 8.970958297140896320e-04 1.215675220009870827e-04 8.195864938898012042e-05 1.975205814233049750e-04
3.755269804969429970e-03 1.921362709254026413e-03 7.618208182975649834e-04 9.324360144091770053e-05 1.767819921951740980e-04 2.215554995927959681e-04
2.474131528288125992e-03 1.610290375538170338e-03 7.385489880107343197e-04 9.070827218238264322e-05 1.622296258574351668e-04 1.856426388258114457e-04
3.762256121262907982e-03 1.941308379173278809e-03 7.802878972142934799e-04 9.833322837948799133e-05 1.626555167604237795e-04 1.555979542899876833e-04
3.810177557170391083e-03 1.825834740884602070e-03 8.217417635023593903e-04 1.012302018352784216e-04 1.726329210214316845e-04 2.788479905575513840e-04
3.926809877157211304e-03 2.044585067778825760e-03 7.920080679468810558e-04 9.651457366999238729e-05 1.661173009779304266e-04 3.398546832613646984e-04
4.490915685892105103e-03 1.951992744579911232e-03 8.374625467695295811e-04 1.073150779120624065e-04 1.502690283814445138e-04 3.522714541759341955e-04
5.302154924720525742e-03 1.986982766538858414e-03 9.251785231754183769e-04 1.160655447165481746e-04 1.735882106004282832e-04 2.079775586025789380e-04
3.619285300374031067e-03 1.763654407113790512e-03 7.780178566463291645e-04 9.884724568109959364e-05 2.021565305767580867e-04 1.768857764545828104e-04
3.922437317669391632e-03 2.098648808896541595e-03 7.951101288199424744e-04 9.922519529936835170e-05 1.692708465270698071e-04 3.151795535814017057e-04
4.602827131748199463e-03 2.154486486688256264e-03 9.276389027945697308e-04 1.164525092463009059e-04 1.584413112141191959e-04 2.901530824601650238e-04
5.518313031643629074e-03 2.027427311986684799e-03 8.576529799029231071e-04 1.068471028702333570e-04 1.716382539598271251e-04 3.673195315059274435e-04
4.679394885897636414e-03 2.167298458516597748e-03 8.287049713544547558e-04 1.042468575178645551e-04 1.728055940475314856e-04 3.309394815005362034e-04
3.891865257173776627e-03 2.080114558339118958e-03 8.034282363951206207e-04 1.009732004604302347e-04 1.663502916926518083e-04 1.602445263415575027e-04
2.328912261873483658e-03 1.717763720080256462e-03 7.229394977912306786e-04 9.192985453410074115e-05 2.221137547167018056e-04 1.642078714212402701e-04
5.146425217390060425e-03 2.223592251539230347e-03 8.009632001630961895e-04 9.871036309050396085e-05 1.808613742468878627e-04 2.552507503423839808e-04
5.008491687476634979e-03 1.927028410136699677e-03 8.875692146830260754e-04 1.074231840902939439e-04 1.813940471038222313e-04 1.448062976123765111e-04
2.769635990262031555e-03 1.843992969952523708e-03 8.597331470809876919e-04 1.148690789705142379e-04 2.462193951942026615e-04 1.647570461500436068e-04
1.340924180112779140e-03 1.225927146151661873e-03 8.491320186294615269e-04 1.062577503034844995e-04 1.635178923606872559e-04 2.970801142510026693e-04
1.282464596442878246e-03 1.223143306560814381e-03 7.962947129271924496e-04 1.000471602310426533e-04 1.748179929563775659e-04 2.867526782210916281e-04
2.412121510133147240e-03 1.823370461352169514e-03 1.079323119483888149e-03 1.459742052247747779e-04 1.551246386952698231e-04 9.846953616943210363e-05
2.340991515666246414e-03 1.493442570790648460e-03 9.047877392731606960e-04 1.211365088238380849e-04 1.624343567527830601e-04 1.511695154476910830e-04
2.360610524192452431e-03 1.394310267642140388e-03 8.628239156678318977e-04 1.057934205164201558e-04 1.894362794701009989e-04 1.584890560479834676e-04
3.329281928017735481e-03 1.461320673115551472e-03 7.900316850282251835e-04 9.673390013631433249e-05 1.941089285537600517e-04 3.894430119544267654e-04
3.051966661587357521e-03 1.524797989986836910e-03 9.737801738083362579e-04 1.204278742079623044e-04 2.237632288597524166e-04 1.656700187595561147e-04
1.827491563744843006e-03 1.284129801206290722e-03 1.195534481666982174e-03 1.487544213887304068e-04 5.317417671903967857e-04 1.328320940956473351e-04
2.223012270405888557e-03 1.294358051382005215e-03 1.180667779408395290e-03 1.373066625092178583e-04 1.633896754356101155e-04 2.484667638782411814e-04
2.884906716644763947e-03 1.403132686391472816e-03 8.851743768900632858e-04 1.410937402397394180e-04 2.697994641494005919e-04 1.711299701128154993e-04
3.333259373903274536e-03 1.326077035628259182e-03 1.234700903296470642e-03 1.018234906950965524e-04 5.252907867543399334e-04 3.410566423553973436e-04
2.159587806090712547e-03 1.280688447877764702e-03 3.794556483626365662e-03 5.366101977415382862e-04 3.122174530290067196e-04 2.087608008878305554e-04
2.781865186989307404e-03 1.336699118837714195e-03 3.099469467997550964e-03 4.713158123195171356e-04 3.245918778702616692e-04 3.157745813950896263e-04
1.721543376334011555e-03 9.884223109111189842e-04 1.264315913431346416e-03 1.224737206939607859e-04 2.546415780670940876e-04 1.385393698001280427e-04
2.162837889045476913e-03 9.380134870298206806e-04 1.087381853722035885e-03 1.426447561243548989e-04 3.813226940110325813e-04 1.529450528323650360e-04
2.143444260582327843e-03 1.280762138776481152e-03 8.074630750343203545e-04 9.452649101149290800e-05 1.829211978474631906e-04 3.097511071246117353e-04
1.845534774474799633e-03 1.207251916639506817e-03 7.191774784587323666e-04 8.783148223301395774e-05 1.551079185446724296e-04 2.200094459112733603e-04
1.766975037753582001e-03 1.344518386758863926e-03 9.993513813242316246e-04 1.237676915479823947e-04 1.904610253404825926e-04 2.058072423096746206e-04
2.630991628393530846e-03 1.712486729957163334e-03 9.887838969007134438e-04 1.216626696987077594e-04 1.876718597486615181e-04 1.852621062425896525e-04
2.408700762316584587e-03 1.484320149756968021e-03 1.063831034116446972e-03 1.297718699788674712e-04 1.712934026727452874e-04 3.172285796608775854e-04
2.274441998451948166e-03 1.673571765422821045e-03 8.036777144297957420e-04 9.845929162111133337e-05 1.637615496292710304e-04 2.390502195339649916e-04
3.058828879147768021e-03 1.773633877746760845e-03 1.018730923533439636e-03 1.342033356195315719e-04 2.580894506536424160e-04 3.720920358318835497e-04
2.781686140224337578e-03 1.618479611352086067e-03 9.127571829594671726e-04 1.209303954965434968e-04 2.430928871035575867e-04 3.811877104453742504e-04
2.846323885023593903e-03 2.428615931421518326e-03 9.048364008776843548e-04 1.148200753959827125e-04 1.739427971187978983e-04 2.477277885191142559e-04
1.676074811257421970e-03 1.867640297859907150e-03 1.025732723064720631e-03 1.285525067942216992e-04 1.730110816424712539e-04 1.612108899280428886e-04
1.492243260145187378e-03 1.758000464178621769e-03 1.085611409507691860e-03 1.304222532780840993e-04 1.873100554803386331e-04 1.677909313002601266e-04
2.130005974322557449e-03 2.139121526852250099e-03 1.081474241800606251e-03 1.329007354797795415e-04 1.786689099390059710e-04 2.943468280136585236e-04
1.523098093457520008e-03 1.960577676072716713e-03 9.172161226160824299e-04 1.219126716023311019e-04 2.465741999913007021e-04 2.253887505503371358e-04
1.685456605628132820e-03 2.062761690467596054e-03 1.001623342745006084e-03 1.242796715814620256e-04 1.390127290505915880e-04 1.413114950992166996e-04
3.443313296884298325e-03 2.592815086245536804e-03 1.170396688394248486e-03 1.567969884490594268e-04 1.679204724496230483e-04 3.792033821810036898e-04
3.527763066813349724e-03 2.170200692489743233e-03 4.602790577337145805e-04 5.656888970406726003e-05 1.522974489489570260e-04 4.079643113072961569e-04
1.644505769945681095e-03 1.733807497657835484e-03 3.306139842607080936e-04 3.479197039268910885e-05 1.528179564047604799e-04 1.519674551673233509e-04
1.756363548338413239e-03 2.072788309305906296e-03 3.399770648684352636e-04 4.061857544002123177e-05 2.094293886329978704e-04 1.345371565548703074e-04
4.071417730301618576e-03 3.026337828487157822e-03 2.322862128494307399e-04 3.095673673669807613e-05 1.495889155194163322e-04 4.473976732697337866e-04
1.783183426596224308e-03 2.148014260455965996e-03 2.156932023353874683e-04 2.765010685834567994e-05 1.664467126829549670e-04 1.883955847006291151e-04
2.238540910184383392e-03 1.866049366071820259e-03 2.099325938615947962e-04 2.865254282369278371e-05 1.484905806137248874e-04 2.209241210948675871e-04
2.898892154917120934e-03 2.300421940162777901e-03 1.842359633883461356e-04 2.446137841616291553e-05 1.288125058636069298e-04 2.106823085341602564e-04
2.390658250078558922e-03 2.157065784558653831e-03 1.985603157663717866e-04 2.661356666067149490e-05 1.439540938008576632e-04 1.590380561538040638e-04
2.723932731896638870e-03 2.289278199896216393e-03 1.696363469818606973e-04 2.283277171954978257e-05 1.294364919885993004e-04 3.047374484594911337e-04
2.855722093954682350e-03 2.128360327333211899e-03 1.898313494166359305e-04 2.471209518262185156e-05 6.644304812652990222e-05 2.945183368865400553e-04
2.585339825600385666e-03 2.402329584583640099e-03 1.826560910558328032e-04 2.467301237629726529e-05 4.825351425097323954e-05 2.379339857725426555e-04
1.786318840458989143e-03 2.438534284010529518e-03 1.852384884841740131e-04 2.568123090895824134e-05 1.551071618450805545e-04 1.284706231672316790e-04
1.658182707615196705e-03 3.020809497684240341e-03 2.000089152716100216e-04 2.688187123567331582e-05 5.504701766767539084e-05 1.597296795807778835e-04
1.702098059467971325e-03 1.656111795455217361e-03 2.010278549278154969e-04 2.622014289954677224e-05 1.454488665331155062e-04 1.633456849958747625e-04
2.883487846702337265e-03 2.168650738894939423e-03 2.505948650650680065e-04 3.138441024930216372e-05 1.667930628173053265e-04 2.452019252814352512e-04
1.679224660620093346e-03 2.203753218054771423e-03 2.299033658346161246e-04 2.972572656290140003e-05 1.529586443211883307e-04 1.477921759942546487e-04
2.509450539946556091e-03 2.118316246196627617e-03 2.249752724310383201e-04 3.284325066488236189e-05 1.915793691296130419e-04 2.904050052165985107e-04
2.149472013115882874e-03 2.481578616425395012e-03 2.958807453978806734e-04 3.931238097720779479e-05 1.798616285668686032e-04 2.391086600255221128e-04
2.326825866475701332e-03 1.584997284226119518e-03 2.798019850160926580e-04 3.515830758260563016e-05 1.578881056047976017e-04 2.590764779597520828e-04
2.280096523463726044e-03 1.811627764254808426e-03 2.613750402815639973e-04 3.152296267217025161e-05 1.493757299613207579e-04 2.582208835519850254e-04
1.387901138514280319e-03 1.576285576447844505e-03 3.306849976070225239e-04 4.259203342371620238e-05 1.470485440222546458e-04 9.388514445163309574e-05
2.959619043394923210e-03 1.534478273242712021e-03 3.891889646183699369e-04 4.698409975389949977e-05 1.746342459227889776e-04 3.138057654723525047e-04
1.993762562051415443e-03 1.414719852618873119e-03 3.829206980299204588e-04 5.405529373092576861e-05 2.447738079354166985e-04 1.661154092289507389e-04
2.728559076786041260e-03 1.511831884272396564e-03 6.756304064765572548e-04 8.245260687544941902e-05 1.487367117078974843e-04 3.739661769941449165e-04
2.748486585915088654e-03 1.256038318388164043e-03 6.056744023226201534e-04 7.486747927032411098e-05 7.071036088746041059e-05 4.121006932109594345e-04
2.708165440708398819e-03 1.598719856701791286e-03 8.372718584723770618e-04 1.002327335299924016e-04 1.185112632811069489e-04 3.492689284030348063e-04
4.897871520370244980e-03 3.034956054762005806e-03 7.601453689858317375e-04 9.573470015311613679e-05 2.704764483496546745e-04 4.163894336670637131e-04
2.019065897911787033e-03 1.201411592774093151e-03 4.324618203099817038e-04 5.485992369358427823e-05 1.477419573348015547e-04 1.817722950363531709e-04
2.299288054928183556e-03 1.430291100405156612e-03 4.313846293371170759e-04 5.458143641590140760e-05 1.616012596059590578e-04 2.661293256096541882e-04
2.537477063015103340e-03 1.241811318323016167e-03 4.322603635955601931e-04 5.318665716913528740e-05 1.551149325678125024e-04 3.652049344964325428e-04
1.518746837973594666e-03 1.652585109695792198e-03 3.818229015450924635e-04 4.611492477124556899e-05 2.243191411253064871e-04 1.755855919327586889e-04
1.522090751677751541e-03 1.388468197546899319e-03 3.059398732148110867e-04 3.947717050323262811e-05 6.062522516003809869e-05 1.161976033472456038e-04
1.600254443474113941e-03 1.420687651261687279e-03 2.897345402743667364e-04 3.680114241433329880e-05 5.254481948213651776e-05 1.503806561231613159e-04
1.460846513509750366e-03 1.794006908312439919e-03 2.694167196750640869e-04 3.371206184965558350e-05 5.965274613117799163e-05 1.440072373952716589e-04
1.459529623389244080e-03 2.699777018278837204e-03 2.189342922065407038e-04 2.789582140394486487e-05 1.303885655943304300e-04 1.546501298435032368e-04
