1.977789448574185371e-03 1.723798457533121109e-03 4.338592116255313158e-04 1.302890159422531724e-04 8.485378202749416232e-05 2.343148516956716776e-04
1.994779566302895546e-03 1.729909097775816917e-03 5.477254744619131088e-04 1.652781502343714237e-04 1.003394063445739448e-04 2.622043539304286242e-04
2.214914886280894279e-03 1.763126580044627190e-03 6.174677982926368713e-04 1.834085269365459681e-04 1.190843177028000355e-04 2.807570563163608313e-04
2.781448652967810631e-03 1.939386944286525249e-03 7.940526120364665985e-04 2.429633605061098933e-04 1.529315923107787967e-04 3.326952282804995775e-04
1.849117223173379898e-03 1.637950190342962742e-03 8.122120634652674198e-04 2.368178684264421463e-04 1.295703841606155038e-04 2.642642066348344088e-04
2.743849065154790878e-03 2.164884703233838081e-03 8.176782284863293171e-04 1.998199149966239929e-04 1.442067296011373401e-04 2.905155706685036421e-04
1.863599289208650589e-03 1.498107798397541046e-03 6.996101001277565956e-04 2.363964304095134139e-04 1.346766075585037470e-04 2.047796879196539521e-04
1.871810876764357090e-03 1.692349906079471111e-03 6.415414973162114620e-04 1.139632877311669290e-04 1.239120465470477939e-04 1.919696514960378408e-04
1.932824496179819107e-03 1.850896282121539116e-03 7.391222752630710602e-04 1.789599918993189931e-04 1.234920637216418982e-04 2.220531459897756577e-04
2.221709350124001503e-03 1.835921197198331356e-03 7.093838066793978214e-04 1.561126991873607039e-04 1.243841397808864713e-04 2.077698300126940012e-04
1.991641707718372345e-03 1.953376922756433487e-03 6.304390262812376022e-04 1.957330678123980761e-04 1.215506272274069488e-04 2.459283859934657812e-04
1.689782366156578064e-03 1.978595275431871414e-03 5.436092615127563477e-04 2.013186895055696368e-04 1.035309323924593627e-04 1.929786521941423416e-04
1.782450242899358273e-03 2.131637185811996460e-03 6.272497121244668961e-04 1.460112980566918850e-04 1.151635951828211546e-04 2.279635082231834531e-04
2.093991031870245934e-03 2.129147993400692940e-03 6.686236592940986156e-04 1.771235693013295531e-04 1.205905937240459025e-04 2.387628774158656597e-04
1.676700776442885399e-03 1.922016148455440998e-03 5.441208486445248127e-04 1.284361496800556779e-04 1.017849936033599079e-04 1.952192542375996709e-04
1.729007577523589134e-03 1.884695142507553101e-03 4.910524003207683563e-04 9.562151535646989942e-05 9.529649832984432578e-05 1.897953334264457226e-04
1.756687532179057598e-03 2.166672609746456146e-03 6.624769885092973709e-04 1.396180305164307356e-04 1.270949287572875619e-04 1.782514009391888976e-04
1.893880544230341911e-03 2.240678993985056877e-03 6.043374887667596340e-04 1.584861747687682509e-04 1.138541920226998627e-04 2.033626369666308165e-04
2.842302201315760612e-03 2.274625003337860107e-03 5.072037456557154655e-04 6.953285628696903586e-05 1.090347286663018167e-04 3.311208274681121111e-04
3.499985905364155769e-03 2.429723273962736130e-03 5.776978796347975731e-04 1.526418345747515559e-04 1.078649293049238622e-04 3.478638536762446165e-04
1.985159236937761307e-03 2.057598438113927841e-03 4.238335241097956896e-04 2.357855264563113451e-04 8.512287604389712214e-05 2.432059991406276822e-04
2.265653340145945549e-03 1.980995759367942810e-03 4.275404207874089479e-04 1.147410657722502947e-04 8.291505218949168921e-05 2.491552440915256739e-04
2.527456264942884445e-03 1.906705670990049839e-03 4.648761823773384094e-04 1.106662530219182372e-04 9.674383181845769286e-05 2.729675325099378824e-04
2.260436769574880600e-03 1.760996645316481590e-03 4.343662876635789871e-04 9.289813897339627147e-05 8.043236448429524899e-05 1.841586345108225942e-04
2.371532609686255455e-03 1.937808003276586533e-03 4.932900774292647839e-04 7.917601760709658265e-05 9.688168938737362623e-05 2.356486511416733265e-04
1.896106405183672905e-03 1.837961492128670216e-03 4.249659832566976547e-04 1.473497977713122964e-04 9.021765436045825481e-05 2.111589565174654126e-04
2.041121246293187141e-03 2.143827499821782112e-03 4.457810427993535995e-04 9.520356252323836088e-05 9.703454270493239164e-05 2.353795862291008234e-04
2.333358395844697952e-03 1.800137804821133614e-03 4.983203834854066372e-04 1.527561253169551492e-04 9.765146387508139014e-05 2.543916052673012018e-04
2.496363362297415733e-03 1.964142546057701111e-03 5.946021992713212967e-04 1.959777000593021512e-04 1.114364858949556947e-04 2.377776108914986253e-04
2.132146619260311127e-03 2.017691032961010933e-03 5.297123570926487446e-04 1.711485820123925805e-04 1.032265572575852275e-04 2.275116567034274340e-04
2.725559985265135765e-03 1.922497875057160854e-03 5.123252631165087223e-04 1.355566928396001458e-04 1.031669380608946085e-04 2.990470093209296465e-04
2.074292162433266640e-03 1.889794948510825634e-03 4.299672436900436878e-04 8.039687236305326223e-05 8.822661038720980287e-05 2.268477110192179680e-04
3.317697905004024506e-03 2.114912495017051697e-03 4.491792642511427402e-04 1.289041538257151842e-04 9.963854245143011212e-05 3.285580023657530546e-04
2.076006494462490082e-03 1.971255755051970482e-03 4.688003100454807281e-04 1.736557460390031338e-04 8.137585246004164219e-05 2.468144812155514956e-04
2.927905879914760590e-03 2.117793075740337372e-03 5.107640172354876995e-04 1.465975801693275571e-04 8.164000610122457147e-05 3.063991025555878878e-04
1.882414217106997967e-03 1.868186169303953648e-03 5.601970478892326355e-04 2.127908373950049281e-04 8.814287866698578000e-05 2.634687116369605064e-04
2.360072452574968338e-03 2.037745667621493340e-03 4.967990680597722530e-04 1.332010142505168915e-04 9.907219646265730262e-05 2.908306196331977844e-04
1.837975112721323967e-03 2.057873411104083061e-03 4.564399714581668377e-04 1.263650483451783657e-04 8.994583913590759039e-05 2.476660883985459805e-04
2.283848822116851807e-03 2.050689188763499260e-03 5.576079129241406918e-04 1.963200484169647098e-04 9.469106589676812291e-05 2.890899777412414551e-04
1.825508195906877518e-03 1.750025781802833080e-03 4.846385272685438395e-04 1.053950982168316841e-04 1.037276742863468826e-04 2.314074226887896657e-04
1.610809820704162121e-03 1.609716098755598068e-03 4.226875025779008865e-04 6.378904072334989905e-05 9.882160520646721125e-05 2.016019134316593409e-04
2.561025787144899368e-03 1.863589743152260780e-03 4.616373043972998857e-04 6.311792094493284822e-05 1.159154635388404131e-04 2.979865239467471838e-04
1.597299706190824509e-03 1.775045879185199738e-03 4.840588662773370743e-04 1.912206353154033422e-04 9.029609645949676633e-05 2.281708439113572240e-04
2.481550909578800201e-03 1.756084151566028595e-03 4.018108302261680365e-04 1.572751498315483332e-04 7.724975148448720574e-05 2.686104853637516499e-04
1.945426105521619320e-03 1.540110097266733646e-03 4.498444614000618458e-04 1.008863837341777980e-04 8.904994319891557097e-05 3.000035940203815699e-04
2.041067462414503098e-03 1.518866745755076408e-03 4.119961231481283903e-04 8.806304686004295945e-05 8.440983947366476059e-05 2.791896986309438944e-04
1.777742872945964336e-03 1.560595119372010231e-03 4.928305279463529587e-04 1.906604302348569036e-04 9.432511433260515332e-05 2.811188460327684879e-04
2.488753059878945351e-03 1.713599194772541523e-03 4.667447938118129969e-04 2.044849243247881532e-04 9.047752246260643005e-05 3.025592595804482698e-04
2.348002279177308083e-03 1.706093084067106247e-03 5.346340476535260677e-04 2.662937331479042768e-04 9.888898057397454977e-05 2.752492728177458048e-04
1.622013165615499020e-03 1.630318001843988895e-03 5.040694959461688995e-04 1.451909774914383888e-04 1.022991491481661797e-04 1.476871111663058400e-04
1.850127358920872211e-03 1.341192401014268398e-03 6.014771061018109322e-04 2.167082857340574265e-04 1.187436646432615817e-04 2.611181407701224089e-04
1.991434721276164055e-03 1.435510232113301754e-03 5.422665853984653950e-04 1.471694704378023744e-04 9.780744585441425443e-05 2.300684136571362615e-04
2.114733448252081871e-03 1.527972868643701077e-03 4.811143153347074986e-04 1.835893490351736546e-04 9.132309060078114271e-05 2.682826598174870014e-04
2.303410088643431664e-03 1.599547220394015312e-03 5.958601250313222408e-04 2.337663463549688458e-04 1.160409010481089354e-04 3.272799076512455940e-04
2.407989697530865669e-03 1.335921348072588444e-03 5.640732124447822571e-04 2.223253541160374880e-04 1.110073135350830853e-04 2.698028984013944864e-04
2.122122794389724731e-03 1.665251795202493668e-03 5.020548705942928791e-04 2.478255191817879677e-04 9.369976760353893042e-05 2.634238044265657663e-04
1.525499159470200539e-03 1.394760562106966972e-03 4.516605986282229424e-04 2.214674750575795770e-04 8.595695544499903917e-05 2.351597795495763421e-04
2.058313228189945221e-03 1.431478303857147694e-03 8.050107280723750591e-04 2.615028060972690582e-04 1.652336650295183063e-04 2.739946066867560148e-04
1.983306370675563812e-03 1.394459279254078865e-03 7.014942239038646221e-04 1.227230095537379384e-04 1.415968145010992885e-04 2.414243353996425867e-04
1.550572342239320278e-03 1.459113438613712788e-03 7.138567161746323109e-04 1.331795792793855071e-04 1.430437841918319464e-04 2.663933846633881330e-04
1.507216831669211388e-03 1.345667988061904907e-03 5.296436138451099396e-04 1.117263382184319198e-04 1.119343287427909672e-04 2.128367195837199688e-04
2.019398380070924759e-03 1.809319481253623962e-03 4.682971921283751726e-04 1.746100169839337468e-04 8.745164814172312617e-05 2.267290983581915498e-04
1.608485123142600060e-03 1.399181550368666649e-03 5.713108694180846214e-04 1.811885740607976913e-04 1.192703275592066348e-04 2.294563601026311517e-04
1.990075688809156418e-03 1.263705198653042316e-03 4.828799283131957054e-04 1.355668646283447742e-04 1.030309140332974494e-04 2.287158131366595626e-04
2.022427041083574295e-03 1.428065705113112926e-03 5.421457462944090366e-04 1.260038698092103004e-04 1.169242241303436458e-04 2.869017480406910181e-04
1.653427723795175552e-03 1.218058750964701176e-03 4.262601432856172323e-04 1.154431665781885386e-04 8.710734982741996646e-05 1.995753409573808312e-04
1.411211094819009304e-03 1.380360452458262444e-03 4.230322374496608973e-04 1.399897446390241385e-04 8.524853183189406991e-05 2.155875990865752101e-04
1.729752053506672382e-03 1.720680040307343006e-03 4.887431277893483639e-04 1.629390026209875941e-04 9.519061859464272857e-05 2.785870456136763096e-04
1.346956705674529076e-03 1.293161651119589806e-03 4.307708295527845621e-04 9.550624963594600558e-05 8.591088408138602972e-05 2.067385939881205559e-04
2.103119390085339546e-03 1.255842857062816620e-03 4.247508477419614792e-04 9.474506805418059230e-05 8.755169983487576246e-05 2.340360806556418538e-04
1.805316773243248463e-03 1.394589897245168686e-03 4.672692739404737949e-04 1.775546697899699211e-04 9.562474588165059686e-05 2.187130303354933858e-04
1.783868530765175819e-03 1.305669895373284817e-03 4.069898859597742558e-04 1.286504702875390649e-04 8.581391011830419302e-05 2.475501678418368101e-04
1.636105123907327652e-03 1.204885775223374367e-03 3.948391531594097614e-04 1.394193677697330713e-04 7.944137905724346638e-05 2.234153507743030787e-04
1.610389328561723232e-03 1.274067093618214130e-03 4.816584114450961351e-04 1.893111038953065872e-04 9.711438906379044056e-05 2.137054398190230131e-04
2.345875138416886330e-03 1.308009959757328033e-03 5.264204810373485088e-04 1.868326799012720585e-04 1.113712423830293119e-04 2.747179241850972176e-04
1.309179584495723248e-03 1.336244866251945496e-03 4.750860098283737898e-04 1.551877649035304785e-04 9.055566624738276005e-05 1.787207875167950988e-04
1.911779167130589485e-03 1.493455609306693077e-03 4.251537611708045006e-04 1.700603024801239371e-04 8.523686847183853388e-05 2.052189229289069772e-04
1.642451272346079350e-03 1.463789492845535278e-03 4.920033970847725868e-04 1.617999223526567221e-04 9.161969501292333007e-05 2.223291230620816350e-04
1.732870587147772312e-03 1.691484590992331505e-03 5.523172440007328987e-04 2.225277712568640709e-04 1.032181244227103889e-04 2.883153210859745741e-04
1.657170010730624199e-03 1.420012325979769230e-03 5.340714124031364918e-04 2.023936540354043245e-04 9.657435293775051832e-05 2.148471976397559047e-04
1.602679025381803513e-03 1.477712416090071201e-03 4.831594997085630894e-04 1.745680201565846801e-04 9.655737085267901421e-05 2.446515718474984169e-04
1.606355071999132633e-03 1.395873026922345161e-03 3.229919238947331905e-04 1.370921672787517309e-04 7.185109279816970229e-05 2.065590815618634224e-04
2.217261120676994324e-03 1.555336173623800278e-03 3.478311991784721613e-04 1.467952533857896924e-04 6.997660238994285464e-05 2.480731927789747715e-04
1.697660540230572224e-03 1.568553736433386803e-03 4.616023798007518053e-04 1.735260739224031568e-04 9.563026833347976208e-05 2.397404168732464314e-04
2.054048934951424599e-03 1.599692972376942635e-03 5.361548974178731441e-04 1.418022438883781433e-04 1.201987615786492825e-04 2.349881106056272984e-04
2.078617922961711884e-03 1.598961651325225830e-03 3.902165917679667473e-04 1.228298788191750646e-04 8.080122643150389194e-05 2.451500913593918085e-04
2.145904116332530975e-03 1.772646326571702957e-03 4.212895873934030533e-04 1.111946985474787652e-04 8.965878805611282587e-05 2.267789532197639346e-04
1.640263828448951244e-03 1.552545931190252304e-03 3.702986286953091621e-04 6.837303953943774104e-05 7.396477303700521588e-05 1.877017784863710403e-04
1.664205454289913177e-03 1.459209946915507317e-03 3.442489251028746367e-04 6.031576776877045631e-05 8.448142762063071132e-05 2.185671473853290081e-04
2.009797375649213791e-03 1.749531831592321396e-03 3.802532737608999014e-04 4.840048495680093765e-05 7.591446774313226342e-05 2.557259867899119854e-04
1.649812096729874611e-03 1.666521886363625526e-03 3.895182162523269653e-04 8.571021317038685083e-05 7.898270996520295739e-05 1.835439907154068351e-04
1.710347947664558887e-03 1.663551549427211285e-03 4.462743527255952358e-04 9.635937021812424064e-05 1.060781069099903107e-04 2.191079402109608054e-04
1.909650745801627636e-03 1.685421564616262913e-03 4.301679146010428667e-04 6.997535820119082928e-05 8.924033318180590868e-05 2.352311275899410248e-04
2.011990873143076897e-03 1.711645512841641903e-03 6.556302541866898537e-04 8.904517744667828083e-05 1.449126430088654160e-04 2.147617924492806196e-04
1.774125266820192337e-03 1.413050456903874874e-03 5.404881667345762253e-04 7.388002995867282152e-05 1.209420370287261903e-04 2.030057949014008045e-04
2.116160234436392784e-03 1.823382452130317688e-03 4.028258263133466244e-04 9.562411287333816290e-05 8.388380229007452726e-05 2.307932300027459860e-04
1.741873449645936489e-03 1.866610371507704258e-03 5.479549872688949108e-04 1.280784927075728774e-04 1.085844123736023903e-04 2.176415582653135061e-04
1.906417543068528175e-03 1.879587071016430855e-03 4.577695508487522602e-04 1.298131246585398912e-04 8.634974801680073142e-05 2.602390304673463106e-04
2.037634141743183136e-03 1.853806199505925179e-03 4.725953622255474329e-04 8.197301212931051850e-05 8.739028999116271734e-05 2.552233345340937376e-04
2.257824176922440529e-03 1.794080366380512714e-03 5.755095626227557659e-04 2.139742136932909489e-04 1.050097052939236164e-04 2.909129252657294273e-04
1.852432033047080040e-03 1.747163129039108753e-03 5.055884830653667450e-04 1.747086935210973024e-04 9.260211663786321878e-05 2.372012531850486994e-04
1.751256873831152916e-03 1.598684815689921379e-03 4.955633776262402534e-04 1.296890550293028355e-04 9.628982661524787545e-05 2.554729871917515993e-04
1.979468623176217079e-03 1.775417593307793140e-03 4.899894120171666145e-04 1.542557874927297235e-04 9.233686432708054781e-05 2.649722737260162830e-04
1.878876704722642899e-03 1.608138671144843102e-03 4.506013356149196625e-04 1.207227469421923161e-04 8.921303378883749247e-05 2.823437971528619528e-04
1.598684000782668591e-03 1.371935708448290825e-03 5.121961003169417381e-04 1.250944187631830573e-04 1.056430410244502127e-04 2.298023173352703452e-04
1.783548854291439056e-03 1.351145794615149498e-03 4.851860576309263706e-04 1.690649805823341012e-04 9.341434633824974298e-05 2.408170548733323812e-04
1.998338848352432251e-03 1.243115519173443317e-03 4.921435611322522163e-04 2.436567592667415738e-04 8.902660920284688473e-05 2.621104649733752012e-04
1.861607306636869907e-03 1.025795703753829002e-03 4.654962976928800344e-04 1.494789030402898788e-04 9.115068678511306643e-05 2.753368171397596598e-04
1.536132534965872765e-03 1.180260442197322845e-03 4.813079140149056911e-04 2.119473065249621868e-04 8.870091551216319203e-05 3.071949467994272709e-04
1.696740742772817612e-03 1.110981917008757591e-03 5.057026864960789680e-04 2.844101109076291323e-04 9.334865899290889502e-05 3.100899339187890291e-04
1.894844812341034412e-03 1.140896114520728588e-03 4.970172303728759289e-04 2.267402160214260221e-04 8.947146852733567357e-05 2.245056093670427799e-04
1.408112584613263607e-03 9.419543202966451645e-04 4.977599601261317730e-04 1.665590825723484159e-04 9.583993960404768586e-05 2.916057419497519732e-04
1.400508685037493706e-03 1.067540259100496769e-03 5.399343790486454964e-04 2.455005305819213390e-04 1.030217754305340350e-04 3.031373780686408281e-04
1.647199853323400021e-03 1.281485427170991898e-03 4.935682518407702446e-04 2.600208972580730915e-04 9.201531065627932549e-05 2.985651663038879633e-04
1.590606290847063065e-03 1.097376225516200066e-03 4.782911564689129591e-04 2.484460128471255302e-04 9.298924851464107633e-05 3.042351745534688234e-04
1.476700301282107830e-03 1.015869551338255405e-03 5.331406136974692345e-04 2.144792524632066488e-04 1.079363864846527576e-04 2.916385419666767120e-04
1.594115281477570534e-03 7.162807742133736610e-04 5.409140139818191528e-04 2.279712207382544875e-04 1.036881658365018666e-04 2.265774237457662821e-04
1.826799241825938225e-03 6.700226222164928913e-04 5.282455822452902794e-04 2.754605957306921482e-04 1.079026114894077182e-04 4.020812048111110926e-04
1.750858267769217491e-03 6.286642164923250675e-04 5.206478526815772057e-04 2.571016084402799606e-04 1.065236065187491477e-04 3.240834630560129881e-04
1.890775049105286598e-03 6.732257897965610027e-04 4.925740649923682213e-04 2.679494791664183140e-04 9.137793676927685738e-05 2.889071765821427107e-04
2.046284032985568047e-03 8.637828286737203598e-04 5.610222578980028629e-04 2.647843211889266968e-04 1.024494122248142958e-04 3.183230292052030563e-04
1.952679245732724667e-03 9.223578381352126598e-04 5.259494646452367306e-04 2.053284988505765796e-04 1.015923116938211024e-04 3.036429116036742926e-04
1.925577991642057896e-03 8.709590183570981026e-04 5.229399539530277252e-04 1.913945307023823261e-04 1.007222672342322767e-04 3.138403117191046476e-04
1.684898743405938148e-03 1.282442244701087475e-03 4.748268111143261194e-04 1.349767117062583566e-04 1.029965424095280468e-04 3.351783379912376404e-04
2.092447597533464432e-03 1.503326231613755226e-03 5.391119630075991154e-04 1.789950474631041288e-04 9.959746967069804668e-05 2.590152726043015718e-04
1.890772255137562752e-03 1.409243792295455933e-03 5.858585354872047901e-04 1.900803763419389725e-04 1.145914284279569983e-04 2.940650447271764278e-04
1.692492747679352760e-03 1.451888354495167732e-03 5.233331467024981976e-04 1.949033321579918265e-04 1.002726639853790402e-04 3.181738720741122961e-04
1.814621500670909882e-03 1.786408131010830402e-03 5.473109195008873940e-04 1.844444486778229475e-04 9.655765461502596736e-05 2.992388617713004351e-04
2.363284584134817123e-03 1.712276134639978409e-03 5.295709706842899323e-04 1.262950827367603779e-04 9.537769074086099863e-05 2.668678935151547194e-04
2.703157020732760429e-03 2.015975303947925568e-03 5.019125528633594513e-04 1.202662388095632195e-04 9.174671140499413013e-05 3.791601920966058969e-04
2.571713412180542946e-03 1.739986590109765530e-03 4.923022352159023285e-04 1.359261514153331518e-04 8.640200394438579679e-05 1.889942213892936707e-04
3.017819486558437347e-03 1.761778257787227631e-03 4.825382202398031950e-04 1.028232873068191111e-04 7.838873716536909342e-05 2.226362121291458607e-04
3.756756894290447235e-03 1.673189224675297737e-03 4.202480486128479242e-04 1.648927718633785844e-04 7.090216968208551407e-05 2.881253603845834732e-04
3.206625813618302345e-03 1.842839992605149746e-03 4.343840410001575947e-04 1.363660703646019101e-04 6.842448055977001786e-05 2.055340301012620330e-04
2.702065743505954742e-03 1.785714761354029179e-03 4.364911292213946581e-04 1.693922240519896150e-04 7.084142998792231083e-05 2.254002465633675456e-04
4.254133440554141998e-03 2.232175320386886597e-03 4.712317604571580887e-04 1.796149008441716433e-04 7.752585952403023839e-05 3.967638185713440180e-04
3.285237122327089310e-03 1.957416068762540817e-03 4.628432798199355602e-04 1.901945797726511955e-04 7.345405174419283867e-05 2.689986140467226505e-04
3.468602197244763374e-03 2.027873415499925613e-03 4.780117305926978588e-04 2.144353638868778944e-04 7.440833724103868008e-05 3.734151541721075773e-04
2.394482027739286423e-03 2.043847925961017609e-03 4.365920030977576971e-04 1.420851040165871382e-04 6.857514381408691406e-05 1.719228166621178389e-04
2.033196389675140381e-03 1.720800413750112057e-03 4.783561744261533022e-04 2.075551747111603618e-04 7.954545435495674610e-05 2.133011439582332969e-04
1.923754811286926270e-03 2.001727465540170670e-03 4.991277819499373436e-04 2.192419487982988358e-04 8.332865400006994605e-05 2.679195022210478783e-04
2.048494294285774231e-03 1.962526002898812294e-03 4.844798531848937273e-04 2.186276251450181007e-04 7.862230268074199557e-05 2.068377070827409625e-04
2.104346873238682747e-03 2.122727455571293831e-03 4.933116142638027668e-04 1.844056096160784364e-04 7.857012678869068623e-05 2.695136645343154669e-04
2.288410440087318420e-03 1.802764134481549263e-03 4.726670158561319113e-04 2.015851205214858055e-04 8.061967673711478710e-05 2.075461670756340027e-04
2.003723289817571640e-03 2.126497449353337288e-03 4.576292121782898903e-04 2.116908435709774494e-04 7.894571899669244885e-05 2.708766551222652197e-04
1.880670664831995964e-03 2.151994500309228897e-03 5.012389156036078930e-04 1.278555864701047540e-04 9.198762563755735755e-05 2.987276238854974508e-04
1.933111692778766155e-03 1.226829714141786098e-03 5.555762327276170254e-04 2.430687600281089544e-04 1.013523869914934039e-04 2.411784807918593287e-04
2.015098463743925095e-03 1.504427636973559856e-03 5.587553023360669613e-04 2.418181247776374221e-04 9.281509119318798184e-05 2.790795697364956141e-04
2.061492763459682465e-03 1.607398386113345623e-03 4.927243571728467941e-04 2.155145048163831234e-04 8.214870467782020569e-05 2.102387516060844064e-04
2.255225554108619690e-03 1.586402999237179756e-03 5.479197134263813496e-04 2.284958318341523409e-04 1.000299962470307946e-04 3.430345386732369661e-04
