3.557986617088317871e-01 1.052545569837093353e-02 -1.608299440704286098e-03 5.713081918656826019e-04 2.089167479425668716e-03 4.458572715520858765e-03
3.820838928222656250e-01 8.737904019653797150e-03 -9.270979207940399647e-04 2.149875654140487313e-04 2.299482468515634537e-03 5.964394193142652512e-03
3.753111064434051514e-01 1.121787447482347488e-02 -4.097347555216401815e-04 -4.750765219796448946e-05 1.684703282080590725e-03 6.673424504697322845e-03
3.718088567256927490e-01 1.082486379891633987e-02 -2.564347814768552780e-04 -2.119246491929516196e-04 6.034442340023815632e-04 6.392867770045995712e-03
3.819154798984527588e-01 1.180258486419916153e-02 -5.651321262121200562e-04 -4.801937393494881690e-06 -2.630149247124791145e-04 6.880868691951036453e-03
3.994743227958679199e-01 9.918964467942714691e-03 -7.290898356586694717e-04 1.491947332397103310e-04 -5.240380996838212013e-04 8.047603070735931396e-03
4.153620004653930664e-01 1.565503887832164764e-02 -8.400239748880267143e-04 3.977743035648018122e-04 -3.249074216000735760e-04 1.022248435765504837e-02
4.248651266098022461e-01 1.742660067975521088e-02 -7.591345929540693760e-04 1.518365170340985060e-04 9.383377619087696075e-05 1.123542711138725281e-02
4.390154480934143066e-01 1.573274843394756317e-02 -7.150631863623857498e-04 -2.246050462417770177e-05 4.171155451331287622e-04 1.192271430045366287e-02
4.319923818111419678e-01 1.935666240751743317e-02 -3.219633363187313080e-04 -1.279742718907073140e-04 5.379369831643998623e-04 1.161710452288389206e-02
4.347852468490600586e-01 1.754990406334400177e-02 -4.592124023474752903e-04 -1.244757149834185839e-04 4.078483616467565298e-04 1.125012710690498352e-02
4.370971620082855225e-01 1.542383898049592972e-02 -5.297682218952104449e-05 4.683064253185875714e-05 2.299454499734565616e-04 1.165596395730972290e-02
4.294597208499908447e-01 1.933224871754646301e-02 -6.703937106067314744e-05 6.041780943633057177e-05 1.287055056309327483e-04 1.197199989110231400e-02
4.336555004119873047e-01 1.713435724377632141e-02 -2.134111273335292935e-04 4.947438355884514749e-06 6.451064837165176868e-05 1.208191365003585815e-02
4.291011095046997070e-01 1.994442194700241089e-02 -5.442477777251042426e-05 -6.023955938871949911e-05 2.952403519884683192e-06 1.220278535038232803e-02
4.423122406005859375e-01 1.881061121821403503e-02 -4.931465955451130867e-04 5.930762563366442919e-05 -7.320130243897438049e-04 1.263845525681972504e-02
4.544689059257507324e-01 2.398895286023616791e-02 -8.569154888391494751e-04 4.462079959921538830e-05 -9.972004918381571770e-04 1.290428359061479568e-02
4.854781627655029297e-01 2.109098806977272034e-02 -1.133737037889659405e-03 4.379506863187998533e-04 -2.354333555558696389e-04 1.472281385213136673e-02
4.911577403545379639e-01 2.372955158352851868e-02 -8.546684402972459793e-04 1.945816329680383205e-04 6.190285785123705864e-04 1.574633456766605377e-02
4.740203320980072021e-01 2.669277042150497437e-02 -4.457098548300564289e-04 -3.892718232236802578e-04 9.353127097710967064e-04 1.406940724700689316e-02
4.808309674263000488e-01 2.042527496814727783e-02 -8.464395068585872650e-05 -2.418474323349073529e-04 6.603996152989566326e-04 1.315586455166339874e-02
4.733034968376159668e-01 1.841202564537525177e-02 2.493405554560013115e-05 -2.363329076615627855e-05 1.562462275614961982e-04 1.263098604977130890e-02
4.758952856063842773e-01 2.180344052612781525e-02 -1.205053122248500586e-04 1.958266220754012465e-04 -2.189887309214100242e-04 1.351408381015062332e-02
4.793941974639892578e-01 2.161113359034061432e-02 -2.644815831445157528e-04 6.289379234658554196e-05 -2.865151909645646811e-04 1.378515176475048065e-02
4.861319959163665771e-01 2.428454346954822540e-02 -1.786571519915014505e-04 5.389144644141197205e-05 -9.861701255431398749e-05 1.433086674660444260e-02
4.896136224269866943e-01 2.121889963746070862e-02 -3.112954727839678526e-04 -4.990697198081761599e-05 7.890653796494007111e-05 1.396597176790237427e-02
4.841534793376922607e-01 2.360166423022747040e-02 -2.994920359924435616e-04 -8.630512456875294447e-05 2.098335971822962165e-04 1.378405373543500900e-02
4.899656772613525391e-01 1.792878285050392151e-02 -1.435188460163772106e-04 -9.138733730651438236e-05 1.489341375418007374e-04 1.321790926158428192e-02
4.729799628257751465e-01 2.317849919199943542e-02 -1.283474557567387819e-04 4.074094613315537572e-05 6.230031431186944246e-05 1.313822437077760696e-02
4.909890890121459961e-01 2.036015316843986511e-02 -4.123816615901887417e-04 -5.359093847800977528e-05 -1.295178208238212392e-05 1.368931867182254791e-02
4.853620231151580811e-01 2.271498367190361023e-02 -1.565162092447280884e-04 3.347181336721405387e-05 -3.283131809439510107e-05 1.375065091997385025e-02
4.794207811355590820e-01 2.154530771076679230e-02 -2.060031547443941236e-04 -7.630778418388217688e-05 1.986455572478007525e-06 1.299941726028919220e-02
4.834027588367462158e-01 2.368085645139217377e-02 -2.302902721567079425e-04 6.108307388785760850e-06 2.928778485511429608e-05 1.342851389199495316e-02
4.855642616748809814e-01 2.111305482685565948e-02 -1.793692499632015824e-04 2.305477755726315081e-05 4.951795199303887784e-05 1.375389099121093750e-02
4.820801913738250732e-01 2.045163512229919434e-02 -3.190636052750051022e-04 -1.268031774088740349e-04 3.850137363770045340e-05 1.297727134078741074e-02
4.802097380161285400e-01 2.193849533796310425e-02 -2.687863307073712349e-04 -8.911967597668990493e-06 4.331491800257936120e-05 1.290588360279798508e-02
4.889580607414245605e-01 1.966345496475696564e-02 -2.037858357653021812e-04 -6.366203160723671317e-05 5.813981260871514678e-06 1.333393808454275131e-02
4.824975728988647461e-01 2.311235293745994568e-02 -5.703950591851025820e-05 8.033659105421975255e-05 2.596290505607612431e-05 1.331467647105455399e-02
4.870896339416503906e-01 2.160041593015193939e-02 -3.278431249782443047e-04 -8.194506517611443996e-05 1.794390846043825150e-05 1.332173217087984085e-02
4.912064075469970703e-01 2.082957886159420013e-02 -2.594563411548733711e-04 7.268771241797367111e-06 2.968812441395130008e-05 1.351971458643674850e-02
4.911430180072784424e-01 2.131144702434539795e-02 -3.816958051174879074e-04 -5.653285370499361306e-06 3.723931513377465308e-05 1.376025658100843430e-02
4.862250089645385742e-01 2.198820002377033234e-02 -1.300170260947197676e-04 -1.473439042456448078e-04 2.415973358438350260e-05 1.288672070950269699e-02
4.858180284500122070e-01 2.085482515394687653e-02 -4.700024146586656570e-05 -1.459174090996384621e-04 4.293656093068420887e-05 1.257892791181802750e-02
4.845103323459625244e-01 1.972555741667747498e-02 -2.043241984210908413e-04 -1.386563526466488838e-04 8.976354365586303174e-06 1.158716529607772827e-02
4.848383963108062744e-01 1.754041202366352081e-02 -1.032911750371567905e-04 4.945492037222720683e-05 3.098146771662868559e-05 1.166421547532081604e-02
4.927617609500885010e-01 2.017881721258163452e-02 -2.198887523263692856e-04 -1.548761429148726165e-05 4.634227661881595850e-05 1.189897768199443817e-02
4.866074919700622559e-01 1.683440059423446655e-02 -1.667017641011625528e-04 -8.955461089499294758e-05 1.845206134021282196e-05 1.123026385903358459e-02
4.865164458751678467e-01 1.945617608726024628e-02 -1.063124291249550879e-04 -4.070881550433114171e-05 -4.447922947292681783e-06 1.098668668419122696e-02
4.894995689392089844e-01 1.759038306772708893e-02 -4.001467459602281451e-05 -8.165241160895675421e-05 -1.466394678573124111e-06 1.066055241972208023e-02
4.961448013782501221e-01 1.570495218038558960e-02 -3.798956749960780144e-04 -7.594380440423265100e-05 2.219425368821248412e-05 1.063688378781080246e-02
4.852764606475830078e-01 1.621356792747974396e-02 -2.878859231714159250e-04 -7.253319199662655592e-05 1.695259561529383063e-05 9.947188198566436768e-03
4.918165504932403564e-01 1.789083145558834076e-02 -1.545071427244693041e-04 -4.413009082782082260e-05 -1.010348023555707186e-05 9.948875755071640015e-03
4.922777414321899414e-01 1.259987242519855499e-02 -1.641390990698710084e-04 -4.485996214498300105e-06 3.694403403642354533e-06 9.670225903391838074e-03
4.840711653232574463e-01 1.672089472413063049e-02 -3.442278539296239614e-04 -9.432772640138864517e-05 7.542200364696327597e-06 9.249046444892883301e-03
4.903704822063446045e-01 1.490712258964776993e-02 -8.832865205476991832e-06 4.581720077112549916e-06 1.370018526358762756e-05 9.248679503798484802e-03
4.923909008502960205e-01 1.540564093738794327e-02 -1.423775684088468552e-04 -5.242231054580770433e-05 1.186934969155117869e-05 9.188874624669551849e-03
4.855527281761169434e-01 1.284531410783529282e-02 -8.615366095909848809e-05 -1.843036443460732698e-05 1.526885716884862632e-05 8.697826415300369263e-03
4.881826937198638916e-01 1.277050934731960297e-02 -3.196023171767592430e-04 -2.994274109369143844e-05 1.606471414561383426e-05 8.693960495293140411e-03
4.864864945411682129e-01 1.392212696373462677e-02 -1.298150891670957208e-04 -4.407367669045925140e-05 1.402808811690192670e-05 8.598813787102699280e-03
4.842660725116729736e-01 1.159244310110807419e-02 -2.429947635391727090e-04 -6.579958426300436258e-05 -1.143178087659180164e-05 8.146506734192371368e-03
4.901044666767120361e-01 1.260339003056287766e-02 -4.250850761309266090e-04 -4.558953878586180508e-05 1.219316618517041206e-05 8.161090314388275146e-03
5.012748241424560547e-01 1.030716672539710999e-02 -1.965955889318138361e-04 -5.438826337922364473e-05 1.282821176573634148e-05 8.662363514304161072e-03
4.924352765083312988e-01 9.863680228590965271e-03 -1.908802223624661565e-04 1.615799010323826224e-05 1.966308991541154683e-05 8.053968660533428192e-03
4.905313253402709961e-01 1.036902889609336853e-02 -3.259314398746937513e-04 -6.810070044593885541e-05 -1.478533704357687384e-05 7.886521518230438232e-03
4.858493506908416748e-01 1.539735309779644012e-02 -2.703680656850337982e-04 -4.380076279630884528e-05 2.563444468250963837e-05 7.696174550801515579e-03
4.964593648910522461e-01 1.315959915518760681e-02 -9.177948231808841228e-05 -1.394374521623831242e-06 1.129493648477364331e-05 8.068558759987354279e-03
4.907837212085723877e-01 5.518125370144844055e-03 -3.365642623975872993e-04 -7.036522583803161979e-05 2.606595990073401481e-05 7.574014365673065186e-03
4.912315011024475098e-01 3.545967163518071175e-03 -9.612695430405437946e-05 -8.425257874478120357e-06 -3.691632173286052421e-07 7.447801996022462845e-03
4.922130703926086426e-01 8.837431669235229492e-03 -2.672089030966162682e-04 -4.845474904868751764e-05 1.158934173872694373e-05 7.657620590180158615e-03
4.882625043392181396e-01 1.241595391184091568e-02 -6.189694249769672751e-05 4.872354111284948885e-06 -1.268403684662189335e-05 7.495356258004903793e-03
4.984927773475646973e-01 7.828379981219768524e-03 -8.903523848857730627e-05 -1.922724732139613479e-05 2.340538776479661465e-05 7.726898416876792908e-03
4.872181713581085205e-01 1.029828190803527832e-02 -1.850141561590135098e-04 -6.658967322437092662e-06 -3.643853005996788852e-06 7.409731391817331314e-03
4.897447526454925537e-01 7.246622815728187561e-03 -2.985357132274657488e-04 -4.713486123364418745e-05 -2.733363999141147360e-06 7.324906997382640839e-03
4.865718483924865723e-01 6.676450371742248535e-03 -1.841179328039288521e-04 -1.972062091226689517e-05 6.184572157508227974e-06 7.275445386767387390e-03
4.913672208786010742e-01 1.118643674999475479e-02 -1.534353505121544003e-04 -6.047182250767946243e-05 1.356210759695386514e-05 7.672557141631841660e-03
4.935242831707000732e-01 9.690944105386734009e-03 -3.349110193084925413e-04 -3.752890916075557470e-05 1.875575435406062752e-05 7.295059040188789368e-03
4.917991459369659424e-01 1.193624548614025116e-02 -2.097284013871103525e-04 3.222291525162290782e-06 1.881802381831221282e-05 7.468388415873050690e-03
4.853943586349487305e-01 1.220758352428674698e-02 -1.790275127859786153e-04 -3.022783130290918052e-05 9.818897524382919073e-06 7.185382302850484848e-03
4.917188286781311035e-01 1.032221876084804535e-02 -2.936783130280673504e-04 -3.455982005107216537e-05 -1.879285264294594526e-06 7.298379205167293549e-03
4.863788485527038574e-01 1.348917372524738312e-02 -1.050504943123087287e-04 -1.510825404693605378e-05 -5.609243999060709029e-06 7.288952823728322983e-03
4.969962835311889648e-01 1.211369223892688751e-02 -1.172941047116182745e-04 3.639739134086994454e-06 4.456590886547928676e-06 7.477530278265476227e-03
4.949565231800079346e-01 1.036764867603778839e-02 3.254859620938077569e-06 -4.011337750853272155e-06 -1.329536917182849720e-05 7.612279150635004044e-03
4.859509170055389404e-01 1.328243501484394073e-02 -1.702422014204785228e-04 1.228704604727681726e-06 6.154294169391505420e-06 6.997840013355016708e-03
5.036785006523132324e-01 1.531813107430934906e-02 -2.150153741240501404e-04 -1.765116212482098490e-05 1.586949110787827522e-05 8.660209365189075470e-03
4.893538057804107666e-01 1.160847116261720657e-02 -2.087974717142060399e-04 -2.784091338980942965e-05 3.936774191970471293e-06 7.354503963142633438e-03
4.885962009429931641e-01 1.080183405429124832e-02 -2.532134749344550073e-05 -1.321015406574588269e-05 -2.227847471658606082e-05 6.811541505157947540e-03
4.924083650112152100e-01 1.304238289594650269e-02 -1.595676294527947903e-04 -7.002876827755244449e-06 2.402403697487898171e-05 7.175813429057598114e-03
4.910037517547607422e-01 1.262245513498783112e-02 -8.271847036667168140e-05 2.186410938520566560e-06 2.544849849073216319e-05 6.986785214394330978e-03
4.938928484916687012e-01 1.248365081846714020e-02 -1.667711621848866343e-04 -3.551648478605784476e-05 1.586905636941082776e-05 7.446483708918094635e-03
4.917780756950378418e-01 1.458467449992895126e-02 -1.271459223062265664e-05 -9.559955287841148674e-06 -6.374291842803359032e-06 7.455877028405666351e-03
4.912329316139221191e-01 1.337046269327402115e-02 -8.787190745351836085e-05 1.213458926940802485e-05 1.938243076438084245e-05 7.293926551938056946e-03
4.953087568283081055e-01 1.469396613538265228e-02 -1.723727618809789419e-04 -3.348484824527986348e-06 4.915916633763117716e-06 7.500814739614725113e-03
4.825079739093780518e-01 1.078790426254272461e-02 -5.351723302737809718e-06 -1.366169999528210610e-05 1.576296926941722631e-05 7.092236075550317764e-03
4.946597218513488770e-01 1.595275104045867920e-02 -1.169147435575723648e-04 -1.994301419472321868e-05 -1.932794293679762632e-05 7.363307289779186249e-03
4.871728718280792236e-01 1.128350570797920227e-02 -1.126072675106115639e-04 1.712691300781443715e-06 4.840220753976609558e-06 7.064477074891328812e-03
4.906378388404846191e-01 1.374830584973096848e-02 -6.546151416841894388e-05 -5.408589913713512942e-06 2.382904131081886590e-05 7.337202318012714386e-03
4.893588423728942871e-01 1.085167285054922104e-02 7.844007632229477167e-05 -2.606832640594802797e-05 -9.290422894991934299e-06 7.160072214901447296e-03
4.942029714584350586e-01 1.160092558711767197e-02 -1.891856372822076082e-04 -1.123651691159466282e-05 1.752189200487919152e-05 7.431340403854846954e-03
4.858882129192352295e-01 6.804171949625015259e-03 5.295762093737721443e-06 -6.342147116811247543e-06 2.500572463759453967e-06 7.121285423636436462e-03
4.940873384475708008e-01 1.403301768004894257e-02 -2.385899133514612913e-04 -4.999982593290042132e-06 1.021822390612214804e-05 7.520312443375587463e-03
4.890270233154296875e-01 1.168044283986091614e-02 -1.563557307235896587e-04 -3.473222022876143456e-05 1.365237221762072295e-05 7.136848289519548416e-03
4.897412359714508057e-01 1.087645534425973892e-02 1.494531024945899844e-04 2.709042018977925181e-05 -7.584206741739762947e-06 7.331126835197210312e-03
4.924106895923614502e-01 1.156255230307579041e-02 -3.081359609495848417e-04 -4.469588020583614707e-05 3.351904160808771849e-05 7.229016162455081940e-03
4.899595379829406738e-01 1.204142626374959946e-02 -1.639529655221849680e-04 -1.577803959662560374e-05 1.942046219483017921e-05 7.387869060039520264e-03
4.878943562507629395e-01 9.215032681822776794e-03 -1.968337310245260596e-04 7.314637514355126768e-06 -5.356319888960570097e-06 7.171814795583486557e-03
4.898662865161895752e-01 1.002572197467088699e-02 -1.302793680224567652e-04 -2.116816722264047712e-05 3.323507371533196419e-07 7.279818411916494370e-03
4.908637106418609619e-01 1.086317468434572220e-02 -1.210229311254806817e-05 1.612084088264964521e-05 1.807829539757221937e-05 7.308232132345438004e-03
4.932820498943328857e-01 6.760695483535528183e-03 -1.141170941991731524e-04 -2.435008173051755875e-05 4.326905127527425066e-06 7.302143145352602005e-03
4.893505871295928955e-01 1.313131675124168396e-02 -1.002781500574201345e-04 1.647835688345367089e-06 -1.203797182824928313e-05 7.428578566759824753e-03
4.900375008583068848e-01 9.514938108623027802e-03 -2.762025978881865740e-04 3.021422116944449954e-06 2.038653838098980486e-05 7.126273587346076965e-03
4.912117123603820801e-01 1.270852703601121902e-02 4.162836557952687144e-05 -1.939560024766251445e-05 -8.771306966082192957e-06 7.548341061919927597e-03
4.918384253978729248e-01 1.021436974406242371e-02 -1.567838189657777548e-04 8.971703664428787306e-07 1.519569286756450310e-05 7.349906023591756821e-03
4.923417270183563232e-01 1.223617698997259140e-02 -8.773177978582680225e-05 3.255056981288362294e-06 8.176875780918635428e-06 7.429009303450584412e-03
4.942316114902496338e-01 1.285956613719463348e-02 -2.960630517918616533e-04 -2.287356801389250904e-05 1.329027145402505994e-05 7.434717845171689987e-03
4.930855035781860352e-01 9.144333191215991974e-03 -1.592938206158578396e-04 -1.667295509832911193e-05 5.515921657206490636e-06 7.428005803376436234e-03
4.823759198188781738e-01 1.756498403847217560e-02 -2.377428463660180569e-04 -1.013494147628080100e-05 -1.194670676341047511e-05 6.732348818331956863e-03
4.917743802070617676e-01 5.942312069237232208e-03 -1.210819173138588667e-04 -1.654833249631337821e-05 2.390478039160370827e-05 7.433232385665178299e-03
4.909876585006713867e-01 1.945924200117588043e-02 -2.011324977502226830e-04 8.235152563429437578e-06 -3.063704753003548831e-06 7.276153191924095154e-03
4.884702861309051514e-01 1.119344867765903473e-02 -6.249592843232676387e-05 -2.210556885984260589e-05 -2.055068307527108118e-06 7.427159696817398071e-03
4.918080866336822510e-01 1.006922125816345215e-02 -1.222788123413920403e-04 -1.113578309741569683e-05 6.268420293054077774e-06 7.400250993669033051e-03
4.896648228168487549e-01 1.112485770136117935e-02 2.285489244968630373e-05 -1.212441475217929110e-05 -3.907337486452888697e-06 7.327478379011154175e-03
4.973564147949218750e-01 1.340305712074041367e-02 -3.124301729258149862e-04 -2.696719820960424840e-05 4.599342355504631996e-05 7.361511234194040298e-03
4.890436232089996338e-01 8.010899648070335388e-03 -1.391143632645253092e-05 -3.298000592621974647e-05 -1.085432631953153759e-05 7.239050231873989105e-03
4.873213768005371094e-01 1.235661841928958893e-02 -1.111463498091325164e-04 -1.117785941460169852e-04 3.707036739797331393e-06 6.768257357180118561e-03
