3.500859737396240234e-01 1.409719977527856827e-02 6.598461885005235672e-03 -1.131542449002154171e-04 4.989547654986381531e-03 1.471325103193521500e-02
3.483789563179016113e-01 8.662168867886066437e-03 6.456373725086450577e-03 -4.859138862229883671e-04 9.854815900325775146e-03 1.285242103040218353e-02
3.449746668338775635e-01 1.081463880836963654e-02 1.252954360097646713e-02 -2.952438080683350563e-03 7.085970602929592133e-03 1.308897603303194046e-02
3.312663733959197998e-01 1.306090503931045532e-02 1.051983423531055450e-02 -7.257820689119398594e-04 4.343148902989923954e-04 1.336968597024679184e-02
3.241004049777984619e-01 1.375661417841911316e-02 1.093688234686851501e-02 -9.362686541862785816e-04 -2.276396146044135094e-03 1.293502654880285263e-02
3.243086040019989014e-01 8.802085183560848236e-03 5.948401056230068207e-03 2.146411687135696411e-03 -1.919774920679628849e-03 1.292507071048021317e-02
3.174790740013122559e-01 1.023668423295021057e-02 1.272313855588436127e-02 -5.664518103003501892e-04 -2.527552889660000801e-03 1.213108189404010773e-02
3.145233988761901855e-01 1.617999188601970673e-02 4.383949562907218933e-03 -2.794241532683372498e-03 -3.238041885197162628e-03 1.171730272471904755e-02
3.128838539123535156e-01 1.796743273735046387e-02 1.877771806903183460e-03 -3.911970183253288269e-03 -1.874121138826012611e-03 1.126883085817098618e-02
3.135151267051696777e-01 1.535140164196491241e-02 -1.331890374422073364e-02 5.062731797806918621e-04 -6.769493222236633301e-03 1.185845769941806793e-02
2.970960438251495361e-01 -1.225651009008288383e-03 -6.779595278203487396e-03 1.549180713482201099e-03 -6.784502184018492699e-04 1.021621841937303543e-02
3.188033401966094971e-01 9.549815440550446510e-04 3.702470799908041954e-03 2.522416179999709129e-03 4.332902375608682632e-03 1.161774434149265289e-02
3.125770390033721924e-01 8.827741257846355438e-03 1.300101540982723236e-02 8.783036610111594200e-04 3.643663600087165833e-03 1.175797544419765472e-02
3.127716779708862305e-01 9.797305800020694733e-03 6.047915201634168625e-03 1.341612078249454498e-03 -1.794466050341725349e-03 1.235208660364151001e-02
2.903930842876434326e-01 5.684574134647846222e-04 9.205078706145286560e-03 -6.297709769569337368e-04 -5.752228389610536397e-05 1.046412065625190735e-02
3.167206048965454102e-01 1.199852954596281052e-02 6.236974615603685379e-03 -1.448915223591029644e-03 2.955541014671325684e-03 1.171174831688404083e-02
3.073087036609649658e-01 1.736192405223846436e-02 8.958248421549797058e-03 -2.162054181098937988e-03 -4.414394032210111618e-03 1.145559363067150116e-02
3.015558421611785889e-01 9.282892569899559021e-03 9.036039933562278748e-03 -6.061337771825492382e-04 -8.823303505778312683e-03 1.157725043594837189e-02
3.105216324329376221e-01 3.849372733384370804e-03 -2.973731141537427902e-03 2.703653648495674133e-03 -8.774552494287490845e-03 1.222555059939622879e-02
3.142779171466827393e-01 1.997016370296478271e-03 -6.972823757678270340e-04 5.008137784898281097e-03 -5.210529547184705734e-03 1.260154973715543747e-02
3.260322213172912598e-01 1.744080334901809692e-02 -2.989758737385272980e-03 1.342217787168920040e-03 2.925175940617918968e-03 1.231288257986307144e-02
3.298094868659973145e-01 1.152004022151231766e-02 7.777592982165515423e-04 -1.923240139149129391e-03 5.618221592158079147e-03 1.233550999313592911e-02
3.239044249057769775e-01 9.907038882374763489e-03 -2.324301050975918770e-03 -1.385632785968482494e-03 3.037241054698824883e-03 1.201765425503253937e-02
3.227785527706146240e-01 1.137515529990196228e-02 6.916695274412631989e-04 2.916917146649211645e-04 -3.058193542528897524e-04 1.184963714331388474e-02
3.285019993782043457e-01 1.700258813798427582e-02 6.105971988290548325e-03 -1.888042897917330265e-03 1.554884715005755424e-03 1.192482560873031616e-02
3.386085033416748047e-01 1.883806288242340088e-02 1.390082482248544693e-02 -4.087920766323804855e-03 8.454451337456703186e-03 1.313570886850357056e-02
3.162514865398406982e-01 7.683254312723875046e-03 9.911651723086833954e-03 8.360148058272898197e-05 6.736274342983961105e-03 1.160367578268051147e-02
3.183281719684600830e-01 -6.311726290732622147e-03 1.155733969062566757e-02 6.688436027616262436e-03 1.709128729999065399e-03 1.105752307921648026e-02
3.201218545436859131e-01 -3.874704008921980858e-03 6.403868086636066437e-03 5.516655743122100830e-03 -1.788647961802780628e-03 1.211955398321151733e-02
3.239880204200744629e-01 -4.083217121660709381e-03 8.977402932941913605e-03 2.809721976518630981e-03 -9.747510775923728943e-04 1.223813835531473160e-02
3.301145136356353760e-01 1.263772509992122650e-02 3.566890722140669823e-03 -6.490741856396198273e-03 -9.596539894118905067e-04 1.258761249482631683e-02
3.290222287178039551e-01 7.961042225360870361e-03 -3.465720918029546738e-03 -5.225433968007564545e-03 -2.035692334175109863e-03 1.336457673460245132e-02
3.415896296501159668e-01 1.265191473066806793e-03 -6.537505425512790680e-03 2.585266716778278351e-03 -1.113309524953365326e-03 1.328919455409049988e-02
3.506696522235870361e-01 -5.207798909395933151e-03 6.226857192814350128e-03 5.897515919059514999e-03 2.019007224589586258e-03 1.260143425315618515e-02
3.578581213951110840e-01 -9.853731840848922729e-03 9.017385542392730713e-03 1.628099125809967518e-03 3.947729710489511490e-03 1.300458423793315887e-02
3.760051727294921875e-01 1.662507280707359314e-02 5.903993733227252960e-03 -3.195464145392179489e-03 2.896609483286738396e-03 1.476732082664966583e-02
3.773884773254394531e-01 8.948357775807380676e-03 4.575883969664573669e-03 -5.779581260867416859e-05 -1.383443130180239677e-03 1.445506326854228973e-02
3.902046382427215576e-01 1.369355153292417526e-02 6.822263356298208237e-03 1.059476489899680018e-04 -2.659835387021303177e-03 1.491471938788890839e-02
4.008563160896301270e-01 1.570108160376548767e-02 4.212683066725730896e-03 -3.012933593709021807e-04 -1.764229033142328262e-03 1.538230944424867630e-02
4.121372699737548828e-01 7.571205496788024902e-03 -1.104567898437380791e-03 2.813415601849555969e-03 -1.848620129749178886e-03 1.675914600491523743e-02
4.211835861206054688e-01 7.244062609970569611e-03 -1.199998543597757816e-03 4.993457347154617310e-03 -1.852188026532530785e-03 1.744887977838516235e-02
4.242460727691650391e-01 1.093265973031520844e-02 7.733934093266725540e-03 2.102169208228588104e-03 -2.880987478420138359e-03 1.710633188486099243e-02
4.356324672698974609e-01 1.682925969362258911e-02 3.081739181652665138e-03 -5.313627887517213821e-03 -2.970746485516428947e-03 1.885619945824146271e-02
4.490194916725158691e-01 2.158725447952747345e-02 2.376597840338945389e-03 -4.421591293066740036e-03 -1.131198077928274870e-04 1.964573934674263000e-02
4.517633318901062012e-01 8.996403776109218597e-03 -3.619174531195312738e-04 -2.831085585057735443e-04 7.702676230110228062e-04 2.029191702604293823e-02
4.554021060466766357e-01 1.127307489514350891e-02 4.957739729434251785e-03 2.020194660872220993e-03 1.057831104844808578e-03 1.966000907123088837e-02
4.568826556205749512e-01 1.375226955860853195e-02 7.257831282913684845e-03 1.321521005593240261e-03 4.554979677777737379e-04 1.958399079740047455e-02
4.567986726760864258e-01 1.946906186640262604e-02 8.864017203450202942e-03 -8.645915659144520760e-04 1.108574098907411098e-03 1.904209516942501068e-02
4.556859433650970459e-01 1.843779347836971283e-02 6.787159945815801620e-03 -1.328237121924757957e-03 1.150890951976180077e-03 1.885165460407733917e-02
4.509729444980621338e-01 1.786491833627223969e-02 7.219126448035240173e-03 -1.995846396312117577e-03 8.150932844728231430e-04 1.818064600229263306e-02
4.489792287349700928e-01 1.605841889977455139e-02 5.307888612151145935e-03 -1.533699105493724346e-03 1.762782922014594078e-04 1.774710230529308319e-02
4.480190575122833252e-01 1.611397415399551392e-02 7.180707994848489761e-03 -1.147859846241772175e-03 1.139226733357645571e-04 1.701081171631813049e-02
4.363102912902832031e-01 1.274972409009933472e-02 7.806439884006977081e-03 -1.442357548512518406e-03 -1.208762696478515863e-04 1.607690379023551941e-02
4.371320307254791260e-01 1.356316078454256058e-02 6.523889489471912384e-03 -1.476629870012402534e-03 8.233083644881844521e-04 1.510515529662370682e-02
4.369320571422576904e-01 1.234655268490314484e-02 5.975959822535514832e-03 -8.273957064375281334e-04 3.641415969468653202e-04 1.440355461090803146e-02
4.316354393959045410e-01 1.408072840422391891e-02 6.299607455730438232e-03 -7.587001891806721687e-04 -5.293060530675575137e-05 1.337040588259696960e-02
4.266304671764373779e-01 1.199783664196729660e-02 6.445977371186017990e-03 -5.627732025459408760e-04 3.596201422624289989e-04 1.203450839966535568e-02
4.243110418319702148e-01 1.123178936541080475e-02 7.994310930371284485e-03 -8.046617731451988220e-04 1.097956090234220028e-03 1.114362757652997971e-02
4.211480319499969482e-01 1.128427404910326004e-02 7.626466918736696243e-03 -8.370358846150338650e-04 5.022640689276158810e-04 9.484578855335712433e-03
4.176140427589416504e-01 8.928505703806877136e-03 9.466391056776046753e-03 -5.834297626279294491e-04 -1.379792811349034309e-04 8.175170049071311951e-03
4.143232703208923340e-01 7.045867387205362320e-03 6.957442034035921097e-03 -9.845372987911105156e-04 -7.083715172484517097e-05 6.511877756565809250e-03
4.094814062118530273e-01 9.103088639676570892e-03 7.124270778149366379e-03 -1.530036388430744410e-04 3.716870269272476435e-04 4.523933865129947662e-03
4.051922559738159180e-01 2.868219278752803802e-03 6.041766609996557236e-03 1.756037672748789191e-04 -1.069596328306943178e-05 3.155588870868086815e-03
4.072118699550628662e-01 5.809647962450981140e-03 8.237242698669433594e-03 6.387209868989884853e-04 -2.660197496879845858e-04 1.381374197080731392e-03
3.953695297241210938e-01 -2.792938146740198135e-03 6.586047355085611343e-03 -3.244908875785768032e-04 -1.108980271965265274e-03 -7.086771074682474136e-04
4.009682238101959229e-01 -8.885463466867804527e-04 6.114307790994644165e-03 1.260552671737968922e-04 -1.202336046844720840e-03 -2.327824477106332779e-03
4.008947014808654785e-01 -2.064546803012490273e-03 8.998516947031021118e-03 5.485621513798832893e-04 -2.361296908929944038e-03 -4.229200538247823715e-03
4.044164121150970459e-01 -2.839553868398070335e-03 5.538101773709058762e-03 5.171788507141172886e-04 -2.363122301176190376e-03 -5.767434835433959961e-03
4.114209115505218506e-01 -3.683689283207058907e-04 4.424459766596555710e-03 4.545421688817441463e-04 -6.225383258424699306e-04 -7.922686636447906494e-03
4.165750145912170410e-01 -3.958590794354677200e-03 1.691358629614114761e-03 -8.835557382553815842e-04 1.532865804620087147e-03 -9.570448659360408783e-03
4.156253039836883545e-01 -5.492012016475200653e-03 4.542225040495395660e-03 -2.117454307153820992e-03 2.389085944741964340e-03 -1.163666509091854095e-02
4.154010117053985596e-01 -5.708774551749229431e-03 6.928444374352693558e-03 -1.987986732274293900e-03 1.888470957055687904e-03 -1.366763189435005188e-02
4.109374284744262695e-01 -6.836516782641410828e-03 9.638078510761260986e-03 -4.186892183497548103e-04 9.722636314108967781e-04 -1.514263451099395752e-02
4.104285836219787598e-01 -6.101754494011402130e-03 8.902300149202346802e-03 -2.744983648881316185e-04 -4.394656571093946695e-04 -1.623254269361495972e-02
4.058653116226196289e-01 -1.223977096378803253e-02 9.169775061309337616e-03 5.152143421582877636e-05 -7.585377898067235947e-04 -1.877331361174583435e-02
4.039809703826904297e-01 -1.042256504297256470e-02 7.852980867028236389e-03 -1.259816461242735386e-03 -1.216177828609943390e-03 -2.025052346289157867e-02
4.046127498149871826e-01 -8.902245201170444489e-03 6.469909101724624634e-03 -2.828251803293824196e-03 -1.138611230999231339e-03 -2.136091887950897217e-02
3.975880146026611328e-01 -1.072838157415390015e-02 1.257962896488606930e-03 -2.262016525492072105e-03 -1.606139121577143669e-03 -2.117924019694328308e-02
3.939731717109680176e-01 -1.994179375469684601e-02 3.053183667361736298e-03 1.585490885190665722e-03 -1.362127484753727913e-03 -2.176917716860771179e-02
3.921329677104949951e-01 -1.820511743426322937e-02 7.075850386172533035e-03 7.941775256767868996e-04 -9.562172926962375641e-04 -2.271368354558944702e-02
3.946340084075927734e-01 -1.465911697596311569e-02 6.869276985526084900e-03 -3.851438232231885195e-04 -1.523075974546372890e-03 -2.377510815858840942e-02
3.963749706745147705e-01 -1.567729748785495758e-02 3.828550223261117935e-03 2.037899976130574942e-04 -1.632903120480477810e-03 -2.407366968691349030e-02
4.019134938716888428e-01 -2.058096043765544891e-02 1.430906471796333790e-03 2.762170974165201187e-03 -1.329568767687305808e-04 -2.486454509198665619e-02
4.082697629928588867e-01 -2.524340339004993439e-02 4.153367597609758377e-03 3.232934046536684036e-03 4.242956929374486208e-04 -2.530186995863914490e-02
4.134244620800018311e-01 -2.168300561606884003e-02 6.331132259219884872e-03 1.851340872235596180e-03 7.862937054596841335e-04 -2.546545863151550293e-02
4.164997041225433350e-01 -1.752802543342113495e-02 8.258204907178878784e-03 -2.589463838376104832e-04 5.148430936969816685e-04 -2.566983737051486969e-02
4.215201437473297119e-01 -1.941109821200370789e-02 8.509438484907150269e-03 -2.283693756908178329e-03 1.998208754230290651e-04 -2.570176124572753906e-02
4.258024096488952637e-01 -1.855672709643840790e-02 3.686354961246252060e-03 -1.475338358432054520e-03 2.002417750190943480e-04 -2.537572570145130157e-02
4.323496520519256592e-01 -2.210915833711624146e-02 2.195366658270359039e-03 2.217919798567891121e-03 4.450849082786589861e-04 -2.517496049404144287e-02
4.373433887958526611e-01 -2.517989836633205414e-02 6.123786326497793198e-03 2.612185431644320488e-03 3.861075092572718859e-04 -2.471146546304225922e-02
4.395419061183929443e-01 -1.548736821860074997e-02 6.770085077732801437e-03 -3.956306609325110912e-04 3.644379030447453260e-04 -2.496136166155338287e-02
4.450543522834777832e-01 -1.618187315762042999e-02 3.790182527154684067e-03 -2.245139097794890404e-03 2.063641150016337633e-04 -2.454468607902526855e-02
4.509571492671966553e-01 -1.898871734738349915e-02 3.672368358820676804e-03 -1.289323437958955765e-03 9.965641656890511513e-04 -2.414082922041416168e-02
4.588062465190887451e-01 -1.735643297433853149e-02 9.012956172227859497e-03 -1.406540395691990852e-03 2.261260757222771645e-03 -2.407052554190158844e-02
4.714947044849395752e-01 -1.481910049915313721e-02 9.127459488809108734e-03 -3.194057149812579155e-03 1.346879987977445126e-03 -2.462061494588851929e-02
4.709819853305816650e-01 -1.344579365104436874e-02 5.955403670668601990e-03 -3.748378949239850044e-03 -9.913379471981897950e-05 -2.474516443908214569e-02
4.757436215877532959e-01 -1.689623482525348663e-02 3.816919168457388878e-03 -3.042925149202346802e-03 -9.310151654062792659e-05 -2.487375773489475250e-02
4.772177338600158691e-01 -2.169710025191307068e-02 -1.020489726215600967e-03 -5.599323776550590992e-04 1.625602162675932050e-04 -2.482766471803188324e-02
4.875419437885284424e-01 -1.886150427162647247e-02 5.976909305900335312e-03 -7.050011190585792065e-04 8.907876908779144287e-04 -2.547749690711498260e-02
4.952294528484344482e-01 -2.201904915273189545e-02 1.680136309005320072e-03 -1.240368466824293137e-03 1.805681618861854076e-03 -2.535459958016872406e-02
5.059266090393066406e-01 -1.470435410737991333e-02 7.375449873507022858e-03 -1.759587088599801064e-03 2.371355192735791206e-03 -2.521400712430477142e-02
5.177292823791503906e-01 -1.534892991185188293e-02 5.324915517121553421e-03 -1.810243469662964344e-03 2.432780107483267784e-03 -2.438885718584060669e-02
5.247246026992797852e-01 -1.637560687959194183e-02 5.896447226405143738e-03 -6.763782585039734840e-04 1.487556728534400463e-03 -2.413074485957622528e-02
5.220984220504760742e-01 -1.642217487096786499e-02 6.423314101994037628e-03 -9.391164639964699745e-04 1.249023989657871425e-05 -2.388620376586914062e-02
5.294975638389587402e-01 -1.642128266394138336e-02 4.039645660668611526e-03 -2.090020716423168778e-04 -4.112819442525506020e-04 -2.441287972033023834e-02
5.391815900802612305e-01 -1.616355963051319122e-02 4.219780210405588150e-03 -4.505546530708670616e-04 3.422369773034006357e-04 -2.442786097526550293e-02
5.490546822547912598e-01 -1.344499550759792328e-02 2.866819268092513084e-03 -6.423397571779787540e-04 3.461485903244465590e-06 -2.383316680788993835e-02
5.484834313392639160e-01 -1.192418858408927917e-02 3.294135443866252899e-03 -8.267230587080121040e-04 -3.469544390100054443e-05 -2.291383035480976105e-02
5.564967989921569824e-01 -1.407585665583610535e-02 4.368030466139316559e-03 -4.120407684240490198e-04 9.766715811565518379e-04 -2.198837511241436005e-02
5.730154514312744141e-01 -1.582640036940574646e-02 5.633758381009101868e-03 -5.884317797608673573e-04 1.721481909044086933e-03 -2.195563167333602905e-02
5.783712267875671387e-01 -1.542370766401290894e-02 5.998075008392333984e-03 -3.904611221514642239e-04 1.937471213750541210e-03 -2.181960456073284149e-02
5.810601115226745605e-01 -1.590068079531192780e-02 5.344170145690441132e-03 1.277680858038365841e-04 1.702212728559970856e-03 -2.104594931006431580e-02
5.740295648574829102e-01 -1.493676938116550446e-02 6.777964066714048386e-03 7.974091568030416965e-04 1.498561701737344265e-03 -2.061865292489528656e-02
5.806058049201965332e-01 -1.521125994622707367e-02 8.130610920488834381e-03 2.183572360081598163e-04 6.069451337680220604e-04 -1.899741590023040771e-02
5.786257386207580566e-01 -1.600023917853832245e-02 7.164851296693086624e-03 8.233975386247038841e-04 1.252702641068026423e-04 -1.825584471225738525e-02
5.743350386619567871e-01 -1.448690891265869141e-02 9.104713797569274902e-03 -7.190402830019593239e-04 7.979551446624100208e-05 -1.807863637804985046e-02
5.754760503768920898e-01 -1.343985460698604584e-02 7.491044234484434128e-03 -9.785308502614498138e-04 -3.358750545885413885e-04 -1.841603033244609833e-02
5.756391882896423340e-01 -1.388021744787693024e-02 6.906162481755018234e-03 -2.008714000112377107e-05 -6.353394128382205963e-04 -1.835495419800281525e-02
5.762113332748413086e-01 -1.388741657137870789e-02 7.745657116174697876e-03 9.615212329663336277e-04 1.404380745952948928e-04 -1.804228313267230988e-02
5.799421072006225586e-01 -1.121679786592721939e-02 1.074414514005184174e-02 -9.576363663654774427e-05 1.087977201677858829e-03 -1.859023049473762512e-02
5.805366039276123047e-01 -9.058020077645778656e-03 1.054586376994848251e-02 -1.305483398027718067e-03 9.805329609662294388e-04 -1.840283535420894623e-02
5.868770480155944824e-01 -8.994949981570243835e-03 8.827179670333862305e-03 -9.107009973376989365e-04 9.831242496147751808e-04 -1.857050508260726929e-02
5.907606482505798340e-01 -1.322919409722089767e-02 8.567937649786472321e-03 9.262191597372293472e-04 8.553711231797933578e-04 -1.846128515899181366e-02
5.899898409843444824e-01 -1.558258384466171265e-02 6.928954739123582840e-03 4.257391672581434250e-03 5.606726044788956642e-04 -1.821350120007991791e-02
5.921167135238647461e-01 -1.878126151859760284e-02 6.676679477095603943e-03 5.268377717584371567e-03 1.062495168298482895e-03 -1.818614825606346130e-02
5.912549495697021484e-01 -1.788783445954322815e-02 6.292436271905899048e-03 5.148865748196840286e-03 1.204948755912482738e-03 -1.676178537309169769e-02
5.929343104362487793e-01 -2.027931250631809235e-02 6.890001706779003143e-03 6.288789678364992142e-03 1.002007396891713142e-03 -1.513442490249872208e-02
5.959491729736328125e-01 -1.618070527911186218e-02 5.521904211491346359e-03 6.713965907692909241e-03 4.174954956397414207e-04 -1.175173185765743256e-02
6.004692912101745605e-01 -1.527634076774120331e-02 9.861459955573081970e-03 7.426115218549966812e-03 -1.919302158057689667e-04 -8.499111980199813843e-03
6.051911711692810059e-01 -9.390362538397312164e-03 7.879097945988178253e-03 5.968242418020963669e-03 -8.467879379168152809e-04 -5.290074739605188370e-03
6.089760661125183105e-01 -6.001899950206279755e-03 6.154309958219528198e-03 5.863021593540906906e-03 -1.111839432269334793e-03 -3.002160461619496346e-03
6.075631976127624512e-01 -3.457747865468263626e-03 4.412206821143627167e-03 5.053336266428232193e-03 -1.279417658224701881e-03 -2.281837951159104705e-04
6.182034611701965332e-01 9.258927311748266220e-04 9.043715894222259521e-03 4.371994640678167343e-03 2.231357502751052380e-04 2.336679724976420403e-03
6.240844726562500000e-01 5.663055926561355591e-03 7.291011512279510498e-03 1.144587877206504345e-03 2.634275006130337715e-03 5.608403589576482773e-03
6.293098330497741699e-01 8.658046834170818329e-03 5.024236161261796951e-03 7.893517031334340572e-04 3.913305699825286865e-03 8.501149713993072510e-03
6.288864612579345703e-01 5.133104510605335236e-03 4.094318486750125885e-03 2.364073647186160088e-03 3.790168557316064835e-03 1.035781949758529663e-02
6.375770568847656250e-01 5.323546938598155975e-03 1.131928432732820511e-02 4.646291956305503845e-03 3.936188295483589172e-03 1.260366290807723999e-02
6.333371400833129883e-01 1.754946820437908173e-02 1.941485330462455750e-02 -5.603788304142653942e-04 3.184349276125431061e-03 1.424922049045562744e-02
6.389170289039611816e-01 1.933804340660572052e-02 3.794025164097547531e-03 -2.809772966429591179e-03 -6.449010688811540604e-04 1.432546880096197128e-02
6.456087231636047363e-01 1.884938403964042664e-02 4.811638966202735901e-03 -1.952456776052713394e-03 -1.353493425995111465e-03 1.513089612126350403e-02
6.440849900245666504e-01 1.229770574718713760e-02 2.866407856345176697e-03 1.320949639193713665e-03 -1.542266341857612133e-03 1.562825776636600494e-02
6.418656110763549805e-01 1.793844439089298248e-02 1.335635315626859665e-02 -2.129354543285444379e-04 -4.370599344838410616e-04 1.431537698954343796e-02
6.513265967369079590e-01 2.081485465168952942e-02 4.516722168773412704e-03 -2.427131636068224907e-03 -9.871682850643992424e-04 1.454602181911468506e-02
6.520667672157287598e-01 2.050669305026531219e-02 6.638355553150177002e-03 -3.141260705888271332e-03 -2.431621105642989278e-04 1.479756645858287811e-02
6.590855121612548828e-01 1.804171316325664520e-02 5.569011904299259186e-03 -1.931370818056166172e-03 8.834702894091606140e-04 1.361021678894758224e-02
6.656702756881713867e-01 1.463423296809196472e-02 8.677598088979721069e-03 -1.161614083684980869e-03 2.074675634503364563e-03 1.322837639600038528e-02
6.831358075141906738e-01 1.758848503232002258e-02 9.735913015902042389e-03 -1.874170964583754539e-03 2.790465019643306732e-03 1.312015112489461899e-02
6.794534325599670410e-01 1.819655857980251312e-02 5.786084569990634918e-03 -1.340678776614367962e-03 2.126842038705945015e-03 1.204398367553949356e-02
6.819871068000793457e-01 1.654196903109550476e-02 8.689777925610542297e-03 -2.402965037617832422e-04 -1.410541299264878035e-04 1.138678006827831268e-02
6.785306334495544434e-01 1.709074899554252625e-02 6.640429608523845673e-03 1.627674355404451489e-04 -2.298250328749418259e-03 1.077385060489177704e-02
