8.455547690391540527e-01 6.765867769718170166e-02 9.570877067744731903e-03 -2.325784415006637573e-03 -6.198943592607975006e-04 1.944359578192234039e-02
8.358938097953796387e-01 6.471665203571319580e-02 1.456821803003549576e-02 -1.606320147402584553e-03 -1.409746240824460983e-03 1.814799010753631592e-02
8.364909887313842773e-01 6.170408055186271667e-02 1.889205910265445709e-02 -2.650525653734803200e-03 -2.819421933963894844e-03 1.767485961318016052e-02
8.424171209335327148e-01 6.094226241111755371e-02 1.538556255400180817e-02 -2.579581690952181816e-03 -3.280387260019779205e-03 1.731443032622337341e-02
8.410443663597106934e-01 6.181846931576728821e-02 1.121463626623153687e-02 -7.802878972142934799e-04 -3.043050644919276237e-03 1.718829013407230377e-02
8.326075077056884766e-01 5.985393002629280090e-02 1.558834314346313477e-02 -1.141330343671143055e-03 -2.048764610663056374e-03 1.683222316205501556e-02
8.354675173759460449e-01 5.745910480618476868e-02 1.174715720117092133e-02 2.730883716139942408e-04 -4.415174014866352081e-03 1.592949777841567993e-02
8.334720134735107422e-01 5.866366997361183167e-02 1.453834399580955505e-02 2.746107988059520721e-03 -2.596200210973620415e-03 1.633363217115402222e-02
8.272954225540161133e-01 6.519818305969238281e-02 1.328067202121019363e-02 1.429459662176668644e-03 -1.870932173915207386e-03 1.695870421826839447e-02
8.410487174987792969e-01 5.604996904730796814e-02 5.651334766298532486e-03 1.369345234706997871e-03 -5.419011577032506466e-04 1.635909639298915863e-02
8.338398337364196777e-01 5.100788921117782593e-02 1.611734554171562195e-02 1.289015985094010830e-03 -3.844591265078634024e-05 1.666986197233200073e-02
8.381795883178710938e-01 5.893493071198463440e-02 1.559026539325714111e-02 -2.117551863193511963e-03 -1.265328173758462071e-04 1.699464581906795502e-02
8.342747688293457031e-01 6.110460311174392700e-02 8.993035182356834412e-03 -1.578613737365230918e-04 -5.664222408086061478e-04 1.598081924021244049e-02
8.232438564300537109e-01 6.927315890789031982e-02 1.425778307020664215e-02 -9.229691349901258945e-04 1.460262574255466461e-04 1.632642000913619995e-02
8.320487141609191895e-01 6.810241192579269409e-02 7.620738353580236435e-03 -9.048461797647178173e-04 -6.383762811310589314e-04 1.674421131610870361e-02
8.258752822875976562e-01 5.254068598151206970e-02 1.746633439324796200e-03 1.506224391050636768e-03 3.693926264531910419e-04 1.647660136222839355e-02
8.149673342704772949e-01 3.956159576773643494e-02 -2.896811929531395435e-04 4.706912441179156303e-04 3.172304481267929077e-03 1.598667725920677185e-02
8.292959332466125488e-01 4.680272191762924194e-02 -3.060596529394388199e-03 4.286556504666805267e-04 3.080518916249275208e-03 1.662730425596237183e-02
8.373239040374755859e-01 6.096508353948593140e-02 1.212535332888364792e-02 7.452657446265220642e-04 5.699565517716109753e-04 1.730398088693618774e-02
8.349598646163940430e-01 5.589786171913146973e-02 1.889916509389877319e-02 -7.884572260081768036e-04 -3.081450238823890686e-03 1.747565343976020813e-02
8.281908631324768066e-01 6.064062938094139099e-02 1.503351982682943344e-02 2.387732238275930285e-04 -3.645521122962236404e-03 1.765926927328109741e-02
8.120242357254028320e-01 6.810663640499114990e-02 9.714305400848388672e-03 -4.906618851236999035e-04 -9.486448834650218487e-04 1.680528372526168823e-02
8.078556656837463379e-01 6.427852064371109009e-02 2.024656627327203751e-03 -4.146128485444933176e-04 1.387559226714074612e-03 1.625554822385311127e-02
8.287528157234191895e-01 5.750768259167671204e-02 2.919500228017568588e-03 -6.462158635258674622e-04 2.129482338204979897e-03 1.728276908397674561e-02
8.159039020538330078e-01 5.954539775848388672e-02 1.048654317855834961e-02 -1.314272405579686165e-03 7.158609223552048206e-04 1.634727045893669128e-02
8.083631992340087891e-01 6.309337913990020752e-02 9.304578416049480438e-03 -1.746684312820434570e-03 -9.920535376295447350e-04 1.647026091814041138e-02
8.074781894683837891e-01 6.156399846076965332e-02 1.331210136413574219e-02 -2.076563192531466484e-03 -1.003494602628052235e-03 1.590546406805515289e-02
8.034741282463073730e-01 5.907515808939933777e-02 9.492378681898117065e-03 -2.580486238002777100e-03 -1.326968311332166195e-03 1.601091027259826660e-02
7.803364396095275879e-01 5.508680269122123718e-02 5.292180459946393967e-03 -1.100627006962895393e-03 -9.419478010386228561e-04 1.444838196039199829e-02
8.059079647064208984e-01 5.256111174821853638e-02 1.450618146918714046e-03 3.203905071131885052e-04 2.353174844756722450e-03 1.545356400310993195e-02
7.972149252891540527e-01 4.875966161489486694e-02 6.850297562777996063e-03 -3.647636156529188156e-03 2.078703109873458743e-04 1.536728814244270325e-02
8.000940680503845215e-01 5.593324825167655945e-02 6.685764528810977936e-03 1.051053186529316008e-04 -7.719005225226283073e-04 1.420132536441087723e-02
8.105977773666381836e-01 5.762600526213645935e-02 1.304264459758996964e-02 1.206369488500058651e-03 -9.814770892262458801e-04 1.546098198741674423e-02
8.086873888969421387e-01 5.606227740645408630e-02 1.145197916775941849e-02 -2.201440045610070229e-03 4.405057698022574186e-04 1.623532362282276154e-02
8.129096627235412598e-01 5.814868211746215820e-02 5.234185140579938889e-03 4.446466045919805765e-04 5.541338396142236888e-05 1.548694167286157608e-02
7.990301847457885742e-01 6.166890263557434082e-02 1.248927973210811615e-02 -1.338080968707799911e-03 -5.020594689995050430e-04 1.501624379307031631e-02
8.074126839637756348e-01 6.015575677156448364e-02 5.589778535068035126e-03 -2.217391374870203435e-05 -1.159657374955713749e-03 1.553407218307256699e-02
8.134509921073913574e-01 6.227458640933036804e-02 6.747589446604251862e-03 -1.419463224010542035e-04 8.967962930910289288e-04 1.643974520266056061e-02
8.144286274909973145e-01 6.650990247726440430e-02 4.475891590118408203e-03 -6.727207219228148460e-04 2.182432217523455620e-03 1.689296774566173553e-02
8.197631835937500000e-01 6.083192303776741028e-02 5.947618745267391205e-03 4.247633041813969612e-04 5.965087329968810081e-04 1.641585864126682281e-02
8.044747114181518555e-01 6.312028318643569946e-02 7.471552118659019470e-03 9.575156145729124546e-04 6.677834899164736271e-04 1.653644442558288574e-02
8.211986422538757324e-01 6.539415568113327026e-02 5.313930101692676544e-03 7.938660564832389355e-04 1.128296018578112125e-03 1.706523261964321136e-02
8.098610639572143555e-01 6.471333652734756470e-02 6.356182508170604706e-03 -1.339138369075953960e-03 1.498252386227250099e-03 1.688444614410400391e-02
8.035227656364440918e-01 6.577269732952117920e-02 4.966223612427711487e-03 8.029270975384861231e-05 -4.320822881709318608e-06 1.681253314018249512e-02
8.142633438110351562e-01 6.714186817407608032e-02 6.107104010879993439e-03 5.509451730176806450e-04 1.300761941820383072e-03 1.701394096016883850e-02
8.229702115058898926e-01 5.845550075173377991e-02 4.003887996077537537e-03 -6.465602200478315353e-04 2.393627306446433067e-03 1.868590712547302246e-02
8.247051835060119629e-01 6.451760977506637573e-02 2.993785077705979347e-03 5.885717109777033329e-04 2.522302325814962387e-03 1.843912154436111450e-02
8.164079189300537109e-01 6.354567408561706543e-02 5.311984103173017502e-03 1.758750440785661340e-04 1.356734079308807850e-03 1.891971379518508911e-02
8.171946406364440918e-01 5.534384027123451233e-02 1.028046011924743652e-02 -1.574697438627481461e-03 4.766207712236791849e-04 2.021925710141658783e-02
8.351535797119140625e-01 7.281969487667083740e-02 1.398245524615049362e-02 -1.845272141508758068e-03 -1.417718827724456787e-03 1.969453319907188416e-02
8.205177783966064453e-01 7.605233043432235718e-02 6.126197986304759979e-03 -1.056776964105665684e-03 -1.302394550293684006e-03 1.910763233900070190e-02
8.266893625259399414e-01 7.431534677743911743e-02 3.109946381300687790e-03 -5.340763018466532230e-04 1.401299843564629555e-03 1.964289881289005280e-02
8.297197222709655762e-01 7.385860383510589600e-02 -1.034919521771371365e-03 -9.726938442327082157e-04 2.479135058820247650e-03 1.985667087137699127e-02
8.308664560317993164e-01 7.030735164880752563e-02 3.845571307465434074e-03 -5.600649747066199780e-04 1.370219979435205460e-03 1.926209405064582825e-02
8.394168019294738770e-01 7.255645841360092163e-02 1.417764835059642792e-02 9.033360402099788189e-05 -2.004466718062758446e-03 1.930662617087364197e-02
8.417863249778747559e-01 6.956191360950469971e-02 1.942244730889797211e-02 -6.701875245198607445e-04 -2.814871026203036308e-03 1.999018341302871704e-02
8.482849001884460449e-01 7.099965959787368774e-02 1.615529693663120270e-02 -2.649620408192276955e-03 -2.645258791744709015e-03 2.169456146657466888e-02
8.445131778717041016e-01 7.281598448753356934e-02 1.086255908012390137e-02 -1.253449241630733013e-03 -1.468360889703035355e-03 2.032480575144290924e-02
8.326419591903686523e-01 7.334776967763900757e-02 8.476664312183856964e-03 -2.495485823601484299e-03 1.252312329597771168e-03 1.996535807847976685e-02
8.612616658210754395e-01 7.913166284561157227e-02 6.867117481306195259e-04 -2.063081832602620125e-03 2.247370779514312744e-03 2.021378464996814728e-02
8.450919389724731445e-01 7.410590350627899170e-02 1.051924889907240868e-03 -7.229009061120450497e-04 2.808909397572278976e-03 1.987089402973651886e-02
8.514828085899353027e-01 7.111153006553649902e-02 4.866483621299266815e-03 -7.781171589158475399e-04 3.263217862695455551e-03 1.989919319748878479e-02
8.668588995933532715e-01 7.003489881753921509e-02 7.527696434408426285e-03 -1.600966061232611537e-04 1.111398218199610710e-03 2.120061963796615601e-02
8.767896890640258789e-01 7.421685755252838135e-02 1.259082090109586716e-02 -4.846214142162352800e-04 1.394263381371274590e-05 2.060372941195964813e-02
8.724282979965209961e-01 6.893582642078399658e-02 5.853273440152406693e-03 1.990460732486099005e-04 -3.362313727848231792e-04 2.056517824530601501e-02
8.576590418815612793e-01 7.294416427612304688e-02 8.298233151435852051e-03 -1.077955494110938162e-05 1.969990553334355354e-03 1.856900565326213837e-02
8.685538172721862793e-01 6.775677204132080078e-02 9.464742615818977356e-03 -2.457603579387068748e-03 1.290122512727975845e-03 1.746476255357265472e-02
8.842320442199707031e-01 6.809964030981063843e-02 1.964131370186805725e-03 -1.261754543520510197e-03 2.391591551713645458e-04 1.528897602111101151e-02
8.901910781860351562e-01 5.638542771339416504e-02 8.536510169506072998e-03 -1.518114935606718063e-03 2.007656265050172806e-03 1.428848691284656525e-02
9.024698138236999512e-01 4.450583457946777344e-02 1.762727042660117149e-04 -2.954079303890466690e-03 2.664839150384068489e-03 1.209880318492650986e-02
9.091473817825317383e-01 3.365716710686683655e-02 2.874956699088215828e-03 -2.008022041991353035e-03 3.589312080293893814e-03 9.266075678169727325e-03
9.293911457061767578e-01 2.672925032675266266e-02 6.741612683981657028e-03 -2.784948097541928291e-03 2.533563412725925446e-03 7.241571322083473206e-03
9.074021577835083008e-01 2.157214097678661346e-02 4.018263891339302063e-03 -1.274188165552914143e-03 5.142897716723382473e-04 6.377940531820058823e-03
8.946529030799865723e-01 1.942867599427700043e-02 1.378243695944547653e-02 -2.015064819715917110e-04 -9.959142189472913742e-04 5.229601636528968811e-03
8.960812687873840332e-01 1.567481644451618195e-02 1.279550604522228241e-02 7.200157851912081242e-04 -1.645148964598774910e-03 4.227194469422101974e-03
9.072217345237731934e-01 6.695078220218420029e-03 5.847446154803037643e-03 1.766628585755825043e-03 7.827168446965515614e-04 3.591107670217752457e-03
9.095607399940490723e-01 -2.245824318379163742e-03 -7.188749732449650764e-04 -3.145225346088409424e-04 4.094512201845645905e-03 1.672014943324029446e-03
9.206707477569580078e-01 -5.747628398239612579e-03 -5.210016854107379913e-03 -1.575579284690320492e-03 5.165457259863615036e-03 4.748055362142622471e-04
9.209929704666137695e-01 -8.650064468383789062e-03 5.376087035983800888e-03 -2.127167768776416779e-03 4.178627859801054001e-03 -1.642609015107154846e-03
9.123696088790893555e-01 -9.409778751432895660e-03 4.290828015655279160e-03 -2.801251248456537724e-04 1.017173868604004383e-03 -3.142450004816055298e-03
9.283434748649597168e-01 -1.271011121571063995e-02 5.767556373029947281e-03 -5.422827089205384254e-04 3.133829217404127121e-03 -3.718448337167501450e-03
9.148989319801330566e-01 -1.949639618396759033e-02 1.534596551209688187e-03 -2.099644858390092850e-03 1.112944330088794231e-03 -5.852189846336841583e-03
9.250811934471130371e-01 -2.882169000804424286e-02 1.219286862760782242e-02 5.461834953166544437e-04 9.173426660709083080e-04 -5.849224980920553207e-03
9.307849407196044922e-01 -3.168306499719619751e-02 1.616453193128108978e-02 -1.742152380757033825e-03 -9.453821112401783466e-04 -5.606546532362699509e-03
9.316862821578979492e-01 -3.367026150226593018e-02 1.585410535335540771e-02 -9.444893803447484970e-04 -1.927864039316773415e-03 -7.151858881115913391e-03
9.457405805587768555e-01 -3.129945695400238037e-02 1.492753159254789352e-02 2.424253762001171708e-04 -2.279103791806846857e-04 -7.606271188706159592e-03
9.021213054656982422e-01 -2.732314169406890869e-02 3.575857961550354958e-03 -2.250490942969918251e-04 4.468105616979300976e-04 -8.876680396497249603e-03
8.924808502197265625e-01 -2.968674525618553162e-02 2.119345357641577721e-03 1.126470044255256653e-03 3.174042096361517906e-03 -9.415328502655029297e-03
8.934543728828430176e-01 -3.385815024375915527e-02 4.551552701741456985e-03 -1.978278305614367127e-04 3.142227418720722198e-03 -1.025037560611963272e-02
8.869475126266479492e-01 -3.410392627120018005e-02 7.682846393436193466e-03 -9.124318021349608898e-04 1.042922143824398518e-03 -1.185371074825525284e-02
8.824604153633117676e-01 -4.710783436894416809e-02 1.211781334131956100e-02 7.056402391754090786e-04 -4.483872908167541027e-04 -1.293986756354570389e-02
8.686012625694274902e-01 -4.542239755392074585e-02 1.545738801360130310e-02 7.836296572349965572e-04 -6.044004112482070923e-04 -1.355538889765739441e-02
8.650247454643249512e-01 -4.785046726465225220e-02 8.056785911321640015e-03 2.662368817254900932e-03 -3.141752677038311958e-04 -1.282538473606109619e-02
8.744446635246276855e-01 -5.580740049481391907e-02 8.409678004682064056e-03 3.591378685086965561e-03 1.253684051334857941e-03 -1.111758965998888016e-02
8.707441091537475586e-01 -5.522480979561805725e-02 4.369942471385002136e-03 3.487929236143827438e-03 2.058556070551276207e-03 -1.143262442201375961e-02
8.573743104934692383e-01 -5.304872989654541016e-02 8.636098355054855347e-03 3.993780817836523056e-03 1.974588027223944664e-03 -1.172539684921503067e-02
8.610381484031677246e-01 -5.735278874635696411e-02 1.528890803456306458e-02 2.701252233237028122e-03 1.373406965285539627e-03 -1.091774459928274155e-02
8.538885712623596191e-01 -5.067497119307518005e-02 1.049336791038513184e-02 2.899880753830075264e-03 1.069700811058282852e-03 -1.172649953514337540e-02
8.373768925666809082e-01 -4.729377850890159607e-02 7.615922484546899796e-03 1.978830900043249130e-03 2.521949820220470428e-03 -1.249140407890081406e-02
8.222260475158691406e-01 -5.203264951705932617e-02 4.407763481140136719e-03 2.263805596157908440e-03 3.082663286477327347e-03 -1.114514749497175217e-02
8.136599063873291016e-01 -4.310340061783790588e-02 4.998398013412952423e-03 3.932624123990535736e-03 1.761348219588398933e-03 -1.117792446166276932e-02
8.041859269142150879e-01 -4.741552472114562988e-02 1.507989969104528427e-02 3.753450699150562286e-03 1.598422997631132603e-03 -1.066380180418491364e-02
7.979820966720581055e-01 -4.689117148518562317e-02 1.514695864170789719e-02 3.108998062089085579e-03 1.085192780010402203e-03 -9.844256564974784851e-03
7.869411706924438477e-01 -4.667351022362709045e-02 1.440659537911415100e-02 2.464631572365760803e-03 6.492303509730845690e-05 -9.530996903777122498e-03
7.687386274337768555e-01 -4.093757271766662598e-02 1.762359589338302612e-02 3.214293625205755234e-03 -6.511373212561011314e-04 -9.772722609341144562e-03
7.448939085006713867e-01 -4.212430864572525024e-02 2.036515437066555023e-02 2.449829829856753349e-03 -2.360986080020666122e-03 -8.655980229377746582e-03
7.361736893653869629e-01 -3.411169722676277161e-02 2.390350215137004852e-02 2.847098279744386673e-03 -3.188663395121693611e-03 -7.757243234664201736e-03
7.341278791427612305e-01 -3.172165155410766602e-02 2.137086726725101471e-02 2.036619931459426880e-03 -3.178017446771264076e-03 -7.613727357238531113e-03
7.208636999130249023e-01 -3.309350460767745972e-02 2.003177627921104431e-02 3.966842778027057648e-03 -2.846530871465802193e-03 -7.809519302099943161e-03
7.052722573280334473e-01 -3.744727373123168945e-02 1.964470744132995605e-02 3.004058031365275383e-03 -1.857819152064621449e-03 -7.489483337849378586e-03
6.894128322601318359e-01 -3.819770738482475281e-02 1.496603898704051971e-02 3.924820106476545334e-03 -9.762055706232786179e-04 -7.181045133620500565e-03
6.742390990257263184e-01 -3.304173052310943604e-02 1.442025415599346161e-02 3.164956578984856606e-03 -9.689840371720492840e-04 -7.131897378712892532e-03
6.531823277473449707e-01 -3.102469258010387421e-02 1.425092667341232300e-02 3.312618704512715340e-03 -1.263346173800528049e-03 -6.247445009648799896e-03
6.428011655807495117e-01 -3.105448558926582336e-02 1.305909547954797745e-02 3.261520527303218842e-03 -6.978118326514959335e-04 -6.034795660525560379e-03
6.384378075599670410e-01 -2.950026653707027435e-02 1.309244427829980850e-02 3.461099462583661079e-03 -1.298376941122114658e-03 -5.844261031597852707e-03
6.124120950698852539e-01 -1.922261901199817657e-02 1.797628961503505707e-02 2.776577835902571678e-03 -1.311728847213089466e-03 -6.211574189364910126e-03
5.877226591110229492e-01 -1.660063676536083221e-02 1.463757734745740891e-02 1.679868437349796295e-03 -2.233201405033469200e-03 -5.728074815124273300e-03
5.596557855606079102e-01 -2.001519687473773956e-02 1.609795540571212769e-02 1.868186984211206436e-03 -2.944133477285504341e-03 -6.204201839864253998e-03
5.611463189125061035e-01 -1.983723416924476624e-02 1.410904899239540100e-02 3.057403722777962685e-03 -3.145513823255896568e-03 -4.335630219429731369e-03
5.422078371047973633e-01 -2.137388661503791809e-02 1.511619053781032562e-02 2.997327363118529320e-03 -4.298810381442308426e-04 -4.631659016013145447e-03
5.329392552375793457e-01 -2.674013935029506683e-02 1.597447507083415985e-02 3.777835081564262509e-05 -1.598151167854666710e-03 -4.784225951880216599e-03
5.186640024185180664e-01 -2.019979432225227356e-02 1.638427563011646271e-02 8.605362381786108017e-04 -3.340547671541571617e-03 -4.856459796428680420e-03
5.026986598968505859e-01 -2.286243066191673279e-02 2.095248922705650330e-02 3.882594464812427759e-04 -2.301350468769669533e-03 -4.108559340238571167e-03
4.855533540248870850e-01 -2.402921766042709351e-02 1.277437619864940643e-02 1.656083855777978897e-03 -3.336976515129208565e-03 -3.500384744256734848e-03
4.749685525894165039e-01 -2.535870112478733063e-02 1.626455970108509064e-02 2.369323279708623886e-03 -2.767517929896712303e-03 -3.873885143548250198e-03
4.552190601825714111e-01 -1.477772556245326996e-02 1.096508745104074478e-02 4.109812143724411726e-04 -2.829955192282795906e-03 -4.449210595339536667e-03
4.545255005359649658e-01 -2.320536226034164429e-02 1.274697668850421906e-02 1.999325759243220091e-04 -1.958449836820363998e-03 -4.141540732234716415e-03
4.463243484497070312e-01 -1.907589659094810486e-02 1.251271087676286697e-02 -2.237230655737221241e-04 -1.299606054089963436e-03 -3.633365267887711525e-03
4.410101771354675293e-01 -1.942313835024833679e-02 9.915587492287158966e-03 -8.122004219330847263e-04 -8.178326534107327461e-04 -3.506842302158474922e-03
4.331814050674438477e-01 -1.865621842443943024e-02 6.437479984015226364e-03 -2.112389047397300601e-04 -1.510668778792023659e-03 -4.060516133904457092e-03
4.271440207958221436e-01 -1.808667182922363281e-02 8.166800253093242645e-03 -5.980042042210698128e-04 -1.150523661635816097e-03 -4.599221050739288330e-03
4.288440942764282227e-01 -2.621494419872760773e-02 8.270401507616043091e-03 -1.265206665266305208e-04 -2.001870889216661453e-03 -4.468407481908798218e-03
4.165128767490386963e-01 -1.661650463938713074e-02 1.105715893208980560e-02 1.667668257141485810e-04 -1.372340135276317596e-03 -4.512088838964700699e-03
4.132510423660278320e-01 -2.118313312530517578e-02 8.629682473838329315e-03 -1.401788031216710806e-04 -1.824286300688982010e-03 -4.096592776477336884e-03
4.137890338897705078e-01 -1.821523532271385193e-02 1.345875114202499390e-02 -1.641314593143761158e-04 -2.089417073875665665e-03 -4.647100344300270081e-03
4.176127314567565918e-01 -2.333050407469272614e-02 1.255068928003311157e-02 -5.898870876990258694e-04 -3.353653242811560631e-03 -4.110192880034446716e-03
4.140823483467102051e-01 -1.081679668277502060e-02 1.290507242083549500e-02 -6.971354596316814423e-04 -2.815526211634278297e-03 -3.586651058867573738e-03
4.199325740337371826e-01 -1.033084932714700699e-02 9.827580302953720093e-03 -9.817953687161207199e-04 -2.725647063925862312e-03 -2.516720676794648170e-03
4.218486249446868896e-01 -1.108645182102918625e-02 1.033740770071744919e-02 -7.704172166995704174e-04 -2.054021460935473442e-03 -2.468235790729522705e-03
4.267814159393310547e-01 -1.226722914725542068e-02 6.621287669986486435e-03 -3.201434155926108360e-04 -2.001508604735136032e-03 -2.842751331627368927e-03
4.251330196857452393e-01 -1.243448723107576370e-02 9.838735684752464294e-03 9.275728370994329453e-04 -1.996707636862993240e-03 -3.197380108758807182e-03
4.112851023674011230e-01 -7.786761038005352020e-03 8.559325709939002991e-03 -2.579405845608562231e-04 -2.239503897726535797e-03 -2.470546634867787361e-03
3.909090757369995117e-01 -5.007775500416755676e-03 8.237418718636035919e-03 2.915644727181643248e-04 -2.180023351684212685e-03 -1.947949291206896305e-03
4.023301899433135986e-01 -8.492909371852874756e-03 8.792161941528320312e-03 -6.274834158830344677e-04 -1.694502541795372963e-03 -2.740259282290935516e-03
4.019756913185119629e-01 -1.271507423371076584e-02 5.265480373054742813e-03 -9.626145474612712860e-04 -9.662209777161478996e-04 -3.861492266878485680e-03
4.185445308685302734e-01 -2.033936977386474609e-02 4.157065879553556442e-03 -5.644959164783358574e-04 -1.089597470127046108e-03 -4.288047086447477341e-03
4.301891624927520752e-01 -2.052809298038482666e-02 6.158285308629274368e-03 -1.392722770106047392e-04 -1.211086288094520569e-03 -4.149061162024736404e-03
4.712986052036285400e-01 -2.236797846853733063e-02 7.962904870510101318e-03 6.017046398483216763e-04 -2.186129568144679070e-03 -5.113354884088039398e-03
4.725876450538635254e-01 -2.119490504264831543e-02 1.229234691709280014e-02 1.667022239416837692e-03 -2.241419861093163490e-03 -5.158079322427511215e-03
4.733435213565826416e-01 -2.037106454372406006e-02 1.311652828007936478e-02 4.661085258703678846e-04 -2.418799092993140221e-03 -5.051926709711551666e-03
4.910588860511779785e-01 -2.631930820643901825e-02 1.229826174676418304e-02 6.066666683182120323e-04 -2.926683751866221428e-03 -4.455984570086002350e-03
4.579344987869262695e-01 -2.047473005950450897e-02 1.151953637599945068e-02 -5.235479911789298058e-04 -2.450527623295783997e-03 -5.225257948040962219e-03
4.467878043651580811e-01 -2.351473085582256317e-02 1.073253247886896133e-02 -5.409151199273765087e-04 -3.173370147123932838e-03 -4.656182602047920227e-03
4.858155846595764160e-01 -3.042448498308658600e-02 1.184768509119749069e-02 5.069886101409792900e-04 -2.593629295006394386e-03 -4.282965790480375290e-03
4.587576687335968018e-01 -2.592478133738040924e-02 1.009054761379957199e-02 8.111035567708313465e-04 -1.731046009808778763e-03 -4.079835023730993271e-03
4.221216738224029541e-01 -2.506620064377784729e-02 9.140850044786930084e-03 9.600829798728227615e-04 -1.433253288269042969e-03 -4.211138002574443817e-03
3.423430919647216797e-01 -2.250718884170055389e-02 7.873904891312122345e-03 3.269164590165019035e-04 -1.528730615973472595e-03 -1.756302779540419579e-03
3.443312942981719971e-01 -1.835662871599197388e-02 5.776302888989448547e-03 -1.779596204869449139e-04 -1.574190217070281506e-03 -1.858672825619578362e-03
3.604090809822082520e-01 -1.798643916845321655e-02 3.586027072742581367e-03 -5.551154026761651039e-04 -2.832149912137538195e-04 -1.594788278453052044e-03
4.211383759975433350e-01 -1.607295311987400055e-02 3.185851033776998520e-03 -1.136535662226378918e-03 -2.638886508066207170e-04 -3.037411486729979515e-03
4.070934951305389404e-01 -1.997724547982215881e-02 4.420977551490068436e-03 -1.350123784504830837e-03 -3.992987913079559803e-04 -1.925700460560619831e-03
4.717566668987274170e-01 -1.329225394874811172e-02 4.507794976234436035e-03 -8.315621525980532169e-04 -8.952993666753172874e-04 -2.598389051854610443e-03
4.598220288753509521e-01 -1.115280017256736755e-02 2.135261194780468941e-03 -3.738311643246561289e-04 -8.160875586327165365e-05 -3.367153927683830261e-03
4.673719108104705811e-01 -1.425140351057052612e-02 4.031463991850614548e-03 -1.361576141789555550e-03 -3.091802936978638172e-04 -4.409972578287124634e-03
5.401517152786254883e-01 -1.863088831305503845e-02 8.856298401951789856e-03 -1.152901910245418549e-03 -1.377887558192014694e-03 -4.297442734241485596e-03
5.433028936386108398e-01 -1.729205250740051270e-02 1.031205803155899048e-02 -9.504889603704214096e-04 -1.505622407421469688e-03 -3.659256268292665482e-03
5.179311633110046387e-01 -1.711002178490161896e-02 4.148106090724468231e-03 -2.933764772024005651e-04 -3.572474815882742405e-04 -3.320140298455953598e-03
5.468859076499938965e-01 -1.818922348320484161e-02 1.018943148665130138e-03 6.318915402516722679e-04 -4.844101495109498501e-04 -3.660199465230107307e-03
5.408458113670349121e-01 -2.368403971195220947e-02 5.023602861911058426e-04 4.934758180752396584e-04 5.371365696191787720e-04 -2.761654322966933250e-03
5.610336661338806152e-01 -2.117575891315937042e-02 1.272063382202759385e-04 1.473243231885135174e-03 5.098470137454569340e-04 -3.225564258173108101e-03
5.740898251533508301e-01 -2.091964334249496460e-02 4.424573387950658798e-03 3.013552865013480186e-03 6.612244178541004658e-04 -3.051659092307090759e-03
5.518180131912231445e-01 -2.224489115178585052e-02 1.045051310211420059e-02 2.930358517915010452e-03 -3.113747807219624519e-04 -4.395355936139822006e-03
5.132539868354797363e-01 -2.347135730087757111e-02 1.036134269088506699e-02 2.748293802142143250e-03 -2.448194893077015877e-03 -3.463016822934150696e-03
5.016109943389892578e-01 -1.858799159526824951e-02 1.581769622862339020e-02 1.942910370416939259e-03 -3.308066865429282188e-03 -4.374844022095203400e-03
5.416676402091979980e-01 -1.955457776784896851e-02 1.396167743951082230e-02 1.324843149632215500e-03 -3.970218356698751450e-03 -4.296220839023590088e-03
5.731284618377685547e-01 -2.561144158244132996e-02 1.602044701576232910e-02 1.783718820661306381e-03 -4.746781662106513977e-03 -5.864070262759923935e-03
5.452811121940612793e-01 -2.867861092090606689e-02 2.185352146625518799e-02 2.748196013271808624e-03 -3.936534747481346130e-03 -5.994179286062717438e-03
5.509387850761413574e-01 -3.418761491775512695e-02 1.200645975768566132e-02 -8.891437901183962822e-04 -2.501565264537930489e-03 -7.657370995730161667e-03
5.938393473625183105e-01 -3.460225090384483337e-02 1.330075599253177643e-02 -8.094535442069172859e-04 -3.132278565317392349e-03 -8.683190681040287018e-03
5.762115120887756348e-01 -3.367253765463829041e-02 1.973015256226062775e-02 -9.958412265405058861e-04 -3.485218388959765434e-03 -8.864961564540863037e-03
6.151376366615295410e-01 -4.256910830736160278e-02 1.729626767337322235e-02 -2.653778938110917807e-04 -4.238615278154611588e-03 -1.027818396687507629e-02
6.172930002212524414e-01 -4.402877017855644226e-02 2.131942473351955414e-02 -2.038317732512950897e-03 -4.927623551338911057e-03 -1.139258313924074173e-02
6.178583502769470215e-01 -5.058890208601951599e-02 1.995515823364257812e-02 -1.066329539753496647e-03 -6.080727558583021164e-03 -1.331835053861141205e-02
6.046499609947204590e-01 -5.336100980639457703e-02 2.360279113054275513e-02 -2.598844235762953758e-03 -4.608654417097568512e-03 -1.358532253652811050e-02
6.257547140121459961e-01 -5.230448022484779358e-02 1.658984832465648651e-02 -3.098433371633291245e-03 -4.912109579890966415e-03 -1.356062479317188263e-02
6.175087094306945801e-01 -5.796889960765838623e-02 1.103218551725149155e-02 -2.433960791677236557e-03 -2.435280242934823036e-03 -1.479175500571727753e-02
6.154394745826721191e-01 -5.971074104309082031e-02 3.867906518280506134e-03 -2.982925623655319214e-03 -8.111674687825143337e-04 -1.665210537612438202e-02
6.136067509651184082e-01 -6.360322237014770508e-02 1.039081811904907227e-02 -2.800974529236555099e-03 -1.026292215101420879e-03 -1.793071441352367401e-02
6.004747152328491211e-01 -7.867875695228576660e-02 1.523081026971340179e-02 -3.931390121579170227e-03 -2.382648643106222153e-03 -1.817229576408863068e-02
6.003907322883605957e-01 -8.739897608757019043e-02 1.689879409968852997e-02 -1.888932078145444393e-03 -3.412370337173342705e-03 -2.016464807093143463e-02
5.966365337371826172e-01 -8.907369524240493774e-02 1.584110781550407410e-02 -8.233781554736196995e-04 -4.058130085468292236e-03 -2.131319604814052582e-02
5.872614383697509766e-01 -8.862601220607757568e-02 8.303832262754440308e-03 1.451062780688516796e-05 -3.034583060070872307e-03 -2.274958603084087372e-02
5.942800045013427734e-01 -8.932726085186004639e-02 7.757114712148904800e-03 5.794605240225791931e-04 -4.194039502181112766e-04 -2.524014003574848175e-02
5.933035016059875488e-01 -1.092043146491050720e-01 5.097698885947465897e-04 -1.836292067309841514e-04 -1.022872529574669898e-04 -2.668853104114532471e-02
5.926412940025329590e-01 -1.133108288049697876e-01 1.015392784029245377e-02 1.090436358936131001e-03 -2.678190066944807768e-04 -2.727084420621395111e-02
5.806775689125061035e-01 -1.158309727907180786e-01 1.630519330501556396e-02 4.126350686419755220e-04 -2.587921451777219772e-03 -2.833091840147972107e-02
5.782755017280578613e-01 -1.308354735374450684e-01 1.889626868069171906e-02 2.462907650624401867e-05 -3.097020322456955910e-03 -2.983617410063743591e-02
5.834317207336425781e-01 -1.214036196470260620e-01 1.451305579394102097e-02 -2.243741881102323532e-03 -2.479384886100888252e-03 -3.083569370210170746e-02
5.903908014297485352e-01 -1.271215975284576416e-01 -4.203563439659774303e-04 -3.827973268926143646e-04 -2.310672309249639511e-03 -3.267889842391014099e-02
5.916489958763122559e-01 -1.315056383609771729e-01 6.997002754360437393e-03 -1.186052468256093562e-04 -1.138463616371154785e-03 -3.303581103682518005e-02
5.807142853736877441e-01 -1.353823244571685791e-01 1.261541806161403656e-02 -3.030305015272460878e-05 -2.511339262127876282e-03 -3.324409946799278259e-02
5.555091500282287598e-01 -1.406981796026229858e-01 1.636080071330070496e-02 5.885245045647025108e-04 -3.781271865591406822e-03 -3.172433003783226013e-02
5.723661184310913086e-01 -1.362212002277374268e-01 2.652722224593162537e-02 2.781718038022518158e-03 -6.799572147428989410e-03 -3.448114544153213501e-02
5.467004179954528809e-01 -1.377822160720825195e-01 1.238459534943103790e-02 3.768310649320483208e-03 -7.324799429625272751e-03 -3.263396024703979492e-02
5.380282998085021973e-01 -1.268598288297653198e-01 -1.159772975370287895e-03 9.049623273313045502e-03 -2.756078727543354034e-03 -3.259012475609779358e-02
5.352012515068054199e-01 -1.318521052598953247e-01 -4.149967338889837265e-03 5.901805590838193893e-03 3.289629239588975906e-03 -3.229638189077377319e-02
5.349063277244567871e-01 -1.124497354030609131e-01 -2.828075084835290909e-04 2.288588555529713631e-03 3.126736497506499290e-03 -3.517779335379600525e-02
5.323694348335266113e-01 -1.098111942410469055e-01 1.822235994040966034e-02 -2.263631671667098999e-03 1.586320577189326286e-03 -3.637240827083587646e-02
5.213435292243957520e-01 -9.669684618711471558e-02 2.531699091196060181e-02 -4.985210951417684555e-03 -3.333409549668431282e-03 -3.528038784861564636e-02
5.105847120285034180e-01 -8.589006960391998291e-02 1.961753331124782562e-02 -2.134255599230527878e-03 -6.595383863896131516e-03 -3.423285856842994690e-02
4.965633451938629150e-01 -8.177633583545684814e-02 1.138352323323488235e-02 -2.136691364285070449e-06 -6.193357519805431366e-03 -3.583075851202011108e-02
4.946860671043395996e-01 -1.088584661483764648e-01 7.127986755222082138e-04 1.813457114621996880e-03 -2.980391262099146843e-03 -3.320962563157081604e-02
4.841694831848144531e-01 -9.126614779233932495e-02 -5.740713328123092651e-03 1.481734798289835453e-03 1.621715957298874855e-03 -3.184821084141731262e-02
4.892880618572235107e-01 -7.567721605300903320e-02 -6.994686555117368698e-03 -2.038091886788606644e-03 4.672378767281770706e-03 -3.688467666506767273e-02
4.948749840259552002e-01 -8.792050927877426147e-02 1.930091239046305418e-04 -2.425173064693808556e-03 3.835427574813365936e-03 -3.513969853520393372e-02
4.568411409854888916e-01 -7.008343189954757690e-02 4.533086437731981277e-03 -1.996378414332866669e-03 2.056710422039031982e-03 -3.426706045866012573e-02
4.368459880352020264e-01 -7.917988300323486328e-02 5.796994548290967941e-03 -6.245052791200578213e-04 1.942039525602012873e-04 -3.157123178243637085e-02
4.407464563846588135e-01 -9.072458744049072266e-02 4.554946441203355789e-03 1.831124303862452507e-03 -1.970774726942181587e-03 -3.008681721985340118e-02
4.403808116912841797e-01 -9.087548404932022095e-02 6.852274760603904724e-03 5.639645969495177269e-04 -1.718627288937568665e-03 -3.142223507165908813e-02
4.382107555866241455e-01 -9.714383631944656372e-02 3.500982711557298899e-04 7.970968727022409439e-04 -6.846867036074399948e-04 -3.151430934667587280e-02
4.735799133777618408e-01 -1.066839247941970825e-01 1.795150456018745899e-03 8.731248090043663979e-04 1.814880408346652985e-03 -3.044113889336585999e-02
4.685998558998107910e-01 -9.807773679494857788e-02 -1.935826032422482967e-03 6.917391438037157059e-04 1.507464679889380932e-03 -2.976629510521888733e-02
4.567219614982604980e-01 -9.449473023414611816e-02 1.345657976344227791e-03 2.569244010373950005e-03 1.366312731988728046e-03 -2.792842686176300049e-02
4.808520078659057617e-01 -8.526320010423660278e-02 2.636732766404747963e-03 6.234860047698020935e-04 1.481254352256655693e-03 -2.708512544631958008e-02
4.729360938072204590e-01 -8.409618586301803589e-02 -6.781117408536374569e-04 1.620350987650454044e-03 6.415714742615818977e-04 -2.615944482386112213e-02
4.258329868316650391e-01 -7.027424126863479614e-02 7.470511831343173981e-03 1.061515416949987411e-03 1.660520501900464296e-04 -2.434560842812061310e-02
4.544017910957336426e-01 -7.952836155891418457e-02 2.175095025449991226e-03 9.068234794540330768e-05 -2.309419651282951236e-04 -2.418149821460247040e-02
4.690963327884674072e-01 -7.447909563779830933e-02 2.621686551719903946e-03 1.076647662557661533e-03 2.740836862358264625e-05 -2.221270278096199036e-02
4.866364598274230957e-01 -7.238730788230895996e-02 5.598583724349737167e-03 8.855619817040860653e-04 -8.509983308613300323e-04 -1.780857332050800323e-02
5.336290001869201660e-01 -7.409419864416122437e-02 3.356070490553975105e-03 2.134080277755856514e-03 -1.087303273379802704e-03 -1.641971617937088013e-02
4.856550097465515137e-01 -5.129563063383102417e-02 4.642377607524394989e-03 3.219795646145939827e-03 3.181955835316330194e-04 -1.395893469452857971e-02
5.431667566299438477e-01 -5.136078596115112305e-02 7.179062347859144211e-03 1.576359616592526436e-03 -4.503501695580780506e-04 -1.213039457798004150e-02
5.466534495353698730e-01 -3.995737060904502869e-02 1.027262676507234573e-02 7.595399511046707630e-04 -6.281359237618744373e-04 -9.578766301274299622e-03
5.342067480087280273e-01 -4.018278047442436218e-02 9.743074886500835419e-03 -1.495254691690206528e-03 -2.156720438506454229e-04 -8.302863687276840210e-03
5.653992891311645508e-01 -4.101652652025222778e-02 6.372015923261642456e-03 -1.353785861283540726e-03 -1.977043226361274719e-03 -9.305081330239772797e-03
5.650383830070495605e-01 -3.535928949713706970e-02 1.315623521804809570e-02 -3.970774996560066938e-04 -1.505082240328192711e-03 -8.781158365309238434e-03
5.697044134140014648e-01 -2.937777340412139893e-02 3.353466279804706573e-03 3.179151390213519335e-04 -1.885856268927454948e-03 -7.616985589265823364e-03
5.738175511360168457e-01 -2.513916045427322388e-02 6.519005633890628815e-03 1.311966218054294586e-03 -6.654118769802153111e-04 -6.396777927875518799e-03
5.757991075515747070e-01 -2.715492993593215942e-02 5.398225970566272736e-03 8.347256807610392570e-04 -8.920695399865508080e-04 -7.398122921586036682e-03
5.793761610984802246e-01 -2.791386097669601440e-02 2.215289045125246048e-03 2.382281934842467308e-03 6.034593097865581512e-04 -6.483267061412334442e-03
5.804288983345031738e-01 -2.072635479271411896e-02 4.529495257884263992e-03 4.470657586352899671e-05 1.696661929599940777e-03 -5.961727350950241089e-03
5.744885206222534180e-01 -2.329334802925586700e-02 -1.964883122127503157e-04 6.383623112924396992e-04 5.065079312771558762e-04 -6.650097668170928955e-03
5.733547210693359375e-01 -2.099052630364894867e-02 3.819032572209835052e-03 3.483549808152019978e-04 9.885750478133559227e-04 -7.261245511472225189e-03
5.863188505172729492e-01 -2.095141634345054626e-02 5.896672140806913376e-03 6.955417338758707047e-04 1.934917381731793284e-04 -6.373235955834388733e-03
5.895458459854125977e-01 -2.222760953009128571e-02 8.124610409140586853e-03 1.078551984392106533e-03 -7.897469331510365009e-04 -5.037319380789995193e-03
6.034612059593200684e-01 -1.865889318287372589e-02 7.846361957490444183e-03 4.838232998736202717e-04 -3.643677628133445978e-04 -4.647738765925168991e-03
5.851700305938720703e-01 -1.586886122822761536e-02 5.269282497465610504e-03 3.257821081206202507e-04 1.248922126251272857e-05 -5.235816817730665207e-03
5.788452029228210449e-01 -1.927693001925945282e-02 6.484049372375011444e-03 -5.302471108734607697e-04 5.890894099138677120e-04 -4.677915479987859726e-03
5.520836710929870605e-01 -2.087179385125637054e-02 3.370967227965593338e-03 -3.479528095340356231e-05 2.388651628280058503e-04 -5.278321914374828339e-03
5.695410370826721191e-01 -1.921793818473815918e-02 8.769002743065357208e-03 -1.184074499178677797e-04 1.649431942496448755e-04 -3.899821545928716660e-03
6.180568337440490723e-01 -1.727819442749023438e-02 1.105114817619323730e-02 -2.898460079450160265e-04 -1.111169345676898956e-03 -3.239801386371254921e-03
6.245470643043518066e-01 -1.355718169361352921e-02 1.176941022276878357e-02 -5.777604528702795506e-04 -9.243548265658318996e-04 -3.523339517414569855e-03
6.190255284309387207e-01 -1.788796484470367432e-02 6.832223851233720779e-03 3.072292893193662167e-04 -3.987079544458538294e-04 -3.057930385693907738e-03
6.194755434989929199e-01 -1.342771109193563461e-02 7.771977223455905914e-03 7.836685399524867535e-04 -1.399665052304044366e-04 -3.064025659114122391e-03
6.194001436233520508e-01 -1.819297857582569122e-02 6.497326772660017014e-03 9.038399439305067062e-04 -2.696576993912458420e-04 -2.333119045943021774e-03
6.319226622581481934e-01 -1.413777843117713928e-02 5.896587390452623367e-03 9.594957227818667889e-04 2.802799572236835957e-04 -2.791300881654024124e-03
6.235213279724121094e-01 -1.362510211765766144e-02 7.323373109102249146e-03 1.237698132172226906e-03 1.986343704629689455e-05 -2.137704286724328995e-03
6.277200579643249512e-01 -1.055190339684486389e-02 9.596183896064758301e-03 1.757901045493781567e-04 -2.508036559447646141e-04 -1.901036710478365421e-03
6.292335987091064453e-01 -1.700128801167011261e-02 4.891110584139823914e-03 7.504168315790593624e-04 -5.326444515958428383e-04 -1.989714801311492920e-03
6.333762407302856445e-01 -1.192134711891412735e-02 1.039027981460094452e-02 8.297135354951024055e-04 -5.584920290857553482e-04 -2.268278738483786583e-03
6.121390461921691895e-01 -1.641046255826950073e-02 5.555850919336080551e-03 1.132359611801803112e-03 -1.043722382746636868e-03 -1.428962917998433113e-03
6.335688829421997070e-01 -8.714302442967891693e-03 1.064778957515954971e-02 2.901147818192839622e-04 -6.964540807530283928e-04 -1.197029603645205498e-03
6.346356272697448730e-01 -1.013584062457084656e-02 6.534100975841283798e-03 4.443621728569269180e-04 -4.997187061235308647e-04 -1.290476880967617035e-03
6.386414766311645508e-01 -6.355222780257463455e-03 6.686748936772346497e-03 8.060584077611565590e-04 3.961866023018956184e-04 -6.407239707186818123e-04
6.304611563682556152e-01 -5.779941566288471222e-03 6.266241893172264099e-03 -2.945461892522871494e-04 4.629869727068580687e-05 -4.180398900643922389e-05
6.305340528488159180e-01 -5.867301952093839645e-03 8.254788815975189209e-03 -1.089714714908041060e-06 -4.221297858748584986e-04 -1.861711061792448163e-04
6.357981562614440918e-01 -7.085896562784910202e-03 7.674900814890861511e-03 -2.740046184044331312e-04 1.405078364768996835e-04 -4.075271717738360167e-04
6.315112113952636719e-01 -7.169594988226890564e-03 4.823096096515655518e-03 5.236227298155426979e-04 -2.453146153129637241e-04 -2.470020554028451443e-04
6.329979300498962402e-01 -3.899655537679791451e-03 7.956690154969692230e-03 -9.462373418500646949e-05 -1.217760727740824223e-04 -1.302258606301620603e-04
6.364140510559082031e-01 -8.077657781541347504e-03 7.610308006405830383e-03 9.055027039721608162e-04 -6.996693555265665054e-04 -5.031889304518699646e-04
6.315897107124328613e-01 -3.827928099781274796e-03 1.275658886879682541e-02 -6.960454629734158516e-04 -2.811874146573245525e-04 -7.502667140215635300e-04
6.292182803153991699e-01 -1.197331212460994720e-02 1.677389140240848064e-03 -7.360902382060885429e-04 -6.288979202508926392e-04 -2.136598050128668547e-04
6.289153099060058594e-01 -7.363563403487205505e-03 9.898405522108078003e-03 1.033136970363557339e-03 -3.813670482486486435e-04 -1.388860866427421570e-03
6.284020543098449707e-01 -1.317386515438556671e-02 6.830240599811077118e-03 3.297201765235513449e-04 -4.658091638702899218e-04 -1.544760190881788731e-03
