1.105147879570722580e-03 4.459420742932707071e-04 1.998718216782435775e-04 2.255905383208300918e-05 4.929242277285084128e-05 6.789156032027676702e-05
1.089019235223531723e-03 4.823055351153016090e-04 2.229204401373863220e-04 2.532797952881082892e-05 4.817235094378702343e-05 7.734975224593654275e-05
1.196707133203744888e-03 4.762818280141800642e-04 2.015929640037938952e-04 2.200305607402697206e-05 4.945269029121845961e-05 7.816570723662152886e-05
9.666020632721483707e-04 4.290824581403285265e-04 1.694919046713039279e-04 2.310762101842556149e-05 4.452427674550563097e-05 6.760493852198123932e-05
1.044065458700060844e-03 4.366962530184537172e-04 1.705034956103190780e-04 2.075584961858112365e-05 4.384685598779469728e-05 7.859145262045785785e-05
1.216027536429464817e-03 3.968184755649417639e-04 2.043655113084241748e-04 2.747291000559926033e-05 5.195786070544272661e-05 8.428112778346985579e-05
9.354888461530208588e-04 4.064257082063704729e-04 1.943032257258892059e-04 2.558747110015247017e-05 4.367778819869272411e-05 6.489424413302913308e-05
1.138156629167497158e-03 4.801066534128040075e-04 2.002813853323459625e-04 3.313181878183968365e-05 4.639607504941523075e-05 8.774367597652599216e-05
1.075369305908679962e-03 3.892806707881391048e-04 3.619583148974925280e-04 4.354193879407830536e-05 6.438392301788553596e-05 8.402786625083535910e-05
9.001921280287206173e-04 3.678392968140542507e-04 4.162388504482805729e-04 4.577612708089873195e-05 7.569925219286233187e-05 7.693895167903974652e-05
9.657676564529538155e-04 3.630620485637336969e-04 3.237286873627454042e-04 3.466177076916210353e-05 6.176719034556299448e-05 8.730000263312831521e-05
1.045389682985842228e-03 3.641942748799920082e-04 4.671832721214741468e-04 5.424364644568413496e-05 8.455369970761239529e-05 8.720215555513277650e-05
1.149988849647343159e-03 3.440543368924409151e-04 2.972646325360983610e-04 3.201263098162598908e-05 5.687640077667310834e-05 7.892084977356716990e-05
1.191317802295088768e-03 3.646181721705943346e-04 2.788096317090094090e-04 2.942586979770567268e-05 5.248772504273802042e-05 8.888903539627790451e-05
1.069569610990583897e-03 3.349023754708468914e-04 3.425539471209049225e-04 3.799244223046116531e-05 5.998919004923664033e-05 1.023133227135986090e-04
1.118942513130605221e-03 3.225020773243159056e-04 2.420304954284802079e-04 3.261303572799079120e-05 4.608252856996841729e-05 9.163920913124457002e-05
1.064190641045570374e-03 3.811143978964537382e-04 2.225988573627546430e-04 2.416094685031566769e-05 4.464541780180297792e-05 7.588313019368797541e-05
1.185169094242155552e-03 4.894166486337780952e-04 2.620244340505450964e-04 2.882237822632305324e-05 5.119822162669152021e-05 7.588070729980245233e-05
1.187055604532361031e-03 7.834877469576895237e-04 2.443985140416771173e-04 2.940856029454153031e-05 5.066678932053036988e-05 9.098764712689444423e-05
1.295940717682242393e-03 6.933744298294186592e-04 2.190293307648971677e-04 2.646341818035580218e-05 4.671997521654702723e-05 7.867107342462986708e-05
1.330825267359614372e-03 8.085974259302020073e-04 2.772661391645669937e-04 2.942305400210898370e-05 5.728167161578312516e-05 9.137262532021850348e-05
1.473658368922770023e-03 7.891960558481514454e-04 3.628884151112288237e-04 3.341953561175614595e-05 6.486343772849068046e-05 1.283827150473371148e-04
1.430327654816210270e-03 8.111499482765793800e-04 4.403760540299117565e-04 4.023208020953461528e-05 7.887204264989122748e-05 1.338140573352575302e-04
1.472886186093091965e-03 8.516373927704989910e-04 4.896252648904919624e-04 4.226559758535586298e-05 8.215952402679249644e-05 1.269005733774974942e-04
1.261305762454867363e-03 8.591071818955242634e-04 2.236416476080194116e-04 2.637936268001794815e-05 4.400683246785774827e-05 1.168944654637016356e-04
1.501576160080730915e-03 7.630981272086501122e-04 2.246867079520598054e-04 2.626489367685280740e-05 4.791863466380164027e-05 1.206205779453739524e-04
1.202759332954883575e-03 5.844107363373041153e-04 2.220997848780825734e-04 2.368827699683606625e-05 4.807254299521446228e-05 1.007623068289831281e-04
1.115550752729177475e-03 5.053878994658589363e-04 2.316192840225994587e-04 2.447475162625778466e-05 4.930863360641524196e-05 8.875282219378277659e-05
1.161504187621176243e-03 5.654867272824048996e-04 1.541938981972634792e-04 2.022758599196095020e-05 3.318372910143807530e-05 1.026809259201399982e-04
1.531917252577841282e-03 6.227074190974235535e-04 2.124164748238399625e-04 2.800425681925844401e-05 5.488504393724724650e-05 1.081001755665056407e-04
1.655079424381256104e-03 7.895676535554230213e-04 3.138225001748651266e-04 3.650305006885901093e-05 5.682821938535198569e-05 1.267396437469869852e-04
1.713900710456073284e-03 6.606622482649981976e-04 3.406820760574191809e-04 4.242515205987729132e-05 5.630379746435210109e-05 1.250565255759283900e-04
1.450766110792756081e-03 7.214228389784693718e-04 4.177882801741361618e-04 3.867510531563311815e-05 7.636605005245655775e-05 1.200204278575256467e-04
1.516189076937735081e-03 7.426022784784436226e-04 3.565375518519431353e-04 4.387781882542185485e-05 6.337180820992216468e-05 1.253278314834460616e-04
1.501710154116153717e-03 6.531146937049925327e-04 2.025302237598225474e-04 2.718709947657771409e-05 3.895866393577307463e-05 1.260574063053354621e-04
1.351648592390120029e-03 6.045356276445090771e-04 1.748401409713551402e-04 2.384124854870606214e-05 3.575054506654851139e-05 9.774040518095716834e-05
1.448297756724059582e-03 5.016979412175714970e-04 2.168332866858690977e-04 2.811572630889713764e-05 4.061532672494649887e-05 1.012825232464820147e-04
1.454641111195087433e-03 4.809807869605720043e-04 2.155490219593048096e-04 2.906187182816211134e-05 4.308278221287764609e-05 1.021934585878625512e-04
1.201165956445038319e-03 5.108072655275464058e-04 4.245447053108364344e-04 5.545321619138121605e-05 7.295465184142813087e-05 1.008222461678087711e-04
1.132164616137742996e-03 4.869124095421284437e-04 4.007982788607478142e-04 4.813409032067283988e-05 6.747922452632337809e-05 9.476002742303535342e-05
1.172882621176540852e-03 4.693485680036246777e-04 2.384550025453791022e-04 3.047566133318468928e-05 4.654539588955231011e-05 7.749108772259205580e-05
1.181288273073732853e-03 4.679168341681361198e-04 2.773908199742436409e-04 3.799381738645024598e-05 5.605823025689460337e-05 8.256909495685249567e-05
1.297852257266640663e-03 4.485854296945035458e-04 1.950128935277462006e-04 2.665322062966879457e-05 5.525067535927519202e-05 7.966478005982935429e-05
1.724475878290832043e-03 5.067057791166007519e-04 3.025997139047831297e-04 3.770091279875487089e-05 5.538697587326169014e-05 1.029281120281666517e-04
1.781276194378733635e-03 5.918323877267539501e-04 4.406616499181836843e-04 4.463616278371773660e-05 7.848053792258724570e-05 1.069022036972455680e-04
1.759732025675475597e-03 8.152553928084671497e-04 5.352387088350951672e-04 6.107847002567723393e-05 9.838565893005579710e-05 1.395102008245885372e-04
1.373424893245100975e-03 7.824581116437911987e-04 4.795827553607523441e-04 5.103729199618101120e-05 9.273119212593883276e-05 9.918097930494695902e-05
1.493797055445611477e-03 6.184575031511485577e-04 2.346708643017336726e-04 2.830985795299056917e-05 4.656289092963561416e-05 8.835970947984606028e-05
1.167018315754830837e-03 6.795048248022794724e-04 1.862599019659683108e-04 2.412091453152243048e-05 3.814392766798846424e-05 9.387994941789656878e-05
1.232198905199766159e-03 7.183720008470118046e-04 1.288398489123210311e-04 1.734448596835136414e-05 3.392392318346537650e-05 1.211181152029894292e-04
1.428859541192650795e-03 6.872044177725911140e-04 1.338191214017570019e-04 1.772446739778388292e-05 3.194915916537865996e-05 1.292995584663003683e-04
1.165008987300097942e-03 7.117781206034123898e-04 1.463258522562682629e-04 2.029680217674467713e-05 3.489201844786293805e-05 1.343626936431974173e-04
1.124793547205626965e-03 8.063964196480810642e-04 1.430725387763231993e-04 1.811925721995066851e-05 4.056147736264392734e-05 1.227320462930947542e-04
1.262735924683511257e-03 7.003779755905270576e-04 1.303375611314550042e-04 1.847272324084769934e-05 2.881480941141489893e-05 1.256551622645929456e-04
1.487943693064153194e-03 7.972951862029731274e-04 1.674206578172743320e-04 2.099778248521033674e-05 4.139108204981312156e-05 1.041264549712650478e-04
1.173076801933348179e-03 7.932622102089226246e-04 1.977285719476640224e-04 2.547346412029583007e-05 4.481379801291041076e-05 9.800375119084492326e-05
1.207512803375720978e-03 7.540356600657105446e-04 2.041036204900592566e-04 2.964334089483600110e-05 4.464957601157948375e-05 1.372074329992756248e-04
1.589255756698548794e-03 7.433679420500993729e-04 2.216613502241671085e-04 2.652497823874000460e-05 4.483493103180080652e-05 1.364007621305063367e-04
1.676203915849328041e-03 6.411239737644791603e-04 1.768388756318017840e-04 2.580969339760486037e-05 3.459740037214942276e-05 1.212466886499896646e-04
1.567259081639349461e-03 7.060439093038439751e-04 5.617506685666739941e-04 6.845362077001482248e-05 9.044010221259668469e-05 1.100895678973756731e-04
1.719181775115430355e-03 8.924926514737308025e-04 3.467983333393931389e-04 4.713142334367148578e-05 8.378769416594877839e-05 1.531529997009783983e-04
1.655745436437427998e-03 9.593614959158003330e-04 5.337147740647196770e-04 6.671565643046051264e-05 9.606827370589599013e-05 1.380600879201665521e-04
1.353433821350336075e-03 8.929923642426729202e-04 3.000854339916259050e-04 3.414090315345674753e-05 5.357943155104294419e-05 1.309119252255186439e-04
1.591581618413329124e-03 1.021512318402528763e-03 2.638461010064929724e-04 3.318877497804351151e-05 4.990728120901621878e-05 1.499028876423835754e-04
1.290470827370882034e-03 6.504599004983901978e-04 2.632344549056142569e-04 3.121007466688752174e-05 4.637544770957902074e-05 1.150531606981530786e-04
1.670777914114296436e-03 7.062075310386717319e-04 3.238703648094087839e-04 3.407521944609470665e-05 5.525989399757236242e-05 1.097870044759474695e-04
1.579158473759889603e-03 7.344346377067267895e-04 2.926340675912797451e-04 3.813405419350601733e-05 4.960268051945604384e-05 1.008223916869610548e-04
1.406604191288352013e-03 7.729291100986301899e-04 3.194611053913831711e-04 3.223344538128003478e-05 5.645180863211862743e-05 1.037993133650161326e-04
1.509661786258220673e-03 9.205628884956240654e-04 3.314418718218803406e-04 4.152581823291257024e-05 5.919678733334876597e-05 1.245895546162500978e-04
1.215643598698079586e-03 8.170531946234405041e-04 2.999501011800020933e-04 3.187026231898926198e-05 5.756593600381165743e-05 1.197587989736348391e-04
1.186484587378799915e-03 6.518211448565125465e-04 2.903961576521396637e-04 3.511934482958167791e-05 6.402051803888753057e-05 9.839706035563722253e-05
1.091536483727395535e-03 4.776430141646414995e-04 2.547922485973685980e-04 2.943986874015536159e-05 4.875498416367918253e-05 9.738220251165330410e-05
1.303709344938397408e-03 4.034488520119339228e-04 2.182339812861755490e-04 2.962848702736664563e-05 4.294562677387148142e-05 9.464346658205613494e-05
1.468635629862546921e-03 3.459022263996303082e-04 2.667101507540792227e-04 2.890632458729669452e-05 5.105560194351710379e-05 9.379511175211519003e-05
1.356259337626397610e-03 3.753899945877492428e-04 3.986569063272327185e-04 4.091082519153133035e-05 7.171228207880631089e-05 8.769781561568379402e-05
1.340710441581904888e-03 5.245922948233783245e-04 2.878355444408953190e-04 3.322583143017254770e-05 5.201630119699984789e-05 9.506937931291759014e-05
1.386064104735851288e-03 4.471668798942118883e-04 1.976761559490114450e-04 2.789449172269087285e-05 4.545169940683990717e-05 9.583533392287790775e-05
1.214481308124959469e-03 3.744296845979988575e-04 2.344162930967286229e-04 2.884729110519401729e-05 4.514822649070993066e-05 7.603492122143507004e-05
1.337098539806902409e-03 3.855157410725951195e-04 3.095259598921984434e-04 3.560879486030898988e-05 5.538087862078100443e-05 8.868909935699775815e-05
1.427837065421044827e-03 4.055152239743620157e-04 2.464384888298809528e-04 3.441666194703429937e-05 4.701448415289632976e-05 1.006776874419301748e-04
1.242369296960532665e-03 4.448171239346265793e-04 3.220858052372932434e-04 4.042961518280208111e-05 5.634262197418138385e-05 9.992291597882285714e-05
1.469920272938907146e-03 6.307959556579589844e-04 3.857205447275191545e-04 4.249903213349170983e-05 7.408628152916207910e-05 1.088788121705874801e-04
1.236497540958225727e-03 6.021773442625999451e-04 2.479532267898321152e-04 3.024160650966223329e-05 4.664437801693566144e-05 1.033118824125267565e-04
1.070081489160656929e-03 5.829673027619719505e-04 2.690491091925650835e-04 3.486121931928209960e-05 5.123159280628897250e-05 9.860423597274348140e-05
9.663816308602690697e-04 6.626648828387260437e-04 2.693356072995811701e-04 3.040382762264925987e-05 5.671258986694738269e-05 1.062128867488354445e-04
8.464148268103599548e-04 6.190578569658100605e-04 2.908894093707203865e-04 2.916173434641677886e-05 5.521417551790364087e-05 1.097269778256304562e-04
1.470203977078199387e-03 5.215764977037906647e-04 2.456469228491187096e-04 3.438398925936780870e-05 4.753482789965346456e-05 9.505976777290925384e-05
1.291868975386023521e-03 5.056358058936893940e-04 2.148132771253585815e-04 3.402626680326648057e-05 4.102037200937047601e-05 8.383695239899680018e-05
1.482091494835913181e-03 6.218714988790452480e-04 2.697007439564913511e-04 3.535411087796092033e-05 5.008513107895851135e-05 1.114552796934731305e-04
1.898202579468488693e-03 7.062236545607447624e-04 3.848694614134728909e-04 4.698182601714506745e-05 6.699872028548270464e-05 1.222287100972607732e-04
2.070058835670351982e-03 1.638086978346109390e-03 3.529550740495324135e-04 4.020583219244144857e-05 6.853639933979138732e-05 1.471950236009433866e-04
2.699928823858499527e-03 1.892340485937893391e-03 3.650330472737550735e-04 4.422110214363783598e-05 6.704074621666222811e-05 2.071402122965082526e-04
2.228633966296911240e-03 1.383480615913867950e-03 3.012291272170841694e-04 3.659373032860457897e-05 6.173897418193519115e-05 1.597510708961635828e-04
1.661466085352003574e-03 1.105813309550285339e-03 4.381902399472892284e-04 4.859172986471094191e-05 7.632326014572754502e-05 1.664975279709324241e-04
1.642488292418420315e-03 8.987334440462291241e-04 3.099793684668838978e-04 3.198239210178144276e-05 5.890027023269794881e-05 1.531725865788757801e-04
1.333389431238174438e-03 8.431306923739612103e-04 3.267908177804201841e-04 3.657744309748522937e-05 6.144952931208536029e-05 1.238612021552398801e-04
1.673424267210066319e-03 8.657107828184962273e-04 2.428194711683318019e-04 2.782876072160433978e-05 5.076144952909089625e-05 1.499414211139082909e-04
1.516317250207066536e-03 6.191939464770257473e-04 2.571002696640789509e-04 2.773457526927813888e-05 5.385234908317215741e-05 1.255056849913671613e-04
1.497266348451375961e-03 5.859194789081811905e-04 2.373742754571139812e-04 2.536501415306702256e-05 4.803786578122526407e-05 1.131490862462669611e-04
1.589964726008474827e-03 6.905343034304678440e-04 2.215938729932531714e-04 2.484224751242436469e-05 4.486215038923546672e-05 1.211207418236881495e-04
1.647963072173297405e-03 6.637081969529390335e-04 2.688896784093230963e-04 3.052290776395238936e-05 6.054783807485364377e-05 1.206613014801405370e-04
1.447553397156298161e-03 6.597678293474018574e-04 1.800842437660321593e-04 2.781808325380552560e-05 3.504845517454668880e-05 1.076624539564363658e-04
1.185450935736298561e-03 6.038897554390132427e-04 1.995180209632962942e-04 2.665592182893306017e-05 4.180228643235750496e-05 1.018025795929133892e-04
1.348414109088480473e-03 7.528506102971732616e-04 1.813732378650456667e-04 2.143311394320335239e-05 4.092192830285057425e-05 9.661627700552344322e-05
1.244011102244257927e-03 6.210110150277614594e-04 1.808039378374814987e-04 2.073341056529898196e-05 4.183325290796346962e-05 9.546604269417002797e-05
1.676168176345527172e-03 9.484950569458305836e-04 1.822579069994390011e-04 2.239719287899788469e-05 4.297693885746411979e-05 1.349033846054226160e-04
1.822382910177111626e-03 1.272626337595283985e-03 1.856437011156231165e-04 2.018885606958065182e-05 4.359332160674966872e-05 1.626819139346480370e-04
1.553579466417431831e-03 1.259640208445489407e-03 1.916338515002280474e-04 2.077707176795229316e-05 4.081362567376345396e-05 1.096110136131756008e-04
1.893347012810409069e-03 1.056959968991577625e-03 1.760566665325313807e-04 2.265296279801987112e-05 3.943458796129561961e-05 1.635683001950383186e-04
1.655742060393095016e-03 1.068864250555634499e-03 1.816801959648728371e-04 2.288435825903434306e-05 3.595804810174740851e-05 1.247586624231189489e-04
1.820646924898028374e-03 1.360945519991219044e-03 2.424654376227408648e-04 2.599237086542416364e-05 5.475897341966629028e-05 1.551829482195898890e-04
1.481553888879716396e-03 1.222901861183345318e-03 2.238169254269450903e-04 2.404413680778816342e-05 5.593548121396452188e-05 9.241277439286932349e-05
1.728972769342362881e-03 1.139870611950755119e-03 1.936755143105983734e-04 2.084431798721197993e-05 5.107226388645358384e-05 1.179832324851304293e-04
1.413530437275767326e-03 9.747277945280075073e-04 2.142737939720973372e-04 2.462156408000737429e-05 5.553374649025499821e-05 9.106544894166290760e-05
1.577134709805250168e-03 9.379648254252970219e-04 1.855987356975674629e-04 2.397015487076714635e-05 5.066079756943508983e-05 1.140162348747253418e-04
1.559487311169505119e-03 8.788963314145803452e-04 1.844405924202874303e-04 2.117057010764256120e-05 5.124896051711402833e-05 1.107758653233759105e-04
1.269781729206442833e-03 1.148049137555062771e-03 2.256065927213057876e-04 2.579091778898146003e-05 5.912819324294105172e-05 8.048142626648768783e-05
1.670502708293497562e-03 1.419208012521266937e-03 2.316355967195704579e-04 2.333769771212246269e-05 5.912875349167734385e-05 1.427580427844077349e-04
1.443171873688697815e-03 1.563112484291195869e-03 2.429551386740058661e-04 2.391127236478496343e-05 6.125209620222449303e-05 1.370118843624368310e-04
1.415583887137472630e-03 1.388966105878353119e-03 2.024008717853575945e-04 2.212044091720599681e-05 4.200354669592343271e-05 9.618278272682800889e-05
1.123817521147429943e-03 1.092361984774470329e-03 1.990869932342320681e-04 2.254694118164479733e-05 4.266087489668279886e-05 6.001244764775037766e-05
9.589638211764395237e-04 9.772115154191851616e-04 1.860884804045781493e-04 2.307546310476027429e-05 5.127562326379120350e-05 5.757719554821960628e-05
1.092680031433701515e-03 1.094001694582402706e-03 1.929473364725708961e-04 2.185087396355811507e-05 4.233868094161152840e-05 5.987289841868914664e-05
1.331680105067789555e-03 1.521488302387297153e-03 2.226080978289246559e-04 2.414523441984783858e-05 5.001277531846426427e-05 1.245042949449270964e-04
1.225084764882922173e-03 1.193609903566539288e-03 2.028311573667451739e-04 2.366449189139530063e-05 4.410439578350633383e-05 9.783129644347354770e-05
9.204717352986335754e-04 9.806100279092788696e-04 1.835019502323120832e-04 2.277805651829112321e-05 3.997520252596586943e-05 5.257208613329567015e-05
9.927179198712110519e-04 1.033229753375053406e-03 1.850373373599722981e-04 2.323753324162680656e-05 3.835607640212401748e-05 5.663794581778347492e-05
1.016729744151234627e-03 1.011653454042971134e-03 2.028294256888329983e-04 2.476965892128646374e-05 4.790816456079483032e-05 5.803541353088803589e-05
1.127244788222014904e-03 1.169604947790503502e-03 2.082398132188245654e-04 2.272030906169675291e-05 5.913168570259585977e-05 6.767591548850759864e-05
1.086493139155209064e-03 1.164252753369510174e-03 1.921376970130950212e-04 2.274067446705885231e-05 5.555971074500121176e-05 6.172962457640096545e-05
1.061484916135668755e-03 1.097670756280422211e-03 1.816795556806027889e-04 2.127992775058373809e-05 5.033685738453641534e-05 6.141959602246060967e-05
9.563943604007363319e-04 9.168780525214970112e-04 1.938222994795069098e-04 2.466208570695016533e-05 5.048983075539581478e-05 5.768773189629428089e-05
1.228299806825816631e-03 1.348440418951213360e-03 2.195405686507001519e-04 2.629202936077490449e-05 5.273550777928903699e-05 1.006703751045279205e-04
1.160599174909293652e-03 8.932969649322330952e-04 2.679552126210182905e-04 3.665877738967537880e-05 6.546499935211613774e-05 1.088559583877213299e-04
1.112214173190295696e-03 9.087325306609272957e-04 2.082464343402534723e-04 2.370918082306161523e-05 5.024120400776155293e-05 9.694395703263580799e-05
1.026759156957268715e-03 8.155070245265960693e-04 1.883626682683825493e-04 2.179166040150448680e-05 4.516970147960819304e-05 9.412819781573489308e-05
1.034454209730029106e-03 9.334593778476119041e-04 1.838571479311212897e-04 2.616005622257944196e-05 4.767275459016673267e-05 1.080960646504536271e-04
1.049447222612798214e-03 8.599697612226009369e-04 1.828662498155608773e-04 2.305662928847596049e-05 4.544540206552483141e-05 1.027056277962401509e-04
1.079990062862634659e-03 8.299002074636518955e-04 1.545535778859630227e-04 2.221571048721671104e-05 4.136077768635004759e-05 9.142736962530761957e-05
1.048645121045410633e-03 8.777234470471739769e-04 1.445668603992089629e-04 2.239901732536964118e-05 4.666459790314547718e-05 1.143189074355177581e-04
1.131260883994400501e-03 1.025426201522350311e-03 1.598177041159942746e-04 2.249518001917749643e-05 4.194984285277314484e-05 1.133530240622349083e-04
1.032989006489515305e-03 8.269211975857615471e-04 1.500998914707452059e-04 2.265630246256478131e-05 4.106009146198630333e-05 1.126848364947363734e-04
1.079241046682000160e-03 9.647949482314288616e-04 1.470331917516887188e-04 2.241321635665372014e-05 3.925975761376321316e-05 1.260387653019279242e-04
1.157805090770125389e-03 8.140685386024415493e-04 1.847625826485455036e-04 2.595214573375415057e-05 4.846949741477146745e-05 1.152585391537286341e-04
1.173363183625042439e-03 8.332449942827224731e-04 1.581971446285024285e-04 2.164247234759386629e-05 3.705553172039799392e-05 9.879871504381299019e-05
1.158660277724266052e-03 9.285274427384138107e-04 1.659715198911726475e-04 2.285572736582253128e-05 4.542685564956627786e-05 1.314035616815090179e-04
1.392150064930319786e-03 9.533934644423425198e-04 1.675202656770125031e-04 2.516349741199519485e-05 5.114027226227335632e-05 1.516362390248104930e-04
1.318958820775151253e-03 7.167996373027563095e-04 1.650816993787884712e-04 2.393220165686216205e-05 3.931291939807124436e-05 1.173512791865505278e-04
1.283496967516839504e-03 7.230808259919285774e-04 1.557791110826656222e-04 2.003017834795173258e-05 3.920390008715912700e-05 1.119277876568958163e-04
1.248415093868970871e-03 6.077633588574826717e-04 1.710499927867203951e-04 2.092012255161534995e-05 4.073713716934435070e-05 1.196523007820360363e-04
1.246334519237279892e-03 5.763213848695158958e-04 1.994625054067000747e-04 2.149144165741745383e-05 4.560666639008559287e-05 1.184402353828772902e-04
1.576231326907873154e-03 5.110804922878742218e-04 1.778103178367018700e-04 2.255607796541880816e-05 4.343442196841351688e-05 1.077578926924616098e-04
1.824475009925663471e-03 5.518380203284323215e-04 1.776091376086696982e-04 2.089297959173563868e-05 4.134453047299757600e-05 1.212276474689133465e-04
1.520512159913778305e-03 5.456714425235986710e-04 1.625186123419553041e-04 1.962328315130434930e-05 3.717581785167567432e-05 1.015692905639298260e-04
1.730605144985020161e-03 6.048649665899574757e-04 1.489796268288046122e-04 1.898765003716107458e-05 4.435958180692978203e-05 1.132473189500160515e-04
1.885290374048054218e-03 5.765056703239679337e-04 1.404812937835231423e-04 1.684135531831998378e-05 3.674683830467984080e-05 1.272998633794486523e-04
2.154085319489240646e-03 6.440184661187231541e-04 1.618336100364103913e-04 2.140568540198728442e-05 4.726587576442398131e-05 1.288627827307209373e-04
2.216917229816317558e-03 7.010880508460104465e-04 1.414956204826012254e-04 1.927646917465608567e-05 4.010726115666329861e-05 1.277483679587021470e-04
2.126723295077681541e-03 6.525776698254048824e-04 1.304473844356834888e-04 1.808369052014313638e-05 2.906455301854293793e-05 1.539697841508314013e-04
2.186338184401392937e-03 6.484049954451620579e-04 1.409802353009581566e-04 2.007085822697263211e-05 3.684775219880975783e-05 1.226490712724626064e-04
2.067537978291511536e-03 6.867704214528203011e-04 1.359454763587564230e-04 1.866139973571989685e-05 3.783954525715671480e-05 1.284217723878100514e-04
1.929302699863910675e-03 6.127865635789930820e-04 1.398910389980301261e-04 1.939270077855326235e-05 3.977740925620310009e-05 1.111564706661738455e-04
1.984284725040197372e-03 8.600832079537212849e-04 1.256653340533375740e-04 1.798079028958454728e-05 3.679533620015718043e-05 1.469278649892657995e-04
2.177376998588442802e-03 7.409222889691591263e-04 1.386171352351084352e-04 2.027250775427091867e-05 4.090147922397591174e-05 1.389936078339815140e-04
1.933011575601994991e-03 7.096320041455328465e-04 1.752440002746880054e-04 2.476508780091535300e-05 4.036971222376450896e-05 1.330130180576816201e-04
1.911546452902257442e-03 6.280515808612108231e-04 1.819095487007871270e-04 2.264986142108682543e-05 4.324666224420070648e-05 1.069748614099808037e-04
2.092743758112192154e-03 6.130973924882709980e-04 1.462092186557129025e-04 2.127740663127042353e-05 4.478524715523235500e-05 1.122899193433113396e-04
1.628609490580856800e-03 6.306671421043574810e-04 1.305861078435555100e-04 1.662929935264401138e-05 4.131499736104160547e-05 1.067766861524432898e-04
1.794135896489024162e-03 6.448043277487158775e-04 1.290686632273718715e-04 1.608125057828146964e-05 4.056997568113729358e-05 1.212118877447210252e-04
1.507626846432685852e-03 6.278103101067245007e-04 1.548417203593999147e-04 1.865657395683228970e-05 3.834138624370098114e-05 1.080425790860317647e-04
1.826767576858401299e-03 6.582617643289268017e-04 1.744718902045860887e-04 2.087214488710742444e-05 4.517806519288569689e-05 1.469411508878692985e-04
1.939175068400800228e-03 6.104119238443672657e-04 1.488899724790826440e-04 1.819220051402226090e-05 3.683949398691765964e-05 1.539576041977852583e-04
2.269809134304523468e-03 7.640330586582422256e-04 1.712368102744221687e-04 1.948191857081837952e-05 5.262775084702298045e-05 1.893544394988566637e-04
2.233107807114720345e-03 6.577353342436254025e-04 1.564422564115375280e-04 2.153193781850859523e-05 5.277288801153190434e-05 1.866202073870226741e-04
2.093484159559011459e-03 5.748900584876537323e-04 1.641784183448180556e-04 2.075259726552758366e-05 5.212621181271970272e-05 1.595426729181781411e-04
1.922928844578564167e-03 5.615482223220169544e-04 1.521422527730464935e-04 2.012352160818409175e-05 3.241177910240367055e-05 1.441430940758436918e-04
2.070497721433639526e-03 7.090360159054398537e-04 1.422067580278962851e-04 1.895213972602505237e-05 3.103976268903352320e-05 1.827639061957597733e-04
2.128766383975744247e-03 5.593835376203060150e-04 1.803601335268467665e-04 2.325947025383356959e-05 5.009239976061508060e-05 1.387758966302499175e-04
1.815395662561058998e-03 6.276857457123696804e-04 1.630539627512916923e-04 2.214502455899491906e-05 4.148230436840094626e-05 1.439593906980007887e-04
1.820907113142311573e-03 6.145559600554406643e-04 1.674797968007624149e-04 2.202857467636931688e-05 3.545411891536787152e-05 1.293702953262254596e-04
1.675803796388208866e-03 7.730355719104409218e-04 2.002937108045443892e-04 2.473942186043132097e-05 4.786935824085958302e-05 1.528832654003053904e-04
1.713666249997913837e-03 6.615011952817440033e-04 1.755508710630238056e-04 2.576347105787135661e-05 6.235792534425854683e-05 1.485314278397709131e-04
1.680083805695176125e-03 8.826336124911904335e-04 2.023995621129870415e-04 2.511911043256986886e-05 5.551776848733425140e-05 1.609303144505247474e-04
1.499038538895547390e-03 7.970048463903367519e-04 1.641227863729000092e-04 2.292959470651112497e-05 4.286251351004466414e-05 1.448827388230711222e-04
1.471094903536140919e-03 7.169086602516472340e-04 1.845530059654265642e-04 2.574209065642207861e-05 4.331745003582909703e-05 1.581308461027219892e-04
1.315978006459772587e-03 7.772729150019586086e-04 1.646843302296474576e-04 2.450096144457347691e-05 3.978367385570891201e-05 1.426961825927719474e-04
1.410828786902129650e-03 9.956671856343746185e-04 1.938088971655815840e-04 2.761757787084206939e-05 4.488298509386368096e-05 1.660599373281002045e-04
1.373033970594406128e-03 8.207990322262048721e-04 2.019437815761193633e-04 2.904136636061593890e-05 5.650130333378911018e-05 1.780383172444999218e-04
1.478485297411680222e-03 1.215246156789362431e-03 1.735106197884306312e-04 2.944201696664094925e-05 4.821039328817278147e-05 2.474104403518140316e-04
1.384726958349347115e-03 1.203163876198232174e-03 1.803648192435503006e-04 2.924171894846949726e-05 3.959180685342289507e-05 2.205612399848178029e-04
1.533173606730997562e-03 8.743292419239878654e-04 1.767842913977801800e-04 2.816679807438049465e-05 4.071320290677249432e-05 2.500439586583524942e-04
1.642320072278380394e-03 1.466615241952240467e-03 1.525874540675431490e-04 2.395914270891807973e-05 4.526164411799982190e-05 2.448842569720000029e-04
1.526441075839102268e-03 1.287351245991885662e-03 1.472010044381022453e-04 2.331130781385581940e-05 4.780516246682964265e-05 1.345472846878692508e-04
1.690012984909117222e-03 1.371216378174722195e-03 1.868752442533150315e-04 2.523627154005225748e-05 6.759446841897442937e-05 9.168703400064259768e-05
1.247493550181388855e-03 1.231647911481559277e-03 1.330017403233796358e-04 2.226174910902045667e-05 4.536273263511247933e-05 1.205050357384607196e-04
1.752635464072227478e-03 1.253291615284979343e-03 1.508869027020409703e-04 2.479619433870539069e-05 4.761160744237713516e-05 1.316572015639394522e-04
1.876160968095064163e-03 1.709209522232413292e-03 1.559658994665369391e-04 2.406927524134516716e-05 4.236838140059262514e-05 1.362002803944051266e-04
1.562780817039310932e-03 1.431243959814310074e-03 1.571652683196589351e-04 2.347385998291429132e-05 5.776313992100767791e-05 1.295422407565638423e-04
1.690088771283626556e-03 1.402839669026434422e-03 1.508052664576098323e-04 2.487819256202783436e-05 5.332965884008444846e-05 1.057232293533161283e-04
1.714447047561407089e-03 1.686490490101277828e-03 1.648848701734095812e-04 2.679901808733120561e-05 6.605686212424188852e-05 1.061559596564620733e-04
1.907482161186635494e-03 1.465695211663842201e-03 1.742382155498489738e-04 2.558330197643954307e-05 6.576470332220196724e-05 1.080466099665500224e-04
2.102615311741828918e-03 1.444647787138819695e-03 1.647192693781107664e-04 2.531760219426359981e-05 3.985068906331434846e-05 2.751583815552294254e-04
1.997734652832150459e-03 1.537277363240718842e-03 1.525061816209927201e-04 2.643880543473642319e-05 4.893606455880217254e-05 1.421701745130121708e-04
1.625641016289591789e-03 1.567169092595577240e-03 1.537252974230796099e-04 2.725935883063357323e-05 3.804187144851312041e-05 2.426061255391687155e-04
1.650677877478301525e-03 1.573793473653495312e-03 1.454539451515302062e-04 2.054653123195748776e-05 3.579571057343855500e-05 2.392615133430808783e-04
2.008603652939200401e-03 1.593173015862703323e-03 1.423200883436948061e-04 2.050289913313463330e-05 3.706468487507663667e-05 2.735318557824939489e-04
1.801501610316336155e-03 2.195606939494609833e-03 1.676653628237545490e-04 2.050978400802705437e-05 4.708004416897892952e-05 2.341680228710174561e-04
1.722931978292763233e-03 1.810765359550714493e-03 1.544971455587074161e-04 2.253354068670887500e-05 3.909113365807570517e-05 1.893943117465823889e-04
1.848254702053964138e-03 1.605672878213226795e-03 1.795304560801014304e-04 2.707140447455458343e-05 4.462764627533033490e-05 2.362482482567429543e-04
1.748331007547676563e-03 1.824393984861671925e-03 2.051545452559366822e-04 2.215033964603208005e-05 5.492510172189213336e-05 2.220542810391634703e-04
1.874541165307164192e-03 1.770901610143482685e-03 1.776000281097367406e-04 2.360505459364503622e-05 4.739627547678537667e-05 1.866053207777440548e-04
1.986458199098706245e-03 1.791086513549089432e-03 1.428937102900817990e-04 1.899173548736143857e-05 4.301107401261106133e-05 2.523665898479521275e-04
1.840928220190107822e-03 1.611927757039666176e-03 1.160002721007913351e-04 1.577912553329952061e-05 2.828684955602511764e-05 2.700015902519226074e-04
2.001316053792834282e-03 1.488980487920343876e-03 1.585005375090986490e-04 2.434068665024824440e-05 5.630526720779016614e-05 2.212678227806463838e-04
2.151058288291096687e-03 1.546781859360635281e-03 1.989825541386380792e-04 2.612899879750330001e-05 3.813808871200308204e-05 2.067986497422680259e-04
1.813922193832695484e-03 1.499441103078424931e-03 1.406665687682107091e-04 2.066742854367475957e-05 3.819868288701400161e-05 2.042253181571140885e-04
1.991020515561103821e-03 1.524677500128746033e-03 1.569358719279989600e-04 2.948686051240656525e-05 7.052504224702715874e-05 1.543079997645691037e-04
1.981127541512250900e-03 1.585085527040064335e-03 1.602296688361093402e-04 2.479195973137393594e-05 4.917947808280587196e-05 1.919545466080307961e-04
2.041848143562674522e-03 1.406003953889012337e-03 1.775743294274434447e-04 2.616820529510732740e-05 4.344452827353961766e-05 1.365399948554113507e-04
1.892120111733675003e-03 1.322109950706362724e-03 2.042500564130023122e-04 2.808650424412917346e-05 5.235637581790797412e-05 1.266510662389919162e-04
1.977320294827222824e-03 1.240969402715563774e-03 1.598822855157777667e-04 2.308443436049856246e-05 3.659725553006865084e-05 1.344059564871713519e-04
1.910012215375900269e-03 1.122260116972029209e-03 1.861291530076414347e-04 2.303993278474081308e-05 3.731151446118019521e-05 1.326822966802865267e-04
2.003341214731335640e-03 1.166707137599587440e-03 1.726917253108695149e-04 2.811247213685419410e-05 4.457840259419754148e-05 1.590895408298820257e-04
1.900830189697444439e-03 1.095932675525546074e-03 1.565202546771615744e-04 2.398679134785197675e-05 3.953958730562590063e-05 1.267718034796416759e-04
2.016897546127438545e-03 1.051469007506966591e-03 1.815878495108336210e-04 2.985594255733303726e-05 4.450869164429605007e-05 1.346393546555191278e-04
2.109357621520757675e-03 9.816782549023628235e-04 2.095266390824690461e-04 2.972117727040313184e-05 5.183775647310540080e-05 1.253567024832591414e-04
1.815499155782163143e-03 9.761560359038412571e-04 1.691842044238001108e-04 2.758611299213953316e-05 5.890086686122231185e-05 1.442472566850483418e-04
1.820660894736647606e-03 9.907801868394017220e-04 1.634732325328513980e-04 2.569036041677463800e-05 5.346629404812119901e-05 1.483644009567797184e-04
1.838469062931835651e-03 1.050873775966465473e-03 1.737882848829030991e-04 2.667230910446960479e-05 5.652725303662009537e-05 1.536874769954010844e-04
1.627438119612634182e-03 1.102164853364229202e-03 1.860510092228651047e-04 2.733770998020190746e-05 4.911576979793608189e-05 1.918032648973166943e-04
2.076511504128575325e-03 1.040235161781311035e-03 1.978271757252514362e-04 2.743609002209268510e-05 4.416139927343465388e-05 1.804259081836789846e-04
1.517697470262646675e-03 1.046319492161273956e-03 1.968150172615423799e-04 2.785543983918614686e-05 7.579372322652488947e-05 1.497374614700675011e-04
1.606439240276813507e-03 9.607847896404564381e-04 2.269423130201175809e-04 3.412472869968041778e-05 4.505981996771879494e-05 1.244724990101531148e-04
1.792916911654174328e-03 1.000978751108050346e-03 2.450385654810816050e-04 3.773368734982796013e-05 5.692420745617710054e-05 1.321277086390182376e-04
1.550700282678008080e-03 8.837409550324082375e-04 2.083442232105880976e-04 3.033712710021063685e-05 4.201687625027261674e-05 1.209346955874934793e-04
1.545737381093204021e-03 1.005184021778404713e-03 1.704497844912111759e-04 2.779003625619225204e-05 3.628979538916610181e-05 1.326898054685443640e-04
1.549127162434160709e-03 9.265663684345781803e-04 2.204663323936983943e-04 3.370759804965928197e-05 4.958245335728861392e-05 1.260862190974876285e-04
1.629877951927483082e-03 9.482018649578094482e-04 2.672455739229917526e-04 4.390919275465421379e-05 8.291037374874576926e-05 1.345071796094998717e-04
1.535468618385493755e-03 9.167512180283665657e-04 2.573008823674172163e-04 4.263146183802746236e-05 5.346091711544431746e-05 1.380840403726324439e-04
1.706317532807588577e-03 9.406748577021062374e-04 2.188770449720323086e-04 3.504673077259212732e-05 4.097778219147585332e-05 1.578566734679043293e-04
1.749326358549296856e-03 8.061463595367968082e-04 2.796107437461614609e-04 4.114197145099751651e-05 5.190937736188061535e-05 1.524037797935307026e-04
1.750297029502689838e-03 8.382539381273090839e-04 2.563087327871471643e-04 3.419390850467607379e-05 4.640004044631496072e-05 1.688268384896218777e-04
1.798517769202589989e-03 7.871325360611081123e-04 2.794332394842058420e-04 3.824380473815836012e-05 5.254354982753284276e-05 1.850667904363945127e-04
1.741182408295571804e-03 7.188565214164555073e-04 3.079764428548514843e-04 5.070455881650559604e-05 6.408865010598674417e-05 1.483326632296666503e-04
1.905356999486684799e-03 6.521412287838757038e-04 3.164321824442595243e-04 4.430790431797504425e-05 5.782764856121502817e-05 1.476085308240726590e-04
1.637669629417359829e-03 7.169964374043047428e-04 2.596247941255569458e-04 3.874623871524818242e-05 4.652149436878971756e-05 1.315863191848620772e-04
1.991278957575559616e-03 8.080483530648052692e-04 2.965391904581338167e-04 5.007576328353025019e-05 7.413196726702153683e-05 1.500492362538352609e-04
1.818770775571465492e-03 7.181295077316462994e-04 2.705325605347752571e-04 4.162027835263870656e-05 6.179508636705577374e-05 1.388431846862658858e-04
1.957725035026669502e-03 7.094719912856817245e-04 2.442004042677581310e-04 3.599434057832695544e-05 5.598633288173004985e-05 1.405024377163499594e-04
1.917501911520957947e-03 8.174825925379991531e-04 2.838306827470660210e-04 4.549627919914200902e-05 5.475974103319458663e-05 1.347887446172535419e-04
1.615701010450720787e-03 7.362692267633974552e-04 2.358624187763780355e-04 3.515071148285642266e-05 4.666001768782734871e-05 1.099867076845839620e-04
1.733584096655249596e-03 7.562785758636891842e-04 2.658453886397182941e-04 3.828187254839576781e-05 4.969760993844829500e-05 1.210051777889020741e-04
1.565120066516101360e-03 6.668849964626133442e-04 2.487314923200756311e-04 3.754103454411961138e-05 4.642127896659076214e-05 1.071967126335948706e-04
1.710267504677176476e-03 6.683857063762843609e-04 2.810310979839414358e-04 3.952454062527976930e-05 5.350738501874729991e-05 9.605412924429401755e-05
1.675545587204396725e-03 6.984244100749492645e-04 2.691609261091798544e-04 3.866388942697085440e-05 4.948228161083534360e-05 1.051001454470679164e-04
1.734420424327254295e-03 6.569972611032426357e-04 2.847150608431547880e-04 4.327725037001073360e-05 5.194303230382502079e-05 9.596108429832383990e-05
1.690960372798144817e-03 6.930994568392634392e-04 2.571284421719610691e-04 3.870569707942195237e-05 4.952062590746209025e-05 1.110114171751774848e-04
1.538259093649685383e-03 7.273853407241404057e-04 2.549964992795139551e-04 3.812775321421213448e-05 4.857414023717865348e-05 1.032858781400136650e-04
1.542174140922725201e-03 7.801621104590594769e-04 2.665000210981816053e-04 4.270531280781142414e-05 4.935439937980845571e-05 9.673451131675392389e-05
1.528844353742897511e-03 8.111622300930321217e-04 2.589920768514275551e-04 3.876902337651699781e-05 5.028146915719844401e-05 9.880779543891549110e-05
1.973540987819433212e-03 8.445174316875636578e-04 2.945739834103733301e-04 4.677959805121645331e-05 5.632758984575048089e-05 1.001811760943382978e-04
1.613513799384236336e-03 8.018526132218539715e-04 2.348870184505358338e-04 3.739340172614902258e-05 4.732085653813555837e-05 8.542437717551365495e-05
1.795955817215144634e-03 8.205006015487015247e-04 2.815604966599494219e-04 4.451587301446124911e-05 5.244309795671142638e-05 7.115811604307964444e-05
1.521944184787571430e-03 8.142727310769259930e-04 2.791517472360283136e-04 4.273762169759720564e-05 5.132434307597577572e-05 8.341523061972111464e-05
1.872187945991754532e-03 8.562067523598670959e-04 2.746052923612296581e-04 4.213230567984282970e-05 5.241356120677664876e-05 7.478702900698408484e-05
1.660938723944127560e-03 8.269557147286832333e-04 2.724727091845124960e-04 4.234545485815033317e-05 5.004071863368153572e-05 7.589856249978765845e-05
1.357490429654717445e-03 8.887524600140750408e-04 2.710090484470129013e-04 4.165177233517169952e-05 5.063071512267924845e-05 6.629796553170308471e-05
1.564926817081868649e-03 8.572843507863581181e-04 2.152061060769483447e-04 3.615710011217743158e-05 4.695928146247752011e-05 7.186958100646734238e-05
1.688926713541150093e-03 8.645937778055667877e-04 2.700194017961621284e-04 4.065525718033313751e-05 5.155411781743168831e-05 8.639407315058633685e-05
1.077303662896156311e-03 8.478692616336047649e-04 2.891977492254227400e-04 4.203701610094867647e-05 5.695605796063318849e-05 6.910709635121747851e-05
1.572846435010433197e-03 8.690289687365293503e-04 2.568279451224952936e-04 3.504209234961308539e-05 4.948224159306846559e-05 6.565926742041483521e-05
9.685631957836449146e-04 7.982356473803520203e-04 2.600273583084344864e-04 3.805273809120990336e-05 5.105133095639757812e-05 6.873429083498194814e-05
1.220627804286777973e-03 8.608657517470419407e-04 2.214284031651914120e-04 3.293304689577780664e-05 4.684813393396325409e-05 6.884359754621982574e-05
8.698346791788935661e-04 7.902816869318485260e-04 2.272615820402279496e-04 3.018745337612926960e-05 4.702871228801086545e-05 7.385893695754930377e-05
