8.239158987998962402e-01 -2.061364986002445221e-02 7.671185769140720367e-03 -1.511313370428979397e-03 2.690443303436040878e-03 -2.831780584529042244e-03
8.131357431411743164e-01 -4.355290904641151428e-02 3.497483581304550171e-02 2.169030718505382538e-03 -9.391415864229202271e-03 -2.141801174730062485e-03
7.952991127967834473e-01 -1.983911730349063873e-02 1.146848276257514954e-01 7.033750414848327637e-03 -2.493420988321304321e-02 -4.068509209901094437e-03
7.888427376747131348e-01 -1.502732094377279282e-02 1.436249464750289917e-01 -8.220457821153104305e-04 -4.416223242878913879e-02 -2.319400897249579430e-03
8.122231960296630859e-01 -3.508623689413070679e-02 4.617335647344589233e-02 8.992525748908519745e-03 -3.505088016390800476e-02 -2.726103179156780243e-03
8.178218603134155273e-01 -2.637208998203277588e-02 3.938568755984306335e-02 4.536634776741266251e-03 -1.797839067876338959e-03 -2.184766810387372971e-03
8.462877273559570312e-01 -2.478273212909698486e-02 -3.405188396573066711e-02 -6.293451413512229919e-03 2.482568472623825073e-02 -1.772380550391972065e-03
8.409348726272583008e-01 -1.921167783439159393e-02 -5.033973604440689087e-02 1.078837667591869831e-03 2.315949648618698120e-02 -3.373461542651057243e-03
8.488450050354003906e-01 -1.827396638691425323e-02 6.845180410891771317e-03 -9.396517649292945862e-03 6.151598878204822540e-03 -3.732165787369012833e-03
8.284372091293334961e-01 -1.669221930205821991e-02 4.581313580274581909e-02 -3.511155722662806511e-03 -1.243006065487861633e-02 -2.631794661283493042e-03
8.262290358543395996e-01 -1.793998479843139648e-02 5.549525842070579529e-02 -8.205469348467886448e-04 -1.971533335745334625e-02 -2.683938713744282722e-03
8.421844244003295898e-01 -2.149795554578304291e-02 2.723840996623039246e-02 1.445754896849393845e-04 -1.271970942616462708e-02 -3.031377680599689484e-03
8.610095381736755371e-01 -1.473291497677564621e-02 -1.363575458526611328e-02 3.800804959610104561e-03 -5.820953520014882088e-04 -3.427752293646335602e-03
8.510775566101074219e-01 -1.771964132785797119e-02 -3.102062270045280457e-02 5.109847057610750198e-03 6.671058014035224915e-03 -3.760514548048377037e-03
8.364138007164001465e-01 -2.898081950843334198e-02 -9.162015281617641449e-03 6.624910165555775166e-04 7.521412335336208344e-03 -3.363311057910323143e-03
8.421743512153625488e-01 -2.269109711050987244e-02 2.294272417202591896e-03 1.851837849244475365e-03 1.051014638505876064e-03 -3.004780737683176994e-03
8.297086954116821289e-01 -2.304573729634284973e-02 2.505636028945446014e-02 8.657930302433669567e-04 -4.500843118876218796e-03 -2.364273183047771454e-03
8.273162841796875000e-01 -1.986904256045818329e-02 2.416854538023471832e-02 -1.937136694323271513e-04 -4.008088726550340652e-03 -2.661410020664334297e-03
8.331109285354614258e-01 -1.973391138017177582e-02 1.318236067891120911e-02 -9.000726277008652687e-04 -6.688605644740164280e-04 -2.839887747541069984e-03
8.448199629783630371e-01 -1.541046239435672760e-02 7.395472843199968338e-03 -3.309475723654031754e-03 1.086554024368524551e-03 -2.397985197603702545e-03
8.620666265487670898e-01 -1.171440351754426956e-02 2.177090354962274432e-04 -1.572504756040871143e-03 -5.073712090961635113e-04 -2.022418659180402756e-03
8.639659285545349121e-01 -1.338148210197687149e-02 5.859132856130599976e-03 5.745817325077950954e-04 -1.832338515669107437e-03 -1.726045040413737297e-03
8.566104173660278320e-01 -1.009246893227100372e-02 7.030001841485500336e-03 1.677609834587201476e-04 -2.271745121106505394e-03 -1.002092612907290459e-03
8.615047335624694824e-01 -1.417245902121067047e-02 -2.724069636315107346e-03 2.401921665295958519e-03 -2.198196714743971825e-03 -7.387072546407580376e-04
8.629599809646606445e-01 -1.144640147686004639e-02 7.062136661261320114e-03 1.456437050364911556e-03 -8.170123328454792500e-05 -4.780187155120074749e-04
8.791179656982421875e-01 -9.515345096588134766e-03 8.101104758679866791e-03 -8.061786647886037827e-04 -1.525600207969546318e-03 -3.909584193024784327e-04
8.635209798812866211e-01 -1.065374817699193954e-02 6.963322870433330536e-03 -2.793576277326792479e-04 -5.287330131977796555e-04 -5.015279748477041721e-04
8.724999427795410156e-01 -9.912069886922836304e-03 8.462587371468544006e-03 -1.242211321368813515e-03 -3.971803816966712475e-04 4.017621395178139210e-04
8.727465271949768066e-01 -5.956578999757766724e-03 -3.738348896149545908e-04 -2.144399564713239670e-03 8.206107886508107185e-04 6.009396165609359741e-04
8.719813823699951172e-01 -8.572522550821304321e-03 9.808374568819999695e-03 -2.107373438775539398e-03 -6.751662585884332657e-04 5.782649386674165726e-04
8.744164705276489258e-01 -3.828901797533035278e-03 4.614054691046476364e-03 -8.908096933737397194e-04 -2.006914932280778885e-03 9.203507215715944767e-04
8.697739839553833008e-01 3.909246530383825302e-03 4.671935364603996277e-02 2.088692504912614822e-03 1.320914598181843758e-03 1.127082621678709984e-03
8.715985417366027832e-01 1.015086565166711807e-02 -4.631443880498409271e-05 -8.120197802782058716e-03 2.678934019058942795e-03 1.713200821541249752e-03
8.708790540695190430e-01 -3.111900528892874718e-03 -1.708980416879057884e-03 -3.343685064464807510e-03 7.131783058866858482e-04 1.176882302388548851e-03
8.643193840980529785e-01 1.281885802745819092e-02 1.381314173340797424e-02 1.410652301274240017e-03 -9.731843019835650921e-04 2.622396452352404594e-03
8.614566922187805176e-01 5.862268619239330292e-03 1.447751373052597046e-02 -2.164417412132024765e-03 -5.933606065809726715e-03 2.671560738235712051e-03
8.502979874610900879e-01 4.257876425981521606e-03 3.531573340296745300e-02 4.037342499941587448e-03 -7.487688679248094559e-03 2.437807619571685791e-03
8.508141040802001953e-01 6.303479894995689392e-03 1.814538799226284027e-02 1.398121006786823273e-03 6.478424766100943089e-04 3.363320138305425644e-03
8.480387926101684570e-01 1.774286152794957161e-03 1.664835959672927856e-03 2.913942094892263412e-03 3.131949808448553085e-03 3.769909264519810677e-03
8.359400033950805664e-01 1.107102353125810623e-02 2.153908088803291321e-02 2.340425038710236549e-03 7.117379456758499146e-03 4.689466673880815506e-03
8.336259126663208008e-01 6.188391242176294327e-03 -2.782264258712530136e-03 -9.673294262029230595e-04 6.244126241654157639e-03 4.385944921523332596e-03
8.208481669425964355e-01 1.578124240040779114e-02 2.144959568977355957e-02 -1.743224100209772587e-03 1.352945109829306602e-03 4.332244861871004105e-03
8.170073032379150391e-01 1.571302674710750580e-02 2.484753169119358063e-02 -4.558096174150705338e-03 -4.105826374143362045e-03 4.893003497272729874e-03
8.069642782211303711e-01 1.977701485157012939e-02 2.829127945005893707e-02 -3.389635821804404259e-03 -2.960073528811335564e-03 4.651230294257402420e-03
8.082480430603027344e-01 1.664394140243530273e-02 6.933546625077724457e-03 -3.772194962948560715e-03 -2.322235610336065292e-03 5.650294944643974304e-03
8.010906577110290527e-01 2.200427837669849396e-02 -7.923888973891735077e-03 -6.333517841994762421e-03 6.486569065600633621e-03 5.624254699796438217e-03
7.975211143493652344e-01 2.447495609521865845e-02 -3.447093768045306206e-03 -3.356121247634291649e-03 4.659688565880060196e-03 6.062455009669065475e-03
7.948774695396423340e-01 1.903215795755386353e-02 1.171800028532743454e-02 -3.629273734986782074e-03 1.035244902595877647e-03 6.682150997221469879e-03
7.740509510040283203e-01 2.583487890660762787e-02 2.964754961431026459e-02 4.995467606931924820e-03 -8.075973019003868103e-03 7.561876438558101654e-03
7.762619853019714355e-01 2.575810067355632782e-02 3.375658392906188965e-02 -1.732313074171543121e-03 -5.946298129856586456e-03 8.322795853018760681e-03
7.763807177543640137e-01 2.851079218089580536e-02 2.543573454022407532e-02 -2.821129513904452324e-03 -6.335512734949588776e-03 8.441261947154998779e-03
7.742109894752502441e-01 3.122408315539360046e-02 7.354883011430501938e-03 -2.654475392773747444e-04 -2.964510582387447357e-03 9.273837320506572723e-03
7.610964775085449219e-01 3.321188688278198242e-02 2.231816388666629791e-02 -2.379697747528553009e-03 -1.092520309612154961e-03 9.784331545233726501e-03
7.568663358688354492e-01 2.974399179220199585e-02 7.916779257357120514e-03 -1.166657311841845512e-03 -3.216989105567336082e-03 9.736324660480022430e-03
7.501772642135620117e-01 2.510426938533782959e-02 2.116898633539676666e-02 -1.776780583895742893e-03 -3.609793726354837418e-03 9.436351247131824493e-03
7.525677680969238281e-01 2.718002349138259888e-02 1.368929725140333176e-02 -2.093838702421635389e-04 -3.232119604945182800e-03 9.548139758408069611e-03
7.500016093254089355e-01 2.772362157702445984e-02 5.106018856167793274e-03 -5.163180176168680191e-04 -1.229259301908314228e-03 9.804466739296913147e-03
7.395204901695251465e-01 2.805784530937671661e-02 8.437655866146087646e-03 9.248244459740817547e-04 3.045150078833103180e-03 9.823257103562355042e-03
7.453294992446899414e-01 2.621589601039886475e-02 5.142796784639358521e-03 6.123458733782172203e-04 -2.960261190310120583e-05 9.376525878906250000e-03
7.409733533859252930e-01 2.391967549920082092e-02 1.410717144608497620e-02 -1.449007773771882057e-03 -2.916761441156268120e-03 9.098934009671211243e-03
7.378947138786315918e-01 2.240479737520217896e-02 1.636091805994510651e-02 -9.812810458242893219e-04 -3.647553734481334686e-03 8.367052301764488220e-03
7.398989796638488770e-01 2.316063269972801208e-02 1.188764534890651703e-02 2.701115154195576906e-04 -2.522497670724987984e-03 8.407060056924819946e-03
7.299681901931762695e-01 2.175757847726345062e-02 1.923415623605251312e-02 -1.675399369560182095e-03 -1.494097057729959488e-03 7.601787801831960678e-03
7.350551486015319824e-01 1.745038479566574097e-02 1.954342238605022430e-03 -1.192684285342693329e-03 -1.898466434795409441e-04 7.024178747087717056e-03
7.186058163642883301e-01 1.543856691569089890e-02 4.827305674552917480e-03 -7.447339594364166260e-04 5.253475974313914776e-04 5.888705607503652573e-03
7.201415300369262695e-01 9.035899303853511810e-03 2.347895689308643341e-02 -1.882924581877887249e-03 -1.162422820925712585e-03 5.465968511998653412e-03
7.082411050796508789e-01 1.017734408378601074e-02 7.486911490559577942e-03 -7.039647316560149193e-04 -4.337422724347561598e-04 4.705180879682302475e-03
7.029567956924438477e-01 8.834742009639739990e-03 1.243120338767766953e-02 -4.729423962999135256e-04 -3.565963823348283768e-03 4.382919054478406906e-03
6.985633373260498047e-01 7.511056959629058838e-03 2.489231154322624207e-02 -1.054981257766485214e-03 -3.016950795426964760e-03 4.204178228974342346e-03
6.875884532928466797e-01 7.495446130633354187e-03 1.142267696559429169e-02 -7.608314044773578644e-04 -1.936266897246241570e-03 3.902737051248550415e-03
6.778084635734558105e-01 1.156519749201834202e-03 1.423217076808214188e-02 -1.715588616207242012e-03 -2.343141706660389900e-03 2.481046365574002266e-03
6.601317524909973145e-01 -2.119188196957111359e-03 1.039020717144012451e-02 -2.291727345436811447e-03 -3.030144143849611282e-03 1.858250820077955723e-03
6.454025506973266602e-01 -3.291630884632468224e-03 9.766423143446445465e-03 -1.730958465486764908e-03 -2.055706921964883804e-03 8.505183504894375801e-04
6.377352476119995117e-01 -8.411596529185771942e-03 4.870806820690631866e-03 -1.129359006881713867e-03 8.395608747377991676e-04 -3.781027044169604778e-04
6.388623714447021484e-01 -1.065727323293685913e-02 -7.525425869971513748e-03 -5.840787198394536972e-04 1.038723508827388287e-03 -1.063365256413817406e-03
6.246293187141418457e-01 -1.549581065773963928e-02 -7.792416028678417206e-03 6.177231261972337961e-05 3.675932064652442932e-03 -1.946714357472956181e-03
6.177168488502502441e-01 -1.958745904266834259e-02 6.099982652813196182e-03 -9.838382247835397720e-04 3.575284965336322784e-03 -2.941645681858062744e-03
6.095316410064697266e-01 -2.129938453435897827e-02 1.410418190062046051e-02 -6.437152624130249023e-04 -4.713215457741171122e-04 -3.281639888882637024e-03
6.087687611579895020e-01 -1.930478028953075409e-02 1.594205573201179504e-02 -3.509433590807020664e-04 -2.686045598238706589e-03 -3.426699200645089149e-03
6.212539672851562500e-01 -1.984776742756366730e-02 1.281682401895523071e-02 -6.908407667651772499e-04 -5.010653752833604813e-03 -3.746677190065383911e-03
5.931346416473388672e-01 -2.290243096649646759e-02 -4.054105374962091446e-04 1.731300260871648788e-03 -3.675989573821425438e-04 -3.709339536726474762e-03
6.087117195129394531e-01 -2.508437819778919220e-02 6.594052538275718689e-04 1.782166422344744205e-03 4.199739778414368629e-04 -2.983670681715011597e-03
6.081583499908447266e-01 -2.810941450297832489e-02 3.514305688440799713e-03 4.229708574712276459e-03 1.612680614925920963e-03 -3.443203400820493698e-03
6.020095348358154297e-01 -2.984386123716831207e-02 -8.500271476805210114e-03 2.344231586903333664e-03 3.413842059671878815e-03 -3.420704044401645660e-03
6.092559099197387695e-01 -2.834510244429111481e-02 -9.722202084958553314e-03 3.174174111336469650e-03 1.310409978032112122e-03 -3.992547281086444855e-03
6.199164390563964844e-01 -2.044596523046493530e-02 -4.336052224971354008e-04 2.823064336553215981e-03 -1.913094747578725219e-04 -2.842661691829562187e-03
6.009244322776794434e-01 -2.290645241737365723e-02 -9.371963096782565117e-05 3.703005495481193066e-04 -7.289790082722902298e-04 -2.644829219207167625e-03
5.976518392562866211e-01 -1.920628361403942108e-02 2.252744510769844055e-02 -3.417821426410228014e-04 -6.860601715743541718e-04 -3.111592028290033340e-03
5.955455899238586426e-01 -2.746769413352012634e-02 1.102213282138109207e-02 1.459675957448780537e-03 -1.264301827177405357e-03 -4.260026849806308746e-03
5.921384692192077637e-01 -2.554306015372276306e-02 3.132663667201995850e-02 -1.009362167678773403e-03 -2.625115448608994484e-03 -4.734436981379985809e-03
5.875204801559448242e-01 -2.025686204433441162e-02 1.045099925249814987e-02 -4.730192944407463074e-03 -3.984963055700063705e-03 -3.612200031057000160e-03
5.885506272315979004e-01 -2.283432893455028534e-02 -1.281812414526939392e-02 -1.372498460114002228e-03 2.386352745816111565e-03 -4.175063222646713257e-03
5.858656167984008789e-01 -2.068729884922504425e-02 -2.173980884253978729e-02 -3.510004607960581779e-03 6.128369364887475967e-03 -2.876849379390478134e-03
5.810284614562988281e-01 -2.769685722887516022e-02 -2.869868464767932892e-02 1.672657963354140520e-04 7.281618658453226089e-03 -3.851697081699967384e-03
5.795224308967590332e-01 -2.714978903532028198e-02 7.816731929779052734e-03 -1.830503577366471291e-03 6.894684862345457077e-03 -5.128137301653623581e-03
5.712633728981018066e-01 -3.075669147074222565e-02 -1.311620511114597321e-02 -2.428465988487005234e-03 3.315042238682508469e-03 -5.442870315164327621e-03
5.813452005386352539e-01 -2.735548280179500580e-02 2.610810101032257080e-02 -4.809390229638665915e-04 -2.950723748654127121e-03 -5.500783212482929230e-03
5.691831111907958984e-01 -2.745441533625125885e-02 -4.310117510613054037e-04 1.205400549224577844e-04 -8.918708190321922302e-04 -5.005911458283662796e-03
5.715884566307067871e-01 -3.078757785260677338e-02 3.132617566734552383e-03 -6.891106022521853447e-04 -2.072734059765934944e-03 -4.926149267703294754e-03
5.707561373710632324e-01 -3.299250826239585876e-02 -7.061595097184181213e-03 -4.446544684469699860e-03 1.619942602701485157e-03 -4.788424354046583176e-03
5.776594877243041992e-01 -3.498932719230651855e-02 -3.540823608636856079e-02 -4.762200638651847839e-03 7.681356277316808701e-03 -6.544377189129590988e-03
5.819742083549499512e-01 -4.433032870292663574e-02 -7.165137678384780884e-02 -5.094819702208042145e-03 1.229226682335138321e-02 -6.654705852270126343e-03
5.826818943023681641e-01 -3.866338357329368591e-02 -8.299762755632400513e-02 1.918625901453197002e-03 1.338709890842437744e-02 -6.632327567785978317e-03
5.817518830299377441e-01 -4.169137775897979736e-02 -2.342804707586765289e-02 1.335855486104264855e-04 1.311895530670881271e-02 -6.999879609793424606e-03
5.840367674827575684e-01 -3.784095495939254761e-02 -2.743464708328247070e-02 -7.788775255903601646e-04 7.196126505732536316e-03 -8.129438385367393494e-03
5.741192698478698730e-01 -3.578983992338180542e-02 2.256985940039157867e-02 -3.186921356245875359e-03 -1.456683501601219177e-03 -8.110739290714263916e-03
5.703750848770141602e-01 -3.023697249591350555e-02 5.140122398734092712e-02 -5.621589254587888718e-03 -8.394503034651279449e-03 -8.677533827722072601e-03
5.689025521278381348e-01 -4.120824113488197327e-02 3.749895468354225159e-02 -2.312808064743876457e-03 -7.223810534924268723e-03 -8.724222891032695770e-03
5.672481656074523926e-01 -3.975385054945945740e-02 -4.246808588504791260e-03 -1.003480982035398483e-03 -3.033621469512581825e-03 -9.491262026131153107e-03
5.702299475669860840e-01 -4.854413866996765137e-02 -1.057221554219722748e-02 6.254996405914425850e-04 2.948746085166931152e-03 -9.164606221020221710e-03
5.714418888092041016e-01 -4.107963293790817261e-02 -1.533818198367953300e-03 8.880425593815743923e-04 5.274049472063779831e-03 -8.135743439197540283e-03
5.618655085563659668e-01 -3.878720104694366455e-02 -1.259992271661758423e-02 -3.726796421688050032e-04 4.194888286292552948e-03 -7.337122689932584763e-03
5.598477721214294434e-01 -3.541558235883712769e-02 2.078348211944103241e-02 5.999712739139795303e-04 3.963398281484842300e-03 -6.290073040872812271e-03
5.617545247077941895e-01 -2.708986215293407440e-02 4.024015739560127258e-03 -1.846908708103001118e-05 3.575393464416265488e-03 -4.937134217470884323e-03
5.556695461273193359e-01 -2.323472127318382263e-02 -8.144091814756393433e-03 -9.322324767708778381e-04 4.565454088151454926e-03 -3.952102269977331161e-03
5.604149699211120605e-01 -1.254174206405878067e-02 4.124918486922979355e-03 -5.673819687217473984e-04 2.803109586238861084e-03 -2.321079373359680176e-03
5.615435838699340820e-01 -1.314029004424810410e-02 -4.626813810318708420e-03 8.617838611826300621e-04 3.024467499926686287e-03 -9.177681640721857548e-04
5.573769807815551758e-01 -1.274211611598730087e-02 2.561188116669654846e-02 1.066948869265615940e-03 8.120001439237967134e-06 6.785466684959828854e-04
5.610581040382385254e-01 -1.024530641734600067e-02 3.782006353139877319e-02 1.280571683309972286e-03 9.055487316800281405e-05 2.227640012279152870e-03
5.546802282333374023e-01 8.522349409759044647e-03 1.899259351193904877e-02 1.412993529811501503e-03 -1.192881143651902676e-03 4.622846841812133789e-03
5.546761155128479004e-01 1.748743467032909393e-02 1.949779503047466278e-02 -7.289281347766518593e-04 -1.344238407909870148e-03 6.608769763261079788e-03
5.571661591529846191e-01 2.333342283964157104e-02 1.246392447501420975e-02 -1.613614032976329327e-03 1.870471285656094551e-03 8.122796192765235901e-03
5.511525273323059082e-01 2.744909748435020447e-02 4.998493008315563202e-03 1.332496292889118195e-03 5.870727356523275375e-03 9.457291103899478912e-03
5.449873208999633789e-01 3.078833408653736115e-02 -2.719225361943244934e-03 2.720242831856012344e-03 3.787216264754533768e-03 1.062104571610689163e-02
5.457692742347717285e-01 3.124394826591014862e-02 1.847473904490470886e-02 2.474317094311118126e-03 4.900776548311114311e-04 1.131196599453687668e-02
5.453695654869079590e-01 4.201837256550788879e-02 2.612358145415782928e-02 -1.268621999770402908e-03 2.333765383809804916e-03 1.266502216458320618e-02
5.351456403732299805e-01 4.694106802344322205e-02 3.403381630778312683e-02 -3.088535973802208900e-03 -6.574703729711472988e-05 1.344271097332239151e-02
5.366924405097961426e-01 5.228867381811141968e-02 3.909703344106674194e-02 -3.751112846657633781e-03 6.960665341466665268e-04 1.407465152442455292e-02
5.310137867927551270e-01 5.691183730959892273e-02 2.048292197287082672e-02 -5.816310178488492966e-03 4.181432072073221207e-03 1.439362950623035431e-02
5.397445559501647949e-01 6.187081709504127502e-02 -6.961519829928874969e-03 -1.109313569031655788e-03 4.139518365263938904e-03 1.498681306838989258e-02
5.390032529830932617e-01 6.131611764430999756e-02 3.475116332992911339e-03 -4.990715533494949341e-03 8.723380044102668762e-03 1.563711464405059814e-02
5.587937831878662109e-01 6.985155493021011353e-02 -1.244675181806087494e-02 -2.522319555282592773e-03 5.361083429306745529e-03 1.506686210632324219e-02
5.326894521713256836e-01 5.874223634600639343e-02 -7.974774576723575592e-03 -2.083305735141038895e-03 4.414591938257217407e-03 1.507666613906621933e-02
5.326622128486633301e-01 5.296798050403594971e-02 1.716325618326663971e-02 9.320934186689555645e-04 -4.362992942333221436e-03 1.511261146515607834e-02
5.355836749076843262e-01 5.488094314932823181e-02 4.234690591692924500e-02 -2.173939952626824379e-03 -1.241688895970582962e-02 1.514497306197881699e-02
5.329660773277282715e-01 6.093670800328254700e-02 2.882049232721328735e-02 -3.702302230522036552e-03 -1.193488296121358871e-02 1.525551360100507736e-02
5.433866977691650391e-01 6.786409020423889160e-02 1.510339882224798203e-02 -5.651097162626683712e-04 -7.363101933151483536e-03 1.492363680154085159e-02
5.350629687309265137e-01 6.641810387372970581e-02 -1.891882158815860748e-03 -5.490366602316498756e-04 -2.331247786059975624e-03 1.439683046191930771e-02
5.470449328422546387e-01 5.642427504062652588e-02 -7.142920047044754028e-03 6.391861825250089169e-04 -1.814912538975477219e-03 1.399401947855949402e-02
5.588034987449645996e-01 5.365079641342163086e-02 -1.528679509647190571e-03 1.679369248449802399e-03 5.322825163602828979e-03 1.435564924031496048e-02
5.617640018463134766e-01 5.139937624335289001e-02 1.180233620107173920e-02 -1.356294960714876652e-03 -3.833454102277755737e-03 1.468335650861263275e-02
5.609008669853210449e-01 5.040803924202919006e-02 3.977900370955467224e-02 -2.623371314257383347e-03 -8.228816092014312744e-03 1.448869425803422928e-02
5.721320509910583496e-01 5.447082594037055969e-02 3.884898126125335693e-02 -3.334491746500134468e-03 -1.209539920091629028e-02 1.399559713900089264e-02
5.736966133117675781e-01 5.156897753477096558e-02 1.364394091069698334e-02 -3.786293091252446175e-03 -1.178854517638683319e-02 1.327739097177982330e-02
5.873095393180847168e-01 4.958918690681457520e-02 -1.065864507108926773e-02 -2.475067973136901855e-03 -9.656980400905013084e-04 1.281760353595018387e-02
5.935789346694946289e-01 4.671748727560043335e-02 -1.473301835358142853e-02 -3.119030734524130821e-03 1.500837504863739014e-03 1.234387047588825226e-02
5.927277803421020508e-01 3.871834278106689453e-02 6.847709883004426956e-04 -2.332099247723817825e-03 -8.981085265986621380e-04 1.047250349074602127e-02
5.786882042884826660e-01 3.434649482369422913e-02 1.992396451532840729e-02 -2.853167708963155746e-03 -3.435919526964426041e-03 9.721972048282623291e-03
5.873898863792419434e-01 2.903559617698192596e-02 1.908195018768310547e-02 4.507217381615191698e-04 -7.536066696047782898e-03 9.026485495269298553e-03
5.742644071578979492e-01 2.920060791075229645e-02 3.079872578382492065e-02 -1.313712098635733128e-03 -7.598238997161388397e-03 7.598367985337972641e-03
5.907718539237976074e-01 2.754093334078788757e-02 5.040780175477266312e-03 -4.693051450885832310e-04 -8.366684429347515106e-03 7.072561886161565781e-03
5.851802229881286621e-01 2.019133232533931732e-02 1.870791427791118622e-02 2.035153564065694809e-03 -1.686075120232999325e-03 5.845842882990837097e-03
5.827229619026184082e-01 1.892502233386039734e-02 -7.040850352495908737e-03 -2.855407306924462318e-03 -2.320653991773724556e-03 6.287296768277883530e-03
5.871838927268981934e-01 1.280881557613611221e-02 5.903342971578240395e-04 7.737216074019670486e-04 -2.637139521539211273e-03 4.624588415026664734e-03
5.832017064094543457e-01 1.076621841639280319e-02 -7.026565261185169220e-03 3.610799467423930764e-05 5.246511194854974747e-03 4.161613062024116516e-03
5.845226645469665527e-01 1.147460192441940308e-02 -2.675945288501679897e-04 -5.920695548411458731e-05 -8.688957314006984234e-05 4.785578697919845581e-03
5.839370489120483398e-01 1.011732034385204315e-02 7.308906875550746918e-03 6.228650454431772232e-04 5.501150153577327728e-04 4.247675184160470963e-03
5.815544128417968750e-01 1.069049164652824402e-02 2.167281229048967361e-03 -7.432251004502177238e-04 -2.119631040841341019e-03 3.443235065788030624e-03
5.768979787826538086e-01 1.420649327337741852e-02 2.986195310950279236e-02 9.307258296757936478e-04 -6.391365546733140945e-03 4.666968714445829391e-03
5.744651556015014648e-01 6.362417247146368027e-03 3.346125781536102295e-02 -1.386522781103849411e-03 -7.892631925642490387e-03 3.523568622767925262e-03
5.740910172462463379e-01 5.684710573405027390e-03 2.011931128799915314e-02 2.071967348456382751e-03 -5.624045617878437042e-03 2.441075630486011505e-03
5.721851587295532227e-01 1.860585762187838554e-03 1.232993602752685547e-02 -1.109126751543954015e-04 -4.416347015649080276e-03 2.227744320407509804e-03
5.338929891586303711e-01 1.676571788266301155e-03 1.457213424146175385e-02 -5.262056365609169006e-04 -2.896854886785149574e-03 1.254052272997796535e-03
5.560605525970458984e-01 -8.734256261959671974e-04 1.364885363727807999e-02 -1.695804647170007229e-03 2.996242139488458633e-03 5.754731828346848488e-04
5.882833600044250488e-01 6.397818680852651596e-03 1.028208620846271515e-02 -2.018537139520049095e-03 8.888357551768422127e-04 3.318038361612707376e-04
5.808616280555725098e-01 1.922144438140094280e-03 1.047487184405326843e-02 -1.159166335128247738e-03 -3.701042383909225464e-03 -1.036398345604538918e-03
5.849051475524902344e-01 1.986900344491004944e-03 1.285782177001237869e-02 -2.069638576358556747e-03 -6.342042703181505203e-03 -6.550240213982760906e-04
5.570068359375000000e-01 8.039569947868585587e-04 1.513427123427391052e-02 -1.244223676621913910e-03 -1.697644125670194626e-03 -1.437250757589936256e-03
5.257802009582519531e-01 1.232244074344635010e-03 2.075017243623733521e-02 -2.304285299032926559e-03 3.172109834849834442e-03 -1.156278420239686966e-03
5.706991553306579590e-01 5.638380534946918488e-03 1.280849426984786987e-02 -1.028278493322432041e-03 4.269461496733129025e-04 4.862518399022519588e-04
5.705152750015258789e-01 6.144522689282894135e-03 -1.101767085492610931e-02 -1.768269226886332035e-03 -6.033954559825360775e-04 -4.201365518383681774e-04
5.802336931228637695e-01 4.148589447140693665e-03 3.872269298881292343e-03 2.867416245862841606e-03 -6.131011759862303734e-04 -5.594528047367930412e-04
5.730043649673461914e-01 6.709750276058912277e-03 1.588885486125946045e-02 2.721485216170549393e-04 -1.353255822323262691e-03 -2.606072230264544487e-04
5.715426802635192871e-01 -1.440738444216549397e-03 4.094314202666282654e-02 7.990999147295951843e-04 -4.761343356221914291e-03 7.977009518072009087e-04
5.694358944892883301e-01 -9.064316749572753906e-03 3.007623367011547089e-02 -1.359926653094589710e-03 -7.088308222591876984e-03 4.028001276310533285e-04
5.733832120895385742e-01 -1.067198533564805984e-02 1.102133560925722122e-02 -1.577498274855315685e-03 -3.588824998587369919e-03 5.024371203035116196e-04
5.836220383644104004e-01 -1.105392538011074066e-02 8.656514808535575867e-03 -2.610753988847136497e-03 7.293610251508653164e-04 1.986290793865919113e-03
5.716335773468017578e-01 -8.212341926991939545e-03 -6.262045353651046753e-03 -2.199362730607390404e-03 2.162111457437276840e-03 1.326814963249489665e-04
5.814748406410217285e-01 -1.264700386673212051e-02 7.576818461529910564e-05 -5.729562137275934219e-03 -3.207928501069545746e-03 -2.639161830302327871e-04
5.615440011024475098e-01 -1.393845025449991226e-02 2.254980057477951050e-02 -7.128126919269561768e-03 -3.618930932134389877e-03 -1.166897942312061787e-03
5.617961287498474121e-01 -1.293375436216592789e-02 2.447148598730564117e-02 -2.390051260590553284e-03 -7.868094369769096375e-03 -6.456361152231693268e-04
5.605899691581726074e-01 -1.142365206032991409e-02 8.306447416543960571e-03 -2.285990864038467407e-03 -6.506630685180425644e-03 -4.765304620377719402e-04
5.614854693412780762e-01 9.871929883956909180e-03 1.109161227941513062e-02 2.042946871370077133e-03 -2.787804463878273964e-03 -1.363505725748836994e-03
5.658701658248901367e-01 8.396767079830169678e-03 2.021254971623420715e-03 2.771692350506782532e-03 -1.849944703280925751e-03 -1.643475377932190895e-03
5.675207376480102539e-01 8.319573476910591125e-03 1.997345127165317535e-02 5.553106311708688736e-04 -2.093550050631165504e-03 -1.491972128860652447e-03
5.646488070487976074e-01 2.979528391733765602e-03 8.604734204709529877e-03 4.112460184842348099e-03 -1.073745428584516048e-03 -1.516677788458764553e-03
5.668101906776428223e-01 -9.318916127085685730e-04 -1.051300438120961189e-03 -4.817875451408326626e-04 4.784818738698959351e-03 -1.612139385542832315e-05
5.697593092918395996e-01 -4.581424873322248459e-03 8.339156396687030792e-03 -3.704120172187685966e-03 9.452158119529485703e-04 -5.155228427611291409e-04
5.702226758003234863e-01 -3.128036856651306152e-03 1.224877033382654190e-02 -2.065726555883884430e-03 2.167474944144487381e-03 -6.821178831160068512e-04
5.590294599533081055e-01 -2.437210176140069962e-03 1.513637043535709381e-02 -3.478992264717817307e-03 3.175644378643482924e-04 -2.107013482600450516e-03
5.636169314384460449e-01 -1.176112797111272812e-02 1.482985448092222214e-02 -1.366248761769384146e-04 -7.106839679181575775e-03 -4.598884697770699859e-05
5.382550954818725586e-01 -8.635235950350761414e-03 2.291241474449634552e-02 -1.741181593388319016e-03 -8.259139023721218109e-03 -1.439348561689257622e-03
5.362547039985656738e-01 -4.217187408357858658e-03 1.023599598556756973e-02 -1.659457222558557987e-03 -1.728898612782359123e-03 -5.934674409218132496e-04
5.297182202339172363e-01 -2.467974321916699409e-03 1.112630683928728104e-02 2.072861680062487721e-04 -5.285714287310838699e-04 -1.010844367556273937e-03
5.262117385864257812e-01 -4.807136021554470062e-03 7.679808884859085083e-03 -3.739601525012403727e-04 8.682101615704596043e-04 -8.276677108369767666e-04
5.109593272209167480e-01 -4.783574026077985764e-03 1.652024127542972565e-02 -3.096505999565124512e-03 2.628397196531295776e-03 -1.112058409489691257e-03
4.986172020435333252e-01 -6.845165044069290161e-03 2.195031009614467621e-02 -1.489128335379064083e-03 1.598829054273664951e-03 -1.807914464734494686e-03
5.024117231369018555e-01 -9.494125843048095703e-03 1.634348183870315552e-02 2.936885575763881207e-04 -1.590787083841860294e-03 -1.869016443379223347e-03
4.921832084655761719e-01 -1.146477553993463516e-02 1.211013365536928177e-02 -2.272070385515689850e-03 1.138312858529388905e-03 -2.481014933437108994e-03
4.923311769962310791e-01 -1.361619867384433746e-02 4.831839352846145630e-03 -2.175849513150751591e-04 2.144269092241302133e-04 -1.789968926459550858e-03
4.761216640472412109e-01 -1.438019052147865295e-02 3.012409433722496033e-03 -3.974434919655323029e-03 1.614141976460814476e-03 -3.128345124423503876e-04
4.734912514686584473e-01 -9.594667702913284302e-03 -1.519184838980436325e-02 -2.291557379066944122e-03 -1.123215304687619209e-03 -1.938731875270605087e-03
4.523506760597229004e-01 -6.689534988254308701e-03 1.584044098854064941e-02 1.388670178130269051e-03 -3.653458261396735907e-04 -1.503218198195099831e-03
4.394425749778747559e-01 -2.570446813479065895e-03 1.199689507484436035e-02 -1.009554718621075153e-03 1.558017451316118240e-03 -2.622774569317698479e-03
4.400121271610260010e-01 -8.535865345038473606e-05 5.023768637329339981e-03 2.751845633611083031e-03 -7.722998270764946938e-04 -1.537344534881412983e-03
4.295873045921325684e-01 -3.548039239831268787e-04 1.850612647831439972e-02 1.049549318850040436e-03 -2.903120184782892466e-04 -1.436067512258887291e-03
4.235353767871856689e-01 -1.087708049453794956e-03 1.384296920150518417e-02 -1.861019758507609367e-03 -6.127725820988416672e-03 -2.068317262455821037e-03
4.155513048171997070e-01 -7.851085625588893890e-03 3.093985840678215027e-02 1.362230745144188404e-03 -3.958422224968671799e-03 -1.388681819662451744e-03
4.093601703643798828e-01 -8.902268484234809875e-03 1.482498086988925934e-02 1.396880485117435455e-03 -1.099845278076827526e-03 -1.025217003189027309e-03
4.067529141902923584e-01 -8.094739168882369995e-03 9.270578157156705856e-04 1.508130575530230999e-03 3.170731011778116226e-03 -8.755596354603767395e-04
4.011799097061157227e-01 -1.058422029018402100e-02 1.111030019819736481e-02 -1.050410064635798335e-04 8.950147894211113453e-04 -4.671849892474710941e-04
3.991218805313110352e-01 -8.027466945350170135e-03 -1.920643699122592807e-04 -5.420509260147809982e-03 1.491896691732108593e-03 -1.876020105555653572e-03
3.984494209289550781e-01 -7.526332046836614609e-03 9.205603972077369690e-03 -4.836717154830694199e-03 2.046289155259728432e-03 -2.390196081250905991e-03
3.992562592029571533e-01 -1.867944374680519104e-03 -1.990335807204246521e-02 -1.453671866329386830e-04 -6.893117679283022881e-04 -7.568797445856034756e-04
3.831549584865570068e-01 -1.156065380200743675e-03 1.060741581022739410e-02 2.098528901115059853e-03 2.972703659906983376e-03 1.425771042704582214e-03
3.912690281867980957e-01 3.877806942909955978e-03 5.158079322427511215e-03 1.380226691253483295e-03 -3.391091944649815559e-03 2.756514120846986771e-03
3.810635209083557129e-01 2.860784530639648438e-03 1.402373239398002625e-02 6.395344622433185577e-03 -3.402474801987409592e-03 2.854377264156937599e-03
3.693747520446777344e-01 9.317190386354923248e-03 1.506807282567024231e-02 -1.690759323537349701e-03 2.695256844162940979e-03 4.313536453992128372e-03
3.869239091873168945e-01 2.668577805161476135e-02 -1.310345716774463654e-03 1.037783920764923096e-03 -1.467547845095396042e-04 6.523777730762958527e-03
3.854170739650726318e-01 3.030508570373058319e-02 1.226862706243991852e-02 -1.311173196882009506e-03 -2.497737994417548180e-03 8.327368646860122681e-03
3.856905400753021240e-01 4.149475321173667908e-02 1.678776927292346954e-03 4.831143887713551521e-04 -2.730765845626592636e-03 1.077812071889638901e-02
3.892984986305236816e-01 4.468449950218200684e-02 1.236808486282825470e-02 8.273573592305183411e-03 -1.452984870411455631e-03 1.160018611699342728e-02
3.845437169075012207e-01 4.831863194704055786e-02 1.176521088927984238e-02 1.397148473188281059e-03 2.344043692573904991e-03 1.448865979909896851e-02
3.785139024257659912e-01 5.286217480897903442e-02 2.325464226305484772e-02 -3.503745188936591148e-03 -2.971423557028174400e-03 1.562944240868091583e-02
3.878169655799865723e-01 7.620213180780410767e-02 2.860005199909210205e-02 -1.835341798141598701e-03 -8.346069604158401489e-03 1.863650232553482056e-02
3.755159974098205566e-01 8.221669495105743408e-02 2.146018669009208679e-02 3.843406739179044962e-04 -6.043374538421630859e-03 2.030662633478641510e-02
3.804960250854492188e-01 7.957942038774490356e-02 -4.876678576692938805e-04 2.709764230530709028e-04 -3.802470397204160690e-03 2.105462178587913513e-02
3.848626017570495605e-01 8.765030652284622192e-02 -1.375480741262435913e-02 5.067836609669029713e-04 5.312602734193205833e-04 2.243017219007015228e-02
3.765595555305480957e-01 9.322515130043029785e-02 1.294783595949411392e-02 8.399306097999215126e-04 1.221400336362421513e-03 2.414749935269355774e-02
3.682203590869903564e-01 8.937878906726837158e-02 1.033096760511398315e-02 -3.137344494462013245e-03 -3.280400764197111130e-03 2.380977384746074677e-02
3.706121742725372314e-01 9.164871275424957275e-02 -3.339095041155815125e-03 4.497989721130579710e-04 -1.258211443200707436e-03 2.190216258168220520e-02
3.801864087581634521e-01 9.649464488029479980e-02 1.411780714988708496e-02 4.944783868268132210e-04 1.252302550710737705e-03 2.404475770890712738e-02
3.661811649799346924e-01 9.489361941814422607e-02 -1.861453056335449219e-02 -8.779115159995853901e-04 4.860340617597103119e-03 2.576041594147682190e-02
3.621729016304016113e-01 9.130939841270446777e-02 1.155906263738870621e-02 1.140002976171672344e-03 2.514392836019396782e-03 2.517403662204742432e-02
3.648343682289123535e-01 9.356801211833953857e-02 1.232854649424552917e-02 4.076321201864629984e-04 -2.553874393925070763e-03 2.454840019345283508e-02
3.696641027927398682e-01 9.449655562639236450e-02 5.077880807220935822e-03 -8.007554570212960243e-04 -2.597060753032565117e-03 2.446355298161506653e-02
3.708802759647369385e-01 9.954022616147994995e-02 6.963780149817466736e-03 -1.774728763848543167e-03 9.332351328339427710e-05 2.506768889725208282e-02
3.695030510425567627e-01 1.012676656246185303e-01 1.309009362012147903e-02 -2.235474530607461929e-03 1.449357019737362862e-03 2.557634189724922180e-02
3.613131642341613770e-01 9.800437092781066895e-02 -1.075442414730787277e-03 5.701377522200345993e-04 1.341691007837653160e-03 2.524567767977714539e-02
3.688475787639617920e-01 9.760839492082595825e-02 1.526930090039968491e-02 2.041285770246759057e-04 -2.532195765525102615e-03 2.468195185065269470e-02
3.682847619056701660e-01 9.794800728559494019e-02 1.710636913776397705e-02 -1.323445583693683147e-03 -4.104042891412973404e-03 2.525769732892513275e-02
3.655252456665039062e-01 9.939206391572952271e-02 5.883641075342893600e-03 -3.885491460096091032e-04 -3.292510285973548889e-03 2.541928552091121674e-02
3.688746988773345947e-01 9.881670773029327393e-02 1.752096600830554962e-02 -6.211688159964978695e-04 -2.630527829751372337e-03 2.578527852892875671e-02
3.732643425464630127e-01 1.009687185287475586e-01 4.561603534966707230e-03 -9.836103708948940039e-05 -3.430119715631008148e-03 2.620617300271987915e-02
3.664177060127258301e-01 9.566040337085723877e-02 5.886782892048358917e-03 2.146991202607750893e-03 -1.119988388381898403e-03 2.584361471235752106e-02
3.689873516559600830e-01 9.684029966592788696e-02 1.908179558813571930e-02 8.725472143851220608e-04 -2.254689112305641174e-03 2.600354701280593872e-02
3.740446269512176514e-01 9.995903819799423218e-02 1.608916744589805603e-02 -1.837106770835816860e-03 -3.544637467712163925e-03 2.589229494333267212e-02
3.662218451499938965e-01 9.718997776508331299e-02 2.204495109617710114e-02 -4.189971368759870529e-03 1.722891815006732941e-03 2.540136873722076416e-02
3.771568238735198975e-01 1.035778447985649109e-01 2.207750268280506134e-02 -2.683838829398155212e-03 -2.459189388900995255e-03 2.593046426773071289e-02
3.807213902473449707e-01 1.027598157525062561e-01 1.441538706421852112e-02 -3.476312384009361267e-03 -3.273920388892292976e-03 2.623478509485721588e-02
3.804849386215209961e-01 1.038934215903282166e-01 1.021039485931396484e-02 9.971847612177953124e-05 -4.316354170441627502e-03 2.621230110526084900e-02
3.886388540267944336e-01 9.976820647716522217e-02 8.198580704629421234e-03 4.664809093810617924e-04 -2.744517754763364792e-03 2.645746432244777679e-02
3.901472389698028564e-01 9.743497520685195923e-02 6.629255134612321854e-03 5.528489593416452408e-03 -3.600668394938111305e-03 2.636334672570228577e-02
3.900375664234161377e-01 9.212952852249145508e-02 1.942925900220870972e-02 3.238544566556811333e-03 -1.922949217259883881e-03 2.636861056089401245e-02
3.918840289115905762e-01 9.849901497364044189e-02 3.457533940672874451e-02 3.119501343462616205e-04 -1.992472214624285698e-03 2.613340318202972412e-02
4.016070365905761719e-01 1.068065986037254333e-01 2.226760610938072205e-02 -2.367441542446613312e-03 -6.650878349319100380e-04 2.713195607066154480e-02
4.036576747894287109e-01 1.161946058273315430e-01 3.172059357166290283e-02 -1.185075729154050350e-03 -2.086037769913673401e-03 2.846670523285865784e-02
4.028038978576660156e-01 1.151534467935562134e-01 1.369487680494785309e-02 -9.244143147952854633e-04 -2.237849170342087746e-03 2.920177951455116272e-02
4.078171849250793457e-01 1.141980513930320740e-01 2.033683098852634430e-02 1.762328465702012181e-04 -4.582106135785579681e-03 2.904235199093818665e-02
4.169595241546630859e-01 1.111947521567344666e-01 1.671990379691123962e-02 1.818902208469808102e-03 -4.793287720531225204e-03 2.900151722133159637e-02
4.187029302120208740e-01 1.106281653046607971e-01 2.343899384140968323e-02 1.425632159225642681e-03 -2.097088610753417015e-03 2.967800945043563843e-02
4.229016900062561035e-01 1.113771796226501465e-01 1.774553395807743073e-02 -9.924165206030011177e-04 5.578332347795367241e-04 3.003836795687675476e-02
4.293078482151031494e-01 1.197340637445449829e-01 1.090191211551427841e-02 2.622890053316950798e-03 -2.633824246004223824e-03 3.009902313351631165e-02
4.354764819145202637e-01 1.198709979653358459e-01 1.239510625600814819e-02 9.748318698257207870e-04 -2.893612487241625786e-03 3.041728585958480835e-02
4.399514198303222656e-01 1.197811290621757507e-01 1.429672911763191223e-02 7.027964456938207150e-04 -4.272230435162782669e-03 3.095518425107002258e-02
4.456243813037872314e-01 1.196586191654205322e-01 1.502253115177154541e-02 2.275557257235050201e-03 -3.747940994799137115e-03 3.014089167118072510e-02
4.523830711841583252e-01 1.165979877114295959e-01 -7.742228917777538300e-03 9.690823499113321304e-04 -6.015084218233823776e-03 2.977660298347473145e-02
4.571263790130615234e-01 1.107688173651695251e-01 2.072315895929932594e-03 1.920598326250910759e-03 -1.951935933902859688e-03 2.890297584235668182e-02
4.567581117153167725e-01 1.003467291593551636e-01 3.468705108389258385e-03 -8.071876945905387402e-04 -3.344324184581637383e-03 2.663742005825042725e-02
4.699767231941223145e-01 9.516020119190216064e-02 6.176579743623733521e-03 -1.934482424985617399e-04 -5.589271429926156998e-03 2.386344969272613525e-02
4.782238006591796875e-01 8.314649015665054321e-02 5.386814475059509277e-03 -1.413838122971355915e-03 -4.421134945005178452e-03 2.124539576470851898e-02
4.873299896717071533e-01 7.244843244552612305e-02 -1.796888071112334728e-03 -2.224054187536239624e-03 -3.958125133067369461e-03 1.896005496382713318e-02
4.957897365093231201e-01 6.400927156209945679e-02 1.928159035742282867e-03 -1.361120259389281273e-03 -2.917739097028970718e-03 1.589649170637130737e-02
4.989311397075653076e-01 5.177105218172073364e-02 -1.251932606101036072e-02 1.030291314236819744e-03 1.127462601289153099e-03 1.351379789412021637e-02
