8.154792189598083496e-01 -7.321495562791824341e-03 3.066863631829619408e-03 -8.687098743394017220e-04 1.562780700623989105e-03 -2.667303662747144699e-03
8.254323005676269531e-01 -1.038523856550455093e-02 1.156502775847911835e-02 4.037635400891304016e-03 -1.162453833967447281e-02 -3.182167652994394302e-03
8.017949461936950684e-01 -1.681938767433166504e-02 9.401853382587432861e-02 8.419564925134181976e-03 -2.693991176784038544e-02 -4.090647678822278976e-03
8.097611665725708008e-01 -3.048692271113395691e-02 1.071764007210731506e-01 -4.711248038802295923e-04 -4.838102683424949646e-02 -1.498372876085340977e-03
8.319650888442993164e-01 -7.636866997927427292e-03 4.882938042283058167e-02 1.092409342527389526e-02 -3.705650940537452698e-02 -4.141139797866344452e-03
8.307366967201232910e-01 -1.151144690811634064e-02 -1.415770594030618668e-02 8.671771734952926636e-03 -5.777928978204727173e-03 -1.778910169377923012e-03
8.025085926055908203e-01 -8.179333060979843140e-03 -5.626439675688743591e-02 -4.265621770173311234e-03 2.468556165695190430e-02 -2.700152574107050896e-03
8.315141797065734863e-01 -1.022473070770502090e-02 -2.783528901636600494e-02 3.715609782375395298e-04 2.510895580053329468e-02 -3.624165896326303482e-03
8.363311886787414551e-01 -2.258146367967128754e-02 -2.536216052249073982e-03 -7.444427814334630966e-03 3.958392422646284103e-03 -3.488520393148064613e-03
8.171719312667846680e-01 -1.006619632244110107e-02 3.410826623439788818e-02 -3.851125715300440788e-03 -1.432626880705356598e-02 -2.803319366648793221e-03
8.140471577644348145e-01 -8.552445098757743835e-03 3.720509633421897888e-02 -2.437307557556778193e-04 -1.935143023729324341e-02 -2.698203781619668007e-03
8.146636486053466797e-01 -1.475847512483596802e-02 9.921891614794731140e-03 1.628839061595499516e-03 -1.138112973421812057e-02 -2.383293118327856064e-03
8.300514221191406250e-01 -1.676309667527675629e-02 -1.012628246098756790e-02 3.687186865136027336e-03 1.655615749768912792e-03 -3.735032631084322929e-03
8.156891465187072754e-01 -1.963595859706401825e-02 -1.647349447011947632e-02 4.026728682219982147e-03 9.977371431887149811e-03 -4.077552817761898041e-03
8.311559557914733887e-01 -1.938703283667564392e-02 -1.019588671624660492e-02 1.419477630406618118e-03 6.236921064555644989e-03 -3.526200773194432259e-03
8.250098824501037598e-01 -2.031968533992767334e-02 6.992854177951812744e-03 1.681387191638350487e-03 2.133589703589677811e-03 -2.939073368906974792e-03
8.205894827842712402e-01 -1.478534471243619919e-02 1.797160319983959198e-02 1.279463176615536213e-03 -4.909269977360963821e-03 -2.821985632181167603e-03
8.231323361396789551e-01 -1.360616367310285568e-02 8.937574923038482666e-03 6.635547033511102200e-04 -5.380866117775440216e-03 -2.472878899425268173e-03
8.223108649253845215e-01 -2.471202239394187927e-02 5.009560380131006241e-03 -2.075492375297471881e-04 -1.486135530285537243e-03 -2.670105081051588058e-03
8.212123513221740723e-01 -9.061395190656185150e-03 1.369097270071506500e-03 -2.640459220856428146e-03 1.764968910720199347e-04 -2.579127904027700424e-03
8.039085865020751953e-01 -1.710629463195800781e-02 -1.420432119630277157e-03 -1.491792965680360794e-03 -6.745120481355115771e-05 -2.486129989847540855e-03
8.186785578727722168e-01 -1.061309222131967545e-02 4.374322015792131424e-03 6.387693574652075768e-04 -1.542663201689720154e-03 -2.388012595474720001e-03
8.501850962638854980e-01 -1.466764044016599655e-02 6.360642146319150925e-03 1.544444967294111848e-04 -1.563448109664022923e-03 -1.054694061167538166e-03
8.492509722709655762e-01 -9.163260459899902344e-03 -3.322166856378316879e-03 2.297588624060153961e-03 -1.718186424113810062e-03 -9.493632242083549500e-04
8.425489068031311035e-01 -8.085606619715690613e-03 5.800874903798103333e-03 1.957955071702599525e-03 -2.175936388084664941e-04 -6.411605281755328178e-04
8.511568903923034668e-01 -1.204728055745363235e-02 3.951866179704666138e-03 -2.976250289066229016e-05 -6.680852966383099556e-04 -3.343653806950896978e-04
8.502641916275024414e-01 -1.390615664422512054e-02 1.422357512637972832e-03 5.444445996545255184e-04 -1.475278520956635475e-03 -5.124159506522119045e-04
8.543975949287414551e-01 -1.157837081700563431e-02 5.179088562726974487e-03 -5.423777038231492043e-04 4.609033057931810617e-04 3.507028450258076191e-04
8.781945109367370605e-01 -9.557275334373116493e-04 -1.927495351992547512e-03 -1.782342093065381050e-03 5.991082871332764626e-04 4.808420781046152115e-04
8.478078842163085938e-01 -1.595866307616233826e-02 4.551675636321306229e-03 -1.119109569117426872e-03 -1.662858849158510566e-04 7.127380813471972942e-04
8.669885993003845215e-01 -2.598148537799715996e-03 2.648904919624328613e-03 -9.116361616179347038e-04 -2.489515813067555428e-03 9.822470601648092270e-04
8.591635227203369141e-01 -7.821415551006793976e-03 1.275185868144035339e-02 2.281428314745426178e-03 2.577471241238527000e-05 1.191555173136293888e-03
8.647015094757080078e-01 7.549777626991271973e-03 -5.408513243310153484e-05 -8.307836949825286865e-03 1.373595092445611954e-03 1.672093523666262627e-03
8.701335191726684570e-01 -5.582331214100122452e-03 -1.046019699424505234e-02 -1.791596645489335060e-03 5.919660325162112713e-04 1.030615065246820450e-03
8.446596860885620117e-01 -2.608015900477766991e-03 2.402424067258834839e-02 -6.596826715394854546e-04 -2.754851302597671747e-04 2.532606944441795349e-03
8.629212379455566406e-01 -4.198818467557430267e-03 3.284487174823880196e-03 -2.232570666819810867e-03 -8.119597099721431732e-03 2.928713802248239517e-03
8.380588889122009277e-01 -6.601460743695497513e-03 2.810936421155929565e-02 4.106514155864715576e-03 -5.342165473848581314e-03 2.305309753865003586e-03
8.540492057800292969e-01 1.052459003403782845e-03 -1.938257133588194847e-03 1.230250927619636059e-03 -2.273540478199720383e-03 3.481277497485280037e-03
8.391678929328918457e-01 6.243861280381679535e-03 -7.074691355228424072e-03 4.902982152998447418e-03 2.568761119619011879e-03 3.530645743012428284e-03
8.277940750122070312e-01 6.557810585945844650e-03 1.394648221321403980e-03 2.500944305211305618e-03 7.837400771677494049e-03 4.552285186946392059e-03
8.311175107955932617e-01 5.649358499795198441e-03 -8.424375206232070923e-03 -8.921682601794600487e-04 4.374470561742782593e-03 4.394194111227989197e-03
8.240213990211486816e-01 1.271027978509664536e-02 2.102343179285526276e-02 -1.018118346109986305e-03 1.175287296064198017e-03 4.302480258047580719e-03
8.168087005615234375e-01 1.349741220474243164e-02 1.482693478465080261e-02 -4.369060974568128586e-03 -5.634775850921869278e-03 4.418512806296348572e-03
7.750685214996337891e-01 1.593239605426788330e-02 1.884529180824756622e-02 -3.044878598302602768e-03 -2.754902932792901993e-03 4.295928403735160828e-03
7.981090545654296875e-01 2.912400290369987488e-02 7.596348877996206284e-04 -2.302770502865314484e-03 -2.968783082906156778e-04 4.894236568361520767e-03
7.965621948242187500e-01 2.311741188168525696e-02 -8.652776479721069336e-03 -5.483657121658325195e-03 6.412562448531389236e-03 5.046527832746505737e-03
7.665068507194519043e-01 2.010966651141643524e-02 -3.156829858198761940e-03 -2.539348555728793144e-03 4.790386185050010681e-03 5.256475880742073059e-03
7.973797917366027832e-01 1.979013904929161072e-02 -2.930452174041420221e-04 -1.067461329512298107e-03 -1.265387632884085178e-03 6.271491292864084244e-03
7.828787565231323242e-01 2.497604303061962128e-02 2.430242300033569336e-02 5.350478924810886383e-03 -7.276702206581830978e-03 7.388996426016092300e-03
7.691546082496643066e-01 1.878761872649192810e-02 2.443501912057399750e-02 -1.223406987264752388e-03 -7.184206973761320114e-03 8.333493024110794067e-03
7.679377198219299316e-01 2.716661244630813599e-02 1.124539133161306381e-02 -8.238181471824645996e-04 -4.776351153850555420e-03 8.902285248041152954e-03
7.617620229721069336e-01 2.235746942460536957e-02 -1.558747608214616776e-03 8.996616234071552753e-04 -2.316839760169386864e-03 9.115153923630714417e-03
7.495332360267639160e-01 2.663318999111652374e-02 1.499872468411922455e-02 -1.334400614723563194e-03 3.362887946423143148e-04 1.003041863441467285e-02
7.583754062652587891e-01 2.171413414180278778e-02 4.815902560949325562e-03 -1.007523504085838795e-03 -3.818138269707560539e-03 9.674308821558952332e-03
7.462037205696105957e-01 2.335176430642604828e-02 9.059283882379531860e-03 3.703740658238530159e-04 -3.502236679196357727e-03 9.358183480799198151e-03
7.494506239891052246e-01 2.210694178938865662e-02 8.096599020063877106e-03 1.216081436723470688e-03 -2.610135124996304512e-03 9.372016414999961853e-03
7.360977530479431152e-01 2.236178331077098846e-02 2.427591010928153992e-03 6.563575007021427155e-04 1.437553437426686287e-04 9.924457408487796783e-03
7.392655611038208008e-01 1.940384320914745331e-02 7.891610730439424515e-04 9.770027827471494675e-04 2.577548846602439880e-03 9.471640922129154205e-03
7.429698109626770020e-01 2.018213272094726562e-02 1.088544144295156002e-03 1.457719015888869762e-03 2.020902611548081040e-04 9.358668699860572815e-03
7.376982569694519043e-01 2.162434346973896027e-02 1.207261066883802414e-02 1.063093659467995167e-03 -1.485194894485175610e-03 9.463159367442131042e-03
7.419818043708801270e-01 1.818358339369297028e-02 6.195550784468650818e-03 -1.530066219856962562e-05 -3.334533656015992165e-03 8.598486892879009247e-03
7.280479073524475098e-01 1.738243177533149719e-02 8.195456117391586304e-03 1.320087118074297905e-03 -1.897265552543103695e-03 8.273215033113956451e-03
7.143566012382507324e-01 1.968301087617874146e-02 1.504555158317089081e-02 3.383473667781800032e-04 3.759792307391762733e-04 7.448246236890554428e-03
7.291193008422851562e-01 1.421978883445262909e-02 2.565959701314568520e-03 -1.324330150964669883e-05 9.560642647556960583e-04 7.273411843925714493e-03
7.114434242248535156e-01 1.259634923189878464e-02 4.929448477923870087e-03 5.709241959266364574e-04 1.208286383189260960e-03 5.745061673223972321e-03
6.968141198158264160e-01 8.077841252088546753e-03 1.043216977268457413e-02 9.294640622101724148e-04 7.470368291251361370e-04 5.307601299136877060e-03
6.925624012947082520e-01 3.787942230701446533e-03 6.309448741376399994e-03 -3.560329787433147430e-04 -1.032216474413871765e-03 4.818144720047712326e-03
6.616929173469543457e-01 4.239054396748542786e-03 8.495285175740718842e-03 8.608431671746075153e-04 -1.859398325905203819e-03 4.132990725338459015e-03
6.614767909049987793e-01 4.926759749650955200e-03 2.043068036437034607e-02 9.760271059349179268e-04 2.721732889767736197e-04 4.179815761744976044e-03
6.341157555580139160e-01 -2.847359282895922661e-04 5.624877754598855972e-03 9.912044333759695292e-05 -1.082350849173963070e-03 3.654219675809144974e-03
6.137070655822753906e-01 -3.591428510844707489e-03 1.224301941692829132e-02 -3.890932421199977398e-04 -3.988444223068654537e-04 2.157781040295958519e-03
5.980819463729858398e-01 -7.694335188716650009e-03 1.179030537605285645e-02 -9.847629116848111153e-04 -2.997110597789287567e-03 1.433953526429831982e-03
5.810873508453369141e-01 -6.770504638552665710e-03 1.219543721526861191e-02 -7.558859651908278465e-04 -1.143495086580514908e-03 4.341649182606488466e-04
5.957310795783996582e-01 -9.087752550840377808e-03 1.645297626964747906e-03 6.684266554657369852e-05 5.649121594615280628e-04 -6.541885086335241795e-04
6.072887778282165527e-01 -1.151809934526681900e-02 -4.258737317286431789e-04 5.636913119815289974e-04 2.707873005419969559e-03 -1.256039366126060486e-03
6.094325184822082520e-01 -1.563281379640102386e-02 -4.524808842688798904e-03 3.586357925087213516e-04 4.166970495134592056e-03 -2.045432571321725845e-03
5.951581001281738281e-01 -2.106922492384910583e-02 -5.214241682551801205e-04 -2.302494103787466884e-04 3.242225619032979012e-03 -2.811201382428407669e-03
5.843774676322937012e-01 -2.228348329663276672e-02 4.437678493559360504e-03 2.505002703401260078e-05 -6.516515277326107025e-04 -3.266457701101899147e-03
5.917019844055175781e-01 -1.989042758941650391e-02 1.253636647015810013e-02 -3.898667637258768082e-04 -2.487995196133852005e-03 -3.436103928834199905e-03
5.974212884902954102e-01 -1.835855282843112946e-02 7.396205328404903412e-03 -1.241796417161822319e-04 -3.917485475540161133e-03 -3.870120504871010780e-03
5.917558073997497559e-01 -2.233079075813293457e-02 3.392138984054327011e-03 1.686166622675955296e-03 -2.643556799739599228e-03 -3.682152368128299713e-03
6.048082113265991211e-01 -2.239751257002353668e-02 -6.580679677426815033e-03 2.865663263946771622e-03 -1.192545867525041103e-03 -3.157376777380704880e-03
5.866683721542358398e-01 -2.418101765215396881e-02 6.576674059033393860e-04 6.305008661001920700e-03 2.923205262050032616e-03 -3.461137646809220314e-03
6.024897694587707520e-01 -2.554553374648094177e-02 -5.395113839767873287e-04 3.809244837611913681e-03 2.127957530319690704e-03 -3.541109617799520493e-03
5.976215004920959473e-01 -2.467953599989414215e-02 1.528648543171584606e-03 4.427998792380094528e-03 1.050340244546532631e-03 -4.076008219271898270e-03
5.968188643455505371e-01 -2.231431566178798676e-02 6.200873758643865585e-03 3.250384703278541565e-03 1.823177008191123605e-04 -3.122880822047591209e-03
5.998411178588867188e-01 -2.136652916669845581e-02 4.024967551231384277e-03 1.300557982176542282e-03 -1.542381825856864452e-03 -2.507100114598870277e-03
6.040924191474914551e-01 -1.689629815518856049e-02 1.177270244807004929e-02 -3.765432047657668591e-04 -2.831478370353579521e-03 -2.542476635426282883e-03
5.868332386016845703e-01 -2.426062710583209991e-02 8.773989044129848480e-03 1.525869360193610191e-03 -3.199664410203695297e-03 -3.741387976333498955e-03
5.924206376075744629e-01 -2.036608383059501648e-02 2.443408221006393433e-02 -4.469214472919702530e-04 -3.215054282918572426e-03 -4.357373807579278946e-03
5.861769318580627441e-01 -2.057409286499023438e-02 9.008390828967094421e-03 -4.522446542978286743e-03 -5.158962216228246689e-03 -3.727543866261839867e-03
5.927919745445251465e-01 -1.788070984184741974e-02 -2.551318379119038582e-03 1.777553989086300135e-04 1.021063537336885929e-03 -4.061813931912183762e-03
5.923959612846374512e-01 -1.894795894622802734e-02 -1.476614549756050110e-02 -3.355745458975434303e-03 4.695908166468143463e-03 -3.194113727658987045e-03
5.841364264488220215e-01 -2.199538238346576691e-02 -1.676823012530803680e-02 6.744359852746129036e-04 5.876134149730205536e-03 -3.788048168644309044e-03
5.789422988891601562e-01 -2.235196530818939209e-02 1.469271723181009293e-03 -2.313107950612902641e-03 8.173096925020217896e-03 -4.646609537303447723e-03
5.761485695838928223e-01 -2.816229686141014099e-02 -2.275797538459300995e-03 -2.416966715827584267e-03 7.883223588578402996e-04 -5.617242306470870972e-03
5.731375217437744141e-01 -2.489033527672290802e-02 1.108267065137624741e-02 -4.828489036299288273e-04 -1.547674764879047871e-03 -5.431109573692083359e-03
5.751606225967407227e-01 -2.648497372865676880e-02 -1.703702495433390141e-03 -3.950248938053846359e-04 -2.063602209091186523e-03 -5.377581808716058731e-03
5.747556686401367188e-01 -2.718037366867065430e-02 4.912153352051973343e-03 -8.800485375104472041e-05 -8.874938357621431351e-04 -5.273432936519384384e-03
5.684025287628173828e-01 -2.601871825754642487e-02 -1.570881111547350883e-03 -2.749248640611767769e-03 1.900452072732150555e-03 -5.120799876749515533e-03
5.770828127861022949e-01 -1.865347661077976227e-02 -1.772830635309219360e-02 -2.420112257823348045e-03 7.726894225925207138e-03 -6.793568376451730728e-03
5.849534869194030762e-01 -3.753781691193580627e-02 -2.940227836370468140e-02 -3.527055727317929268e-03 1.145173143595457077e-02 -6.918782833963632584e-03
5.842554569244384766e-01 -4.357518255710601807e-02 -3.475051373243331909e-02 -5.227007204666733742e-04 1.217154320329427719e-02 -6.275002844631671906e-03
5.822051763534545898e-01 -2.318859659135341644e-02 -2.036137133836746216e-02 1.111471327021718025e-03 1.339511014521121979e-02 -7.458434440195560455e-03
5.812917947769165039e-01 -3.005330264568328857e-02 -1.406710944138467312e-03 -1.546021900139749050e-03 8.154341951012611389e-03 -8.063682354986667633e-03
5.727359056472778320e-01 -3.181106224656105042e-02 2.144349925220012665e-02 -3.195279976353049278e-03 2.105908788507804275e-04 -7.986295968294143677e-03
5.734867453575134277e-01 -5.118285492062568665e-02 2.166199870407581329e-02 -4.295887891203165054e-03 -8.117743767797946930e-03 -8.069699630141258240e-03
5.699274539947509766e-01 -3.369883075356483459e-02 2.078560739755630493e-02 -1.560700475238263607e-03 -8.237488567829132080e-03 -8.847376331686973572e-03
5.689492821693420410e-01 -3.117271512746810913e-02 1.196697470732033253e-03 -1.275577698834240437e-03 -4.909248091280460358e-03 -9.611077606678009033e-03
5.701196193695068359e-01 -3.424415737390518188e-02 -6.499337963759899139e-03 1.415258971974253654e-03 1.165959169156849384e-03 -9.356928057968616486e-03
5.734170675277709961e-01 -3.887079283595085144e-02 3.349025791976600885e-04 1.021368152578361332e-04 4.866322968155145645e-03 -8.021021261811256409e-03
5.646306276321411133e-01 -3.725977614521980286e-02 -4.536144901067018509e-03 2.106450119754299521e-04 2.313236240297555923e-03 -7.036979310214519501e-03
5.568437576293945312e-01 -1.879318058490753174e-02 8.871600963175296783e-03 1.291624503210186958e-03 2.326596528291702271e-03 -6.161635275930166245e-03
5.628979802131652832e-01 -2.563939243555068970e-02 3.585315076634287834e-03 -7.565281121060252190e-04 2.234539715573191643e-03 -4.699044860899448395e-03
5.590441823005676270e-01 -1.949037797749042511e-02 -1.968631055206060410e-03 -1.328799990005791187e-03 1.906648045405745506e-03 -3.715213388204574585e-03
5.614926218986511230e-01 -1.604806259274482727e-02 -5.025357939302921295e-03 -1.547092571854591370e-03 2.119229640811681747e-03 -2.240681555122137070e-03
5.595817565917968750e-01 -1.527195330709218979e-02 8.950781193561851978e-04 6.369438779074698687e-06 1.878365874290466309e-03 -6.861260044388473034e-04
5.599421858787536621e-01 -8.255128748714923859e-03 -7.382234907709062099e-04 3.568317275494337082e-03 -1.196703058667480946e-03 5.601219017989933491e-04
5.629421472549438477e-01 -7.368387188762426376e-03 2.090985327959060669e-02 2.751173451542854309e-03 -9.220653446391224861e-04 2.451025880873203278e-03
5.627382397651672363e-01 6.276790518313646317e-03 8.276268839836120605e-03 1.498458557762205601e-03 -2.894723322242498398e-03 4.731405526399612427e-03
5.596681237220764160e-01 1.479116734117269516e-02 1.119953580200672150e-02 -4.369913367554545403e-04 -2.122508129104971886e-03 6.613870617002248764e-03
5.599272847175598145e-01 2.136860601603984833e-02 -5.546299740672111511e-03 3.316900110803544521e-04 2.220949158072471619e-03 8.149920031428337097e-03
5.573933720588684082e-01 2.312687225639820099e-02 -1.486755162477493286e-02 3.132165642455220222e-03 3.419644664973020554e-03 9.844733402132987976e-03
5.430013537406921387e-01 2.526914700865745544e-02 2.475694054737687111e-03 2.008445560932159424e-03 4.228274337947368622e-03 1.073979400098323822e-02
5.417374968528747559e-01 2.595083229243755341e-02 3.070966340601444244e-03 2.639696933329105377e-03 2.460671588778495789e-03 1.110425591468811035e-02
5.446369051933288574e-01 3.405761346220970154e-02 1.481234002858400345e-02 -1.481122337281703949e-03 2.953396178781986237e-03 1.289302483201026917e-02
5.531738996505737305e-01 4.779871553182601929e-02 6.423400249332189560e-03 -1.382722170092165470e-03 -1.667330157943069935e-03 1.343157049268484116e-02
5.642749667167663574e-01 5.467020347714424133e-02 1.113226264715194702e-02 -2.642297185957431793e-03 -1.348697929643094540e-03 1.385782193392515182e-02
5.700493454933166504e-01 6.341017782688140869e-02 -7.806328125298023224e-03 -2.157913288101553917e-03 5.462382687255740166e-04 1.469173654913902283e-02
5.531247854232788086e-01 5.877586826682090759e-02 -7.059002295136451721e-03 -1.165629364550113678e-03 4.841949790716171265e-03 1.520879194140434265e-02
5.745294690132141113e-01 6.753228604793548584e-02 -1.337047293782234192e-02 -1.429016701877117157e-03 7.153490558266639709e-03 1.548328064382076263e-02
5.338758826255798340e-01 5.683016404509544373e-02 -1.265482790768146515e-02 -5.653446423821151257e-04 8.391392417252063751e-03 1.572392508387565613e-02
5.411241650581359863e-01 5.360241606831550598e-02 -3.362665651366114616e-03 -4.283920861780643463e-04 4.544906783849000931e-03 1.498398091644048691e-02
5.411462187767028809e-01 4.576488211750984192e-02 2.585912309587001801e-02 1.233913004398345947e-03 -2.736870432272553444e-03 1.491614244878292084e-02
5.457853674888610840e-01 5.252039059996604919e-02 3.683766722679138184e-02 -2.812491729855537415e-03 -1.044796872884035110e-02 1.459531486034393311e-02
5.629645586013793945e-01 6.424553692340850830e-02 2.538888342678546906e-02 -3.188821952790021896e-03 -9.447706863284111023e-03 1.450726203620433807e-02
5.384297370910644531e-01 6.233771517872810364e-02 -3.124586539342999458e-03 -2.686872903723269701e-04 -7.280499674379825592e-03 1.478394120931625366e-02
5.466423034667968750e-01 5.891820043325424194e-02 -1.230933237820863724e-02 1.194178839796222746e-04 -4.290180222596973181e-04 1.558421924710273743e-02
5.354871749877929688e-01 5.069513991475105286e-02 -1.986468583345413208e-02 3.729332005605101585e-03 5.147156771272420883e-03 1.444999314844608307e-02
5.495873689651489258e-01 4.787695407867431641e-02 3.111334517598152161e-03 1.013786066323518753e-03 7.960452698171138763e-03 1.484458334743976593e-02
5.628997683525085449e-01 4.533770680427551270e-02 1.906348951160907745e-02 -1.532707363367080688e-03 -1.221394748426973820e-03 1.510761678218841553e-02
5.585096478462219238e-01 5.755405873060226440e-02 2.616084367036819458e-02 -5.996915278956294060e-04 -7.195529062300920486e-03 1.343622896820306778e-02
5.480619668960571289e-01 4.751384258270263672e-02 1.935915090143680573e-02 -2.025918103754520416e-03 -8.304704912006855011e-03 1.429582200944423676e-02
5.675157308578491211e-01 4.590688273310661316e-02 -6.498162634670734406e-03 1.805374486139044166e-04 -5.036161746829748154e-03 1.429745182394981384e-02
5.772715806961059570e-01 4.304488375782966614e-02 -1.989032700657844543e-02 -3.948447410948574543e-04 5.763682536780834198e-03 1.367916166782379150e-02
5.741664767265319824e-01 4.070436209440231323e-02 -1.033417321741580963e-02 -2.061386592686176300e-03 7.433435879647731781e-03 1.260302867740392685e-02
5.812103748321533203e-01 3.312774375081062317e-02 1.596209476701915264e-04 -1.355942920781672001e-03 4.712671972811222076e-03 1.128297578543424606e-02
5.834572315216064453e-01 3.232463821768760681e-02 1.429945044219493866e-02 -1.674703904427587986e-03 -8.371188305318355560e-04 1.038410048931837082e-02
5.812125205993652344e-01 2.188605070114135742e-02 1.341671403497457504e-02 -6.867238553240895271e-04 -6.262181792408227921e-03 9.435125626623630524e-03
5.793281197547912598e-01 2.275117114186286926e-02 2.656939812004566193e-02 -1.573662972077727318e-03 -7.512876298278570175e-03 7.915549911558628082e-03
5.794398188591003418e-01 1.924291811883449554e-02 -2.659118268638849258e-03 7.538617355749011040e-04 -4.682822152972221375e-03 7.894412614405155182e-03
5.757809877395629883e-01 1.443119347095489502e-02 1.305172871798276901e-02 1.745476969517767429e-03 2.019294304773211479e-03 6.434533279389142990e-03
5.851253271102905273e-01 1.449786406010389328e-02 -6.942620500922203064e-03 -1.022550277411937714e-03 6.593380239792168140e-04 6.726153660565614700e-03
5.835902094841003418e-01 1.067689713090658188e-02 -1.154896430671215057e-02 2.868683077394962311e-03 4.554677754640579224e-03 5.094547290354967117e-03
5.837500095367431641e-01 9.842370636761188507e-03 -7.942223921418190002e-03 1.391699188388884068e-03 6.931094918400049210e-03 4.545344039797782898e-03
5.762737393379211426e-01 9.484517388045787811e-03 -5.914425011724233627e-03 1.473818207159638405e-03 6.027372088283300400e-03 5.643063690513372421e-03
5.744177699089050293e-01 6.368339527398347855e-03 3.719990840181708336e-03 1.247821142897009850e-03 5.294419825077056885e-03 4.334243014454841614e-03
5.734831094741821289e-01 8.227360434830188751e-03 -2.435294911265373230e-03 -4.628180759027600288e-04 1.771388342604041100e-03 4.176675342023372650e-03
5.675471425056457520e-01 1.081111375242471695e-02 2.460524253547191620e-02 6.030275835655629635e-04 -3.024929435923695564e-03 4.432185553014278412e-03
5.673303008079528809e-01 6.391552742570638657e-03 1.253976020961999893e-02 8.326999959535896778e-04 -6.232075393199920654e-03 3.437454812228679657e-03
5.673391819000244141e-01 4.770310595631599426e-03 1.006154995411634445e-02 3.817474236711859703e-03 -3.633030224591493607e-03 2.593836514279246330e-03
5.635066628456115723e-01 6.150811910629272461e-03 6.494495552033185959e-03 1.643247785978019238e-03 -6.326453876681625843e-04 1.504365005530416965e-03
5.645837187767028809e-01 8.231117390096187592e-03 -4.264154471457004547e-03 2.051215386018157005e-03 1.415997394360601902e-03 1.203178660944104195e-03
5.560855865478515625e-01 4.561555106192827225e-03 4.539730027318000793e-03 -9.015991818159818649e-04 4.674511961638927460e-03 7.809471571817994118e-04
5.515187382698059082e-01 1.240320689976215363e-02 -2.240240341052412987e-03 -4.821768670808523893e-04 3.431383287534117699e-03 2.044864231720566750e-04
5.563273429870605469e-01 1.388254947960376740e-02 4.290463402867317200e-03 1.968129072338342667e-05 2.638474339619278908e-03 3.947364457417279482e-04
5.390770435333251953e-01 2.141805365681648254e-02 1.235814415849745274e-03 5.028752493672072887e-04 3.886474587488919497e-04 1.458891434594988823e-03
5.533863306045532227e-01 8.714360184967517853e-03 1.057770103216171265e-02 1.098750159144401550e-03 -4.679194826167076826e-04 1.277633360587060452e-03
5.484786033630371094e-01 1.142556685954332352e-02 5.215467419475317001e-03 2.267581643536686897e-03 -7.665433222427964211e-04 -7.554058684036135674e-04
5.554641485214233398e-01 2.845478884410113096e-04 7.071686908602714539e-03 -7.544834516011178493e-04 1.636006869375705719e-03 1.498103723861277103e-03
5.613234043121337891e-01 3.553550224751234055e-03 -5.110029596835374832e-03 -1.459016581065952778e-03 1.166893052868545055e-03 3.497653815429657698e-04
5.644034147262573242e-01 -1.123870140872895718e-03 3.931278362870216370e-03 2.172844950109720230e-03 2.848594449460506439e-03 4.189572646282613277e-04
5.761701464653015137e-01 2.153452020138502121e-03 9.695888496935367584e-03 -5.543599836528301239e-04 -1.368430559523403645e-03 5.500289844349026680e-04
5.751397013664245605e-01 -8.110025897622108459e-03 2.697422541677951813e-02 1.612061634659767151e-03 -6.072019226849079132e-03 1.969382166862487793e-03
5.701511502265930176e-01 -1.094525679945945740e-02 2.241168357431888580e-02 6.583706126548349857e-04 -6.591214798390865326e-03 9.413168299943208694e-04
5.811876058578491211e-01 -9.787954622879624367e-04 2.955965464934706688e-03 1.884435536339879036e-03 -2.609487157315015793e-03 -3.238459757994860411e-04
5.714560151100158691e-01 -9.310046210885047913e-03 -3.497280180454254150e-03 -6.826699827797710896e-04 1.484815031290054321e-03 9.412302169948816299e-04
5.631606578826904297e-01 -8.904035203158855438e-03 -9.411901235580444336e-03 1.739127765176817775e-04 5.004562437534332275e-03 2.548354677855968475e-04
5.652697086334228516e-01 -8.404443971812725067e-03 3.632292151451110840e-03 -3.768079215660691261e-03 2.260558772832155228e-03 -3.711155732162296772e-04
5.196957588195800781e-01 -1.520849671214818954e-02 8.659775368869304657e-03 -8.931118063628673553e-04 -1.880519906990230083e-03 -1.570406486280262470e-03
5.698170661926269531e-01 -3.127460600808262825e-03 2.063430286943912506e-02 3.064085729420185089e-03 -6.036626640707254410e-03 -2.352425362914800644e-04
5.691503882408142090e-01 -5.535706877708435059e-03 1.872288063168525696e-02 -6.823685253039002419e-04 -2.013027900829911232e-03 -5.467363735078833997e-05
5.684344768524169922e-01 3.802778373938053846e-04 -8.992542279884219170e-04 -2.689700049813836813e-04 -1.505013322457671165e-03 -9.350382024422287941e-04
5.708073377609252930e-01 -1.304733596043661237e-04 6.185139529407024384e-03 -1.372113125398755074e-03 1.968708529602736235e-04 -3.197802288923412561e-04
5.727429389953613281e-01 1.736824633553624153e-04 3.403544658794999123e-03 -9.276723721995949745e-04 -2.863290486857295036e-03 2.576969272922724485e-04
5.672254562377929688e-01 -8.326871902681887150e-04 -2.309591509401798248e-03 5.347520578652620316e-03 2.402626676484942436e-03 -1.347959914710372686e-04
5.633922815322875977e-01 -8.528376347385346889e-04 1.439854095224291086e-04 1.067017583409324288e-04 7.447902578860521317e-03 4.386450746096670628e-04
5.593526959419250488e-01 1.342437462881207466e-03 -1.118200831115245819e-02 -3.297251532785594463e-04 5.526917520910501480e-03 -1.038180780597031116e-03
5.530306696891784668e-01 4.894302226603031158e-03 6.870333105325698853e-03 -8.461833349429070950e-04 3.887281520292162895e-03 -1.455117715522646904e-03
5.398234128952026367e-01 2.917296718806028366e-03 9.688245132565498352e-03 -2.041022758930921555e-03 4.582722904160618782e-04 -6.758438539691269398e-04
5.444521903991699219e-01 3.454042598605155945e-03 2.274731546640396118e-02 2.627235604450106621e-03 -5.077756941318511963e-03 -2.372538292547687888e-04
5.281108021736145020e-01 -2.858708612620830536e-03 1.973820291459560394e-02 5.405222764238715172e-04 -5.664131138473749161e-03 -8.856212953105568886e-04
5.343695878982543945e-01 -4.879715386778116226e-03 1.684432150796055794e-03 -1.381566980853676796e-03 -2.495468594133853912e-03 -4.545999981928616762e-04
5.069481134414672852e-01 -3.103996859863400459e-03 7.394850719720125198e-03 1.462576910853385925e-03 -5.571467918343842030e-04 -5.156116676516830921e-04
4.956410229206085205e-01 -9.567973203957080841e-03 6.702834740281105042e-03 -2.039292594417929649e-04 1.662780530750751495e-03 1.957841304829344153e-04
4.880178868770599365e-01 -3.178103826940059662e-03 9.893192909657955170e-03 -1.763558480888605118e-03 8.998364210128784180e-04 -7.667969912290573120e-04
5.063767433166503906e-01 -6.234004627913236618e-03 3.409680211916565895e-03 1.656381879001855850e-03 -1.395907020196318626e-03 -7.211433257907629013e-04
4.682171642780303955e-01 -9.430299513041973114e-03 1.685560122132301331e-02 1.147698494605720043e-03 -1.371280173771083355e-03 -1.319381175562739372e-03
4.880903661251068115e-01 -6.848716177046298981e-03 2.587649505585432053e-03 5.790396244265139103e-04 -4.980789381079375744e-04 -1.550077344290912151e-03
4.754495024681091309e-01 -7.772147655487060547e-03 1.611225074157118797e-03 2.320678206160664558e-03 1.944098738022148609e-03 -1.699588960036635399e-03
4.853042066097259521e-01 -5.790002178400754929e-03 3.457263112068176270e-03 -8.606421179138123989e-04 2.351819770410656929e-03 -1.304051373153924942e-03
4.753589630126953125e-01 -1.968001946806907654e-03 -9.149966062977910042e-04 1.200101221911609173e-03 -3.780070983339101076e-06 -1.231726142577826977e-03
4.558880627155303955e-01 -9.131258353590965271e-03 1.297198142856359482e-02 6.042101886123418808e-04 7.028704276308417320e-04 -8.230312378145754337e-04
4.507133960723876953e-01 -5.194139666855335236e-03 1.279590069316327572e-03 -2.556861145421862602e-03 4.439824260771274567e-04 -6.247275159694254398e-04
4.380932450294494629e-01 -2.824716735631227493e-03 7.828862406313419342e-03 1.924443757161498070e-03 -3.552991547621786594e-04 -7.124991971068084240e-04
4.359544515609741211e-01 -6.495568435639142990e-03 1.339136343449354172e-02 -6.020104046911001205e-04 -2.122143749147653580e-03 -7.915911846794188023e-04
4.254071414470672607e-01 -3.988459240645170212e-03 1.092333067208528519e-02 -2.209850121289491653e-03 -6.134625524282455444e-03 -9.663293021731078625e-04
4.082002043724060059e-01 -5.244019906967878342e-03 1.849783770740032196e-02 4.945972934365272522e-03 -4.597263876348733902e-03 -7.266157772392034531e-04
4.064991176128387451e-01 -9.251646697521209717e-03 1.116732787340879440e-02 2.795705804601311684e-03 -1.342770527116954327e-03 -4.964584368281066418e-04
4.119096994400024414e-01 -1.492287032306194305e-03 -6.029954180121421814e-03 4.352524876594543457e-03 7.357703871093690395e-04 -1.248003973159939051e-04
3.989137411117553711e-01 -8.592411875724792480e-03 1.290947943925857544e-02 4.418390162754803896e-04 3.662688191980123520e-03 -4.299504507798701525e-04
3.959287106990814209e-01 -1.363860792480409145e-05 -3.430983051657676697e-03 -3.529804991558194160e-03 -6.474718102253973484e-04 -1.639163587242364883e-03
3.986018598079681396e-01 2.187143079936504364e-03 4.403701517730951309e-03 -2.921968698501586914e-03 1.820580335333943367e-03 -1.917856861837208271e-03
3.810262978076934814e-01 7.751676719635725021e-03 -9.273883886635303497e-03 -5.458552041091024876e-04 1.999877393245697021e-03 -7.494133897125720978e-04
3.782644867897033691e-01 -1.917208894155919552e-03 1.057040132582187653e-02 2.418760443106293678e-03 2.630070783197879791e-03 1.413552323356270790e-03
3.784902393817901611e-01 4.839556757360696793e-03 3.172486089169979095e-03 1.531714340671896935e-03 -3.512754337862133980e-03 2.774411346763372421e-03
3.794723749160766602e-01 5.905664060264825821e-03 1.614024117588996887e-02 6.675668060779571533e-03 -2.927241381257772446e-03 3.238193923607468605e-03
3.875744938850402832e-01 8.509082719683647156e-03 8.895167149603366852e-03 -1.732553471811115742e-03 1.147215254604816437e-03 4.182371776551008224e-03
4.058190882205963135e-01 2.398870140314102173e-02 -8.325912989675998688e-03 -5.746099486714228988e-05 -9.140794863924384117e-04 6.761197932064533234e-03
3.742481768131256104e-01 2.872302196919918060e-02 1.575058326125144958e-02 -1.323867123574018478e-03 -1.370160025544464588e-03 8.253341540694236755e-03
3.927040696144104004e-01 3.914078325033187866e-02 -1.895800232887268066e-03 2.363707899348810315e-04 -3.122823545709252357e-03 1.082815229892730713e-02
3.915677368640899658e-01 3.775272890925407410e-02 1.133201923221349716e-02 8.048690855503082275e-03 -1.243677688762545586e-03 1.120934914797544479e-02
3.797162771224975586e-01 4.046767204999923706e-02 1.290276553481817245e-02 1.416060607880353928e-03 2.518119523301720619e-03 1.449468731880187988e-02
3.728093206882476807e-01 5.288882553577423096e-02 1.593609899282455444e-02 -3.473226679489016533e-03 -4.122663754969835281e-03 1.581417210400104523e-02
3.855346441268920898e-01 6.454861909151077271e-02 2.549059130251407623e-02 -1.838111900724470615e-03 -8.617477491497993469e-03 1.854933798313140869e-02
3.731209933757781982e-01 7.654251158237457275e-02 2.261709235608577728e-02 -7.740042929071933031e-05 -6.961571052670478821e-03 2.015580609440803528e-02
3.662761151790618896e-01 6.775582581758499146e-02 5.804034881293773651e-03 -1.339308684691786766e-03 -2.338505117222666740e-03 2.078626677393913269e-02
3.812124133110046387e-01 7.438316196203231812e-02 -1.011761371046304703e-02 4.976385389454662800e-04 5.418190266937017441e-04 2.233916521072387695e-02
3.751634359359741211e-01 7.955543696880340576e-02 -4.113499016966670752e-04 -1.336544664809480309e-04 1.479819067753851414e-03 2.400324866175651550e-02
3.659779429435729980e-01 7.776519656181335449e-02 1.203253678977489471e-02 -3.897200571373105049e-03 -2.712553832679986954e-03 2.388214506208896637e-02
3.737423121929168701e-01 8.422616869211196899e-02 3.078851150348782539e-03 4.440980319486698136e-06 -1.062624622136354446e-03 2.187484689056873322e-02
3.707091808319091797e-01 8.518816530704498291e-02 7.668387144804000854e-03 -3.912804240826517344e-04 3.330048872157931328e-03 2.364115417003631592e-02
3.686890304088592529e-01 8.815406262874603271e-02 -8.596166968345642090e-03 -2.927233290392905474e-04 2.734104404225945473e-03 2.564591355621814728e-02
3.608449697494506836e-01 7.800573110580444336e-02 -2.716824819799512625e-04 1.552234985865652561e-03 1.988167641684412956e-03 2.507786639034748077e-02
3.663208782672882080e-01 8.299447596073150635e-02 7.294903974980115891e-03 -1.057053668773733079e-04 -1.342750969342887402e-03 2.441200613975524902e-02
3.639173209667205811e-01 8.816641569137573242e-02 4.852876998484134674e-03 -1.426075585186481476e-03 -1.031006686389446259e-03 2.416414208710193634e-02
3.642323017120361328e-01 9.164782613515853882e-02 2.365172840654850006e-03 -1.760578365065157413e-03 1.086779404431581497e-03 2.471731603145599365e-02
3.649054765701293945e-01 9.119078516960144043e-02 3.660237416625022888e-03 -1.761441002599895000e-03 2.204399788752198219e-03 2.575202099978923798e-02
3.658269643783569336e-01 8.822873234748840332e-02 -1.528136432170867920e-03 -5.268082604743540287e-04 1.121748238801956177e-03 2.518663369119167328e-02
3.677933514118194580e-01 8.711114525794982910e-02 9.708820842206478119e-03 -5.033031920902431011e-04 -4.984710249118506908e-04 2.438017539680004120e-02
3.666656315326690674e-01 8.704713732004165649e-02 1.172205340117216110e-02 -2.412355272099375725e-03 -2.713433932512998581e-03 2.527248300611972809e-02
3.687401413917541504e-01 9.047511965036392212e-02 3.805986838415265083e-03 -6.344842258840799332e-04 -2.362136030569672585e-03 2.558165416121482849e-02
3.657692670822143555e-01 8.831928670406341553e-02 8.563385345041751862e-03 -6.775785004720091820e-04 -4.469861742109060287e-04 2.567246370017528534e-02
3.715304434299468994e-01 9.185652434825897217e-02 -1.874569337815046310e-03 -3.559167089406400919e-04 -1.352421124465763569e-03 2.611968852579593658e-02
3.683458566665649414e-01 8.757129311561584473e-02 6.937624886631965637e-03 2.379646524786949158e-03 -3.107491065748035908e-04 2.558888122439384460e-02
3.686150014400482178e-01 8.837006241083145142e-02 5.042483564466238022e-03 6.415620446205139160e-04 -6.019662250764667988e-04 2.596479281783103943e-02
3.690160810947418213e-01 9.165754914283752441e-02 3.687426447868347168e-03 -2.039559418335556984e-03 1.812565824366174638e-05 2.565642818808555603e-02
3.665195107460021973e-01 9.254476428031921387e-02 3.786243963986635208e-03 -2.298784675076603889e-03 1.255142415175214410e-04 2.546213753521442413e-02
3.731061816215515137e-01 9.033859521150588989e-02 4.168635699898004532e-03 -4.613698925822973251e-03 9.730773163028061390e-04 2.599476650357246399e-02
3.823057413101196289e-01 9.432764351367950439e-02 1.304968376643955708e-03 -3.787584602832794189e-03 -1.521647092886269093e-03 2.616257593035697937e-02
3.796573877334594727e-01 9.565520286560058594e-02 1.029607374221086502e-03 -2.776757173705846071e-05 -1.199225895106792450e-03 2.624469436705112457e-02
3.829798102378845215e-01 9.016072750091552734e-02 -2.416100353002548218e-03 3.169694391544908285e-04 1.120459288358688354e-03 2.624841593205928802e-02
3.883677721023559570e-01 8.877988904714584351e-02 -3.998459782451391220e-03 5.369209218770265579e-03 -6.189363193698227406e-04 2.627144940197467804e-02
3.892920613288879395e-01 8.389449119567871094e-02 8.876745589077472687e-03 3.952941391617059708e-03 1.527506829006597400e-04 2.640821225941181183e-02
3.950006365776062012e-01 8.554191142320632935e-02 9.217790327966213226e-03 2.955389500129967928e-04 3.320808173157274723e-04 2.616519108414649963e-02
4.015433490276336670e-01 1.007361486554145813e-01 4.890404175966978073e-03 -2.239284804090857506e-03 6.925569032318890095e-04 2.694907039403915405e-02
4.050846993923187256e-01 1.066539734601974487e-01 1.747688162140548229e-03 -2.444761339575052261e-03 4.977517528459429741e-04 2.828352898359298706e-02
4.147494435310363770e-01 1.111484542489051819e-01 3.564280690625309944e-03 -1.374361803755164146e-03 -9.136036969721317291e-04 2.954240702092647552e-02
4.036167562007904053e-01 9.736127406358718872e-02 8.121694438159465790e-03 -2.747356775216758251e-04 -3.297658404335379601e-03 2.887275442481040955e-02
4.174264967441558838e-01 1.036988049745559692e-01 7.155021186918020248e-03 2.258100081235170364e-03 -3.798888763412833214e-03 2.934060990810394287e-02
4.200798869132995605e-01 1.008176952600479126e-01 6.360062398016452789e-03 1.278880983591079712e-03 -2.184682816732674837e-04 2.936763875186443329e-02
4.282368123531341553e-01 1.008527651429176331e-01 -1.943084935192018747e-04 -4.886903334408998489e-04 1.555179827846586704e-03 2.987983264029026031e-02
4.299012124538421631e-01 1.026029586791992188e-01 -2.103781327605247498e-03 2.427549479762092233e-04 8.331382414326071739e-04 3.019999153912067413e-02
4.346323311328887939e-01 9.981489926576614380e-02 6.736712064594030380e-03 -8.954182267189025879e-04 -2.084200823446735740e-04 3.064764104783535004e-02
4.431476593017578125e-01 1.045513227581977844e-01 2.536146901547908783e-03 -2.237639855593442917e-03 -1.446143374778330326e-03 3.059295564889907837e-02
4.462718069553375244e-01 1.029895618557929993e-01 1.808587810955941677e-03 3.140348126180469990e-04 -1.624785363674163818e-04 3.003007732331752777e-02
4.522367119789123535e-01 1.014193072915077209e-01 -7.018849719315767288e-04 -1.263939077034592628e-03 1.786936889402568340e-03 2.964169904589653015e-02
4.517286717891693115e-01 9.730496257543563843e-02 -1.219386351294815540e-03 8.148847846314311028e-04 1.360358903184533119e-03 2.871071174740791321e-02
4.641712903976440430e-01 8.983274549245834351e-02 6.207849830389022827e-03 -6.787940510548651218e-04 3.720968379639089108e-04 2.644858881831169128e-02
4.712970256805419922e-01 8.031886816024780273e-02 4.997527692466974258e-03 -1.550990389660000801e-03 -8.321033674292266369e-04 2.416576445102691650e-02
4.808297157287597656e-01 7.083829492330551147e-02 5.450955126434564590e-03 -1.699993852525949478e-03 1.616102235857397318e-04 2.180812321603298187e-02
4.850589036941528320e-01 6.579701602458953857e-02 -2.624006592668592930e-04 -2.770273480564355850e-03 1.314042601734399796e-03 1.867727935314178467e-02
4.890716373920440674e-01 5.492590740323066711e-02 -6.763047538697719574e-03 -1.763723441399633884e-03 1.507148728705942631e-03 1.623507589101791382e-02
4.979868233203887939e-01 4.414469748735427856e-02 -1.599936373531818390e-02 1.673667429713532329e-04 4.540842492133378983e-03 1.407119259238243103e-02
