1.981778535991907120e-03 1.544946338981389999e-03 2.830080338753759861e-04 2.865720125555526465e-05 4.388708839542232454e-05 7.889865082688629627e-05
1.841310295276343822e-03 1.536637078970670700e-03 2.504251606296747923e-04 2.645387394295539707e-05 3.894799738191068172e-05 8.469980093650519848e-05
2.263764617964625359e-03 1.788668683730065823e-03 3.360039845574647188e-04 3.888268474838696420e-05 5.945960219833068550e-05 9.767853043740615249e-05
2.035948447883129120e-03 1.600360963493585587e-03 8.242141921073198318e-04 1.701827568467706442e-04 1.431745331501588225e-04 9.242393571184948087e-05
1.734765246510505676e-03 1.247044536285102367e-03 4.257995169609785080e-03 3.768974565900862217e-04 4.166006692685186863e-04 1.161215186584740877e-04
2.067533787339925766e-03 1.310809282585978508e-03 1.673570135608315468e-03 2.002486144192516804e-04 3.054035769309848547e-04 9.525960194878280163e-05
1.828991109505295753e-03 8.789366111159324646e-04 3.256494877859950066e-03 2.937624522019177675e-04 3.339096438139677048e-04 8.636819984531030059e-05
2.703605685383081436e-03 7.294043316505849361e-04 2.515216590836644173e-03 3.246987180318683386e-04 3.559059696272015572e-04 8.906872972147539258e-05
1.377560547553002834e-03 7.651590858586132526e-04 4.967243294231593609e-04 8.267279918072745204e-05 8.246252400567755103e-05 8.173579408321529627e-05
1.596708898432552814e-03 1.133523881435394287e-03 6.681492086499929428e-04 1.411515695508569479e-04 7.410527905449271202e-05 7.753434329060837626e-05
2.356581157073378563e-03 1.552407513372600079e-03 9.533821721561253071e-04 2.137736591976135969e-04 8.295980660477653146e-05 7.769637159071862698e-05
2.263708272948861122e-03 1.698408043012022972e-03 1.455783727578818798e-03 2.988296619150787592e-04 1.063036906998604536e-04 8.114394586300477386e-05
2.618145663291215897e-03 1.581608667038381100e-03 1.578056020662188530e-03 3.083274350501596928e-04 9.316520299762487411e-05 6.952654075575992465e-05
1.860375981777906418e-03 1.741412328556180000e-03 1.651713741011917591e-03 3.176021273247897625e-04 1.113980906666256487e-04 6.789199687773361802e-05
1.624402357265353203e-03 1.723799854516983032e-03 1.344663673080503941e-03 2.592336677480489016e-04 1.038422196870669723e-04 6.703496910631656647e-05
1.427538809366524220e-03 1.201909617520868778e-03 9.540320606902241707e-04 1.805978827178478241e-04 1.244718878297135234e-04 6.392621435225009918e-05
1.632781117223203182e-03 1.316195819526910782e-03 1.341064227744936943e-03 2.170478255720809102e-04 1.482564548496156931e-04 7.167840522015467286e-05
1.944120158441364765e-03 1.390320248901844025e-03 1.993766985833644867e-03 2.457087684888392687e-04 3.224654356017708778e-04 6.956700235605239868e-05
2.031956799328327179e-03 1.072078011929988861e-03 1.697958330623805523e-03 2.027577720582485199e-04 2.714036963880062103e-04 6.645089888479560614e-05
1.885037287138402462e-03 7.863664650358259678e-04 1.226205262355506420e-03 1.756397105054929852e-04 1.790692913345992565e-04 6.403968291124328971e-05
1.761572202667593956e-03 9.145893855020403862e-04 1.118200132623314857e-03 1.924700482049956918e-04 1.346930803265422583e-04 6.125985964899882674e-05
1.600237679667770863e-03 1.144336420111358166e-03 1.031470950692892075e-03 1.876577443908900023e-04 1.235785894095897675e-04 6.313373160082846880e-05
1.208280911669135094e-03 9.954730048775672913e-04 9.600758203305304050e-04 1.833148999139666557e-04 9.799495455808937550e-05 5.500232873600907624e-05
8.270429098047316074e-04 1.243252540007233620e-03 1.079114852473139763e-03 2.085389423882588744e-04 1.012544744298793375e-04 4.965511470800265670e-05
1.216742326505482197e-03 1.378372544422745705e-03 9.948647348210215569e-04 1.857563038356602192e-04 1.161607797257602215e-04 4.949790309183299541e-05
1.225469983182847500e-03 1.219397177919745445e-03 7.493912708014249802e-04 1.433651777915656567e-04 9.471496741753071547e-05 5.059337854618206620e-05
1.006334554404020309e-03 1.205854932777583599e-03 7.833359995856881142e-04 1.541319506941363215e-04 7.920261123217642307e-05 4.764940240420401096e-05
9.057645802386105061e-04 1.326416386291384697e-03 9.696819470264017582e-04 1.877107424661517143e-04 9.878457785816863179e-05 4.874063961324281991e-05
1.157840015366673470e-03 1.376333180814981461e-03 9.852051734924316406e-04 1.882798969745635986e-04 1.518405333627015352e-04 5.108719778945669532e-05
8.568537887185811996e-04 1.315962523221969604e-03 1.038926886394619942e-03 2.017589868046343327e-04 1.112579047912731767e-04 4.688605258706957102e-05
8.572067599743604660e-04 1.257370924577116966e-03 1.000300631858408451e-03 1.915653119795024395e-04 1.196253215312026441e-04 4.533793617156334221e-05
8.802759693935513496e-04 8.512053755111992359e-04 3.082512179389595985e-03 2.358383935643360019e-04 2.704141952563077211e-04 4.520776565186679363e-05
1.043799216859042645e-03 1.427520299330353737e-03 1.443571760319173336e-03 2.464218123350292444e-04 2.755859168246388435e-04 4.976143463863991201e-05
6.341434200294315815e-04 6.700356607325375080e-04 8.133602095767855644e-04 1.525359548395499587e-04 6.867192132631316781e-05 3.869784268317744136e-05
6.371746421791613102e-04 7.749172509647905827e-04 6.234878674149513245e-04 1.062422743416391313e-04 4.300763612263835967e-05 4.494235327001661062e-05
6.711164023727178574e-04 7.561546517536044121e-04 8.026704308576881886e-04 1.471625873818993568e-04 5.273193528410047293e-05 4.393053677631542087e-05
5.802176310680806637e-04 6.353156059049069881e-04 1.471838448196649551e-03 2.144392492482438684e-04 1.109450095100328326e-04 3.430855940678156912e-05
8.338911575265228748e-04 8.600269793532788754e-04 3.953307401388883591e-03 2.388936263741925359e-04 3.570083645172417164e-04 4.620050458470359445e-05
8.147457847371697426e-04 8.095678058452904224e-04 1.690907520242035389e-03 2.272174606332555413e-04 2.893961500376462936e-04 4.249313496984541416e-05
7.133770268410444260e-04 6.246795528568327427e-04 3.045855788514018059e-03 2.083666186081245542e-04 3.545301733538508415e-04 3.852331428788602352e-05
7.146186544559895992e-04 6.920227897353470325e-04 3.159030806273221970e-03 2.029793540714308619e-04 3.325434227008372545e-04 4.331606760388240218e-05
7.107401033863425255e-04 5.733087309636175632e-04 2.150855027139186859e-03 1.861358614405617118e-04 2.941086131613701582e-04 4.878850813838653266e-05
5.852979957126080990e-04 4.808701924048364162e-04 2.156402450054883957e-03 1.967076241271570325e-04 2.853026380762457848e-04 3.595703674363903701e-05
7.824472268112003803e-04 5.228460067883133888e-04 1.172781223431229591e-03 1.730878138914704323e-04 1.642419956624507904e-04 5.250654066912829876e-05
8.115852251648902893e-04 4.465616366360336542e-04 1.080833608284592628e-03 1.744824694469571114e-04 2.462650008965283632e-04 5.440871609607711434e-05
8.115158998407423496e-04 3.876764967571943998e-04 8.447940926998853683e-04 1.511598529759794474e-04 8.985978638520464301e-05 5.677433364326134324e-05
8.201352902688086033e-04 3.968513628933578730e-04 6.775250076316297054e-04 1.385618525091558695e-04 6.523562478832900524e-05 5.143983071320690215e-05
1.074397121556103230e-03 3.536720760166645050e-04 4.254716041032224894e-04 8.427703141933307052e-05 6.185669190017506480e-05 4.759889634442515671e-05
1.167329610325396061e-03 3.552055568434298038e-04 5.192825337871909142e-04 1.056961555150337517e-04 7.241451385198161006e-05 5.236765719018876553e-05
1.172237796708941460e-03 3.492969553917646408e-04 5.517884856089949608e-04 1.181331535917706788e-04 8.806580444797873497e-05 4.446399543667212129e-05
1.206236192956566811e-03 3.818137338384985924e-04 6.365837762132287025e-04 1.445308735128492117e-04 1.148470983025617898e-04 5.060429248260334134e-05
1.175688812509179115e-03 3.758439270313829184e-04 5.952713545411825180e-04 1.400894834659993649e-04 1.360395690426230431e-04 4.479661583900451660e-05
1.219625002704560757e-03 3.722422698047012091e-04 6.660466897301375866e-04 1.487530535086989403e-04 1.812139380490407348e-04 4.916983743896707892e-05
9.967411169782280922e-04 3.525973588693886995e-04 6.687244167551398277e-04 1.484959793742746115e-04 1.766755303833633661e-04 4.171183536527678370e-05
1.262615784071385860e-03 3.499669837765395641e-04 6.317344377748668194e-04 1.358060981146991253e-04 1.824131031753495336e-04 4.422029815032146871e-05
1.398364896886050701e-03 3.653668973129242659e-04 1.156198326498270035e-03 1.388240780215710402e-04 2.391652669757604599e-04 4.093906318303197622e-05
1.579623436555266380e-03 3.721178509294986725e-04 1.052524894475936890e-03 1.397210871800780296e-04 2.570718934293836355e-04 4.315449768910184503e-05
1.562543911859393120e-03 3.775207733269780874e-04 1.009564613923430443e-03 1.436217717127874494e-04 2.890857867896556854e-04 4.175797585048712790e-05
1.286374987103044987e-03 3.339012037031352520e-04 1.102239824831485748e-03 1.376853178953751922e-04 2.789261052384972572e-04 4.195757719571702182e-05
1.693205209448933601e-03 3.501711180433630943e-04 1.243940903805196285e-03 1.292652887059375644e-04 2.510267659090459347e-04 4.107918357476592064e-05
2.040862571448087692e-03 3.794844378717243671e-04 1.429610420018434525e-03 1.301168376812711358e-04 2.704829676076769829e-04 4.245696982252411544e-05
1.686591072939336300e-03 3.379737318027764559e-04 1.410496886819601059e-03 1.361126487608999014e-04 2.616701531223952770e-04 4.009425902040675282e-05
2.092648064717650414e-03 3.726455906871706247e-04 1.393627841025590897e-03 1.376099535264074802e-04 2.814114559441804886e-04 4.067234840476885438e-05
1.860410207882523537e-03 3.640549839474260807e-04 1.559475553222000599e-03 1.478407648392021656e-04 2.993665984831750393e-04 4.289683784008957446e-05
1.937443157657980919e-03 3.381354617886245251e-04 1.548629370518028736e-03 1.384241913910955191e-04 3.198868944309651852e-04 3.942949479096569121e-05
1.967176096513867378e-03 3.222256491426378489e-04 1.515346579253673553e-03 1.363716291962191463e-04 3.016203991137444973e-04 4.157071816734969616e-05
1.878456212580204010e-03 3.300253592897206545e-04 1.396844163537025452e-03 1.425810769433155656e-04 2.832318132277578115e-04 4.287768751964904368e-05
1.785148051567375660e-03 3.330691833980381489e-04 1.424155896529555321e-03 1.418468018528074026e-04 2.721270429901778698e-04 3.872248635161668062e-05
1.814781920984387398e-03 3.222333034500479698e-04 1.405359478667378426e-03 1.419697800884023309e-04 2.734139852691441774e-04 4.287569754524156451e-05
1.839569536969065666e-03 3.443776804488152266e-04 1.559367403388023376e-03 1.522126112831756473e-04 2.836096682585775852e-04 4.542926762951537967e-05
2.042385982349514961e-03 3.237871278543025255e-04 1.566694467328488827e-03 1.427256647730246186e-04 2.984951133839786053e-04 4.047566835652105510e-05
1.979119610041379929e-03 2.916560915764421225e-04 1.576482784003019333e-03 1.343661861028522253e-04 2.898687089327722788e-04 4.527307100943289697e-05
1.930120517499744892e-03 3.066959616262465715e-04 1.466011162847280502e-03 1.329380174865946174e-04 2.850299060810357332e-04 4.751900996780022979e-05
1.850229455158114433e-03 2.980502904392778873e-04 1.392861246131360531e-03 1.291569788008928299e-04 2.598537830635905266e-04 4.605745925800874829e-05
1.941034221090376377e-03 3.038406721316277981e-04 1.372318714857101440e-03 1.329736405750736594e-04 2.937453100457787514e-04 5.567867265199311078e-05
1.884158584289252758e-03 2.968256012536585331e-04 1.341471797786653042e-03 1.294803078053519130e-04 2.974006347358226776e-04 4.692199945566244423e-05
2.391536021605134010e-03 3.650456783361732960e-04 1.483863801695406437e-03 1.533991890028119087e-04 3.405844327062368393e-04 5.416405110736377537e-05
2.422340912744402885e-03 3.614863089751452208e-04 1.435618032701313496e-03 1.505928521510213614e-04 3.443665918894112110e-04 5.214610428083688021e-05
2.252928214147686958e-03 3.441375738475471735e-04 1.506268978118896484e-03 1.479746715631335974e-04 3.782152198255062103e-04 5.336024696589447558e-05
2.416865667328238487e-03 3.547209780663251877e-04 1.455521793104708195e-03 1.385949290124699473e-04 3.968577948398888111e-04 5.190541196498088539e-05
2.156294183805584908e-03 3.128481621388345957e-04 1.508568180724978447e-03 1.362986804451793432e-04 3.780608822125941515e-04 5.651104584103450179e-05
2.000638283789157867e-03 3.191306896042078733e-04 1.484941109083592892e-03 1.404647482559084892e-04 3.843969025183469057e-04 5.276060619507916272e-05
1.752935815602540970e-03 2.975571551360189915e-04 1.480462378822267056e-03 1.368428056593984365e-04 2.563328598625957966e-04 5.879174568690359592e-05
2.325377194210886955e-03 3.509766247589141130e-04 1.651764148846268654e-03 1.427978131687268615e-04 3.955151187255978584e-04 6.083737389417365193e-05
1.740264822728931904e-03 3.778638201765716076e-04 1.459852559491991997e-03 1.558554358780384064e-04 3.099741879850625992e-04 6.069762821425683796e-05
1.919096219353377819e-03 4.185583675280213356e-04 1.333831343799829483e-03 1.446390670025721192e-04 2.951809146907180548e-04 6.840257265139371157e-05
1.763828913681209087e-03 4.086117260158061981e-04 1.326538156718015671e-03 1.572151377331465483e-04 3.069562953896820545e-04 6.309861782938241959e-05
1.484502456150949001e-03 3.506090724840760231e-04 1.134948804974555969e-03 8.374272147193551064e-05 3.022050077561289072e-04 6.178425974212586880e-05
1.284913276322185993e-03 3.732466720975935459e-04 1.203621854074299335e-03 1.286618353333324194e-04 2.862079709302634001e-04 6.698147626593708992e-05
1.460875268094241619e-03 4.463234217837452888e-04 1.275814720429480076e-03 1.443054497940465808e-04 2.687312371563166380e-04 7.437863678205758333e-05
1.849673106335103512e-03 5.192330572754144669e-04 1.440245076082646847e-03 1.582273835083469748e-04 3.171288699377328157e-04 8.948826871346682310e-05
1.258727745153009892e-03 3.890983934979885817e-04 1.187683781608939171e-03 1.350050879409536719e-04 2.994169481098651886e-04 7.788302900735288858e-05
1.446604379452764988e-03 4.835787694901227951e-04 5.531417555175721645e-04 6.037275306880474091e-05 2.949125191662460566e-04 9.009855421027168632e-05
1.005111611448228359e-03 4.358176956884562969e-04 5.210867384448647499e-04 5.400694135460071266e-05 2.536234678700566292e-04 7.248988549690693617e-05
7.997531793080270290e-04 3.701428067870438099e-04 5.158704589121043682e-04 5.707505624741315842e-05 2.340524079045280814e-04 6.410315836546942592e-05
1.134966849349439144e-03 4.164139972999691963e-04 5.677148001268506050e-04 6.194843444973230362e-05 3.484775370452553034e-04 8.531181083526462317e-05
8.795456378720700741e-04 4.237650136929005384e-04 2.667214721441268921e-03 2.028437011176720262e-04 3.116590960416942835e-04 5.607876664726063609e-05
8.802372030913829803e-04 4.891889984719455242e-04 1.791015034541487694e-03 1.727463386487215757e-04 2.732992288656532764e-04 6.896079867146909237e-05
8.462758269160985947e-04 4.987599677406251431e-04 2.030718373134732246e-03 1.956670166691765189e-04 2.996168332174420357e-04 6.280513480305671692e-05
9.515018900856375694e-04 6.473109242506325245e-04 3.530162153765559196e-03 2.915789082180708647e-04 3.186083631590008736e-04 6.941203173482790589e-05
1.119601074606180191e-03 6.968214875087141991e-04 4.490143153816461563e-03 3.472937096375972033e-04 3.567114472389221191e-04 7.876015297370031476e-05
1.008449820801615715e-03 9.775051148608326912e-04 5.842383019626140594e-03 4.583503177855163813e-04 4.256084503140300512e-04 7.851763803046196699e-05
8.089321781881153584e-04 9.860671125352382660e-04 5.336347036063671112e-03 4.197724920231848955e-04 3.601009666454046965e-04 5.600909935310482979e-05
7.962731178849935532e-04 1.570337335579097271e-03 5.142985377460718155e-03 3.791312046814709902e-04 3.943103074561804533e-04 5.753637742600403726e-05
8.448979351669549942e-04 1.648221164941787720e-03 4.752997774630784988e-03 3.518218873068690300e-04 3.581529308576136827e-04 5.556727046496234834e-05
9.006594773381948471e-04 1.698606531135737896e-03 5.336212925612926483e-03 3.649954742286354303e-04 4.180687828920781612e-04 6.842350558144971728e-05
1.026121783070266247e-03 2.698624739423394203e-03 5.642460659146308899e-03 3.983174101449549198e-04 4.058484337292611599e-04 5.497300662682391703e-05
8.299877517856657505e-04 1.542671117931604385e-03 5.245897453278303146e-03 3.666095435619354248e-04 3.842326113954186440e-04 5.483911809278652072e-05
9.571468108333647251e-04 2.190564991906285286e-03 5.746616981923580170e-03 4.199369577690958977e-04 4.003407084383070469e-04 5.386798511608503759e-05
8.682901971042156219e-04 1.481558894738554955e-03 5.226934794336557388e-03 3.955887514166533947e-04 4.124213010072708130e-04 5.881517790840007365e-05
1.037814305163919926e-03 1.978129381313920021e-03 5.592711735516786575e-03 4.069421265739947557e-04 4.336464626248925924e-04 6.357322854455560446e-05
9.796026861295104027e-04 2.012435579672455788e-03 6.135672796517610550e-03 4.017636820208281279e-04 4.276772087905555964e-04 5.708402750315144658e-05
7.942764204926788807e-04 9.921598248183727264e-04 5.512903444468975067e-03 3.788322210311889648e-04 3.673310857266187668e-04 5.792392767034471035e-05
9.029434877447783947e-04 1.488139270804822445e-03 5.360192619264125824e-03 3.799768164753913879e-04 4.029488482046872377e-04 6.194262823555618525e-05
8.695408469066023827e-04 9.017560514621436596e-04 5.678780376911163330e-03 4.005608789157122374e-04 4.434523289091885090e-04 6.468004721682518721e-05
7.661290001124143600e-04 8.811635780148208141e-04 4.174939822405576706e-03 3.427835763432085514e-04 3.451958182267844677e-04 5.568693086388520896e-05
8.021470857784152031e-04 1.030214363709092140e-03 3.991495352238416672e-03 3.656212647911161184e-04 3.427094488870352507e-04 5.074272121419198811e-05
1.045652781613171101e-03 9.305039420723915100e-04 4.000203218311071396e-03 3.288312000222504139e-04 4.249827761668711901e-04 7.618437666678801179e-05
1.019226154312491417e-03 7.348099024966359138e-04 3.989913966506719589e-03 3.121891641058027744e-04 3.996127634309232235e-04 7.241983985295519233e-05
7.846077787689864635e-04 5.826745182275772095e-04 3.391650971025228500e-03 3.052964166272431612e-04 3.732795303221791983e-04 6.231438601389527321e-05
1.179665443487465382e-03 6.450369255617260933e-04 3.837973112240433693e-03 3.062073956243693829e-04 4.886216484010219574e-04 6.836910324636846781e-05
1.065540593117475510e-03 5.961369024589657784e-04 3.041607327759265900e-03 2.749434497673064470e-04 4.120923404116183519e-04 7.025946979410946369e-05
9.943216573446989059e-04 4.983667749911546707e-04 3.367874538525938988e-03 2.916034718509763479e-04 4.389228415675461292e-04 7.214639481389895082e-05
1.292693428695201874e-03 6.152855348773300648e-04 3.429569769650697708e-03 2.982510486617684364e-04 4.671474453061819077e-04 8.643028559163212776e-05
1.255174749530851841e-03 6.284864502958953381e-04 3.303028875961899757e-03 3.133580612484365702e-04 4.811286053154617548e-04 1.054455642588436604e-04
1.221651327796280384e-03 6.141268531791865826e-04 3.007023595273494720e-03 2.865614078473299742e-04 4.911252181045711040e-04 1.052362640621140599e-04
1.023342018015682697e-03 5.356682813726365566e-04 2.757540438324213028e-03 2.946371969301253557e-04 4.673926741816103458e-04 1.016119276755489409e-04
1.008378807455301285e-03 4.418543539941310883e-04 2.546165836974978447e-03 2.877435181289911270e-04 4.618436796590685844e-04 8.706351218279451132e-05
9.286889689974486828e-04 4.467268008738756180e-04 2.826038049533963203e-03 3.052897227462381124e-04 4.573139885906130075e-04 8.587513002566993237e-05
1.195894554257392883e-03 4.722631420008838177e-04 2.512987935915589333e-03 2.628057845868170261e-04 4.311289521865546703e-04 7.771217497065663338e-05
1.091012381948530674e-03 4.648752801585942507e-04 2.313661621883511543e-03 2.840558881871402264e-04 4.320077423471957445e-04 7.739474676782265306e-05
1.951609272509813309e-03 7.359475130215287209e-04 2.268269425258040428e-03 2.963697188533842564e-04 4.811690305359661579e-04 7.339855073951184750e-05
1.413579098880290985e-03 6.580293993465602398e-04 1.210309099406003952e-03 2.254098799312487245e-04 2.543389564380049706e-04 7.610915054101496935e-05
1.425782102160155773e-03 5.938302492722868919e-04 8.378430502489209175e-04 8.589495701016858220e-05 1.382107584504410625e-04 6.444841710617765784e-05
1.584719051606953144e-03 5.307720857672393322e-04 1.457433565519750118e-03 2.006131544476374984e-04 3.359667607583105564e-04 6.740447861375287175e-05
1.413167337886989117e-03 4.715268441941589117e-04 1.484693028032779694e-03 1.903530210256576538e-04 3.419702115934342146e-04 6.527158984681591392e-05
1.220486126840114594e-03 4.161588149145245552e-04 1.408102107234299183e-03 1.848584797699004412e-04 3.464432666078209877e-04 6.649908027611672878e-05
1.224667183123528957e-03 4.187930608168244362e-04 1.485521672293543816e-03 1.795484567992389202e-04 4.012418503407388926e-04 7.445729715982452035e-05
9.815880330279469490e-04 4.608312738128006458e-04 1.646346761845052242e-03 1.879721676232293248e-04 4.323958128225058317e-04 8.290808909805491567e-05
1.037896261550486088e-03 4.148900916334241629e-04 1.814531860873103142e-03 1.873136789072304964e-04 4.139009106438606977e-04 9.152064012596383691e-05
1.044971984811127186e-03 3.723774570971727371e-04 1.733524259179830551e-03 1.675398816587403417e-04 4.039336345158517361e-04 8.283443457912653685e-05
1.052248640917241573e-03 3.332072810735553503e-04 1.683223992586135864e-03 1.681884896242991090e-04 4.024897643830627203e-04 8.307301322929561138e-05
1.245410414412617683e-03 3.125334042124450207e-04 1.576099777594208717e-03 1.505658729001879692e-04 4.229928308632224798e-04 7.397111039608716965e-05
1.437193714082241058e-03 3.026681661140173674e-04 1.409639255143702030e-03 1.615853980183601379e-04 4.346290079411119223e-04 8.527762111043557525e-05
1.557880779728293419e-03 2.909036702476441860e-04 1.347366836853325367e-03 1.560395903652533889e-04 5.162223824299871922e-04 7.808357622707262635e-05
1.441017724573612213e-03 2.514899824745953083e-04 1.272647641599178314e-03 1.531957386760041118e-04 4.533832252491265535e-04 8.428470027865841985e-05
1.652317354455590248e-03 2.316702448297291994e-04 1.222831429913640022e-03 1.441878412151709199e-04 4.628009628504514694e-04 9.190176933770999312e-05
1.633763313293457031e-03 2.385959815001115203e-04 1.094455015845596790e-03 1.398102904204279184e-04 3.893570683430880308e-04 8.847393473843112588e-05
1.412142883054912090e-03 2.312291471753269434e-04 1.251774141564965248e-03 1.419579930370673537e-04 3.310755710117518902e-04 8.442791295237839222e-05
1.469665206968784332e-03 2.487951423972845078e-04 1.204299973323941231e-03 1.373142877127975225e-04 3.216717159375548363e-04 7.988019206095486879e-05
1.324033946730196476e-03 2.607612696010619402e-04 1.219602418132126331e-03 1.382439804729074240e-04 3.245237458031624556e-04 7.107662531780079007e-05
1.265582861378788948e-03 2.649083035066723824e-04 1.181980245746672153e-03 1.344821648672223091e-04 3.497806610539555550e-04 8.505687583237886429e-05
1.232154667377471924e-03 2.839215158019214869e-04 1.352886436507105827e-03 1.475121098337695003e-04 3.656262997537851334e-04 8.177197742043063045e-05
1.223333179950714111e-03 2.767309779301285744e-04 1.433930243365466595e-03 1.476871402701362967e-04 3.881285083480179310e-04 6.587333336938172579e-05
1.221458311192691326e-03 3.358085523359477520e-04 1.433325349353253841e-03 1.588252634974196553e-04 3.512330586090683937e-04 8.639995940029621124e-05
1.117350067943334579e-03 2.858441148418933153e-04 1.571471570059657097e-03 1.586097787367179990e-04 4.565214330796152353e-04 6.423166632885113358e-05
1.015747897326946259e-03 3.207923437003046274e-04 1.457326812669634819e-03 1.547619904158636928e-04 4.016681341454386711e-04 7.288627966772764921e-05
9.549361420795321465e-04 3.344665456097573042e-04 1.477743149735033512e-03 1.583442790433764458e-04 3.474535769782960415e-04 6.680175283690914512e-05
8.921752450987696648e-04 3.364232543390244246e-04 1.470928429625928402e-03 1.637783134356141090e-04 3.368327161297202110e-04 6.895601836731657386e-05
8.011683821678161621e-04 3.156519378535449505e-04 1.610060571692883968e-03 1.732019591145217419e-04 3.367234894540160894e-04 6.532622501254081726e-05
8.726158994249999523e-04 3.176834143232554197e-04 1.641542883589863777e-03 1.896637986646965146e-04 3.423925663810223341e-04 6.685344123980030417e-05
1.342702307738363743e-03 2.946403110399842262e-04 1.578014926053583622e-03 1.939668291015550494e-04 3.465350309852510691e-04 6.974676216486841440e-05
2.155346795916557312e-03 2.716499147936701775e-04 1.511644106358289719e-03 1.939766370924189687e-04 3.713423502631485462e-04 6.872369704069569707e-05
1.813823007978498936e-03 2.683397324290126562e-04 1.558003830723464489e-03 2.084146253764629364e-04 3.918876172974705696e-04 8.047198934946209192e-05
1.662548864260315895e-03 2.493020438123494387e-04 1.309917075559496880e-03 2.095115924021229148e-04 3.652271989267319441e-04 7.984729745658114552e-05
1.952666905708611012e-03 2.496790839359164238e-04 1.493789372034370899e-03 2.569945063441991806e-04 4.665381275117397308e-04 1.067833873094059527e-04
1.499072182923555374e-03 2.272667770739644766e-04 1.361974980682134628e-03 2.428139996482059360e-04 4.220014379825443029e-04 1.031177525874227285e-04
1.490031485445797443e-03 1.994526537600904703e-04 1.270261825993657112e-03 2.234466955997049809e-04 4.230968479532748461e-04 1.143572517321445048e-04
1.479068887419998646e-03 1.939196517923846841e-04 1.273691304959356785e-03 2.269164833705872297e-04 3.869616775773465633e-04 1.054638851201161742e-04
1.330225612036883831e-03 2.022904955083504319e-04 1.179332612082362175e-03 2.151282969862222672e-04 3.851085202768445015e-04 8.764002996031194925e-05
1.251109410077333450e-03 2.281706983922049403e-04 1.179785700514912605e-03 2.270591503474861383e-04 3.912667743861675262e-04 9.901952580548822880e-05
1.168988412246108055e-03 2.690890978556126356e-04 1.409322721883654594e-03 2.503529831301420927e-04 3.849055792670696974e-04 9.234114986611530185e-05
1.035774825140833855e-03 3.074109263252466917e-04 1.495270989835262299e-03 2.414000773569568992e-04 4.047102411277592182e-04 9.952409891411662102e-05
9.066358325071632862e-04 3.746725269593298435e-04 1.448459806852042675e-03 2.106671308865770698e-04 3.365009033586829901e-04 9.358586976304650307e-05
8.623474859632551670e-04 4.506948171183466911e-04 1.586348866112530231e-03 2.182733005611225963e-04 3.465638728812336922e-04 9.342878911411389709e-05
8.091888157650828362e-04 4.507704288698732853e-04 1.478565158322453499e-03 2.105200255755335093e-04 3.757611557375639677e-04 8.835697371978312731e-05
7.968080462887883186e-04 4.067733534611761570e-04 1.908207777887582779e-03 2.488487807568162680e-04 4.847555828746408224e-04 1.018116963678039610e-04
9.807415772229433060e-04 3.641106886789202690e-04 1.511785783804953098e-03 2.044077264145016670e-04 3.843494050670415163e-04 9.451401274418458343e-05
1.083650509826838970e-03 3.639986680354923010e-04 1.601634197868406773e-03 2.112289366777986288e-04 4.393705457914620638e-04 1.060305730788968503e-04
1.059982110746204853e-03 3.066617646254599094e-04 1.514657982625067234e-03 2.293131110491231084e-04 4.390533722471445799e-04 1.038933478412218392e-04
1.089718192815780640e-03 2.834289334714412689e-04 1.394352992065250874e-03 2.184397308155894279e-04 3.833789087366312742e-04 9.779766696738079190e-05
1.173703116364777088e-03 2.938823308795690536e-04 1.322847907431423664e-03 2.087736647808924317e-04 3.882087185047566891e-04 9.407336619915440679e-05
1.000416697934269905e-03 2.703416685108095407e-04 1.342745381407439709e-03 2.008164301514625549e-04 4.232643987052142620e-04 8.869113662512972951e-05
9.186604293063282967e-04 2.534782979637384415e-04 1.303443685173988342e-03 2.190635859733447433e-04 3.746817819774150848e-04 8.090904157143086195e-05
9.005171596072614193e-04 2.571547229308634996e-04 1.347238081507384777e-03 2.172188833355903625e-04 3.735626523848623037e-04 8.023533882806077600e-05
8.738989126868546009e-04 2.847154682967811823e-04 1.330981613136827946e-03 2.315395977348089218e-04 4.166331491433084011e-04 8.920952677726745605e-05
1.126030227169394493e-03 3.597507311496883631e-04 1.351892482489347458e-03 2.399165969109162688e-04 4.631047486327588558e-04 1.055868196999654174e-04
1.038674265146255493e-03 3.040825540665537119e-04 1.259673153981566429e-03 2.276826708111912012e-04 4.099355137441307306e-04 7.434180588461458683e-05
1.135482336394488811e-03 3.080823516938835382e-04 1.287090126425027847e-03 2.265169168822467327e-04 3.043253964278846979e-04 9.366314043290913105e-05
1.257837517186999321e-03 2.546336036175489426e-04 1.199027989059686661e-03 1.508383866166695952e-04 2.051512565230950713e-04 8.774304296821355820e-05
1.185429166071116924e-03 2.470024919603019953e-04 1.128250150941312313e-03 1.906935067381709814e-04 1.767423818819224834e-04 1.032821819535456598e-04
1.340807881206274033e-03 2.412907342659309506e-04 1.208779169246554375e-03 1.904414530145004392e-04 3.653217863757163286e-04 9.538618178339675069e-05
1.235878211446106434e-03 2.381681406404823065e-04 1.124922651797533035e-03 2.273208083352074027e-04 2.365547697991132736e-04 1.010247506201267242e-04
1.006838749162852764e-03 2.332641743123531342e-04 1.006904523819684982e-03 1.866486272774636745e-04 2.087913308059796691e-04 8.975254604592919350e-05
1.165250083431601524e-03 2.577549021225422621e-04 1.195171964354813099e-03 1.817815791582688689e-04 1.897505717352032661e-04 1.023133663693442941e-04
1.024825964123010635e-03 2.796095213852822781e-04 1.285120961256325245e-03 1.894409215310588479e-04 1.628716709092259407e-04 9.641308861318975687e-05
1.203039195388555527e-03 3.065619966946542263e-04 1.298217568546533585e-03 1.936478365678340197e-04 1.872558495961129665e-04 8.981118298834189773e-05
1.302829710766673088e-03 3.461414598859846592e-04 1.244477229192852974e-03 2.035108045674860477e-04 1.812513219192624092e-04 9.630881686462089419e-05
1.284328987821936607e-03 2.956807438749819994e-04 1.155660022050142288e-03 1.651350612519308925e-04 1.450136041967198253e-04 9.157953172689303756e-05
1.608132850378751755e-03 3.021587617695331573e-04 1.181087107397615910e-03 1.953874598257243633e-04 3.375751839485019445e-04 9.937002323567867279e-05
1.506083761341869831e-03 3.064009943045675755e-04 1.280955388210713863e-03 1.842859637690708041e-04 3.880380827467888594e-04 8.910417818697169423e-05
1.709767850115895271e-03 2.783784875646233559e-04 1.277412637136876583e-03 1.977492065634578466e-04 3.933241823688149452e-04 9.251443407265469432e-05
1.202895655296742916e-03 2.413568727206438780e-04 1.094237784855067730e-03 1.586049620527774096e-04 1.631754130357876420e-04 7.223445572890341282e-05
1.290343236178159714e-03 2.397341158939525485e-04 1.123977126553654671e-03 1.824063510866835713e-04 1.738341088639572263e-04 8.155821706168353558e-05
1.092204824090003967e-03 2.385045954724773765e-04 1.180288265459239483e-03 1.441097410861402750e-04 1.664243027335032821e-04 7.277109398273751140e-05
1.011546701192855835e-03 2.407158608548343182e-04 1.179279643110930920e-03 1.407392410328611732e-04 1.679421839071437716e-04 7.268902118084952235e-05
1.106529380194842815e-03 2.649125817697495222e-04 1.250500790774822235e-03 1.709613570710644126e-04 1.639736583456397057e-04 9.208385017700493336e-05
1.198834273964166641e-03 2.623536856845021248e-04 1.150567084550857544e-03 1.990081800613552332e-04 2.259462053189054132e-04 7.703694427618756890e-05
1.298994990065693855e-03 2.868914452847093344e-04 1.251833396963775158e-03 1.835956791182979941e-04 1.704081223579123616e-04 9.053725079866126180e-05
1.249743509106338024e-03 2.560184511821717024e-04 1.221881830133497715e-03 1.962700916919857264e-04 2.046999288722872734e-04 8.083149441517889500e-05
1.234890427440404892e-03 2.604297478683292866e-04 1.263507758267223835e-03 1.787267538020387292e-04 1.532911119284108281e-04 8.676758443471044302e-05
1.233194489032030106e-03 2.530306519474834204e-04 1.283099409192800522e-03 2.112003567162901163e-04 1.547431747894734144e-04 8.866272401064634323e-05
1.272041234187781811e-03 2.309520205017179251e-04 1.169657683931291103e-03 1.769968221196904778e-04 1.436960592400282621e-04 8.627166243968531489e-05
1.438974868506193161e-03 2.372149319853633642e-04 7.481886423192918301e-04 7.423048373311758041e-05 1.391466212226077914e-04 8.414153126068413258e-05
1.352752675302326679e-03 2.337723126402124763e-04 6.500785239040851593e-04 3.585899321478791535e-05 1.254687958862632513e-04 7.310206274269148707e-05
1.318855211138725281e-03 2.467737649567425251e-04 5.091011407785117626e-04 3.079740781686268747e-05 9.523482003714889288e-05 7.642558193765580654e-05
1.269957399927079678e-03 2.466764708515256643e-04 5.155088729225099087e-04 4.234482912579551339e-05 8.739183977013453841e-05 7.547317363787442446e-05
1.311952597461640835e-03 2.810180303640663624e-04 3.674011095426976681e-04 3.451285010669380426e-05 7.171856850618496537e-05 9.158530156128108501e-05
1.151147531345486641e-03 3.132679557893425226e-04 3.625592798925936222e-04 2.871572542062494904e-05 6.530129030579701066e-05 8.178682764992117882e-05
1.027191639877855778e-03 2.899276441894471645e-04 4.519689246080815792e-04 3.135280712740495801e-05 8.323624933836981654e-05 7.076709152897819877e-05
1.017581904307007790e-03 3.618806076701730490e-04 3.962604678235948086e-04 3.053367254324257374e-05 7.587927393615245819e-05 6.236315675778314471e-05
1.396799227222800255e-03 5.251438706181943417e-04 4.743948811665177345e-04 5.063038406660780311e-05 8.087716560112312436e-05 7.962882227730005980e-05
1.240740995854139328e-03 4.529859288595616817e-04 3.115634317509829998e-04 3.602998913265764713e-05 4.959818033967167139e-05 7.147133146645501256e-05
1.102307578548789024e-03 4.811523249372839928e-04 5.162489833310246468e-04 5.409460572991520166e-05 8.113066724035888910e-05 7.379653106909245253e-05
9.201398352161049843e-04 6.099608726799488068e-04 5.721737979911267757e-04 5.349377170205116272e-05 9.389579645358026028e-05 6.615809979848563671e-05
1.200788188725709915e-03 7.813643896952271461e-04 2.079329220578074455e-03 2.346241235500201583e-04 2.907219750341027975e-04 6.763116107322275639e-05
1.367401913739740849e-03 7.978703943081200123e-04 1.714987563900649548e-03 2.022080007009208202e-04 2.604433684609830379e-04 6.406242027878761292e-05
1.159733743406832218e-03 5.814019823446869850e-04 1.472781528718769550e-03 1.977051142603158951e-04 2.549782220739871264e-04 5.402593524195253849e-05
1.490476191975176334e-03 5.317491013556718826e-04 2.251285593956708908e-03 1.617838133824989200e-04 3.422410227358341217e-04 5.686607255483977497e-05
1.524035818874835968e-03 6.078908336348831654e-04 2.200762275606393814e-03 1.774489210220053792e-04 3.303048724774271250e-04 6.282406684476882219e-05
1.520543941296637058e-03 7.269821362569928169e-04 2.190136350691318512e-03 1.661730348132550716e-04 3.502634353935718536e-04 6.789862527512013912e-05
1.386470394209027290e-03 7.558577926829457283e-04 2.192838350310921669e-03 1.777105935616418719e-04 3.490888339001685381e-04 6.298420339589938521e-05
1.394154271110892296e-03 6.309260497801005840e-04 2.323942258954048157e-03 1.888903643703088164e-04 3.911313833668828011e-04 6.432556983781978488e-05
1.425289781764149666e-03 7.818447193130850792e-04 2.390382112935185432e-03 1.848015381256118417e-04 3.876619448419660330e-04 6.339916581055149436e-05
1.378034707158803940e-03 7.660864503122866154e-04 1.852927030995488167e-03 1.267835323233157396e-04 2.997418050654232502e-04 6.074619159335270524e-05
1.535003306344151497e-03 7.615878130309283733e-04 1.861122203990817070e-03 1.649954065214842558e-04 3.844056627713143826e-04 6.877315172459930182e-05
1.456922153010964394e-03 6.968652014620602131e-04 1.929990481585264206e-03 1.604730787221342325e-04 3.723896807059645653e-04 6.848219345556572080e-05
1.368861179798841476e-03 5.922320415265858173e-04 2.113726222887635231e-03 2.133784728357568383e-04 3.955522843170911074e-04 6.758829840691760182e-05
1.306197838857769966e-03 6.594958249479532242e-04 1.819793600589036942e-03 1.415748847648501396e-04 3.623967641033232212e-04 6.430904613807797432e-05
1.459307735785841942e-03 8.133643423207104206e-04 1.826097257435321808e-03 1.535850315121933818e-04 3.467777278274297714e-04 6.614301673835143447e-05
1.284611062146723270e-03 6.425930187106132507e-04 1.960839144885540009e-03 1.591662294231355190e-04 3.176842292305082083e-04 5.718518150388263166e-05
1.211628667078912258e-03 6.847001495771110058e-04 1.685584662482142448e-03 1.421660708729177713e-04 3.074379346799105406e-04 6.186999235069379210e-05
1.142034889198839664e-03 6.725442362949252129e-04 1.891222898848354816e-03 1.720130385365337133e-04 3.270217857789248228e-04 5.654051710735075176e-05
1.240198151208460331e-03 7.577042561024427414e-04 1.825831597670912743e-03 1.421133638359606266e-04 3.213525924365967512e-04 6.131578265922144055e-05
1.030778395943343639e-03 7.761662709526717663e-04 1.821927377022802830e-03 1.699678541626781225e-04 3.629076527431607246e-04 5.994013554300181568e-05
1.031680614687502384e-03 5.481437547132372856e-04 1.752808107994496822e-03 1.511200243839994073e-04 3.163937653880566359e-04 6.364838191075250506e-05
1.098359818570315838e-03 6.878318963572382927e-04 1.934987027198076248e-03 1.817199372453615069e-04 3.419063868932425976e-04 6.083526022848673165e-05
1.152708660811185837e-03 8.152978261932730675e-04 1.969729783013463020e-03 1.713235396891832352e-04 3.785088192671537399e-04 6.436643161578103900e-05
1.131593715399503708e-03 9.001733269542455673e-04 2.059874124825000763e-03 2.095818199450150132e-04 3.586437669582664967e-04 6.308329466264694929e-05
9.312236797995865345e-04 7.221474079415202141e-04 2.195560606196522713e-03 2.263621718157082796e-04 3.830277128145098686e-04 6.268937431741505861e-05
9.306533029302954674e-04 6.391577189788222313e-04 1.983721042051911354e-03 2.097570977639406919e-04 3.522504412103444338e-04 6.013824167894199491e-05
9.924002224579453468e-04 8.420797530561685562e-04 2.039329148828983307e-03 2.442498225718736649e-04 3.561019257176667452e-04 6.608124385820701718e-05
1.034791697748005390e-03 8.558363188058137894e-04 2.092917682603001595e-03 2.466992300469428301e-04 3.319017123430967331e-04 7.801443280186504126e-05
8.437008364126086235e-04 5.324956728145480156e-04 2.001660875976085663e-03 1.908830745378509164e-04 3.078838053625077009e-04 6.016005499986931682e-05
1.080837100744247437e-03 8.177182753570377827e-04 2.225163392722606659e-03 2.401179226581007242e-04 3.322619886603206396e-04 8.457044168608263135e-05
1.010696054436266422e-03 9.074257686734199524e-04 1.927143428474664688e-03 2.093139191856607795e-04 2.876014332287013531e-04 6.864371243864297867e-05
8.542739669792354107e-04 6.095757125876843929e-04 2.188623417168855667e-03 2.411430468782782555e-04 3.162279899697750807e-04 6.990141264395788312e-05
1.025492209009826183e-03 6.853127270005643368e-04 2.044364577159285545e-03 2.345616812817752361e-04 3.167690592817962170e-04 6.808914622524753213e-05
1.012116554193198681e-03 5.959924892522394657e-04 2.140880329534411430e-03 2.402100799372419715e-04 3.122311318293213844e-04 6.134790601208806038e-05
9.367928723804652691e-04 5.969706689938902855e-04 2.085218206048011780e-03 2.371355803916230798e-04 3.140230255667120218e-04 5.626812344416975975e-05
1.040284172631800175e-03 6.045456975698471069e-04 2.321309642866253853e-03 2.588689385447651148e-04 3.835860115941613913e-04 6.478934665210545063e-05
8.829603320918977261e-04 5.916496738791465759e-04 2.137697301805019379e-03 2.436045033391565084e-04 3.417827247176319361e-04 6.403707084245979786e-05
1.009820844046771526e-03 5.015981150791049004e-04 2.248495584353804588e-03 2.455766662023961544e-04 3.686247509904205799e-04 6.128299719421193004e-05
8.409774163737893105e-04 4.227772005833685398e-04 1.957354135811328888e-03 2.248525852337479591e-04 3.610816493164747953e-04 5.522292849491350353e-05
1.262225094251334667e-03 5.114446394145488739e-04 2.371075330302119255e-03 2.205384807894006371e-04 3.959990281146019697e-04 6.458938150899484754e-05
1.101890578866004944e-03 4.617646627593785524e-04 2.290993928909301758e-03 2.083697181660681963e-04 4.131418245378881693e-04 6.103815394453704357e-05
1.069552148692309856e-03 4.116338386666029692e-04 2.616804093122482300e-03 2.281613997183740139e-04 4.637202655430883169e-04 6.241221853997558355e-05
1.256725634448230267e-03 4.223457654006779194e-04 2.493966836482286453e-03 2.310476993443444371e-04 4.968539578840136528e-04 6.181666685733944178e-05
1.154554774984717369e-03 3.857427800539880991e-04 2.111680107191205025e-03 2.026809816015884280e-04 3.956521686632186174e-04 6.487424252554774284e-05
8.720074547454714775e-04 3.412556543480604887e-04 2.037341473624110222e-03 1.928686979226768017e-04 3.906883939635008574e-04 5.645806231768801808e-05
9.359210962429642677e-04 3.572820278350263834e-04 2.051702002063393593e-03 1.974334300030022860e-04 4.031364805996417999e-04 5.976894681225530803e-05
9.919308358803391457e-04 3.641540824901312590e-04 1.974164973944425583e-03 2.096781245199963450e-04 3.974383580498397350e-04 6.755998037988319993e-05
1.353592961095273495e-03 3.184163069818168879e-04 1.978990854695439339e-03 2.028702729148790240e-04 4.417314194142818451e-04 7.005954830674454570e-05
1.199414487928152084e-03 2.866851864382624626e-04 1.893425476737320423e-03 2.044951543211936951e-04 4.291979421395808458e-04 6.070418021408841014e-05
