3.055530600249767303e-03 1.146999420598149300e-03 1.029506456688977778e-04 1.488511406932957470e-05 2.051016417681239545e-05 5.324627272784709930e-05
2.862282795831561089e-03 1.102924929000437260e-03 1.377424196107313037e-04 1.914862878038547933e-05 2.807493910950142890e-05 7.310882938327267766e-05
3.076934022828936577e-03 1.192943775095045567e-03 1.385977520840242505e-04 2.031079748121555895e-05 2.756693538685794920e-05 5.706757656298577785e-05
2.978378906846046448e-03 1.154189696535468102e-03 1.879138872027397156e-04 2.261654299218207598e-05 4.199057366349734366e-05 9.469893848290666938e-05
2.270402386784553528e-03 9.205976384691894054e-04 1.156177604570984840e-04 2.123343801940791309e-05 2.010443859035149217e-05 9.180261986330151558e-05
2.839553169906139374e-03 1.149344840086996555e-03 1.081342124962247908e-04 1.966075615200679749e-05 1.816710391722153872e-05 6.363705324474722147e-05
2.963780192658305168e-03 1.260416465811431408e-03 1.086982811102643609e-04 1.978531872737221420e-05 1.695241189736407250e-05 9.189336560666561127e-05
2.832882571965456009e-03 1.249401364475488663e-03 1.153212142526172101e-04 1.928532765305135399e-05 1.894396518764551729e-05 1.015430680126883090e-04
2.736217575147747993e-03 1.232030801475048065e-03 1.139344894909299910e-04 2.064245200017467141e-05 1.853076719271484762e-05 9.018892160383984447e-05
2.200171584263443947e-03 1.032640342600643635e-03 1.086418269551359117e-04 1.956488449650350958e-05 1.862473800429143012e-05 6.022168963681906462e-05
2.069327514618635178e-03 1.139964326284825802e-03 1.105506526073440909e-04 2.037756348727270961e-05 1.770452035998459905e-05 1.008833787636831403e-04
2.588606672361493111e-03 1.302181975916028023e-03 1.117425636039115489e-04 2.100416895700618625e-05 1.754382356011774391e-05 8.631994569441303611e-05
2.642856212332844734e-03 1.245329040102660656e-03 1.072840241249650717e-04 2.104485974996350706e-05 1.758334838086739182e-05 7.403035124298185110e-05
1.777594676241278648e-03 1.051901490427553654e-03 1.110986922867596149e-04 2.152164961444213986e-05 1.749818875396158546e-05 8.664814959047362208e-05
2.701989142224192619e-03 1.248959801159799099e-03 1.151960095739923418e-04 2.199428308813367039e-05 1.925991819007322192e-05 8.856583735905587673e-05
2.949702786281704903e-03 1.496415818110108376e-03 1.071261431206949055e-04 2.410740853520110250e-05 1.572866312926635146e-05 1.461542560718953609e-04
2.540529705584049225e-03 1.416750601492822170e-03 1.058692942024208605e-04 2.153499917767476290e-05 1.471447831136174500e-05 1.138162187999114394e-04
2.057293662801384926e-03 1.282803597860038280e-03 1.038867339957505465e-04 2.106675674440339208e-05 1.500992311775917187e-05 7.850594556657597423e-05
2.776935463771224022e-03 1.409916556440293789e-03 1.043638403643853962e-04 2.104057057294994593e-05 1.492652972956420854e-05 1.008224426186643541e-04
2.565367380157113075e-03 1.344118849374353886e-03 1.131156532210297883e-04 2.269909418828319758e-05 1.675328530836850405e-05 1.184201682917773724e-04
2.557484898716211319e-03 1.518817967735230923e-03 1.058208727044984698e-04 2.062514067802112550e-05 1.568760853842832148e-05 8.803585660643875599e-05
2.572061261162161827e-03 1.427483512088656425e-03 1.120456363423727453e-04 2.007898910960648209e-05 1.783966217772103846e-05 1.169972165371291339e-04
1.677127205766737461e-03 1.011695130728185177e-03 1.026808604365214705e-04 2.003522422455716878e-05 1.426567268936196342e-05 9.149474499281495810e-05
2.408572239801287651e-03 1.043798285536468029e-03 1.059545611497014761e-04 2.017229599005077034e-05 1.435593458154471591e-05 8.455003262497484684e-05
1.562660327181220055e-03 1.178967533633112907e-03 1.098499924410134554e-04 2.207739271398168057e-05 1.480899754824349657e-05 9.510380186839029193e-05
1.969460397958755493e-03 1.424428424797952175e-03 1.125479466281831264e-04 2.130746543116401881e-05 1.544480801385361701e-05 9.031027730088680983e-05
2.981492085382342339e-03 1.421308843418955803e-03 1.096471751225180924e-04 2.048768692475277930e-05 1.523763876321027055e-05 1.445291127311065793e-04
2.051420509815216064e-03 1.058941357769072056e-03 1.078522182069718838e-04 2.094577939715236425e-05 1.486853852838976309e-05 7.379138696705922484e-05
2.452324843034148216e-03 1.069660531356930733e-03 1.140550739364698529e-04 2.098133700201287866e-05 1.626018092792946845e-05 1.556128845550119877e-04
1.672843354754149914e-03 1.043529366143047810e-03 1.026050813379697502e-04 1.958886059583164752e-05 1.414685266354354098e-05 7.322234887396916747e-05
2.370400819927453995e-03 1.042209565639495850e-03 1.116979765356518328e-04 2.211262471973896027e-05 1.531929592601954937e-05 1.224013540195301175e-04
2.708717714995145798e-03 1.164714922197163105e-03 1.120787201216444373e-04 2.266488445457071066e-05 1.554611299070529640e-05 1.335517008556053042e-04
2.757404930889606476e-03 1.405640505254268646e-03 1.073968378477729857e-04 2.130963002855423838e-05 1.503997918916866183e-05 1.220001431647688150e-04
1.471251598559319973e-03 1.340786926448345184e-03 1.104331458918750286e-04 2.035914803855121136e-05 1.457425969420000911e-05 9.419186244485899806e-05
2.225030912086367607e-03 1.264324644580483437e-03 1.075594918802380562e-04 2.065609987766947597e-05 1.509880257799522951e-05 1.178093807538971305e-04
2.439514733850955963e-03 1.548674772493541241e-03 1.140425665653310716e-04 2.136158036591950804e-05 1.523887749499408528e-05 1.043320371536538005e-04
2.058058511465787888e-03 1.297885319218039513e-03 1.139076048275455832e-04 2.235803731309715658e-05 1.582882578077260405e-05 1.095320476451888680e-04
3.026345744729042053e-03 1.472929376177489758e-03 1.098766733775846660e-04 2.199743903474882245e-05 1.486218025092966855e-05 1.265537575818598270e-04
2.927432535216212273e-03 1.513518625870347023e-03 1.130719974753446877e-04 2.170781408494804054e-05 1.537310708954464644e-05 1.271339133381843567e-04
2.510659862309694290e-03 1.440657419152557850e-03 1.080266447388567030e-04 2.049693102890159935e-05 1.493877971370238811e-05 1.106849667849019170e-04
3.019493771716952324e-03 1.529656816273927689e-03 1.110255616367794573e-04 2.156412483600433916e-05 1.502936993347248062e-05 1.154548444901593029e-04
2.650791313499212265e-03 1.560505130328238010e-03 1.091875528800301254e-04 2.064646650978829712e-05 1.514477935415925458e-05 1.163767301477491856e-04
3.306480124592781067e-03 1.467359485104680061e-03 1.142243781941942871e-04 2.252952072012703866e-05 1.592000626260414720e-05 1.435563026461750269e-04
2.972152084112167358e-03 1.506126602180302143e-03 1.140382955782115459e-04 2.346047040191479027e-05 1.503922703705029562e-05 2.487283200025558472e-04
2.651227870956063271e-03 1.579108531586825848e-03 1.159522653324529529e-04 2.190682062064297497e-05 1.604408680577762425e-05 2.059060352621600032e-04
3.241697093471884727e-03 1.502120983786880970e-03 1.167258233181200922e-04 2.180143565055914223e-05 1.654077277635224164e-05 1.723667228361591697e-04
3.191499738022685051e-03 1.639151247218251228e-03 1.134935737354680896e-04 2.198838592448737472e-05 1.551901186758186668e-05 1.521030353615060449e-04
3.048696089535951614e-03 1.636478467844426632e-03 1.081418449757620692e-04 2.149068495782557875e-05 1.411053744959644973e-05 1.186302833957597613e-04
3.190995659679174423e-03 1.454363693483173847e-03 1.165406574727967381e-04 2.261029294459149241e-05 1.521305057394783944e-05 1.245478197233751416e-04
2.591831376776099205e-03 1.553390058688819408e-03 1.126622373703867197e-04 2.151634362235199660e-05 1.430558313586516306e-05 1.025734018185175955e-04
3.137941705062985420e-03 1.488037640228867531e-03 1.176404475700110197e-04 2.246362600999418646e-05 1.536156378278974444e-05 1.263997546629980206e-04
2.965800696983933449e-03 1.425292808562517166e-03 1.147818547906354070e-04 2.414653681626077741e-05 1.554688242322299629e-05 1.272835797863081098e-04
3.757219994440674782e-03 1.685996423475444317e-03 1.239545672433450818e-04 2.435207170492503792e-05 1.659074223425704986e-05 2.526110620237886906e-04
2.521274611353874207e-03 1.531156362034380436e-03 1.114434489863924682e-04 2.150096224795561284e-05 1.461050032958155498e-05 9.458416025154292583e-05
1.939783571287989616e-03 1.383446971885859966e-03 1.086930278688669205e-04 2.154593130399007350e-05 1.431686541764065623e-05 1.008950130199082196e-04
2.507968572899699211e-03 1.635373104363679886e-03 1.094470426323823631e-04 2.070106711471453309e-05 1.455258461646735668e-05 1.107086573028936982e-04
2.445888938382267952e-03 1.622988376766443253e-03 1.069347854354418814e-04 2.159014547942206264e-05 1.431339660484809428e-05 1.328170910710468888e-04
2.895010169595479965e-03 1.638771500438451767e-03 1.131913377321325243e-04 2.252215745102148503e-05 1.515735129942186177e-05 2.122164878528565168e-04
2.486791461706161499e-03 1.581184333190321922e-03 1.097552449209615588e-04 2.064158798020798713e-05 1.442072152713080868e-05 1.377091102767735720e-04
1.832148991525173187e-03 1.730233314447104931e-03 1.119750377256423235e-04 2.143474375770892948e-05 1.557241739646997303e-05 1.579891104483976960e-04
1.982270507141947746e-03 1.693828380666673183e-03 1.179548708023503423e-04 2.328461232536938041e-05 1.571220673213247210e-05 1.734105899231508374e-04
2.927602734416723251e-03 1.536008669063448906e-03 1.110971788875758648e-04 2.146193401131313294e-05 1.534546208858955652e-05 2.139401040039956570e-04
3.129879478365182877e-03 1.772543764673173428e-03 1.229503104696050286e-04 2.310584932274650782e-05 1.708815216261427850e-05 1.726174232317134738e-04
2.519428264349699020e-03 1.652364269830286503e-03 1.116292914957739413e-04 2.081775892293080688e-05 1.603400778549257666e-05 1.628353056730702519e-04
2.089534420520067215e-03 1.620735041797161102e-03 1.135223355959169567e-04 2.157921517209615558e-05 1.493269155616872013e-05 1.529067521914839745e-04
2.456727204844355583e-03 1.568310777656733990e-03 1.118412328651174903e-04 2.144311474694404751e-05 1.514682298875413835e-05 1.118462823797017336e-04
1.993319252505898476e-03 1.301387674175202847e-03 1.110361336031928658e-04 2.277128442074172199e-05 1.478658123232889920e-05 1.674822706263512373e-04
3.190452931448817253e-03 1.108763855881989002e-03 1.128805379266850650e-04 2.424804551992565393e-05 1.528181928733829409e-05 2.306913665961474180e-04
2.204177668318152428e-03 1.275668852031230927e-03 1.167204027296975255e-04 2.786844379443209618e-05 1.571788197907153517e-05 1.340353628620505333e-04
2.098399447277188301e-03 9.227395639754831791e-04 1.154839046648703516e-04 3.020025360456202179e-05 1.520922705822158605e-05 1.333730178885161877e-04
2.089535351842641830e-03 9.440466528758406639e-04 1.219312762259505689e-04 3.032040694961324334e-05 1.639804031583480537e-05 2.243065682705491781e-04
1.744719920679926872e-03 8.807828417047858238e-04 1.188813475891947746e-04 3.012026718351989985e-05 1.529568544356152415e-05 2.199148293584585190e-04
2.509211422875523567e-03 1.053530024364590645e-03 1.192309719044715166e-04 2.978155862365383655e-05 1.561319731990806758e-05 2.179522998631000519e-04
2.289959229528903961e-03 8.793047745712101460e-04 1.150633906945586205e-04 2.777205554593820125e-05 1.498583333159331232e-05 1.704793830867856741e-04
2.067903056740760803e-03 1.367868739180266857e-03 1.157478109234943986e-04 2.466224395902827382e-05 1.500939652032684535e-05 1.559731172164902091e-04
2.055613324046134949e-03 1.347162527963519096e-03 1.244599116034805775e-04 2.549233431636821479e-05 1.535706724098417908e-05 1.740312291076406837e-04
2.157999901100993156e-03 1.579601550474762917e-03 1.163655761047266424e-04 2.232873885077424347e-05 1.414363123330986127e-05 1.209098336403258145e-04
2.164129400625824928e-03 1.503984211012721062e-03 1.234889059560373425e-04 2.361778206250164658e-05 1.501959741290193051e-05 1.637073728488758206e-04
2.246448537334799767e-03 1.556659350171685219e-03 1.252992515219375491e-04 2.522660724935121834e-05 1.577379407535772771e-05 1.509708381490781903e-04
1.850281725637614727e-03 1.629251870326697826e-03 1.144056368502788246e-04 2.124752791132777929e-05 1.599946335772983730e-05 9.590259287506341934e-05
1.956198131665587425e-03 1.621538889594376087e-03 1.098137363442219794e-04 2.100200617860537022e-05 1.490432350692572072e-05 1.200190163217484951e-04
2.695276401937007904e-03 1.553736510686576366e-03 1.071469305315986276e-04 2.130841130565386266e-05 1.420000080543104559e-05 2.651294344104826450e-04
2.410242101177573204e-03 1.900850445963442326e-03 1.168750968645326793e-04 2.275550468766596168e-05 1.493621402914868668e-05 1.879806513898074627e-04
2.576561179012060165e-03 1.837711082771420479e-03 1.080863512470386922e-04 2.082383434753865004e-05 1.434140085621038452e-05 2.819873334374278784e-04
1.685289549641311169e-03 1.676832558587193489e-03 1.022302094497717917e-04 1.955623338290024549e-05 1.440366941096726805e-05 1.638439425732940435e-04
1.616089371964335442e-03 1.930154976435005665e-03 1.136726132244803011e-04 2.041467632807325572e-05 1.566139690112322569e-05 1.656218955758959055e-04
1.723052002489566803e-03 1.687928801402449608e-03 1.018804177874699235e-04 1.937073648150544614e-05 1.462715317757101730e-05 1.407716190442442894e-04
1.900948234833776951e-03 1.986332470551133156e-03 1.147357324953190982e-04 2.178702925448305905e-05 1.591337968420702964e-05 1.127715222537517548e-04
2.116282004863023758e-03 1.920870272442698479e-03 1.091956874006427824e-04 2.055139702861197293e-05 1.485034317738609388e-05 2.203315671067684889e-04
2.297108527272939682e-03 2.005940303206443787e-03 1.067984703695401549e-04 2.041047991951927543e-05 1.418494684912730008e-05 2.443616103846579790e-04
2.170295920222997665e-03 2.014068420976400375e-03 1.107598218368366361e-04 2.110747300321236253e-05 1.543287544336635619e-05 2.058445534203201532e-04
2.374983858317136765e-03 2.084023319184780121e-03 1.042006624629721045e-04 1.945776057254988700e-05 1.501908445789013058e-05 2.355481410631909966e-04
2.650272566825151443e-03 2.257049083709716797e-03 1.067609409801661968e-04 2.007094371947459877e-05 1.544197220937348902e-05 2.624568296596407890e-04
2.548829186707735062e-03 1.776916324160993099e-03 1.003693178063258529e-04 1.981288551178295165e-05 1.450252875656588003e-05 2.576682891231030226e-04
1.857862574979662895e-03 2.196295885369181633e-03 1.027140970109030604e-04 1.996129685721825808e-05 1.435449030395830050e-05 1.512629969511181116e-04
1.846342231146991253e-03 1.800316036678850651e-03 9.364990546600893140e-05 1.682933361735194921e-05 1.402770249114837497e-05 1.561182580189779401e-04
2.251131692901253700e-03 1.977042993530631065e-03 9.810407209442928433e-05 1.906704710563644767e-05 1.453157983632991090e-05 1.657001266721636057e-04
2.322939457371830940e-03 2.335975877940654755e-03 9.479061554884538054e-05 1.683388472883962095e-05 1.482068637415068224e-05 1.658822002355009317e-04
2.120854798704385757e-03 2.010758034884929657e-03 9.632715955376625061e-05 1.796432297851424664e-05 1.517744203738402575e-05 2.033255004789680243e-04
1.737468875944614410e-03 2.192768035456538200e-03 9.675429464550688863e-05 1.768660877132788301e-05 1.472033181926235557e-05 1.020768031594343483e-04
2.316536149010062218e-03 2.077033277601003647e-03 9.486520139034837484e-05 1.691838588158134371e-05 1.531840098323300481e-05 1.865404046839103103e-04
1.593056833371520042e-03 2.113555790856480598e-03 9.510179370408877730e-05 1.697224615782033652e-05 1.444185090804239735e-05 1.238453842233866453e-04
1.807698397897183895e-03 2.112311078235507011e-03 9.300896635977551341e-05 1.722350862110033631e-05 1.411311041010776535e-05 1.160611427621915936e-04
1.812257221899926662e-03 2.282490022480487823e-03 9.456041152589023113e-05 1.738084756652824581e-05 1.435623926226980984e-05 1.589508174220100045e-04
1.637494424358010292e-03 2.033418510109186172e-03 9.763117122929543257e-05 1.763094405760057271e-05 1.463459011574741453e-05 1.007194077828899026e-04
2.401996403932571411e-03 2.409212989732623100e-03 9.586415399098768830e-05 1.734816578391473740e-05 1.461880947317695245e-05 2.424353151582181454e-04
2.142286393791437149e-03 2.159621333703398705e-03 1.035486202454194427e-04 2.051049523288384080e-05 1.483677078795153648e-05 2.346535184187814593e-04
2.205936936661601067e-03 2.372620627284049988e-03 9.872163354884833097e-05 1.903336305986158550e-05 1.457462531107012182e-05 2.048327878583222628e-04
2.050183946266770363e-03 2.156495349481701851e-03 1.002266435534693301e-04 1.857784445746801794e-05 1.474816417612601072e-05 1.160942483693361282e-04
1.579034375026822090e-03 1.674721483141183853e-03 1.027620892273262143e-04 2.017034421442076564e-05 1.502683699072804302e-05 9.731164027471095324e-05
1.468657748773694038e-03 1.454877434298396111e-03 9.973756823455914855e-05 1.878148395917378366e-05 1.490477279730839655e-05 1.458622282370924950e-04
2.549804048612713814e-03 2.136134309694170952e-03 9.947070793714374304e-05 1.980714296223595738e-05 1.392936246702447534e-05 2.937375684268772602e-04
2.567332237958908081e-03 2.035774756222963333e-03 1.086314732674509287e-04 2.163416138500906527e-05 1.540753510198555887e-05 2.923207939602434635e-04
1.808410976082086563e-03 2.089608460664749146e-03 1.059317801264114678e-04 2.034008684859145433e-05 1.531063389847986400e-05 1.745690824463963509e-04
2.425307873636484146e-03 1.807042630389332771e-03 1.060152426362037659e-04 2.143688834621571004e-05 1.484884523961227387e-05 2.692314446903765202e-04
3.137274179607629776e-03 1.535235438495874405e-03 1.051071812980808318e-04 2.001494794967584312e-05 1.520704427093733102e-05 3.122420457657426596e-04
2.035817597061395645e-03 1.536376308649778366e-03 1.007567479973658919e-04 1.942609014804475009e-05 1.469799917686032131e-05 1.899883936857804656e-04
2.494045067578554153e-03 1.646859105676412582e-03 1.027913021971471608e-04 1.933540988829918206e-05 1.500256985309533775e-05 2.674222923815250397e-04
3.698343643918633461e-03 2.056596567854285240e-03 1.012093925965018570e-04 1.963107933988794684e-05 1.480287846788996831e-05 2.853955375030636787e-04
1.661251881159842014e-03 1.426809583790600300e-03 1.046365141519345343e-04 1.917703411891125143e-05 1.561312092235311866e-05 1.507030829088762403e-04
1.956111518666148186e-03 1.369023812003433704e-03 1.045752287609502673e-04 1.946425800269935280e-05 1.560437158332206309e-05 1.522899256087839603e-04
3.037450602278113365e-03 2.058237558230757713e-03 1.034212691592983902e-04 1.972988138732034713e-05 1.476730540161952376e-05 2.177841815864667296e-04
1.317587797529995441e-03 1.539778662845492363e-03 1.004120276775211096e-04 1.857055576692800969e-05 1.451488060411065817e-05 1.141258180723525584e-04
2.251112367957830429e-03 2.069030888378620148e-03 1.063862946466542780e-04 1.925803917401935905e-05 1.575586793478578329e-05 2.699393662624061108e-04
