3.293223446235060692e-03 1.254385220818221569e-03 1.288530620513483882e-04 1.788836380001157522e-05 2.719008261919952929e-05 7.701371214352548122e-05
3.297754330560564995e-03 1.254330738447606564e-03 1.180866092909127474e-04 1.938109380716923624e-05 2.069592301268130541e-05 5.789805800304748118e-05
3.397191641852259636e-03 1.326909405179321766e-03 1.345422642771154642e-04 1.992263969441410154e-05 2.619554106786381453e-05 7.620899123139679432e-05
3.248726250603795052e-03 1.275883405469357967e-03 1.635789667489007115e-04 2.044595021288841963e-05 3.630542778410017490e-05 8.541893475921824574e-05
3.111659083515405655e-03 1.230749767273664474e-03 1.179974788101390004e-04 2.103246333717834204e-05 1.991306453419383615e-05 1.034461747622117400e-04
3.133888589218258858e-03 1.264947466552257538e-03 1.148990777437575161e-04 2.066941851808223873e-05 1.906074248836375773e-05 6.728748121531680226e-05
3.224659943953156471e-03 1.384422765113413334e-03 1.129111187765374780e-04 2.032003976637497544e-05 1.883234835986513644e-05 9.699848305899649858e-05
3.170485375449061394e-03 1.340922666713595390e-03 1.117534484365023673e-04 2.124637649103533477e-05 1.771228744473773986e-05 7.299921708181500435e-05
3.126794472336769104e-03 1.359610701911151409e-03 1.131437311414629221e-04 2.077385579468682408e-05 1.873994733614381403e-05 9.699172369437292218e-05
2.946783555671572685e-03 1.323925680480897427e-03 1.169168681371957064e-04 2.186433084716554731e-05 1.849949694587849081e-05 6.277711509028449655e-05
2.889273688197135925e-03 1.316559966653585434e-03 1.196429439005441964e-04 2.140537071682047099e-05 1.940641050168778747e-05 8.062260167207568884e-05
3.064303891733288765e-03 1.437573693692684174e-03 1.119057924370281398e-04 2.092220893246121705e-05 1.918144516821485013e-05 9.546413639327511191e-05
3.042772645130753517e-03 1.463833614252507687e-03 1.223963627126067877e-04 2.344105996598955244e-05 1.974391125258989632e-05 8.148080814862623811e-05
3.092126455157995224e-03 1.463142805732786655e-03 1.121651075663976371e-04 2.319718805665615946e-05 1.731905103952158242e-05 1.064442549250088632e-04
2.900698920711874962e-03 1.471357070840895176e-03 1.139166342909447849e-04 2.215002314187586308e-05 1.852551031333860010e-05 7.708097109571099281e-05
3.059332957491278648e-03 1.525753061287105083e-03 1.129263910115696490e-04 2.528459117456804961e-05 1.616443660168442875e-05 1.096643318305723369e-04
3.027161117643117905e-03 1.504881773144006729e-03 1.099182190955616534e-04 2.354032039875164628e-05 1.569911182741634548e-05 1.168555609183385968e-04
3.012426430359482765e-03 1.560299191623926163e-03 1.109385630115866661e-04 2.282035529788117856e-05 1.608299862709827721e-05 8.359657658729702234e-05
3.003542078658938408e-03 1.579293631948530674e-03 1.082969247363507748e-04 2.288311407028231770e-05 1.550938213767949492e-05 1.034238666761666536e-04
3.062961157411336899e-03 1.625427394174039364e-03 1.141239845310337842e-04 2.344985659874510020e-05 1.628084100957494229e-05 1.137822109740227461e-04
3.035633591935038567e-03 1.679251319728791714e-03 1.130979217123240232e-04 2.179077637265436351e-05 1.652609353186562657e-05 1.118251748266629875e-04
3.459614934399724007e-03 1.685845665633678436e-03 1.156293583335354924e-04 2.256874722661450505e-05 1.651456659601535648e-05 1.546548592159524560e-04
3.347388468682765961e-03 1.707055605947971344e-03 1.105114497477188706e-04 2.197592584707308561e-05 1.589611747476737946e-05 1.930018479470163584e-04
3.227504203096032143e-03 1.709721633233129978e-03 1.143309418694116175e-04 2.214203959738370031e-05 1.618420901650097221e-05 1.254135277122259140e-04
3.051661420613527298e-03 1.538932672701776028e-03 1.122637841035611928e-04 2.235031024611089379e-05 1.537692696729209274e-05 1.331038947682827711e-04
3.335069399327039719e-03 1.686247531324625015e-03 1.136324863182380795e-04 2.210494858445599675e-05 1.534014154458418489e-05 1.259323762496933341e-04
3.755650017410516739e-03 1.729602226987481117e-03 1.129219890572130680e-04 2.160546864615753293e-05 1.539662480354309082e-05 1.884033263195306063e-04
3.173621837049722672e-03 1.679124776273965836e-03 1.124763002735562623e-04 2.158783172490075231e-05 1.588307895872276276e-05 1.216935197589918971e-04
3.041824558749794960e-03 1.532467897050082684e-03 1.093057726393453777e-04 2.246928124804981053e-05 1.547687315905932337e-05 1.261482248082756996e-04
2.155795693397521973e-03 1.437583705410361290e-03 1.050681530614383519e-04 2.107943691953551024e-05 1.437495302525348961e-05 7.539136277046054602e-05
3.344553988426923752e-03 1.716917497105896473e-03 1.109797449316829443e-04 2.188116013712715358e-05 1.534045622975099832e-05 1.655231026234105229e-04
3.243624931201338768e-03 1.456042984500527382e-03 1.122890680562704802e-04 2.156474693038035184e-05 1.556483039166778326e-05 1.400582550559192896e-04
2.744740806519985199e-03 1.458543469198048115e-03 1.182550840894691646e-04 2.386478809057734907e-05 1.551466448290739208e-05 1.161905165645293891e-04
3.193102311342954636e-03 1.658363267779350281e-03 1.163095803349278867e-04 2.289949406986124814e-05 1.534583498141728342e-05 1.260767749045044184e-04
3.195392433553934097e-03 1.416205661371350288e-03 1.139621672336943448e-04 2.306242822669446468e-05 1.547846477478742599e-05 1.660790876485407352e-04
3.399727167561650276e-03 1.651469268836081028e-03 1.212132701766677201e-04 2.431410939607303590e-05 1.591811997059267014e-05 1.487118279328569770e-04
3.300001844763755798e-03 1.690687960945069790e-03 1.191545889014378190e-04 2.328707341803237796e-05 1.596417860127985477e-05 1.855644222814589739e-04
3.798949299380183220e-03 1.541804871521890163e-03 1.141595275839790702e-04 2.288863834110088646e-05 1.535058800072874874e-05 2.087279863189905882e-04
2.803624374791979790e-03 1.617297995835542679e-03 1.106650088331662118e-04 2.321012107131537050e-05 1.491631792305270210e-05 1.174665667349472642e-04
3.819094737991690636e-03 1.687922282144427299e-03 1.187450689030811191e-04 2.394263719907030463e-05 1.618042915652040392e-05 2.309204865014180541e-04
3.395983250811696053e-03 1.611339510418474674e-03 1.132482138928025961e-04 2.169690378650557250e-05 1.576762224431149662e-05 1.331346138613298535e-04
2.915870398283004761e-03 1.686722855083644390e-03 1.156336511485278606e-04 2.164801298931706697e-05 1.551528839627280831e-05 1.486848923377692699e-04
3.496775869280099869e-03 1.605331199243664742e-03 1.194315409520640969e-04 2.332142139493953437e-05 1.637466993997804821e-05 1.703976158751174808e-04
3.103041788563132286e-03 1.618555630557239056e-03 1.137365761678665876e-04 2.244881761725991964e-05 1.497287667007185519e-05 1.740523730404675007e-04
2.893252298235893250e-03 1.736697042360901833e-03 1.140323220170103014e-04 2.246342410217039287e-05 1.511912978457985446e-05 2.368696877965703607e-04
3.718638326972723007e-03 1.552804023958742619e-03 1.234660594491288066e-04 2.307673275936394930e-05 1.773294025042559952e-05 1.994655322050675750e-04
3.539840225130319595e-03 1.763830310665071011e-03 1.205726875923573971e-04 2.352973388042300940e-05 1.643678660911973566e-05 2.033481578109785914e-04
3.369537647813558578e-03 1.697267405688762665e-03 1.152484692283906043e-04 2.367122760915663093e-05 1.563015212013851851e-05 1.298688584938645363e-04
3.329059341922402382e-03 1.491591800004243851e-03 1.200235128635540605e-04 2.362909253861289471e-05 1.593964407220482826e-05 2.377027703914791346e-04
3.693209495395421982e-03 1.789761823602020741e-03 1.249047054443508387e-04 2.373651659581810236e-05 1.661111673456616700e-05 2.188310027122497559e-04
3.305126447230577469e-03 1.570268650539219379e-03 1.167684895335696638e-04 2.240978938061743975e-05 1.561495082569308579e-05 1.302967866649851203e-04
3.465141402557492256e-03 1.709887175820767879e-03 1.139168161898851395e-04 2.253463026136159897e-05 1.539079494250472635e-05 1.320569863310083747e-04
3.913093358278274536e-03 1.707057235762476921e-03 1.206935339723713696e-04 2.397776734142098576e-05 1.698651612969115376e-05 1.311645610257983208e-04
4.073786083608865738e-03 1.732606790028512478e-03 1.311269588768482208e-04 2.440334355924278498e-05 2.023336855927482247e-05 1.816848525777459145e-04
3.282563528046011925e-03 1.684583141468465328e-03 1.147197108366526663e-04 2.372690323682036251e-05 1.550817432871554047e-05 2.409570297459140420e-04
4.053700249642133713e-03 1.911947154439985752e-03 1.239128469023853540e-04 2.300976302649360150e-05 1.861207783804275095e-05 2.700292679946869612e-04
3.713813843205571175e-03 1.746331690810620785e-03 1.223710132762789726e-04 2.189691440435126424e-05 1.853617504821158946e-05 1.802420010790228844e-04
4.122971557080745697e-03 1.915108063258230686e-03 1.245628081960603595e-04 2.291440796398092061e-05 1.874804729595780373e-05 3.102486371062695980e-04
3.603772027418017387e-03 1.744039007462561131e-03 1.184291904792189598e-04 2.275366568937897682e-05 1.589207749930210412e-05 2.015534846577793360e-04
3.887312486767768860e-03 1.847449573688209057e-03 1.263974554603919387e-04 2.472860978741664439e-05 1.796949800336733460e-05 1.491855073254555464e-04
3.807462519034743309e-03 1.902356976643204689e-03 1.259961427422240376e-04 2.304739973624236882e-05 1.764417538652196527e-05 2.938042453024536371e-04
3.637011861428618431e-03 1.715679070912301540e-03 1.239851990249007940e-04 2.274711550853680819e-05 1.840573531808331609e-05 2.369426074437797070e-04
3.700498258695006371e-03 1.728061586618423462e-03 1.206405868288129568e-04 2.250641045975498855e-05 1.709981006570160389e-05 2.007911389227956533e-04
3.974595107138156891e-03 1.873815315775573254e-03 1.288143685087561607e-04 2.360775761189870536e-05 1.999273081310093403e-05 1.425339287379756570e-04
4.118106793612241745e-03 1.776940771378576756e-03 1.306729245698079467e-04 2.626932655402924865e-05 2.001831126108299941e-05 2.976672549266368151e-04
3.496018936857581139e-03 1.653851708397269249e-03 1.185894725495018065e-04 2.240802677988540381e-05 1.615576911717653275e-05 1.475721801398321986e-04
3.718089312314987183e-03 1.262269215658307076e-03 1.165084031526930630e-04 2.341939216421451420e-05 1.628779136808589101e-05 2.033484488492831588e-04
2.625126857310533524e-03 1.217783661559224129e-03 1.162685512099415064e-04 2.575230428192298859e-05 1.535581395728513598e-05 2.580042346380650997e-04
2.745742211118340492e-03 1.253055292181670666e-03 1.137511426350101829e-04 2.491527993697673082e-05 1.502082068327581510e-05 2.022163680521771312e-04
2.563078189268708229e-03 1.133908284828066826e-03 1.156697398982942104e-04 3.060100789298303425e-05 1.513798906671581790e-05 2.135123504558578134e-04
2.957567339763045311e-03 1.254914095625281334e-03 1.218263205373659730e-04 3.266517160227522254e-05 1.582900949870236218e-05 2.945138548966497183e-04
2.906673122197389603e-03 1.314554596319794655e-03 1.221520506078377366e-04 3.229776484658941627e-05 1.580463867867365479e-05 2.194341650465503335e-04
2.948336536064743996e-03 1.303154742345213890e-03 1.218684701598249376e-04 2.984969614772126079e-05 1.578295086801517755e-05 2.709154505282640457e-04
2.473696367815136909e-03 1.033626496791839600e-03 1.175142970168963075e-04 2.704936559894122183e-05 1.568627885717432946e-05 1.996552018681541085e-04
2.726661274209618568e-03 1.571522909216582775e-03 1.203267092932946980e-04 2.705961196625139564e-05 1.593308297742623836e-05 2.121973375324159861e-04
1.930037979036569595e-03 1.731198513880372047e-03 1.225406012963503599e-04 2.525689887988846749e-05 1.548659565742127597e-05 2.795969485305249691e-04
2.011890755966305733e-03 1.766664674505591393e-03 1.261604629689827561e-04 2.516123458917718381e-05 1.601484109414741397e-05 2.797538763843476772e-04
2.372239250689744949e-03 1.696420251391828060e-03 1.278684358112514019e-04 2.542598122090566903e-05 1.551785317133180797e-05 1.708904164843261242e-04
2.248308155685663223e-03 1.936493208631873131e-03 1.132837205659598112e-04 2.286737435497343540e-05 1.521435478935018182e-05 1.690256613073870540e-04
2.090390771627426147e-03 1.860885065980255604e-03 1.197858146042563021e-04 2.359614882152527571e-05 1.608938873687293380e-05 1.311697851633653045e-04
2.435689559206366539e-03 1.878380426205694675e-03 1.166014117188751698e-04 2.229540041298605502e-05 1.531224552309140563e-05 1.153914054157212377e-04
3.761654254049062729e-03 1.799939433112740517e-03 1.209063848364166915e-04 2.423152727715205401e-05 1.565230559208430350e-05 3.088112571276724339e-04
2.802531234920024872e-03 1.915614819154143333e-03 1.154979981947690248e-04 2.248581040475983173e-05 1.509174308012006804e-05 2.065094013232737780e-04
3.063756739720702171e-03 2.006951486691832542e-03 1.164984932984225452e-04 2.236334512417670339e-05 1.560175405757036060e-05 3.177882754243910313e-04
2.697348361834883690e-03 2.044240478426218033e-03 1.121592358686029911e-04 2.271330231451429427e-05 1.498093661211896688e-05 3.265617706347256899e-04
2.665035892277956009e-03 2.200019545853137970e-03 1.232425565831363201e-04 2.407564898021519184e-05 1.630595579626969993e-05 3.291091707069426775e-04
2.692597219720482826e-03 2.104943618178367615e-03 1.114619080908596516e-04 2.319683335372246802e-05 1.523263199487701058e-05 3.191399737261235714e-04
3.181257285177707672e-03 2.223131712526082993e-03 1.132304241764359176e-04 2.179435432481113821e-05 1.669435368967242539e-05 3.283286641817539930e-04
3.122332273051142693e-03 2.197572961449623108e-03 1.163433698820881546e-04 2.175438021367881447e-05 1.599013194208964705e-05 2.527642354834824800e-04
3.065035445615649223e-03 2.001889748498797417e-03 1.033990120049566031e-04 2.078868965327274054e-05 1.488142606831388548e-05 2.991281216964125633e-04
2.843153662979602814e-03 2.154994290322065353e-03 1.090261212084442377e-04 2.308771036041434854e-05 1.576275099068880081e-05 2.912714262492954731e-04
2.670023590326309204e-03 2.281704451888799667e-03 1.128771546063944697e-04 2.117475196428131312e-05 1.614675966266077012e-05 2.841936075128614902e-04
2.546967705711722374e-03 2.068570582196116447e-03 1.040438583004288375e-04 2.032257179962471128e-05 1.524616618553409353e-05 2.767173864413052797e-04
3.051249543204903603e-03 2.229018602520227432e-03 1.077733249985612929e-04 2.075090014841407537e-05 1.541458004794549197e-05 2.893008640967309475e-04
2.836240455508232117e-03 2.118149306625127792e-03 1.028674450935795903e-04 2.053539901680778712e-05 1.460292969568399712e-05 2.812050515785813332e-04
3.127385396510362625e-03 2.284655813127756119e-03 1.056671608239412308e-04 2.071680501103401184e-05 1.564704507472924888e-05 3.113712300546467304e-04
2.697090618312358856e-03 2.427231287583708763e-03 1.054003296303562820e-04 2.028412563959136605e-05 1.607779813639353961e-05 2.694400609470903873e-04
2.469026017934083939e-03 2.269730903208255768e-03 1.019445189740508795e-04 1.903984048112761229e-05 1.486300789110828191e-05 1.893896842375397682e-04
2.791789826005697250e-03 2.293177647516131401e-03 9.925942867994308472e-05 1.852672176028136164e-05 1.525138031865935773e-05 2.616410492919385433e-04
2.887069247663021088e-03 2.388817491009831429e-03 9.815849625738337636e-05 1.779848207661416382e-05 1.563549267302732915e-05 1.525302650406956673e-04
2.732974942773580551e-03 2.296716440469026566e-03 9.583613427821546793e-05 1.718126623018179089e-05 1.470544339099433273e-05 2.020911342697218060e-04
2.324129920452833176e-03 2.355903852730989456e-03 9.651259460952132940e-05 1.796347896743100137e-05 1.486776272940915078e-05 1.830906840041279793e-04
2.548173302784562111e-03 2.413521055132150650e-03 9.655692701926454902e-05 1.762872125254943967e-05 1.524988692835904658e-05 1.638400717638432980e-04
3.787569468840956688e-03 2.606821712106466293e-03 9.913489338941872120e-05 1.772083305695559829e-05 1.560836426506284624e-05 3.062336763832718134e-04
3.090773476287722588e-03 2.648550318554043770e-03 1.015109883155673742e-04 1.942233211593702435e-05 1.556435563543345779e-05 2.941220882348716259e-04
2.937518991529941559e-03 2.651811344549059868e-03 9.832593786995857954e-05 1.766285640769638121e-05 1.559569682285655290e-05 2.988247724715620279e-04
3.300417913123965263e-03 2.517204731702804565e-03 1.023728254949674010e-04 1.921222610690165311e-05 1.539898221381008625e-05 2.811947488225996494e-04
2.988995518535375595e-03 2.681063255295157433e-03 9.817844693316146731e-05 1.721030639600940049e-05 1.538416836410760880e-05 2.354806929361075163e-04
2.674829447641968727e-03 2.592233242467045784e-03 1.044306627591140568e-04 1.955229527084156871e-05 1.499837890150956810e-05 1.371464895782992244e-04
2.926809247583150864e-03 2.525977557525038719e-03 1.006208622129634023e-04 1.968601645785383880e-05 1.489364785811631009e-05 1.464860251871868968e-04
2.530763857066631317e-03 2.446301048621535301e-03 1.018255279632285237e-04 1.952469756361097097e-05 1.486000019212951884e-05 2.214967826148495078e-04
4.313111305236816406e-03 2.520715817809104919e-03 1.066267868736758828e-04 2.141914046660531312e-05 1.497104494774248451e-05 3.008100902661681175e-04
4.360815975815057755e-03 2.556564053520560265e-03 1.052003426593728364e-04 2.048635178653057665e-05 1.486655310145579278e-05 3.202869847882539034e-04
2.750914776697754860e-03 2.438595751300454140e-03 1.041374562191776931e-04 2.109464185195975006e-05 1.528835309727583081e-05 3.414996899664402008e-04
4.133262671530246735e-03 2.485607983544468880e-03 1.115761842811480165e-04 2.048925489361863583e-05 1.720299405860714614e-05 3.338688402436673641e-04
4.143703263252973557e-03 2.343916334211826324e-03 1.100099616451188922e-04 2.042433516180608422e-05 1.594972127350047231e-05 3.108207893092185259e-04
4.135728813707828522e-03 2.441184362396597862e-03 1.101040616049431264e-04 2.131097062374465168e-05 1.587927727086935192e-05 3.227696870453655720e-04
2.620148472487926483e-03 2.213725820183753967e-03 1.040985298459418118e-04 1.994291596929542720e-05 1.518795670563122258e-05 3.148539399262517691e-04
4.219774622470140457e-03 2.294637029990553856e-03 1.055636093951761723e-04 1.959635847015306354e-05 1.599692586751189083e-05 3.103894123341888189e-04
1.906422898173332214e-03 2.168326172977685928e-03 1.053725864039734006e-04 2.025926551141310483e-05 1.571116990817245096e-05 1.699618296697735786e-04
2.715395065024495125e-03 2.388994209468364716e-03 1.098919601645320654e-04 2.136315561074297875e-05 1.648277066124137491e-05 3.392573271412402391e-04
4.068794194608926773e-03 2.161488169804215431e-03 1.064802854671142995e-04 1.980486922548152506e-05 1.522687307442538440e-05 2.983715676236897707e-04
2.919073216617107391e-03 2.161905402317643166e-03 1.039896378642879426e-04 1.949509351106826216e-05 1.475137923989677802e-05 2.095352538162842393e-04
2.797730267047882080e-03 2.231562044471502304e-03 1.102493843063712120e-04 2.166357808164320886e-05 1.606014848221093416e-05 3.006744955200701952e-04
