3.018888644874095917e-03 1.162324799224734306e-03 1.116241837735287845e-04 1.624580727366264910e-05 2.199844857386779040e-05 8.852352766552940011e-05
2.894492121413350105e-03 1.097126980312168598e-03 1.286286715185269713e-04 2.025754474743735045e-05 2.520020643714815378e-05 4.396417352836579084e-05
2.998894779011607170e-03 1.148909330368041992e-03 1.309071085415780544e-04 1.882077594927977771e-05 2.580419641162734479e-05 5.058561873738653958e-05
2.865824848413467407e-03 1.122096669860184193e-03 1.555772905703634024e-04 1.935298678290564567e-05 3.544680293998681009e-05 8.433211769443005323e-05
2.437457209452986717e-03 9.824624285101890564e-04 1.133244441007263958e-04 2.074517033179290593e-05 1.894426532089710236e-05 9.577843593433499336e-05
2.907065907493233681e-03 1.184662687592208385e-03 1.135394340963102877e-04 2.075859629258047789e-05 1.829928442020900548e-05 7.665112207178026438e-05
2.944842912256717682e-03 1.238983124494552612e-03 1.124673872254788876e-04 1.982558023883029819e-05 1.678929220361169428e-05 1.017894537653774023e-04
2.763832220807671547e-03 1.221332931891083717e-03 1.229158515343442559e-04 2.101944483001716435e-05 1.973750295292120427e-05 9.172061982098966837e-05
2.732388675212860107e-03 1.228498178534209728e-03 1.081280570360831916e-04 1.950193473021499813e-05 1.739856270432937890e-05 8.245753269875422120e-05
2.291887532919645309e-03 1.091538812033832073e-03 1.063683666870929301e-04 1.960301051440183073e-05 1.700836583040654659e-05 8.285521471407264471e-05
2.202750416472554207e-03 1.168735674582421780e-03 1.197013189084827900e-04 2.074408985208719969e-05 2.061622944893315434e-05 1.079313806258141994e-04
2.616504905745387077e-03 1.340167131274938583e-03 1.086491829482838511e-04 2.002345172513742000e-05 1.759997030603699386e-05 9.080185554921627045e-05
2.590332413092255592e-03 1.240725861862301826e-03 1.113801117753610015e-04 2.234062594652641565e-05 1.796481956262141466e-05 7.495389581890776753e-05
1.720525790005922318e-03 9.956709109246730804e-04 1.105919873225502670e-04 2.221120485046412796e-05 1.744034489092882723e-05 8.603175228927284479e-05
2.992998342961072922e-03 1.438691862858831882e-03 1.107017887989059091e-04 2.323316948604770005e-05 1.754857112246099859e-05 1.110099910874851048e-04
2.832514233887195587e-03 1.437324914149940014e-03 1.040821298374794424e-04 2.360032340220641345e-05 1.535680530651006848e-05 1.094278704840689898e-04
2.506753895431756973e-03 1.395161612890660763e-03 1.034829037962481380e-04 2.093687908200081438e-05 1.426887774869101122e-05 9.570841211825609207e-05
2.091686241328716278e-03 1.268727588467299938e-03 9.744985436554998159e-05 2.039538594544865191e-05 1.379554760205792263e-05 7.638765964657068253e-05
2.744327764958143234e-03 1.376778003759682178e-03 1.062092778738588095e-04 2.103480619553010911e-05 1.555467861180659384e-05 1.036507892422378063e-04
2.420854754745960236e-03 1.361622358672320843e-03 1.159030216513201594e-04 2.225208845629822463e-05 1.775476448528934270e-05 1.077928463928401470e-04
2.513155573979020119e-03 1.471487339586019516e-03 1.096214982680976391e-04 2.221045360784046352e-05 1.594934656168334186e-05 8.707551751285791397e-05
2.690400229766964912e-03 1.480173203162848949e-03 1.104712646338157356e-04 2.049435352091677487e-05 1.580938987899571657e-05 1.353770348941907287e-04
1.666869968175888062e-03 1.006077043712139130e-03 1.116750863729976118e-04 2.183366450481116772e-05 1.527870335849002004e-05 9.919179137796163559e-05
2.476683584973216057e-03 1.094992272555828094e-03 1.036469184327870607e-04 2.098422373819630593e-05 1.441974200133699924e-05 9.574060823069885373e-05
1.791977207176387310e-03 1.235746312886476517e-03 1.082671951735392213e-04 2.172794665966648608e-05 1.472228632337646559e-05 9.229381976183503866e-05
2.068781526759266853e-03 1.389895915053784847e-03 1.062533556250855327e-04 2.110862078552599996e-05 1.446239184588193893e-05 8.808377606328576803e-05
2.727315761148929596e-03 1.445982954464852810e-03 1.070479775080457330e-04 2.157221206289250404e-05 1.479015008953865618e-05 1.402010966558009386e-04
1.779509359039366245e-03 1.082746079191565514e-03 1.110525990952737629e-04 2.092678005283232778e-05 1.575807982590049505e-05 6.502537144115194678e-05
2.342999912798404694e-03 1.057487679645419121e-03 1.105741757783107460e-04 2.026060428761411458e-05 1.572016117279417813e-05 1.188824680866673589e-04
1.673353137448430061e-03 1.028714701533317566e-03 1.086973134079016745e-04 2.050117109320126474e-05 1.484596941736526787e-05 1.117970678023993969e-04
2.347731497138738632e-03 1.095897750928997993e-03 1.100744484574533999e-04 2.083852814394049346e-05 1.506427815911592916e-05 1.283558085560798645e-04
2.526246942579746246e-03 1.151453354395925999e-03 1.081300142686814070e-04 2.014529854932334274e-05 1.523997616459382698e-05 1.240298006450757384e-04
2.679614583030343056e-03 1.435884740203619003e-03 1.129762822529301047e-04 2.064621548925060779e-05 1.503346538811456412e-05 1.215803640661761165e-04
1.824500737711787224e-03 1.347539830021560192e-03 1.194562064483761787e-04 2.435555143165402114e-05 1.575299938849639148e-05 1.062690644175745547e-04
2.624575048685073853e-03 1.380157656967639923e-03 1.036154062603600323e-04 1.997709659917745739e-05 1.422582226950908080e-05 1.261209399672225118e-04
2.512538107112050056e-03 1.477171084843575954e-03 1.183055210276506841e-04 2.225752359663601965e-05 1.509011781308799982e-05 1.087892378563992679e-04
2.155844820663332939e-03 1.407666597515344620e-03 1.110285375034436584e-04 2.268370917590800673e-05 1.477192017773631960e-05 1.084535979316569865e-04
3.123642178252339363e-03 1.484434120357036591e-03 1.099353030440397561e-04 2.132653935404960066e-05 1.528316715848632157e-05 1.280404540011659265e-04
3.032938344404101372e-03 1.597063848748803139e-03 1.052592269843444228e-04 2.026605397986713797e-05 1.430880092812003568e-05 1.336862478638067842e-04
2.573540434241294861e-03 1.349067897535860538e-03 1.028263504849746823e-04 2.047025009233038872e-05 1.418645661033224314e-05 1.108460055547766387e-04
3.014592686668038368e-03 1.537750242277979851e-03 1.090161385945975780e-04 2.186896381317637861e-05 1.456346490158466622e-05 1.196108350995928049e-04
2.285338472574949265e-03 1.580984680913388729e-03 1.118524014600552619e-04 2.197599496867042035e-05 1.481165236327797174e-05 9.673494059825316072e-05
3.145947586745023727e-03 1.410146593116223812e-03 1.077972920029424131e-04 2.103794395225122571e-05 1.448335842724191025e-05 1.322398020420223475e-04
2.980065066367387772e-03 1.560431905090808868e-03 1.093221071641892195e-04 2.151467924704775214e-05 1.443758173991227522e-05 2.105910825775936246e-04
2.397264819592237473e-03 1.562081510201096535e-03 1.144855195889249444e-04 2.267341915285214782e-05 1.543964390293695033e-05 2.035347133642062545e-04
3.278631716966629028e-03 1.574648660607635975e-03 1.099148284993134439e-04 2.125085848092567176e-05 1.489594615122769028e-05 1.740777806844562292e-04
2.893213881179690361e-03 1.491616712883114815e-03 1.147156217484734952e-04 2.205101918661966920e-05 1.485124812461435795e-05 1.890465209726244211e-04
3.200456267222762108e-03 1.687929849140346050e-03 1.192645941046066582e-04 2.260620203742291778e-05 1.586417420185171068e-05 1.219392361235804856e-04
3.003509482368826866e-03 1.410107361152768135e-03 1.219041078002192080e-04 2.485528239049017429e-05 1.615789369679987431e-05 1.229657209478318691e-04
2.619371050968766212e-03 1.652702805586159229e-03 1.182212436106055975e-04 2.250428406114224344e-05 1.489781516283983365e-05 1.055570901371538639e-04
3.005121834576129913e-03 1.475067110732197762e-03 1.077633933164179325e-04 2.077980752801522613e-05 1.445224825147306547e-05 1.222005666932091117e-04
3.035415662452578545e-03 1.412280835211277008e-03 1.067341581801883876e-04 2.127218431269284338e-05 1.414011512679280713e-05 1.238527183886617422e-04
3.200886771082878113e-03 1.589375664480030537e-03 1.184312350233085454e-04 2.431930079183075577e-05 1.596647234691772610e-05 1.440039486624300480e-04
2.618221333250403404e-03 1.506395870819687843e-03 1.107917196350172162e-04 2.119788769050501287e-05 1.494164098403416574e-05 1.154531491920351982e-04
1.873985165730118752e-03 1.404716167598962784e-03 1.105104020098224282e-04 2.095765375997871161e-05 1.471291216148529202e-05 1.075226828106679022e-04
2.507452154532074928e-03 1.646001939661800861e-03 1.198755344375967979e-04 2.312129981874022633e-05 1.578673982294276357e-05 9.558744932292029262e-05
2.566929208114743233e-03 1.641463255509734154e-03 1.076275948435068130e-04 2.114600647473707795e-05 1.439235802536131814e-05 1.555014314362779260e-04
2.643617568537592888e-03 1.584274461492896080e-03 1.135694546974264085e-04 2.159277755708899349e-05 1.513040297140832990e-05 1.527092535980045795e-04
2.634897129610180855e-03 1.638653222471475601e-03 1.159170860773883760e-04 2.233244231319986284e-05 1.545440863992553204e-05 1.190317198052071035e-04
2.275154693052172661e-03 1.740163192152976990e-03 1.110653975047171116e-04 2.062926432699896395e-05 1.533605609438382089e-05 1.716204424155876040e-04
1.970712793990969658e-03 1.689519383944571018e-03 1.141139146056957543e-04 2.111143112415447831e-05 1.590133251738734543e-05 1.575614296598359942e-04
2.898299833759665489e-03 1.488937763497233391e-03 1.114338519982993603e-04 2.135279828507918864e-05 1.551401692267972976e-05 1.062135706888511777e-04
3.052366897463798523e-03 1.734727527946233749e-03 1.116676503443159163e-04 2.111658432113472372e-05 1.557223367854021490e-05 1.804477215046063066e-04
2.565978094935417175e-03 1.638830523006618023e-03 1.158057348220609128e-04 2.223935007350519300e-05 1.575116766616702080e-05 2.269526157760992646e-04
1.857131486758589745e-03 1.579992705956101418e-03 1.073246967280283570e-04 2.160493568226229399e-05 1.438581602997146547e-05 2.293188736075535417e-04
2.410792512819170952e-03 1.577430870383977890e-03 1.150825628428719938e-04 2.213689367636106908e-05 1.593576962477527559e-05 1.122811809182167053e-04
2.130276523530483246e-03 1.281649223528802395e-03 1.085738113033585250e-04 2.312595825060270727e-05 1.433061879652086645e-05 1.782768522389233112e-04
3.053923835977911949e-03 1.085758325643837452e-03 1.085983894881792367e-04 2.295377817063126713e-05 1.390492343489313498e-05 2.228639496024698019e-04
2.273963065817952156e-03 1.114554004743695259e-03 1.145154819823801517e-04 2.569144817243795842e-05 1.492861247243126854e-05 1.386216899845749140e-04
2.169144572690129280e-03 8.883459959179162979e-04 1.193748175865039229e-04 3.175067104166373610e-05 1.573494773765560240e-05 1.792001567082479596e-04
2.027670852839946747e-03 9.116582223214209080e-04 1.172220217995345592e-04 2.993844100274145603e-05 1.503007661085575819e-05 2.268022799398750067e-04
1.786112901754677296e-03 9.012799127958714962e-04 1.182440173579379916e-04 3.054622357012704015e-05 1.542881364002823830e-05 1.659950939938426018e-04
2.650490729138255119e-03 1.088144374080002308e-03 1.161371110356412828e-04 2.867838338715955615e-05 1.513920324214268476e-05 2.145126927644014359e-04
2.198663307353854179e-03 9.068595245480537415e-04 1.211151611641980708e-04 2.748829683696385473e-05 1.564318517921492457e-05 1.737284910632297397e-04
1.975182211026549339e-03 1.302298391237854958e-03 1.197324891109019518e-04 2.580342334113083780e-05 1.596114452695474029e-05 1.582420809427276254e-04
2.060804283246397972e-03 1.346253091469407082e-03 1.188246242236346006e-04 2.441187098156660795e-05 1.489207625127164647e-05 1.715762773528695107e-04
2.322015352547168732e-03 1.593776629306375980e-03 1.210188129334710538e-04 2.408986620139330626e-05 1.512157996330643073e-05 1.157667502411641181e-04
2.148293657228350639e-03 1.440854743123054504e-03 1.167810114566236734e-04 2.352448245801497251e-05 1.459422037441981956e-05 1.667463366175070405e-04
2.187252743169665337e-03 1.506243948824703693e-03 1.081746086128987372e-04 2.167623824789188802e-05 1.479410821048077196e-05 1.418708270648494363e-04
1.756792538799345493e-03 1.761934021487832069e-03 1.100836161640472710e-04 2.075948395940940827e-05 1.490280101279495284e-05 1.183609492727555335e-04
1.899939146824181080e-03 1.692948862910270691e-03 1.081362497643567622e-04 1.994886042666621506e-05 1.509790308773517609e-05 1.156911966972984374e-04
2.848110394552350044e-03 1.515007112175226212e-03 1.142454784712754190e-04 2.139844946213997900e-05 1.534344301035162061e-05 2.763378724921494722e-04
2.424628008157014847e-03 1.745412126183509827e-03 1.125830822275020182e-04 2.192129977629519999e-05 1.484248969063628465e-05 1.844736398197710514e-04
2.333192853257060051e-03 1.786000910215079784e-03 1.144744164776057005e-04 2.189294536947272718e-05 1.543096004752442241e-05 1.527150016045197845e-04
1.701276982203125954e-03 1.730700139887630939e-03 1.077168490155600011e-04 2.132164991053286940e-05 1.523821265436708927e-05 1.594301138538867235e-04
1.590448315255343914e-03 1.770041533745825291e-03 1.170315445051528513e-04 2.143994970538187772e-05 1.615781729924492538e-05 1.625634758966043591e-04
1.623719115741550922e-03 1.747799105942249298e-03 9.654809400672093034e-05 1.926420736708678305e-05 1.379833884129766375e-05 1.318300637649372220e-04
1.833208487369120121e-03 1.892626634798943996e-03 1.011358763207681477e-04 2.006828617595601827e-05 1.420815806341124699e-05 1.116716812248341739e-04
2.221052767708897591e-03 2.047307090833783150e-03 1.048664998961612582e-04 1.970832090592011809e-05 1.443220025976188481e-05 2.398432407062500715e-04
2.419468015432357788e-03 2.035055309534072876e-03 1.047315090545453131e-04 2.019891326199285686e-05 1.503343355580000207e-05 2.712636778596788645e-04
2.453935332596302032e-03 2.021130174398422241e-03 1.112307872972451150e-04 2.069054062303621322e-05 1.605216675670817494e-05 1.504886167822405696e-04
2.398969605565071106e-03 2.181557472795248032e-03 1.113070393330417573e-04 2.060486076516099274e-05 1.517060718470020220e-05 2.506690507289022207e-04
2.433751244097948074e-03 2.101188991218805313e-03 1.022660508169792593e-04 1.924078424053732306e-05 1.544475890113972127e-05 1.602802512934431434e-04
2.542681992053985596e-03 1.827165135182440281e-03 1.083821553038433194e-04 2.059442522295285016e-05 1.532239366497378796e-05 2.534653467591851950e-04
2.339604543522000313e-03 2.156497677788138390e-03 1.007586106425151229e-04 1.996145329030696303e-05 1.470062579755904153e-05 2.314978773938491940e-04
1.762947649694979191e-03 1.811913098208606243e-03 1.023054792312905192e-04 1.897406400530599058e-05 1.525228071841411293e-05 1.365851494483649731e-04
2.274074824526906013e-03 1.861665397882461548e-03 9.496369602857157588e-05 1.714938662189524621e-05 1.485127268097130582e-05 2.365857362747192383e-04
2.175769535824656487e-03 2.112580696120858192e-03 9.822328865993767977e-05 1.745308327372185886e-05 1.533922295493539423e-05 1.802407496143132448e-04
2.116126008331775665e-03 1.962634734809398651e-03 9.537935693515464664e-05 1.740783773129805923e-05 1.439902644051471725e-05 2.150885702576488256e-04
2.230801386758685112e-03 2.294136444106698036e-03 9.562290506437420845e-05 1.760260056471452117e-05 1.461353713239077479e-05 1.722179586067795753e-04
2.270968630909919739e-03 2.203922020271420479e-03 9.345972648588940501e-05 1.650201193115208298e-05 1.479036836826708168e-05 1.693851663731038570e-04
1.619974616914987564e-03 2.108270535245537758e-03 9.330020111519843340e-05 1.708483978291042149e-05 1.482315110479248688e-05 1.544355473015457392e-04
1.807117136195302010e-03 2.215483458712697029e-03 9.954871347872540355e-05 1.845316000981256366e-05 1.524026083643548191e-05 1.189036338473670185e-04
1.784842344932258129e-03 2.228660508990287781e-03 9.716070780996233225e-05 1.713576239126268774e-05 1.517642067483393475e-05 1.612929918337613344e-04
1.625670818611979485e-03 2.145935315638780594e-03 9.507805953035131097e-05 1.842318306444212794e-05 1.428112136636627838e-05 1.126371062127873302e-04
2.250815741717815399e-03 2.514578634873032570e-03 9.637905895942822099e-05 1.682010042713955045e-05 1.495788819738663733e-05 2.426550345262512565e-04
2.306281123310327530e-03 2.186930505558848381e-03 9.960536408470943570e-05 1.730497206153813750e-05 1.541599158372264355e-05 2.479193208273500204e-04
2.276321174576878548e-03 2.226051175966858864e-03 9.765959839569404721e-05 1.845238512032665312e-05 1.454504126741085202e-05 1.989608863368630409e-04
1.931727747432887554e-03 2.059806138277053833e-03 1.006858001346699893e-04 1.929825339175295085e-05 1.437527680536732078e-05 1.059320929925888777e-04
1.542718498967587948e-03 1.799867721274495125e-03 1.029823615681380033e-04 1.901496398204471916e-05 1.468342634325381368e-05 8.751375571591779590e-05
1.485667540691792965e-03 1.460625673644244671e-03 1.025328674586489797e-04 1.851224806159734726e-05 1.528567008790560067e-05 1.333447144133970141e-04
2.601563464850187302e-03 2.102182479575276375e-03 1.089110592147335410e-04 2.053184289252385497e-05 1.545588202134240419e-05 2.824347175192087889e-04
2.485520672053098679e-03 2.060885773971676826e-03 1.014188164845108986e-04 1.982682988455053419e-05 1.454006360290804878e-05 1.682513684500008821e-04
2.086968393996357918e-03 2.095820615068078041e-03 1.005456651910208166e-04 1.938120658451225609e-05 1.467332185711711645e-05 3.100221802014857531e-04
2.544532995671033859e-03 1.884163473732769489e-03 1.083539245883002877e-04 2.042336564045399427e-05 1.576159593241754919e-05 2.775639877654612064e-04
3.075692104175686836e-03 1.475193537771701813e-03 1.113005491788499057e-04 2.161947486456483603e-05 1.548064574308227748e-05 2.873392077162861824e-04
2.809239085763692856e-03 1.547834370285272598e-03 1.023403383442200720e-04 2.006172326218802482e-05 1.493817126174690202e-05 2.529902558308094740e-04
2.033643657341599464e-03 1.701056142337620258e-03 1.043767115334048867e-04 1.984204936889000237e-05 1.491061084379907697e-05 2.802405215334147215e-04
3.560537705197930336e-03 2.041709842160344124e-03 1.029256818583235145e-04 1.849664840847253799e-05 1.547934880363754928e-05 3.012061351910233498e-04
1.308407867327332497e-03 1.449671690352261066e-03 1.002341159619390965e-04 1.957122913154307753e-05 1.456385052733821794e-05 1.419137406628578901e-04
1.798740820959210396e-03 1.349937985651195049e-03 1.063542076735757291e-04 2.095139461744111031e-05 1.515420171926962212e-05 1.502173545304685831e-04
2.993511967360973358e-03 2.101227873936295509e-03 1.048430276568979025e-04 2.026404399657621980e-05 1.471119685447774827e-05 2.177583519369363785e-04
1.447401940822601318e-03 1.532258233055472374e-03 1.043057272909209132e-04 1.952446655195672065e-05 1.496425829827785492e-05 1.331771782133728266e-04
2.119605196639895439e-03 2.100346609950065613e-03 1.081060836440883577e-04 1.981812602025456727e-05 1.529631299490574747e-05 2.727471874095499516e-04
