3.645173013210296631e-01 7.951932027935981750e-03 -1.586742000654339790e-03 5.656218272633850574e-04 2.044100780040025711e-03 4.557898268103599548e-03
3.861311376094818115e-01 6.862352602183818817e-03 -1.077846856787800789e-03 1.749771327013149858e-04 2.336086705327033997e-03 6.091270595788955688e-03
3.761045932769775391e-01 1.081178057938814163e-02 -1.732720120344310999e-04 -5.368606070987880230e-05 1.678350265137851238e-03 6.699243560433387756e-03
3.668703436851501465e-01 1.184883527457714081e-02 -6.946853827685117722e-04 -2.001400571316480637e-04 6.539468886330723763e-04 6.208319682627916336e-03
3.851699233055114746e-01 1.064325869083404541e-02 -5.000433302484452724e-04 -2.767653768387390301e-07 -2.966508327517658472e-04 6.949027534574270248e-03
3.920634686946868896e-01 1.321258954703807831e-02 -6.205062381923198700e-04 2.005076676141470671e-04 -5.486713489517569542e-04 8.101409301161766052e-03
4.079322218894958496e-01 1.725606806576251984e-02 -8.405971457250416279e-04 4.497346817515790462e-04 -3.452022792771458626e-04 1.010702364146709442e-02
4.236002564430236816e-01 1.759746484458446503e-02 -7.548624998889863491e-04 4.494509630603715777e-05 6.665498221991583705e-05 1.119221281260251999e-02
4.331157207489013672e-01 1.744933240115642548e-02 -9.958822047337889671e-04 -4.391024776850827038e-05 4.124221450183540583e-04 1.171906758099794388e-02
4.311991631984710693e-01 1.957374624907970428e-02 -3.073271072935312986e-04 -1.143437402788549662e-04 4.786968056578189135e-04 1.153002399951219559e-02
4.378252327442169189e-01 1.778277195990085602e-02 -3.392398866708390415e-05 -5.718739703297615051e-05 3.941624017897993326e-04 1.146834809333086014e-02
4.416420161724090576e-01 1.313733309507369995e-02 -1.840136683313176036e-04 4.009535041404888034e-05 2.081729035126045346e-04 1.159815676510334015e-02
4.306168258190155029e-01 1.911197230219841003e-02 -9.247613343177363276e-05 5.273784336168318987e-05 1.348033547401428223e-04 1.191113330423831940e-02
4.374782145023345947e-01 1.560926437377929688e-02 -2.921617706306278706e-04 4.615614670910872519e-05 2.939192563644610345e-05 1.214721333235502243e-02
4.231332242488861084e-01 2.048793062567710876e-02 -4.429838736541569233e-05 -4.929917122353799641e-05 -1.552212415845133364e-05 1.203899551182985306e-02
4.374375343322753906e-01 1.993518136441707611e-02 -2.237392473034560680e-04 1.326775818597525358e-04 -7.665555458515882492e-04 1.244568172842264175e-02
4.540972113609313965e-01 2.346408739686012268e-02 -9.316233918070793152e-04 4.311604061513207853e-05 -9.875142714008688927e-04 1.287833787500858307e-02
4.846829175949096680e-01 2.019825577735900879e-02 -1.036007888615131378e-03 4.612263001035898924e-04 -2.726784732658416033e-04 1.465198397636413574e-02
4.963678419589996338e-01 2.466642856597900391e-02 -9.146268712356686592e-04 2.030223695328459144e-04 6.235190085135400295e-04 1.599341072142124176e-02
4.758827388286590576e-01 2.619617618620395660e-02 -6.611770368181169033e-04 -3.993617137894034386e-04 9.381292038597166538e-04 1.411290001124143600e-02
4.735319614410400391e-01 2.233528345823287964e-02 -1.454487792216241360e-04 -2.711552078835666180e-04 6.764848367311060429e-04 1.301769260317087173e-02
4.672991335391998291e-01 1.997709460556507111e-02 5.635445268126204610e-05 -2.446377402520738542e-05 1.293502573389559984e-04 1.259783469140529633e-02
4.762434661388397217e-01 2.186131663620471954e-02 -1.443708169972524047e-04 1.521123194834217429e-04 -2.417748910374939442e-04 1.335233822464942932e-02
4.765607416629791260e-01 2.169505506753921509e-02 -3.599955525714904070e-04 8.062392589636147022e-05 -2.892920456361025572e-04 1.368430349975824356e-02
4.865504801273345947e-01 2.273417077958583832e-02 -4.092427552677690983e-04 1.736925332807004452e-05 -1.233380753546953201e-04 1.432269066572189331e-02
4.907228052616119385e-01 2.221778035163879395e-02 -3.061369934584945440e-04 -4.970241207047365606e-05 1.034958040690980852e-04 1.408910471946001053e-02
4.804191887378692627e-01 2.514439634978771210e-02 -2.296039747307077050e-04 -5.727128882426768541e-05 1.774660631781443954e-04 1.373539119958877563e-02
4.864640533924102783e-01 1.816487126052379608e-02 1.479948114138096571e-04 -7.628593448316678405e-05 1.289612555410712957e-04 1.307188533246517181e-02
4.708839058876037598e-01 2.227487415075302124e-02 -8.088292088359594345e-05 9.785203292267397046e-05 6.477948045358061790e-05 1.293958164751529694e-02
4.898404479026794434e-01 1.994522474706172943e-02 -1.618831011001020670e-04 -2.037270860455464572e-05 -1.727595372358337045e-05 1.358582638204097748e-02
4.826098084449768066e-01 2.063061483204364777e-02 -1.634108775760978460e-04 1.799049277906306088e-05 -5.036745278630405664e-05 1.348873041570186615e-02
4.810379147529602051e-01 2.087235078215599060e-02 -2.840524830389767885e-04 -9.222653170581907034e-05 1.223035269504180178e-05 1.300359424203634262e-02
4.825309216976165771e-01 2.201872691512107849e-02 -1.747359201544895768e-04 3.883990575559437275e-05 4.699397686636075377e-05 1.330713462084531784e-02
4.864771962165832520e-01 2.041172608733177185e-02 -1.266995677724480629e-04 5.125287498231045902e-05 1.892496402433607727e-05 1.360481698065996170e-02
4.774362742900848389e-01 2.021055668592453003e-02 -8.031987090362235904e-05 -1.169251772807911038e-04 5.937292007729411125e-05 1.266085263341665268e-02
4.740399718284606934e-01 2.219388447701931000e-02 -1.758403814164921641e-04 -2.199912341893650591e-05 4.274624734534882009e-05 1.269421260803937912e-02
4.910203516483306885e-01 1.872740313410758972e-02 -8.519663970218971372e-05 -3.502563413348980248e-05 -3.278944404883077368e-06 1.332153845578432083e-02
4.777398109436035156e-01 2.151429839432239532e-02 -1.055708198691718280e-04 3.542654303601011634e-05 1.888451515696942806e-05 1.304191257804632187e-02
4.795870184898376465e-01 2.187655307352542877e-02 1.624187279958277941e-04 -3.835140159935690463e-05 -1.535148840048350394e-05 1.304971333593130112e-02
4.880847334861755371e-01 1.988705433905124664e-02 -3.045313351321965456e-04 -1.813237759051844478e-05 2.997972296725492924e-05 1.335958298295736313e-02
4.850829839706420898e-01 2.195569686591625214e-02 -1.765248816809616983e-05 3.027458660653792322e-05 2.948868859675712883e-05 1.358425803482532501e-02
4.841150343418121338e-01 2.116342075169086456e-02 4.813926352653652430e-05 -1.354288833681493998e-04 5.310965661919908598e-06 1.287877094000577927e-02
4.788013994693756104e-01 1.961754821240901947e-02 -7.649942563148215413e-05 -8.729229739401489496e-05 -9.379347829963080585e-06 1.223619375377893448e-02
4.852577149868011475e-01 1.842081546783447266e-02 -2.314348967047408223e-04 -1.633812498766928911e-04 8.784336387179791927e-06 1.161356922239065170e-02
4.837321341037750244e-01 1.867636665701866150e-02 7.053486478980630636e-05 7.219940744107589126e-05 1.202046951220836490e-05 1.133538410067558289e-02
4.843792617321014404e-01 1.840910874307155609e-02 -1.757083664415404201e-04 6.006634976074565202e-07 3.152487261104397476e-05 1.155032031238079071e-02
4.851495325565338135e-01 1.732265949249267578e-02 -5.264317587716504931e-05 -7.270599598996341228e-05 -2.012424374697729945e-05 1.091099902987480164e-02
4.791739881038665771e-01 1.863199844956398010e-02 -1.035165842040441930e-04 -4.964281833963468671e-05 2.603206667117774487e-05 1.074079237878322601e-02
4.855388700962066650e-01 1.764478720724582672e-02 -1.457166799809783697e-04 -4.697432450484484434e-05 8.594100108894053847e-06 1.050766184926033020e-02
4.879753589630126953e-01 1.622407324612140656e-02 1.202884450322017074e-04 -1.435190461052116007e-05 -1.667638207436539233e-05 1.034365128725767136e-02
4.792109727859497070e-01 1.620250567793846130e-02 -3.400598070584237576e-04 -5.719903128920122981e-05 -6.003767339279875159e-06 9.690556675195693970e-03
4.777553081512451172e-01 1.646719127893447876e-02 -6.281163950916379690e-05 -2.804750693030655384e-05 9.091251740755978972e-06 9.407212026417255402e-03
4.812417924404144287e-01 1.289934199303388596e-02 -1.696862454991787672e-04 2.231775170002947561e-06 6.972968549234792590e-07 9.365279227495193481e-03
4.874123632907867432e-01 1.769275590777397156e-02 1.016528258332982659e-04 1.388973032590001822e-05 -1.801723374228458852e-05 9.368990547955036163e-03
4.914785921573638916e-01 1.338958647102117538e-02 -6.051767559256404638e-05 -3.784276486840099096e-05 2.213860534538980573e-05 9.228692390024662018e-03
4.939032196998596191e-01 1.252013165503740311e-02 -1.261332654394209385e-04 -7.171587640186771750e-05 -1.997698018385563046e-05 9.160336107015609741e-03
4.927890300750732422e-01 1.069752499461174011e-02 -2.961128302558790892e-07 -1.707879891910124570e-05 -9.869490895653143525e-07 8.836288005113601685e-03
4.872847497463226318e-01 1.282506622374057770e-02 -2.652131952345371246e-04 -5.833483373862691224e-05 1.647522185521665961e-05 8.633950725197792053e-03
4.854787290096282959e-01 1.341880299150943756e-02 2.477404777891933918e-04 -2.528458935557864606e-05 7.306172847165726125e-06 8.447716012597084045e-03
4.823696613311767578e-01 1.150938589125871658e-02 -7.802036998327821493e-05 -5.672854604199528694e-05 -2.202182440669275820e-05 8.075322955846786499e-03
4.916681945323944092e-01 1.175605691969394684e-02 -1.649668120080605149e-04 -2.838880209310445935e-05 9.565622349327895790e-06 8.217175491154193878e-03
4.937053024768829346e-01 9.877775795757770538e-03 -4.290419165045022964e-04 -1.703786983853206038e-05 4.518863352132029831e-05 8.392432704567909241e-03
4.834511578083038330e-01 1.055874954909086227e-02 -1.623067073523998260e-04 2.216592838522046804e-05 -2.682187982827599626e-07 7.649823557585477829e-03
4.889786541461944580e-01 1.208192016929388046e-02 -7.086094410624355078e-05 -5.823798346682451665e-05 1.679505294305272400e-05 8.220134302973747253e-03
4.894566237926483154e-01 1.452368404716253281e-02 -2.341450453968718648e-04 -1.435617468814598396e-05 8.496787813783157617e-06 7.960886694490909576e-03
5.002766251564025879e-01 1.092262007296085358e-02 -3.106340882368385792e-04 -2.037066224147565663e-05 3.720041786436922848e-05 8.095338009297847748e-03
4.916073679924011230e-01 7.187336217612028122e-03 4.132471440243534744e-05 -2.105782186845317483e-06 -3.197118530806619674e-06 7.810462266206741333e-03
4.999753236770629883e-01 6.163567770272493362e-03 -3.467682836344465613e-05 -2.847826181096024811e-05 -1.451134266972076148e-05 7.151132915169000626e-03
4.917825758457183838e-01 6.844962947070598602e-03 -3.083321280428208411e-05 2.396958370809443295e-05 -1.305898331338539720e-05 7.697337772697210312e-03
4.872538149356842041e-01 1.146671175956726074e-02 -1.971244491869583726e-04 -4.866631934419274330e-05 -1.740271363814827055e-05 7.451118901371955872e-03
5.022947788238525391e-01 9.309683926403522491e-03 8.074521247181110084e-06 -1.871230961114633828e-05 -6.401050086424220353e-06 7.879999466240406036e-03
4.839873015880584717e-01 1.004984229803085327e-02 -1.190370749100111425e-04 -1.373179657093714923e-05 2.713532921916339546e-05 7.313851267099380493e-03
4.954468905925750732e-01 8.058001287281513214e-03 -1.057806948665529490e-04 -5.331624925020150840e-05 -7.466092938557267189e-06 7.494376972317695618e-03
4.862643778324127197e-01 6.305871065706014633e-03 -2.081489365082234144e-04 -3.630664286902174354e-05 -9.376918569614645094e-06 7.485874928534030914e-03
4.889268875122070312e-01 1.087483484297990799e-02 -1.150110183516517282e-04 5.379517460823990405e-06 -1.154111714640748687e-06 7.436671294271945953e-03
4.958404898643493652e-01 9.089296683669090271e-03 3.820635174633935094e-05 -5.567264452110975981e-05 -1.750690171320457011e-05 7.153957616537809372e-03
4.927073419094085693e-01 1.001857779920101166e-02 -1.195702789118513465e-04 -1.907194746308960021e-05 1.649742989684455097e-05 7.542642299085855484e-03
4.882612824440002441e-01 1.261207740753889084e-02 -1.944455434568226337e-04 -3.235780241084285080e-05 -5.454588517750380561e-06 7.240298204123973846e-03
4.925330281257629395e-01 1.111727021634578705e-02 2.400346274953335524e-04 5.528350357053568587e-06 3.575060645744088106e-06 7.391764782369136810e-03
4.846748411655426025e-01 1.228610333055257797e-02 -2.565539616625756025e-04 -7.006115083640906960e-07 3.643674972408916801e-06 7.202495355159044266e-03
4.852930009365081787e-01 1.100021880120038986e-02 -6.944355118321254849e-05 -3.038186878256965429e-05 -2.347873487451579422e-05 7.168248761445283890e-03
4.904126226902008057e-01 1.167653035372495651e-02 -7.649101462448015809e-05 -2.508411853341385722e-05 1.091899775929050520e-06 7.517980411648750305e-03
4.832596480846405029e-01 1.475028600543737411e-02 -3.135768929496407509e-04 -4.429570253705605865e-05 1.761942621669732034e-05 7.006431464105844498e-03
4.927827715873718262e-01 1.389985438436269760e-02 4.405520667205564678e-05 1.531815541966352612e-05 -1.993377190956380218e-05 8.027334697544574738e-03
4.883376359939575195e-01 1.374948769807815552e-02 9.207448601955547929e-05 -1.157635688286973163e-05 -1.236253592651337385e-05 7.748933508992195129e-03
4.919583499431610107e-01 1.006906107068061829e-02 6.506640056613832712e-05 2.092446084134280682e-05 -4.738493771583307534e-06 7.091541308909654617e-03
4.923704862594604492e-01 1.605661958456039429e-02 -9.046085324371233582e-05 -1.989954398595727980e-05 -2.220038004452362657e-05 7.637499831616878510e-03
4.932402074337005615e-01 1.148239802569150925e-02 -1.643411815166473389e-04 1.646048531256383285e-06 -4.635620371118420735e-06 6.788896862417459488e-03
4.865722060203552246e-01 1.278288848698139191e-02 -1.678491025813855231e-05 -2.770344690361525863e-05 5.678588422597385943e-06 6.938042584806680679e-03
4.892842173576354980e-01 1.368565671145915985e-02 -1.536676136311143637e-04 -5.117574346513720229e-06 1.147763578046578914e-05 7.033128291368484497e-03
4.765279591083526611e-01 1.051673106849193573e-02 -2.373051211179699749e-05 -1.046856141329044476e-05 8.207680366467684507e-07 6.815350148826837540e-03
4.918281137943267822e-01 1.548616308718919754e-02 7.058833580231294036e-05 1.652741229918319732e-05 8.817056368570774794e-06 7.386995479464530945e-03
4.811331331729888916e-01 1.117223594337701797e-02 1.063123272615484893e-04 1.632224666536785662e-05 -3.416066465433686972e-05 6.967262364923954010e-03
4.894741773605346680e-01 1.125347241759300232e-02 8.405357948504388332e-05 2.339666025363840163e-06 -1.299770337936934084e-05 6.725505925714969635e-03
4.864547252655029297e-01 9.886588901281356812e-03 -1.621674164198338985e-04 -2.287524330313317478e-05 -6.847121312603121623e-06 7.065839599817991257e-03
4.896718561649322510e-01 1.189831923693418503e-02 -8.131792128551751375e-07 9.496938218944706023e-06 4.927603640680899844e-07 7.232640404254198074e-03
4.863101243972778320e-01 8.093611337244510651e-03 -1.100405715988017619e-04 -3.925625424017198384e-05 -1.064834486896870658e-05 6.952128838747739792e-03
4.922406673431396484e-01 9.550997987389564514e-03 -2.949787303805351257e-04 6.839712568762479350e-06 3.650689541245810688e-05 7.186150178313255310e-03
4.866689145565032959e-01 7.170470431447029114e-03 -5.685183168679941446e-06 -4.207050733384676278e-05 -1.290290310862474144e-05 7.104406133294105530e-03
4.916908442974090576e-01 1.222502812743186951e-02 -1.305588230025023222e-04 2.176838097511790693e-05 -1.588342638569884002e-05 7.394777610898017883e-03
4.855198860168457031e-01 9.505007416009902954e-03 -8.840187365422025323e-05 -7.075674147927202284e-06 1.560008422529790550e-05 6.881058216094970703e-03
4.894290566444396973e-01 8.917501196265220642e-03 -3.036743237316841260e-06 1.752503339957911521e-05 -3.733944822670309804e-06 7.068077102303504944e-03
4.915173351764678955e-01 1.194629073143005371e-02 -1.022317956085316837e-04 -1.075841191777726635e-05 -2.635591954458504915e-06 7.308389991521835327e-03
4.901842772960662842e-01 1.036293059587478638e-02 -2.082906576106324792e-06 9.768497875484172255e-06 2.606627822387963533e-05 7.316241040825843811e-03
4.878029823303222656e-01 8.845373988151550293e-03 -1.559471565997228026e-04 -2.325867535546422005e-05 -1.123242554967873730e-06 7.045802660286426544e-03
4.854699075222015381e-01 1.027199905365705490e-02 2.832167956512421370e-05 1.548284126329235733e-05 -6.427326297853142023e-07 7.123954594135284424e-03
4.932796061038970947e-01 9.159691631793975830e-03 -1.161563413916155696e-04 -9.508484254183713347e-06 2.384795698162633926e-05 7.702299859374761581e-03
4.930005967617034912e-01 7.342764176428318024e-03 -1.886002792161889374e-05 6.208089871506672353e-06 1.117846477427519858e-05 7.311915047466754913e-03
4.896720647811889648e-01 1.374814473092556000e-02 -1.169957104139029980e-04 -1.416008490195963532e-05 4.702366823039483279e-06 7.480163592845201492e-03
4.902021884918212891e-01 1.134564727544784546e-02 1.385787436447571963e-05 1.907679143187124282e-05 5.940205483057070524e-07 7.093628402799367905e-03
4.914039969444274902e-01 1.276183314621448517e-02 1.497168268542736769e-04 3.147394454572349787e-05 1.343924304819665849e-05 7.451073266565799713e-03
4.914405345916748047e-01 1.125720422714948654e-02 -2.959019620902836323e-04 -2.535082785470876843e-05 3.552237831172533333e-05 7.135866675525903702e-03
4.885707497596740723e-01 1.171365845948457718e-02 -1.157010265160351992e-04 -2.011169635807164013e-05 -4.765097401104867458e-07 7.275479845702648163e-03
4.911787211894989014e-01 1.236749067902565002e-02 -2.263267087982967496e-04 -4.208669997751712799e-05 6.043520897947018966e-06 7.153347134590148926e-03
4.912669062614440918e-01 6.826134864240884781e-03 -4.476843605516478419e-05 -1.054630592989269644e-05 8.493032510159537196e-06 7.035787217319011688e-03
4.806897640228271484e-01 1.544985175132751465e-02 -8.812329906504601240e-05 -2.510560989321675152e-05 1.295283595936780330e-06 6.906828843057155609e-03
4.924716353416442871e-01 4.920573905110359192e-03 -1.367968652630224824e-04 8.253650776168797165e-07 2.020598731178324670e-05 7.368042599409818649e-03
4.895104169845581055e-01 1.831557229161262512e-02 1.600019604666158557e-04 5.669639722327701747e-05 -4.319565050536766648e-06 6.995473057031631470e-03
4.882501363754272461e-01 1.216285303235054016e-02 -1.058099151123315096e-04 -2.362469240324571729e-05 -2.044933353317901492e-05 7.333920802921056747e-03
4.914114475250244141e-01 9.935082867741584778e-03 9.085957572096958756e-06 1.761995372362434864e-05 2.965237399621400982e-05 7.398232817649841309e-03
4.867533445358276367e-01 1.112442556768655777e-02 -3.603379591368138790e-04 1.614968823560047895e-05 8.607637028035242110e-06 7.374484557658433914e-03
4.941833019256591797e-01 1.082977186888456345e-02 -2.524633600842207670e-04 -3.344671495142392814e-05 -8.125315616780426353e-06 7.297145202755928040e-03
4.882491827011108398e-01 7.835391908884048462e-03 -8.922704000724479556e-05 -6.198029041115660220e-07 6.486086931545287371e-06 7.233742158859968185e-03
4.871678054332733154e-01 1.128621865063905716e-02 -1.706184557406231761e-04 -1.284824102185666561e-04 3.160673804813995957e-05 6.606123410165309906e-03
