1.259686128953912000e+15
1.259686129053774000e+15
1.259686129153701000e+15
1.259686129253662000e+15
1.259686129353654000e+15
1.259686129453645000e+15
1.259686129553540000e+15
1.259686129653371000e+15
1.259686129753236000e+15
1.259686129853163000e+15
1.259686129953153250e+15
1.259686130052986250e+15
1.259686130152785000e+15
1.259686130252618000e+15
1.259686130352513000e+15
1.259686130452440000e+15
1.259686130552367000e+15
1.259686130652262000e+15
1.259686130752255250e+15
1.259686130852247000e+15
1.259686130952271000e+15
1.259686131052261750e+15
1.259686131152189000e+15
1.259686131252084000e+15
1.259686131352012250e+15
1.259686131451844000e+15
1.259686131551676000e+15
1.259686131651602000e+15
1.259686131751562000e+15
1.259686131851495000e+15
1.259686131951354000e+15
1.259686132051152000e+15
1.259686132150952000e+15
1.259686132250784250e+15
1.259686132350680000e+15
1.259686132450544000e+15
1.259686132550440000e+15
1.259686132650334000e+15
1.259686132750133000e+15
1.259686132849934000e+15
1.259686132949702000e+15
1.259686133049501000e+15
1.259686133149332000e+15
1.259686133249196000e+15
1.259686133349123000e+15
1.259686133449050000e+15
1.259686133548977250e+15
1.259686133648906000e+15
1.259686133748706000e+15
1.259686133848505000e+15
1.259686133948336000e+15
1.259686134048135000e+15
1.259686134147935750e+15
1.259686134247832000e+15
1.259686134347759000e+15
1.259686134447653000e+15
1.259686134547515750e+15
1.259686134647477000e+15
1.259686134747405000e+15
1.259686134847332000e+15
1.259686134947131250e+15
1.259686135046930000e+15
1.259686135146699000e+15
1.259686135246530000e+15
1.259686135346456000e+15
1.259686135446384000e+15
1.259686135546183750e+15
1.259686135645984000e+15
1.259686135745752000e+15
1.259686135845550000e+15
1.259686135945414000e+15
1.259686136045342000e+15
1.259686136145302000e+15
1.259686136245230000e+15
1.259686136345067000e+15
1.259686136444892250e+15
1.259686136544851000e+15
1.259686136644684000e+15
1.259686136744515000e+15
1.259686136844218000e+15
1.259686136943921000e+15
1.259686137043690000e+15
1.259686137143585000e+15
1.259686137243384000e+15
1.259686137343152000e+15
1.259686137442952000e+15
1.259686137542815000e+15
1.259686137642742000e+15
1.259686137742573000e+15
1.259686137842406000e+15
1.259686137942206250e+15
1.259686138042070000e+15
1.259686138141964000e+15
1.259686138241762000e+15
1.259686138341564000e+15
1.259686138441427000e+15
1.259686138541323250e+15
1.259686138641250250e+15
1.259686138741251000e+15
1.259686138841208250e+15
1.259686138941194000e+15
1.259686139041025000e+15
1.259686139140857000e+15
1.259686139240655000e+15
1.259686139340424000e+15
1.259686139440287000e+15
1.259686139540215000e+15
1.259686139640077000e+15
1.259686139739920000e+15
1.259686139839774250e+15
1.259686139939604000e+15
1.259686140039469000e+15
1.259686140139362750e+15
1.259686140239162000e+15
1.259686140338931000e+15
1.259686140438763250e+15
1.259686140538657000e+15
1.259686140638553250e+15
1.259686140738417250e+15
1.259686140838249000e+15
1.259686140938113000e+15
1.259686141037975000e+15
1.259686141137903000e+15
1.259686141237831000e+15
1.259686141337791000e+15
1.259686141437718250e+15
1.259686141537639750e+15
1.259686141637540000e+15
1.259686141737469250e+15
1.259686141837300000e+15
1.259686141937164000e+15
1.259686142036994000e+15
1.259686142136826000e+15
1.259686142236595000e+15
1.259686142336426000e+15
1.259686142436290000e+15
1.259686142536184000e+15
1.259686142636111000e+15
1.259686142736008000e+15
1.259686142835897000e+15
1.259686142935671750e+15
1.259686143035406000e+15
1.259686143135142000e+15
1.259686143234910000e+15
1.259686143334780250e+15
1.259686143434667000e+15
1.259686143534595000e+15
1.259686143634523250e+15
1.259686143734514000e+15
1.259686143834416250e+15
1.259686143934273000e+15
1.259686144034200000e+15
1.259686144134129000e+15
1.259686144233997750e+15
1.259686144333827000e+15
1.259686144433751000e+15
1.259686144533646000e+15
1.259686144633541750e+15
1.259686144733438000e+15
1.259686144833302000e+15
1.259686144933164000e+15
1.259686145033059000e+15
1.259686145132956000e+15
1.259686145232918000e+15
1.259686145332881000e+15
1.259686145432737750e+15
1.259686145532538000e+15
1.259686145632343000e+15
1.259686145732173000e+15
1.259686145832096000e+15
1.259686145931992000e+15
1.259686146031862000e+15
1.259686146131752000e+15
1.259686146231616000e+15
1.259686146331511000e+15
1.259686146431406000e+15
1.259686146531301000e+15
1.259686146631229250e+15
1.259686146731190000e+15
1.259686146831020750e+15
1.259686146930852000e+15
1.259686147030687750e+15
1.259686147130612000e+15
1.259686147230597000e+15
1.259686147330594000e+15
1.259686147430586000e+15
1.259686147530513000e+15
1.259686147630440000e+15
1.259686147730243000e+15
1.259686147830040000e+15
1.259686147929901750e+15
1.259686148029670000e+15
1.259686148129407250e+15
1.259686148229174750e+15
1.259686148328909250e+15
1.259686148428645000e+15
1.259686148528445000e+15
1.259686148628277000e+15
1.259686148728140000e+15
1.259686148828003000e+15
1.259686148927835000e+15
1.259686149027699000e+15
1.259686149127595000e+15
1.259686149227425000e+15
1.259686149327160750e+15
1.259686149426896000e+15
1.259686149526697000e+15
1.259686149626527000e+15
1.259686149726326000e+15
1.259686149826094750e+15
1.259686149925895000e+15
1.259686150025759000e+15
1.259686150125653000e+15
1.259686150225453250e+15
1.259686150325253000e+15
1.259686150425180000e+15
1.259686150525173000e+15
1.259686150625002750e+15
1.259686150724835000e+15
1.259686150824731000e+15
1.259686150924625750e+15
1.259686151024490000e+15
1.259686151124289000e+15
1.259686151224184000e+15
1.259686151323985000e+15
1.259686151423848250e+15
1.259686151523744000e+15
1.259686151623669750e+15
1.259686151723658750e+15
1.259686151823591000e+15
1.259686151923486000e+15
1.259686152023414000e+15
1.259686152123371750e+15
1.259686152223342250e+15
1.259686152323355000e+15
1.259686152423348000e+15
1.259686152523243000e+15
1.259686152623009000e+15
1.259686152722809000e+15
1.259686152822769000e+15
1.259686152922730000e+15
1.259686153022689000e+15
1.259686153122520000e+15
1.259686153222415250e+15
1.259686153322278000e+15
1.259686153422174000e+15
1.259686153522167000e+15
1.259686153622060000e+15
1.259686153721989250e+15
1.259686153821948000e+15
1.259686153921844000e+15
1.259686154021739000e+15
1.259686154121667250e+15
1.259686154221657000e+15
1.259686154321617250e+15
1.259686154421609000e+15
1.259686154521664250e+15
1.259686154621753000e+15
1.259686154721775000e+15
1.259686154821766750e+15
1.259686154921758250e+15
1.259686155021750000e+15
1.259686155121813000e+15
1.259686155221894000e+15
1.259686155321982250e+15
1.259686155421972000e+15
1.259686155521963000e+15
1.259686155622019000e+15
1.259686155722045250e+15
1.259686155821971000e+15
1.259686155921960750e+15
1.259686156021985000e+15
1.259686156121945000e+15
1.259686156221840750e+15
1.259686156321769000e+15
1.259686156421759750e+15
1.259686156521751250e+15
1.259686156621742000e+15
1.259686156721638000e+15
1.259686156821508250e+15
1.259686156921399000e+15
1.259686157021325000e+15
1.259686157121284000e+15
1.259686157221276000e+15
1.259686157321236000e+15
1.259686157421227000e+15
1.259686157521219000e+15
1.259686157621211000e+15
1.259686157721172000e+15
1.259686157821129000e+15
1.259686157921057000e+15
1.259686158021049000e+15
1.259686158121041000e+15
1.259686158221063250e+15
1.259686158320990750e+15
1.259686158420919000e+15
1.259686158520879000e+15
1.259686158620741750e+15
1.259686158720574750e+15
1.259686158820372750e+15
1.259686158920172000e+15
1.259686159019972000e+15
1.259686159119773250e+15
1.259686159219571000e+15
1.259686159319500000e+15
1.259686159419427250e+15
1.259686159519361000e+15
1.259686159619287000e+15
1.259686159719209000e+15
1.259686159819040000e+15
1.259686159918905000e+15
1.259686160018767750e+15
1.259686160118662000e+15
1.259686160218494000e+15
1.259686160318230000e+15
1.259686160417998000e+15
1.259686160517830250e+15
1.259686160617693000e+15
1.259686160717524000e+15
1.259686160817324000e+15
1.259686160917124000e+15
1.259686161017020000e+15
1.259686161116954000e+15
1.259686161216842000e+15
1.259686161316610000e+15
1.259686161416346000e+15
1.259686161516178000e+15
1.259686161615976000e+15
1.259686161715744000e+15
1.259686161815608000e+15
1.259686161915503000e+15
1.259686162015334000e+15
1.259686162115038250e+15
1.259686162214710000e+15
1.259686162314509750e+15
1.259686162414276000e+15
1.259686162514012000e+15
1.259686162613812000e+15
1.259686162713707250e+15
1.259686162813604000e+15
1.259686162913497000e+15
1.259686163013424750e+15
1.259686163113289750e+15
1.259686163213153000e+15
1.259686163313048000e+15
1.259686163412912250e+15
1.259686163512838000e+15
1.259686163612767000e+15
1.259686163712599000e+15
1.259686163812461000e+15
1.259686163912324000e+15
1.259686164012316000e+15
1.259686164112341000e+15
1.259686164212332000e+15
1.259686164312356000e+15
1.259686164412314000e+15
1.259686164512210250e+15
1.259686164612170000e+15
1.259686164712033000e+15
1.259686164811833000e+15
1.259686164911696000e+15
1.259686165011592000e+15
1.259686165111456000e+15
1.259686165211384000e+15
1.259686165311247000e+15
1.259686165411173750e+15
1.259686165511165000e+15
1.259686165611030000e+15
1.259686165710766000e+15
1.259686165810564000e+15
1.259686165910428000e+15
1.259686166010353000e+15
1.259686166110228000e+15
1.259686166210140000e+15
1.259686166309922000e+15
1.259686166409701750e+15
1.259686166509394000e+15
1.259686166609137000e+15
1.259686166708982000e+15
1.259686166808892000e+15
1.259686166908643000e+15
1.259686167008421250e+15
1.259686167108238000e+15
1.259686167208082000e+15
1.259686167308025000e+15
1.259686167407966250e+15
1.259686167507748250e+15
1.259686167607560750e+15
1.259686167707407000e+15
1.259686167807221000e+15
1.259686167907034000e+15
1.259686168006849000e+15
1.259686168106745000e+15
1.259686168206672250e+15
1.259686168306599750e+15
1.259686168406463250e+15
1.259686168506229000e+15
1.259686168605964000e+15
1.259686168705796000e+15
1.259686168805723000e+15
1.259686168905681000e+15
1.259686169005552000e+15
1.259686169105408000e+15
1.259686169205272000e+15
1.259686169305104000e+15
1.259686169405030000e+15
1.259686169504990000e+15
1.259686169604917000e+15
1.259686169704877000e+15
1.259686169804805000e+15
1.259686169904699000e+15
1.259686170004563000e+15
1.259686170104395250e+15
1.259686170204162000e+15
1.259686170303962000e+15
1.259686170403824750e+15
1.259686170503561000e+15
1.259686170603265000e+15
1.259686170703032000e+15
1.259686170802768000e+15
1.259686170902598750e+15
1.259686171002431750e+15
1.259686171102232000e+15
1.259686171202093750e+15
1.259686171301989000e+15
1.259686171401860000e+15
1.259686171501781000e+15
1.259686171601613000e+15
1.259686171701539000e+15
1.259686171801467000e+15
1.259686171901363250e+15
1.259686172001195000e+15
1.259686172100963000e+15
1.259686172200793000e+15
1.259686172300720000e+15
1.259686172400715750e+15
1.259686172500608000e+15
1.259686172600505000e+15
1.259686172700303000e+15
1.259686172800135000e+15
1.259686172899999000e+15
1.259686172999926000e+15
1.259686173099822000e+15
1.259686173199717000e+15
1.259686173299579750e+15
1.259686173399381000e+15
1.259686173499149000e+15
1.259686173598980000e+15
1.259686173698843000e+15
1.259686173798738000e+15
1.259686173898608000e+15
1.259686173998498000e+15
1.259686174098424000e+15
1.259686174198352000e+15
1.259686174298224000e+15
1.259686174398016000e+15
1.259686174497789000e+15
1.259686174597614000e+15
1.259686174697478000e+15
1.259686174797406000e+15
1.259686174897335000e+15
1.259686174997261000e+15
1.259686175097156000e+15
1.259686175197019000e+15
1.259686175296857000e+15
1.259686175396778750e+15
1.259686175496707000e+15
1.259686175596506000e+15
1.259686175696304750e+15
1.259686175796105750e+15
1.259686175895904000e+15
1.259686175995705250e+15
1.259686176095536000e+15
1.259686176195431000e+15
1.259686176295359250e+15
1.259686176395159000e+15
1.259686176495021000e+15
1.259686176594821000e+15
1.259686176694621750e+15
1.259686176794420000e+15
1.259686176894285000e+15
1.259686176994019000e+15
1.259686177093723000e+15
1.259686177193586000e+15
1.259686177293449000e+15
1.259686177393314000e+15
1.259686177493209000e+15
1.259686177593136000e+15
1.259686177693160000e+15
1.259686177793120750e+15
1.259686177892983000e+15
1.259686177992782000e+15
1.259686178092646000e+15
1.259686178192574000e+15
1.259686178292502250e+15
1.259686178392460000e+15
1.259686178492292000e+15
1.259686178592092000e+15
1.259686178691860000e+15
1.259686178791723000e+15
1.259686178891586000e+15
1.259686178991545000e+15
1.259686179091506000e+15
1.259686179191370000e+15
1.259686179291178000e+15
1.259686179391000000e+15
1.259686179490767000e+15
1.259686179590536000e+15
1.259686179690367000e+15
1.259686179790230000e+15
1.259686179890070000e+15
1.259686179989893000e+15
1.259686180089725000e+15
1.259686180189429000e+15
1.259686180289164000e+15
1.259686180388964000e+15
1.259686180488892000e+15
1.259686180588883000e+15
1.259686180688714000e+15
1.259686180788546000e+15
1.259686180888342250e+15
1.259686180988119750e+15
1.259686181087913000e+15
1.259686181187680000e+15
1.259686181287448250e+15
1.259686181387279000e+15
1.259686181487112000e+15
1.259686181586910000e+15
1.259686181686741000e+15
1.259686181786574250e+15
1.259686181886469000e+15
1.259686181986333250e+15
1.259686182086131000e+15
1.259686182185899000e+15
1.259686182285699000e+15
1.259686182385596000e+15
1.259686182485523000e+15
1.259686182585354000e+15
1.259686182685185000e+15
1.259686182785017000e+15
1.259686182884881000e+15
1.259686182984647000e+15
1.259686183084383000e+15
1.259686183184311250e+15
1.259686183284143250e+15
1.259686183383813000e+15
1.259686183483453000e+15
1.259686183583158000e+15
1.259686183682957000e+15
1.259686183782883000e+15
1.259686183882811000e+15
1.259686183982739000e+15
1.259686184082699000e+15
1.259686184182595000e+15
1.259686184282495000e+15
1.259686184382385000e+15
1.259686184482344750e+15
1.259686184582368250e+15
1.259686184682393000e+15
1.259686184782384250e+15
1.259686184882343750e+15
1.259686184982302000e+15
1.259686185082262000e+15
1.259686185182318000e+15
1.259686185282278000e+15
1.259686185382269750e+15
1.259686185482197000e+15
1.259686185582092000e+15
1.259686185682051000e+15
1.259686185781947750e+15
1.259686185881811000e+15
1.259686185981674000e+15
1.259686186081569000e+15
1.259686186181497000e+15
1.259686186281458000e+15
1.259686186381481000e+15
1.259686186481441000e+15
1.259686186581335000e+15
1.259686186681263000e+15
1.259686186781255000e+15
1.259686186881087000e+15
1.259686186980789000e+15
1.259686187080461000e+15
1.259686187180198000e+15
1.259686187279901000e+15
1.259686187379603000e+15
1.259686187479339000e+15
1.259686187579140000e+15
1.259686187679099000e+15
1.259686187778962750e+15
1.259686187878858000e+15
1.259686187978722000e+15
1.259686188078553000e+15
1.259686188178481000e+15
1.259686188278440000e+15
1.259686188378334000e+15
1.259686188478103250e+15
1.259686188577913000e+15
1.259686188677735000e+15
1.259686188777598250e+15
1.259686188877493000e+15
1.259686188977452000e+15
1.259686189077381250e+15
1.259686189177341000e+15
1.259686189277332000e+15
1.259686189377324000e+15
1.259686189477249750e+15
1.259686189577306000e+15
1.259686189677362000e+15
1.259686189777577250e+15
1.259686189877697000e+15
1.259686189977721000e+15
1.259686190077711000e+15
1.259686190177734750e+15
1.259686190277758000e+15
1.259686190377783000e+15
1.259686190477806000e+15
1.259686190577766250e+15
1.259686190677628000e+15
1.259686190777460000e+15
1.259686190877357000e+15
1.259686190977316250e+15
1.259686191077180250e+15
1.259686191177075000e+15
1.259686191277002000e+15
1.259686191376930000e+15
1.259686191476858250e+15
1.259686191576816750e+15
1.259686191676809000e+15
1.259686191776831750e+15
1.259686191876855250e+15
1.259686191976783000e+15
1.259686192076743000e+15
1.259686192176671000e+15
1.259686192276533000e+15
1.259686192376461000e+15
1.259686192476421000e+15
1.259686192576316000e+15
1.259686192676212000e+15
1.259686192776074000e+15
1.259686192876002000e+15
1.259686192975993750e+15
1.259686193075923000e+15
1.259686193175882000e+15
1.259686193275776250e+15
1.259686193375673000e+15
1.259686193475568000e+15
1.259686193575431000e+15
1.259686193675296000e+15
1.259686193775190000e+15
1.259686193875085000e+15
1.259686193975013000e+15
1.259686194074813250e+15
1.259686194174644000e+15
1.259686194274539000e+15
1.259686194374499000e+15
1.259686194474395000e+15
1.259686194574291000e+15
1.259686194674192000e+15
1.259686194774081000e+15
1.259686194873943750e+15
1.259686194973873000e+15
1.259686195073864000e+15
1.259686195173792000e+15
1.259686195273655000e+15
1.259686195373582000e+15
1.259686195473574250e+15
1.259686195573503000e+15
1.259686195673401000e+15
1.259686195773388250e+15
1.259686195873348000e+15
1.259686195973280250e+15
1.259686196073138000e+15
1.259686196173068000e+15
1.259686196272962000e+15
1.259686196372866250e+15
1.259686196472817250e+15
1.259686196572777000e+15
1.259686196672769000e+15
1.259686196772729000e+15
1.259686196872688000e+15
1.259686196972519250e+15
1.259686197072352250e+15
1.259686197172215000e+15
1.259686197272143000e+15
1.259686197372070000e+15
1.259686197472061250e+15
1.259686197571956250e+15
1.259686197671885000e+15
1.259686197771908000e+15
1.259686197871900000e+15
1.259686197971826000e+15
1.259686198071722000e+15
1.259686198171682000e+15
1.259686198271674000e+15
1.259686198371600750e+15
1.259686198471496000e+15
1.259686198571360000e+15
1.259686198671287000e+15
1.259686198771183000e+15
1.259686198871079000e+15
1.259686198970852000e+15
1.259686199070581250e+15
1.259686199170382000e+15
1.259686199270214000e+15
1.259686199370077250e+15
1.259686199469971000e+15
1.259686199569899000e+15
1.259686199669859250e+15
1.259686199769723000e+15
1.259686199869619250e+15
1.259686199969545000e+15
1.259686200069505000e+15
1.259686200169370000e+15
1.259686200269168750e+15
1.259686200368967000e+15
1.259686200468863000e+15
1.259686200568663000e+15
1.259686200668431000e+15
1.259686200768231000e+15
1.259686200868125000e+15
1.259686200967956000e+15
1.259686201067757250e+15
1.259686201167589250e+15
1.259686201267451000e+15
1.259686201367251250e+15
1.259686201467018750e+15
1.259686201566691250e+15
1.259686201666330750e+15
1.259686201766033250e+15
1.259686201865770000e+15
1.259686201965505000e+15
1.259686202065305000e+15
1.259686202165039000e+15
1.259686202264838000e+15
1.259686202364640000e+15
1.259686202464535000e+15
1.259686202564461000e+15
1.259686202664421000e+15
1.259686202764317000e+15
1.259686202864149000e+15
1.259686202964013000e+15
1.259686203063843000e+15
1.259686203163707000e+15
1.259686203263444000e+15
1.259686203363217750e+15
1.259686203463105000e+15
1.259686203563040000e+15
1.259686203662927750e+15
1.259686203762825000e+15
1.259686203862689000e+15
1.259686203962487000e+15
1.259686204062255000e+15
1.259686204162054000e+15
1.259686204261887000e+15
1.259686204361719000e+15
1.259686204461485250e+15
1.259686204561284000e+15
1.259686204661149000e+15
1.259686204761045000e+15
1.259686204860844250e+15
1.259686204960649000e+15
1.259686205060538000e+15
1.259686205160435000e+15
1.259686205260362000e+15
1.259686205360289000e+15
1.259686205460121250e+15
1.259686205559888750e+15
1.259686205659721000e+15
1.259686205759657000e+15
1.259686205859542250e+15
1.259686205959310000e+15
1.259686206059046000e+15
1.259686206158815000e+15
1.259686206258645000e+15
1.259686206358444000e+15
1.259686206458276000e+15
1.259686206558141000e+15
1.259686206658004000e+15
1.259686206757898000e+15
1.259686206857762000e+15
1.259686206957562250e+15
1.259686207057361750e+15
1.259686207157194000e+15
1.259686207257088000e+15
1.259686207356888000e+15
1.259686207456688000e+15
1.259686207556553250e+15
1.259686207656414000e+15
1.259686207756311250e+15
1.259686207856207000e+15
1.259686207956102000e+15
1.259686208055998000e+15
1.259686208155924000e+15
1.259686208255820000e+15
1.259686208355652000e+15
1.259686208455484000e+15
1.259686208555316000e+15
1.259686208655178000e+15
1.259686208754978000e+15
1.259686208854778000e+15
1.259686208954674000e+15
1.259686209054537000e+15
1.259686209154336000e+15
1.259686209254135000e+15
1.259686209353936000e+15
1.259686209453869000e+15
1.259686209553758750e+15
1.259686209653590000e+15
1.259686209753452750e+15
1.259686209853381000e+15
1.259686209953245000e+15
1.259686210053044000e+15
1.259686210152844000e+15
1.259686210252740000e+15
1.259686210352548000e+15
1.259686210452371000e+15
1.259686210552169000e+15
1.259686210652097000e+15
1.259686210752057000e+15
1.259686210852050000e+15
1.259686210952041000e+15
1.259686211052095000e+15
1.259686211152023000e+15
1.259686211251950000e+15
1.259686211351910750e+15
1.259686211451774000e+15
1.259686211551478250e+15
1.259686211651181250e+15
1.259686211750949000e+15
1.259686211850717000e+15
1.259686211950548250e+15
1.259686212050453000e+15
1.259686212150467250e+15
1.259686212250522000e+15
1.259686212350450000e+15
1.259686212450410000e+15
1.259686212550368000e+15
1.259686212650360000e+15
1.259686212750287000e+15
1.259686212850247750e+15
1.259686212950238000e+15
1.259686213050103000e+15
1.259686213149998000e+15
1.259686213249989000e+15
1.259686213350013000e+15
1.259686213450003750e+15
1.259686213549933000e+15
1.259686213649922750e+15
1.259686213749883000e+15
1.259686213849842000e+15
1.259686213949802000e+15
1.259686214049825250e+15
1.259686214149817000e+15
1.259686214249743000e+15
1.259686214349576000e+15
1.259686214449441000e+15
1.259686214549271000e+15
1.259686214649104000e+15
1.259686214749029250e+15
1.259686214849020000e+15
1.259686214948885000e+15
1.259686215048781250e+15
1.259686215148645000e+15
1.259686215248578000e+15
1.259686215348435250e+15
1.259686215448299000e+15
1.259686215548227000e+15
1.259686215648187000e+15
1.259686215748049000e+15
1.259686215847881000e+15
1.259686215947744750e+15
1.259686216047641000e+15
1.259686216147568000e+15
1.259686216247527000e+15
1.259686216347390000e+15
1.259686216447254000e+15
1.259686216547182000e+15
1.259686216647142000e+15
1.259686216747004000e+15
1.259686216846867750e+15
1.259686216946796000e+15
1.259686217046724000e+15
1.259686217146684000e+15
1.259686217246610250e+15
1.259686217346537750e+15
1.259686217446338000e+15
1.259686217546106000e+15
1.259686217645969000e+15
1.259686217745832000e+15
1.259686217845695000e+15
1.259686217945528000e+15
1.259686218045455000e+15
1.259686218145414750e+15
1.259686218245277000e+15
1.259686218345141250e+15
1.259686218445070000e+15
1.259686218544965000e+15
1.259686218644893000e+15
1.259686218744755000e+15
1.259686218844554000e+15
1.259686218944323000e+15
1.259686219044123000e+15
1.259686219143954000e+15
1.259686219243785250e+15
1.259686219343681000e+15
1.259686219443609000e+15
1.259686219543537250e+15
1.259686219643495000e+15
1.259686219743359000e+15
1.259686219843286000e+15
1.259686219943343250e+15
1.259686220043431000e+15
1.259686220143390250e+15
1.259686220243316250e+15
1.259686220343275750e+15
1.259686220443204000e+15
1.259686220543045000e+15
1.259686220642867000e+15
1.259686220742730000e+15
1.259686220842562000e+15
1.259686220942404000e+15
1.259686221042262000e+15
1.259686221142058000e+15
1.259686221241887750e+15
1.259686221341880000e+15
1.259686221441840250e+15
1.259686221541704000e+15
1.259686221641534000e+15
1.259686221741333000e+15
1.259686221841133000e+15
1.259686221940998000e+15
1.259686222040925000e+15
1.259686222140730750e+15
1.259686222240524000e+15
1.259686222340228000e+15
1.259686222439932000e+15
1.259686222539730000e+15
1.259686222639561250e+15
1.259686222739458000e+15
1.259686222839354000e+15
1.259686222939282000e+15
1.259686223039220750e+15
1.259686223139131000e+15
1.259686223239008000e+15
1.259686223338919000e+15
1.259686223438859000e+15
1.259686223538736750e+15
1.259686223638582000e+15
1.259686223738428000e+15
1.259686223838306000e+15
1.259686223938183000e+15
1.259686224038061000e+15
1.259686224137906000e+15
1.259686224237657000e+15
1.259686224337437250e+15
1.259686224437251000e+15
1.259686224537001250e+15
1.259686224636751000e+15
1.259686224736532000e+15
1.259686224836410000e+15
1.259686224936287250e+15
1.259686225036037250e+15
1.259686225135787000e+15
1.259686225235601250e+15
1.259686225335446000e+15
1.259686225435324000e+15
1.259686225535234000e+15
1.259686225635110250e+15
1.259686225734925000e+15
1.259686225834705000e+15
1.259686225934521000e+15
1.259686226034347000e+15
1.259686226134275000e+15
1.259686226234265750e+15
1.259686226334319000e+15
1.259686226434246000e+15
1.259686226534139750e+15
1.259686226633971000e+15
1.259686226733804000e+15
1.259686226833701250e+15
1.259686226933494000e+15
1.259686227033291750e+15
1.259686227133219000e+15
1.259686227233210750e+15
1.259686227333107000e+15
1.259686227432971000e+15
1.259686227532897000e+15
1.259686227632857000e+15
1.259686227732720750e+15
1.259686227832553000e+15
1.259686227932449000e+15
1.259686228032343000e+15
1.259686228132271000e+15
1.259686228232230000e+15
1.259686228332159000e+15
1.259686228432054000e+15
1.259686228532013000e+15
1.259686228632003750e+15
1.259686228731835750e+15
1.259686228831668750e+15
1.259686228931596000e+15
1.259686229031394000e+15
1.259686229131195000e+15
1.259686229231026250e+15
1.259686229330922000e+15
1.259686229430818000e+15
1.259686229530747250e+15
1.259686229630547000e+15
1.259686229730345000e+15
1.259686229830177000e+15
1.259686229929947000e+15
1.259686230029742000e+15
1.259686230129606000e+15
1.259686230229566000e+15
1.259686230329398250e+15
1.259686230429196000e+15
1.259686230529028000e+15
1.259686230628860000e+15
1.259686230728788000e+15
1.259686230828619000e+15
1.259686230928418250e+15
1.259686231028218000e+15
1.259686231128081000e+15
1.259686231227977000e+15
1.259686231327912000e+15
1.259686231427832250e+15
1.259686231527728000e+15
1.259686231627623000e+15
1.259686231727553000e+15
1.259686231827478000e+15
1.259686231927342000e+15
1.259686232027269000e+15
1.259686232127197000e+15
1.259686232227124000e+15
1.259686232327020000e+15
1.259686232426914250e+15
1.259686232526778000e+15
1.259686232626578000e+15
1.259686232726316000e+15
1.259686232826144000e+15
1.259686232926072000e+15
1.259686233026064000e+15
1.259686233125896000e+15
1.259686233225728000e+15
1.259686233325590750e+15
1.259686233425486000e+15
1.259686233525350000e+15
1.259686233625310000e+15
1.259686233725148000e+15
1.259686233824940250e+15
1.259686233924772000e+15
1.259686234024676000e+15
1.259686234124564000e+15
1.259686234224523000e+15
1.259686234324514250e+15
1.259686234424345000e+15
1.259686234524081000e+15
1.259686234623881000e+15
1.259686234723811250e+15
1.259686234823767000e+15
1.259686234923663000e+15
1.259686235023526000e+15
1.259686235123455000e+15
1.259686235223447000e+15
1.259686235323311000e+15
1.259686235423119000e+15
1.259686235522941000e+15
1.259686235622775000e+15
1.259686235722586000e+15
1.259686235822531000e+15
1.259686235922490000e+15
1.259686236022385000e+15
1.259686236122283000e+15
1.259686236222179000e+15
1.259686236322041000e+15
1.259686236421937000e+15
1.259686236521864000e+15
1.259686236621856250e+15
1.259686236721818000e+15
1.259686236821680000e+15
1.259686236921542000e+15
1.259686237021473250e+15
1.259686237121366000e+15
1.259686237221262000e+15
1.259686237321124000e+15
1.259686237421018750e+15
1.259686237520820000e+15
1.259686237620620000e+15
1.259686237720523750e+15
1.259686237820314000e+15
1.259686237920178000e+15
1.259686238020106000e+15
1.259686238120097250e+15
1.259686238220056750e+15
1.259686238319990750e+15
1.259686238419913000e+15
1.259686238519745000e+15
1.259686238619575000e+15
1.259686238719404000e+15
1.259686238819205000e+15
1.259686238919069000e+15
1.259686239018870000e+15
1.259686239118637000e+15
1.259686239218436000e+15
1.259686239318331000e+15
1.259686239418291000e+15
1.259686239518347000e+15
1.259686239618307000e+15
1.259686239718202000e+15
1.259686239818097000e+15
1.259686239918088000e+15
1.259686240017953250e+15
1.259686240117787000e+15
1.259686240217648000e+15
1.259686240317580000e+15
1.259686240417598000e+15
1.259686240517527000e+15
1.259686240617326000e+15
1.259686240717126000e+15
1.259686240816988000e+15
1.259686240916756000e+15
1.259686241016524000e+15
1.259686241116324000e+15
1.259686241216186000e+15
1.259686241316050000e+15
1.259686241415978250e+15
1.259686241515907000e+15
1.259686241615802000e+15
1.259686241715730250e+15
1.259686241815687250e+15
1.259686241915551000e+15
1.259686242015480000e+15
1.259686242115375000e+15
1.259686242215303000e+15
1.259686242315230250e+15
1.259686242415157000e+15
1.259686242515053000e+15
1.259686242614949000e+15
1.259686242714780750e+15
1.259686242814707000e+15
1.259686242914699000e+15
1.259686243014691000e+15
1.259686243114650000e+15
1.259686243214643000e+15
1.259686243314536750e+15
1.259686243414432000e+15
1.259686243514360250e+15
1.259686243614352000e+15
1.259686243714312000e+15
1.259686243814239000e+15
1.259686243914135000e+15
1.259686244013998000e+15
1.259686244113799000e+15
1.259686244213534000e+15
1.259686244313332000e+15
1.259686244413132000e+15
1.259686244512900750e+15
1.259686244612700000e+15
1.259686244712532000e+15
1.259686244812266000e+15
1.259686244912067000e+15
1.259686245011866000e+15
1.259686245111762000e+15
1.259686245211688000e+15
1.259686245311679750e+15
1.259686245411702750e+15
1.259686245511632000e+15
1.259686245611528000e+15
1.259686245711486000e+15
1.259686245811350000e+15
1.259686245911150000e+15
1.259686246010918250e+15
1.259686246110716750e+15
1.259686246210586000e+15
1.259686246310475000e+15
1.259686246410371000e+15
1.259686246510268000e+15
1.259686246610163000e+15
1.259686246710057000e+15
1.259686246809889000e+15
1.259686246909721750e+15
1.259686247009585750e+15
1.259686247109519000e+15
1.259686247209410000e+15
1.259686247309301750e+15
1.259686247409231000e+15
1.259686247509131000e+15
1.259686247608991250e+15
1.259686247708854000e+15
1.259686247808781250e+15
1.259686247908708750e+15
1.259686248008509000e+15
1.259686248108244250e+15
1.259686248208043000e+15
1.259686248307843000e+15
1.259686248407611000e+15
1.259686248507378000e+15
1.259686248607209000e+15
1.259686248707105000e+15
1.259686248807001000e+15
1.259686248906928000e+15
1.259686249006792000e+15
1.259686249106692750e+15
1.259686249206621000e+15
1.259686249306511250e+15
1.259686249406438000e+15
1.259686249506364750e+15
1.259686249606227750e+15
1.259686249706124000e+15
1.259686249806061000e+15
1.259686249906012000e+15
1.259686250006034000e+15
1.259686250105994000e+15
1.259686250205857000e+15
1.259686250305752000e+15
1.259686250405682000e+15
1.259686250505546000e+15
1.259686250605344000e+15
1.259686250705143000e+15
1.259686250805071000e+15
1.259686250905062250e+15
1.259686251004862000e+15
1.259686251104661000e+15
1.259686251204556000e+15
1.259686251304389000e+15
1.259686251404220000e+15
1.259686251503987000e+15
1.259686251603818000e+15
1.259686251703619000e+15
1.259686251803418750e+15
1.259686251903314000e+15
1.259686252003113000e+15
1.259686252102880000e+15
1.259686252202713000e+15
1.259686252302608000e+15
1.259686252402536250e+15
1.259686252502527000e+15
1.259686252602518000e+15
1.259686252702414000e+15
1.259686252802278000e+15
1.259686252902110000e+15
1.259686253002004000e+15
1.259686253101964000e+15
1.259686253201860250e+15
1.259686253301692000e+15
1.259686253401556000e+15
1.259686253501354250e+15
1.259686253601122000e+15
1.259686253700954000e+15
1.259686253800849250e+15
1.259686253900777000e+15
1.259686254000576000e+15
1.259686254100376250e+15
1.259686254200175000e+15
1.259686254299975000e+15
1.259686254399806000e+15
1.259686254499605000e+15
1.259686254599438000e+15
1.259686254699301000e+15
1.259686254799164000e+15
1.259686254899001000e+15
1.259686254998834250e+15
1.259686255098692000e+15
1.259686255198620000e+15
1.259686255298483000e+15
1.259686255398441000e+15
1.259686255498273250e+15
1.259686255598073000e+15
1.259686255697970000e+15
1.259686255797864250e+15
1.259686255897727000e+15
1.259686255997528000e+15
1.259686256097314000e+15
1.259686256197063000e+15
1.259686256296861000e+15
1.259686256396725250e+15
1.259686256496652750e+15
1.259686256596645000e+15
1.259686256696637000e+15
1.259686256796478000e+15
1.259686256896298000e+15
1.259686256996227000e+15
1.259686257096218000e+15
1.259686257196050000e+15
1.259686257295881000e+15
1.259686257395743750e+15
1.259686257495608750e+15
1.259686257595409000e+15
1.259686257695182000e+15
1.259686257794974000e+15
1.259686257894743000e+15
1.259686257994575000e+15
1.259686258094534000e+15
1.259686258194557000e+15
1.259686258294420000e+15
1.259686258394189000e+15
1.259686258493993000e+15
1.259686258593884000e+15
1.259686258693714000e+15
1.259686258793545000e+15
1.259686258893475000e+15
1.259686258993370000e+15
1.259686259093266000e+15
1.259686259193127750e+15
1.259686259292992000e+15
1.259686259392889000e+15
1.259686259492784000e+15
1.259686259592680000e+15
1.259686259692542000e+15
1.259686259792342000e+15
1.259686259892238250e+15
1.259686259992164750e+15
1.259686260092188000e+15
1.259686260192211750e+15
1.259686260292043000e+15
1.259686260391812000e+15
1.259686260491579000e+15
1.259686260591475000e+15
1.259686260691433000e+15
1.259686260791329000e+15
1.259686260891225000e+15
1.259686260991025250e+15
1.259686261090887000e+15
1.259686261190815000e+15
1.259686261290807000e+15
1.259686261390735250e+15
1.259686261490599250e+15
1.259686261590429000e+15
1.259686261690357000e+15
1.259686261790253000e+15
1.259686261890021000e+15
1.259686261989789000e+15
1.259686262089588250e+15
1.259686262189426000e+15
1.259686262289320000e+15
1.259686262389146000e+15
1.259686262488849000e+15
1.259686262588520000e+15
1.259686262688351750e+15
1.259686262788249000e+15
1.259686262888145000e+15
1.259686262988006750e+15
1.259686263087838000e+15
1.259686263187767000e+15
1.259686263287662000e+15
1.259686263387526000e+15
1.259686263487325000e+15
1.259686263587061250e+15
1.259686263686861000e+15
1.259686263786724000e+15
1.259686263886652000e+15
1.259686263986515000e+15
1.259686264086442000e+15
1.259686264186312000e+15
1.259686264286106000e+15
1.259686264385904750e+15
1.259686264485736000e+15
1.259686264585569000e+15
1.259686264685367750e+15
1.259686264785231750e+15
1.259686264885062000e+15
1.259686264984861750e+15
1.259686265084667000e+15
1.259686265184495000e+15
1.259686265284294250e+15
1.259686265384156000e+15
1.259686265484020000e+15
1.259686265583884000e+15
1.259686265683812000e+15
1.259686265783579000e+15
1.259686265883314000e+15
1.259686265983019000e+15
1.259686266082690000e+15
1.259686266182584000e+15
1.259686266282512000e+15
1.259686266382472000e+15
1.259686266482496000e+15
1.259686266582327750e+15
1.259686266682158000e+15
1.259686266782086000e+15
1.259686266881949250e+15
1.259686266981750000e+15
1.259686267081581000e+15
1.259686267181450250e+15
1.259686267281340000e+15
1.259686267381268000e+15
1.259686267481196000e+15
1.259686267580996000e+15
1.259686267680826000e+15
1.259686267780657000e+15
1.259686267880458000e+15
1.259686267980290000e+15
1.259686268080121000e+15
1.259686268179983750e+15
1.259686268279847000e+15
1.259686268379583000e+15
1.259686268479383000e+15
1.259686268579310000e+15
1.259686268679301000e+15
1.259686268779260000e+15
1.259686268879221000e+15
1.259686268979053000e+15
1.259686269078916000e+15
1.259686269178748250e+15
1.259686269278611000e+15
1.259686269378571000e+15
1.259686269478530000e+15
1.259686269578491000e+15
1.259686269678417000e+15
1.259686269778280000e+15
1.259686269878208250e+15
1.259686269978072000e+15
1.259686270077936000e+15
1.259686270177863000e+15
1.259686270277694000e+15
1.259686270377462750e+15
1.259686270477135000e+15
1.259686270576837000e+15
1.259686270676635000e+15
1.259686270776533250e+15
1.259686270876493000e+15
1.259686270976420000e+15
1.259686271076314250e+15
1.259686271176178000e+15
1.259686271275978000e+15
1.259686271375777000e+15
1.259686271475673000e+15
1.259686271575472000e+15
1.259686271675307000e+15
1.259686271775200000e+15
1.259686271875191000e+15
1.259686271975245000e+15
1.259686272075212000e+15
1.259686272175069750e+15
1.259686272274965000e+15
1.259686272374765250e+15
1.259686272474627000e+15
1.259686272574619000e+15
1.259686272674610000e+15
1.259686272774571000e+15
1.259686272874562000e+15
1.259686272974586000e+15
1.259686273074576250e+15
1.259686273174439000e+15
1.259686273274303000e+15
1.259686273374232000e+15
1.259686273474064000e+15
1.259686273573958000e+15
1.259686273674015000e+15
1.259686273773908750e+15
1.259686273873902000e+15
1.259686273973893000e+15
1.259686274073885000e+15
1.259686274173746750e+15
1.259686274273547000e+15
1.259686274373379000e+15
1.259686274473307250e+15
1.259686274573170000e+15
1.259686274673065000e+15
1.259686274772992750e+15
1.259686274872857000e+15
1.259686274972721000e+15
1.259686275072584750e+15
1.259686275172447000e+15
1.259686275272374000e+15
1.259686275372239000e+15
1.259686275472103000e+15
1.259686275571965000e+15
1.259686275671797000e+15
1.259686275771596000e+15
1.259686275871461000e+15
1.259686275971356000e+15
1.259686276071282750e+15
1.259686276171242000e+15
1.259686276271138000e+15
1.259686276370907000e+15
1.259686276470706000e+15
1.259686276570633000e+15
1.259686276670624000e+15
1.259686276770520000e+15
1.259686276870321000e+15
1.259686276970120000e+15
1.259686277069886000e+15
1.259686277169685750e+15
1.259686277269550750e+15
1.259686277369478000e+15
1.259686277469436000e+15
1.259686277569460250e+15
1.259686277669418000e+15
1.259686277769316000e+15
1.259686277869211000e+15
1.259686277969080000e+15
1.259686278068842250e+15
1.259686278168514000e+15
1.259686278268218000e+15
1.259686278368177000e+15
1.259686278468104000e+15
1.259686278567904000e+15
1.259686278667672000e+15
1.259686278767475250e+15
1.259686278867304000e+15
1.259686278967165000e+15
1.259686279067093250e+15
1.259686279166926250e+15
1.259686279266726000e+15
1.259686279366587250e+15
1.259686279466420000e+15
1.259686279566251000e+15
1.259686279666056250e+15
1.259686279765883250e+15
1.259686279865746000e+15
1.259686279965545250e+15
1.259686280065378250e+15
1.259686280165242000e+15
1.259686280265072000e+15
1.259686280365000000e+15
1.259686280464959250e+15
1.259686280564951000e+15
1.259686280664783000e+15
1.259686280764583000e+15
1.259686280864445000e+15
1.259686280964341250e+15
1.259686281064173000e+15
1.259686281163973000e+15
1.259686281263836250e+15
1.259686281363762750e+15
1.259686281463690000e+15
1.259686281563651000e+15
1.259686281663610000e+15
1.259686281763666250e+15
1.259686281863657000e+15
1.259686281963648000e+15
1.259686282063577000e+15
1.259686282163408000e+15
1.259686282263240000e+15
1.259686282363166000e+15
1.259686282463158250e+15
1.259686282563150000e+15
1.259686282663142000e+15
1.259686282763101750e+15
1.259686282863093250e+15
1.259686282963116000e+15
1.259686283062979000e+15
1.259686283162843000e+15
1.259686283262708000e+15
1.259686283362603250e+15
1.259686283462625000e+15
1.259686283562617000e+15
1.259686283662512000e+15
1.259686283762474000e+15
1.259686283862336000e+15
1.259686283962199000e+15
1.259686284062133000e+15
1.259686284161959000e+15
1.259686284261791000e+15
1.259686284361559000e+15
1.259686284461228750e+15
1.259686284560900000e+15
1.259686284660637000e+15
1.259686284760564000e+15
1.259686284860491000e+15
1.259686284960483000e+15
1.259686285060379000e+15
1.259686285160275000e+15
1.259686285260106000e+15
1.259686285359777000e+15
1.259686285459480000e+15
1.259686285559281000e+15
1.259686285659081000e+15
1.259686285758911000e+15
1.259686285858711000e+15
1.259686285958511000e+15
1.259686286058310000e+15
1.259686286158174000e+15
1.259686286258069000e+15
1.259686286357900000e+15
1.259686286457734000e+15
1.259686286557599000e+15
1.259686286657523750e+15
1.259686286757420000e+15
1.259686286857328000e+15
1.259686286957178000e+15
1.259686287057074000e+15
1.259686287157034000e+15
1.259686287256960250e+15
1.259686287356792000e+15
1.259686287456657000e+15
1.259686287556616000e+15
1.259686287656478000e+15
1.259686287756310000e+15
1.259686287856206000e+15
1.259686287956102000e+15
1.259686288056001250e+15
1.259686288155861250e+15
1.259686288255788000e+15
1.259686288355651250e+15
1.259686288455547000e+15
1.259686288555348000e+15
1.259686288655178000e+15
1.259686288755042000e+15
1.259686288854905250e+15
1.259686288954738250e+15
1.259686289054633000e+15
1.259686289154591000e+15
1.259686289254519000e+15
1.259686289354478000e+15
1.259686289454279000e+15
1.259686289554110000e+15
1.259686289653943000e+15
1.259686289753805000e+15
1.259686289853700000e+15
1.259686289953501000e+15
1.259686290053363750e+15
1.259686290153292000e+15
1.259686290253185000e+15
1.259686290353113250e+15
1.259686290453042000e+15
1.259686290553001000e+15
1.259686290652960000e+15
1.259686290752951000e+15
1.259686290852815250e+15
1.259686290952648250e+15
1.259686291052575750e+15
1.259686291152405000e+15
1.259686291252174250e+15
1.259686291351974000e+15
1.259686291451838000e+15
1.259686291551765250e+15
1.259686291651755000e+15
1.259686291751778750e+15
1.259686291851643000e+15
1.259686291951511250e+15
1.259686292051434000e+15
1.259686292151393250e+15
1.259686292251417000e+15
1.259686292351409000e+15
1.259686292451433000e+15
1.259686292551424000e+15
1.259686292651415750e+15
1.259686292751469750e+15
1.259686292851494000e+15
1.259686292951453000e+15
1.259686293051446000e+15
1.259686293151406000e+15
1.259686293251333000e+15
1.259686293351196000e+15
1.259686293451123000e+15
1.259686293551121000e+15
1.259686293651044250e+15
1.259686293750970750e+15
1.259686293850898000e+15
1.259686293950793000e+15
1.259686294050689000e+15
1.259686294150617000e+15
1.259686294250576000e+15
1.259686294350407000e+15
1.259686294450271000e+15
1.259686294550170250e+15
1.259686294650095000e+15
1.259686294750054000e+15
1.259686294849917250e+15
1.259686294949748000e+15
1.259686295049484000e+15
1.259686295149252250e+15
1.259686295249084000e+15
1.259686295349010000e+15
1.259686295448938250e+15
1.259686295548867000e+15
1.259686295648858000e+15
1.259686295748721750e+15
1.259686295848552000e+15
1.259686295948416000e+15
1.259686296048349750e+15
1.259686296148336250e+15
1.259686296248200000e+15
1.259686296348062000e+15
1.259686296447990250e+15
1.259686296547982000e+15
1.259686296647845000e+15
1.259686296747677000e+15
1.259686296847604000e+15
1.259686296947466750e+15
1.259686297047330750e+15
1.259686297147227000e+15
1.259686297247154000e+15
1.259686297347017000e+15
1.259686297446913000e+15
1.259686297546714000e+15
1.259686297646545000e+15
1.259686297746441250e+15
1.259686297846335000e+15
1.259686297946327000e+15
1.259686298046223250e+15
1.259686298146150000e+15
1.259686298246079000e+15
1.259686298345909000e+15
1.259686298445709000e+15
1.259686298545573000e+15
1.259686298645468000e+15
1.259686298745364000e+15
1.259686298845227000e+15
1.259686298945186250e+15
1.259686299045178000e+15
1.259686299145106000e+15
1.259686299245034000e+15
1.259686299344962000e+15
1.259686299444888000e+15
1.259686299544687000e+15
1.259686299644487750e+15
1.259686299744383000e+15
1.259686299844310000e+15
1.259686299944270250e+15
1.259686300044229000e+15
1.259686300144190000e+15
1.259686300244117000e+15
1.259686300343949000e+15
1.259686300443747000e+15
1.259686300543611000e+15
1.259686300643508000e+15
1.259686300743371000e+15
1.259686300843232750e+15
1.259686300943161000e+15
1.259686301043025000e+15
1.259686301142921000e+15
1.259686301242849000e+15
1.259686301342774750e+15
1.259686301442799000e+15
1.259686301542791000e+15
1.259686301642719000e+15
1.259686301742615000e+15
1.259686301842574000e+15
1.259686301942500750e+15
1.259686302042492000e+15
1.259686302142357000e+15
1.259686302242220250e+15
1.259686302342116000e+15
1.259686302442010000e+15
1.259686302541842000e+15
1.259686302641674000e+15
1.259686302741538000e+15
1.259686302841434000e+15
1.259686302941424250e+15
1.259686303041293000e+15
1.259686303141152250e+15
1.259686303241048000e+15
1.259686303340879000e+15
1.259686303440678000e+15
1.259686303540478000e+15
1.259686303640310000e+15
1.259686303740142000e+15
1.259686303839940000e+15
1.259686303939772000e+15
1.259686304039649000e+15
1.259686304139365000e+15
1.259686304239090250e+15
1.259686304338896000e+15
1.259686304438743000e+15
1.259686304538524250e+15
1.259686304638274000e+15
1.259686304738087250e+15
1.259686304837938000e+15
1.259686304937682250e+15
1.259686305037497000e+15
1.259686305137339750e+15
1.259686305237252000e+15
1.259686305337162000e+15
1.259686305437102000e+15
1.259686305537013000e+15
1.259686305636921000e+15
1.259686305736767000e+15
1.259686305836547750e+15
1.259686305936395250e+15
1.259686306036158750e+15
1.259686306135958000e+15
1.259686306235790000e+15
1.259686306335628000e+15
1.259686306435517000e+15
1.259686306535442750e+15
1.259686306635371000e+15
1.259686306735298750e+15
1.259686306835221000e+15
1.259686306935089000e+15
1.259686307035016000e+15
1.259686307135008000e+15
1.259686307235000000e+15
1.259686307334991000e+15
1.259686307435014000e+15
1.259686307535078000e+15
1.259686307635061000e+15
1.259686307735022000e+15
1.259686307834821000e+15
1.259686307934588000e+15
1.259686308034419000e+15
1.259686308134187000e+15
1.259686308234019000e+15
1.259686308333882000e+15
1.259686308433810000e+15
1.259686308533801000e+15
1.259686308633664750e+15
1.259686308733497000e+15
1.259686308833392250e+15
1.259686308933287000e+15
1.259686309033215000e+15
1.259686309133174000e+15
1.259686309233038000e+15
1.259686309332870000e+15
1.259686309432732750e+15
1.259686309532533000e+15
1.259686309632397000e+15
1.259686309732292000e+15
1.259686309832220000e+15
1.259686309932147000e+15
1.259686310031978250e+15
1.259686310131842250e+15
1.259686310231710000e+15
1.259686310331665000e+15
1.259686310431503000e+15
1.259686310531328000e+15
1.259686310631192000e+15
1.259686310731120000e+15
1.259686310831079000e+15
1.259686310931038000e+15
1.259686311030870000e+15
1.259686311130734000e+15
1.259686311230598000e+15
1.259686311330557000e+15
1.259686311430419000e+15
1.259686311530155000e+15
1.259686311629956000e+15
1.259686311729787000e+15
1.259686311829650250e+15
1.259686311929465000e+15
1.259686312029320000e+15
1.259686312129178000e+15
1.259686312229073000e+15
1.259686312329032250e+15
1.259686312428928000e+15
1.259686312528791000e+15
1.259686312628687250e+15
1.259686312728487000e+15
1.259686312828253000e+15
1.259686312928053000e+15
1.259686313027948750e+15
1.259686313127813000e+15
1.259686313227675000e+15
1.259686313327475000e+15
1.259686313427275000e+15
1.259686313527107000e+15
1.259686313627035000e+15
1.259686313726958000e+15
1.259686313826921000e+15
1.259686313926721000e+15
1.259686314026526000e+15
1.259686314126352750e+15
1.259686314226247000e+15
1.259686314326175250e+15
1.259686314426102250e+15
1.259686314525967000e+15
1.259686314625862750e+15
1.259686314725789000e+15
1.259686314825717250e+15
1.259686314925613000e+15
1.259686315025541000e+15
1.259686315125340000e+15
1.259686315225138250e+15
1.259686315325002000e+15
1.259686315424871000e+15
1.259686315524794000e+15
1.259686315624690000e+15
1.259686315724521000e+15
1.259686315824352000e+15
1.259686315924184000e+15
1.259686316024047750e+15
1.259686316123848000e+15
1.259686316223615250e+15
1.259686316323445000e+15
1.259686316423310000e+15
1.259686316523110250e+15
1.259686316622908000e+15
1.259686316722708000e+15
1.259686316822572000e+15
1.259686316922436000e+15
1.259686317022300000e+15
1.259686317122193750e+15
1.259686317222057000e+15
1.259686317321997250e+15
1.259686317421882000e+15
1.259686317521745000e+15
1.259686317621610000e+15
1.259686317721503000e+15
1.259686317821369000e+15
1.259686317921263250e+15
1.259686318021191000e+15
1.259686318121117750e+15
1.259686318221077000e+15
1.259686318321069000e+15
1.259686318420997000e+15
1.259686318520957000e+15
1.259686318620858250e+15
1.259686318720747000e+15
1.259686318820643000e+15
1.259686318920539000e+15
1.259686319020306000e+15
1.259686319120105000e+15
1.259686319220032000e+15
1.259686319320025000e+15
1.259686319419985000e+15
1.259686319519815250e+15
1.259686319619615000e+15
1.259686319719510000e+15
1.259686319819406000e+15
1.259686319919334000e+15
1.259686320019166000e+15
1.259686320119125250e+15
1.259686320218956000e+15
1.259686320318792000e+15
1.259686320418588250e+15
1.259686320518388000e+15
1.259686320618314000e+15
1.259686320718261000e+15
1.259686320818074000e+15
1.259686320917905000e+15
1.259686321017738000e+15
1.259686321117568000e+15
1.259686321217305000e+15
1.259686321317109000e+15
1.259686321416934000e+15
1.259686321516862250e+15
1.259686321616788750e+15
1.259686321716594000e+15
1.259686321816390000e+15
1.259686321916252750e+15
1.259686322016080750e+15
1.259686322115980250e+15
1.259686322215812000e+15
1.259686322315643000e+15
1.259686322415506000e+15
1.259686322515401000e+15
1.259686322615330000e+15
1.259686322715294750e+15
1.259686322815249000e+15
1.259686322915207000e+15
1.259686323015199000e+15
1.259686323115157750e+15
1.259686323214990000e+15
1.259686323314791000e+15
1.259686323414651750e+15
1.259686323514580000e+15
1.259686323614445250e+15
1.259686323714340000e+15
1.259686323814268000e+15
1.259686323914228250e+15
1.259686324014127000e+15
1.259686324114017000e+15
1.259686324213786000e+15
1.259686324313585000e+15
1.259686324413448000e+15
1.259686324513344000e+15
1.259686324613271000e+15
1.259686324713197000e+15
1.259686324813127000e+15
1.259686324912926250e+15
1.259686325012758000e+15
1.259686325112590000e+15
1.259686325212517000e+15
1.259686325312476750e+15
1.259686325412477000e+15
1.259686325512491000e+15
1.259686325612483000e+15
1.259686325712475000e+15
1.259686325812497750e+15
1.259686325912490250e+15
1.259686326012425000e+15
1.259686326112309000e+15
1.259686326212208000e+15
1.259686326312073000e+15
1.259686326411968000e+15
1.259686326511809000e+15
1.259686326611598000e+15
1.259686326711468000e+15
1.259686326811263000e+15
1.259686326911126250e+15
1.259686327011020250e+15
1.259686327110916000e+15
1.259686327210716000e+15
1.259686327310547000e+15
1.259686327410444000e+15
1.259686327510370000e+15
1.259686327610295000e+15
1.259686327710267000e+15
1.259686327810153000e+15
1.259686327910049000e+15
1.259686328009953000e+15
1.259686328109839250e+15
1.259686328209799000e+15
1.259686328309792000e+15
1.259686328409654750e+15
1.259686328509486000e+15
1.259686328609381250e+15
1.259686328709341000e+15
1.259686328809333000e+15
1.259686328909260000e+15
1.259686329009155000e+15
1.259686329108987000e+15
1.259686329208819000e+15
1.259686329308683250e+15
1.259686329408515000e+15
1.259686329508344250e+15
1.259686329608112000e+15
1.259686329707949250e+15
1.259686329807808000e+15
1.259686329907672250e+15
1.259686330007567000e+15
1.259686330107467000e+15
1.259686330207359000e+15
1.259686330307223000e+15
1.259686330407117250e+15
1.259686330506980000e+15
1.259686330606747750e+15
1.259686330706551000e+15
1.259686330806380000e+15
1.259686330906275000e+15
1.259686331006209250e+15
1.259686331106130000e+15
1.259686331205994000e+15
1.259686331305793000e+15
1.259686331405624750e+15
1.259686331505488000e+15
1.259686331605352250e+15
1.259686331705248000e+15
1.259686331805208000e+15
1.259686331905197750e+15
1.259686332005026750e+15
1.259686332104830000e+15
1.259686332204661750e+15
1.259686332304488000e+15
1.259686332404356000e+15
1.259686332504251000e+15
1.259686332604180000e+15
1.259686332704140000e+15
1.259686332804099000e+15
1.259686332904089000e+15
1.259686333004017000e+15
1.259686333103881000e+15
1.259686333203745750e+15
1.259686333303609000e+15
1.259686333403438750e+15
1.259686333503239000e+15
1.259686333603104000e+15
1.259686333702967250e+15
1.259686333802863000e+15
1.259686333902757250e+15
1.259686334002653000e+15
1.259686334102517250e+15
1.259686334202381250e+15
1.259686334302276750e+15
1.259686334402171250e+15
1.259686334502034000e+15
1.259686334601867000e+15
1.259686334701794250e+15
1.259686334801665000e+15
1.259686334901489000e+15
1.259686335001416000e+15
1.259686335101377000e+15
1.259686335201368000e+15
1.259686335301199000e+15
1.259686335400902000e+15
1.259686335500548000e+15
1.259686335600246000e+15
1.259686335699981000e+15
1.259686335799716000e+15
1.259686335899516000e+15
1.259686335999349000e+15
1.259686336099148000e+15
1.259686336198915000e+15
1.259686336298715000e+15
1.259686336398547250e+15
1.259686336498410000e+15
1.259686336598280000e+15
1.259686336698169000e+15
1.259686336798107000e+15
1.259686336897993000e+15
1.259686336997728750e+15
1.259686337097495000e+15
1.259686337197294000e+15
1.259686337297190000e+15
1.259686337397054000e+15
1.259686337496950250e+15
1.259686337596876750e+15
1.259686337696772000e+15
1.259686337796700000e+15
1.259686337896628000e+15
1.259686337996556000e+15
1.259686338096450000e+15
1.259686338196378000e+15
1.259686338296209000e+15
1.259686338395978000e+15
1.259686338495714000e+15
1.259686338595447750e+15
1.259686338695120000e+15
1.259686338794824000e+15
1.259686338894752000e+15
1.259686338994614000e+15
1.259686339094477250e+15
1.259686339194342250e+15
1.259686339294268750e+15
1.259686339394069000e+15
1.259686339493835000e+15
1.259686339593634250e+15
1.259686339693531000e+15
1.259686339793476000e+15
1.259686339893322000e+15
1.259686339993185000e+15
1.259686340093082250e+15
1.259686340193009250e+15
1.259686340292905000e+15
1.259686340392768000e+15
1.259686340492695000e+15
1.259686340592495000e+15
1.259686340692294000e+15
1.259686340792063000e+15
1.259686340891828000e+15
1.259686340991640000e+15
1.259686341091493250e+15
1.259686341191357250e+15
1.259686341291219000e+15
1.259686341391154000e+15
1.259686341491078750e+15
1.259686341591002000e+15
1.259686341690961000e+15
1.259686341790857000e+15
1.259686341890688250e+15
1.259686341990584000e+15
1.259686342090451000e+15
1.259686342190248000e+15
1.259686342290109750e+15
1.259686342389943000e+15
1.259686342489710000e+15
1.259686342589542000e+15
1.259686342689343000e+15
1.259686342789204000e+15
1.259686342889068000e+15
1.259686342988932000e+15
1.259686343088667250e+15
1.259686343188370000e+15
1.259686343288170000e+15
1.259686343388103000e+15
1.259686343488026000e+15
1.259686343587960000e+15
1.259686343687912000e+15
1.259686343787903000e+15
1.259686343887831250e+15
1.259686343987797000e+15
1.259686344087722750e+15
1.259686344187582000e+15
1.259686344287446000e+15
1.259686344387373250e+15
1.259686344487238250e+15
1.259686344587133250e+15
1.259686344687059000e+15
1.259686344786955000e+15
1.259686344886851000e+15
1.259686344986748250e+15
1.259686345086675250e+15
1.259686345186602000e+15
1.259686345286529000e+15
1.259686345386360000e+15
1.259686345486160000e+15
1.259686345586024000e+15
1.259686345685886750e+15
1.259686345785846000e+15
1.259686345885805750e+15
1.259686345985735000e+15
1.259686346085662250e+15
1.259686346185621000e+15
1.259686346285484000e+15
1.259686346385315000e+15
1.259686346485084000e+15
1.259686346584852000e+15
1.259686346684650250e+15
1.259686346784482000e+15
1.259686346884347000e+15
1.259686346984210000e+15
1.259686347084073000e+15
1.259686347183968000e+15
1.259686347283863750e+15
1.259686347383792000e+15
1.259686347483560000e+15
1.259686347583298000e+15
1.259686347683062000e+15
1.259686347782926000e+15
1.259686347882789000e+15
1.259686347982684750e+15
1.259686348082548250e+15
1.259686348182475750e+15
1.259686348282404000e+15
1.259686348382396000e+15
1.259686348482227750e+15
1.259686348582154000e+15
1.259686348682016750e+15
1.259686348781817000e+15
1.259686348881682000e+15
1.259686348981481000e+15
1.259686349081280000e+15
1.259686349181047000e+15
1.259686349380423000e+15
1.259686349480222000e+15
1.259686349579957000e+15
1.259686349679630000e+15
1.259686349779397000e+15
1.259686349879164000e+15
1.259686349978996000e+15
1.259686350078828000e+15
1.259686350178722750e+15
1.259686350278619000e+15
1.259686350378482000e+15
1.259686350478250000e+15
1.259686350578050000e+15
1.259686350677950250e+15
1.259686350777841000e+15
1.259686350877704250e+15
1.259686350977599000e+15
1.259686351077468750e+15
1.259686351177359000e+15
1.259686351277286000e+15
1.259686351377213000e+15
1.259686351477077000e+15
1.259686351577039000e+15
1.259686351676933000e+15
1.259686351776859000e+15
1.259686351876691000e+15
1.259686351976619000e+15
1.259686352076579000e+15
1.259686352176507000e+15
1.259686352276305000e+15
1.259686352376073000e+15
1.259686352475871750e+15
1.259686352575704750e+15
1.259686352675536750e+15
1.259686352775399000e+15
1.259686352875231000e+15
1.259686352975127000e+15
1.259686353074991000e+15
1.259686353174790000e+15
1.259686353274652000e+15
1.259686353374580000e+15
1.259686353474508000e+15
1.259686353574436250e+15
1.259686353674332000e+15
1.259686353774258250e+15
1.259686353874186000e+15
1.259686353974082000e+15
1.259686354074010250e+15
1.259686354173938000e+15
1.259686354273896000e+15
1.259686354373890000e+15
1.259686354473719000e+15
1.259686354573429000e+15
1.259686354673067750e+15
1.259686354772734000e+15
1.259686354872502000e+15
1.259686354972334250e+15
1.259686355072229000e+15
1.259686355172093000e+15
1.259686355271988000e+15
1.259686355371921000e+15
1.259686355471844250e+15
1.259686355571771000e+15
1.259686355671538000e+15
1.259686355771305000e+15
1.259686355871266000e+15
1.259686355971226000e+15
1.259686356071217000e+15
1.259686356171176000e+15
1.259686356271103000e+15
1.259686356371063000e+15
1.259686356471054750e+15
1.259686356571015000e+15
1.259686356670847000e+15
1.259686356770773000e+15
1.259686356870733000e+15
1.259686356970731000e+15
1.259686357070524000e+15
1.259686357170292250e+15
1.259686357270095750e+15
1.259686357369890000e+15
1.259686357469755000e+15
1.259686357569682000e+15
1.259686357669550000e+15
1.259686357769472000e+15
1.259686357869336250e+15
1.259686357969232000e+15
1.259686358069100000e+15
1.259686358168959000e+15
1.259686358268833250e+15
1.259686358368718000e+15
1.259686358468614000e+15
1.259686358568510000e+15
1.259686358668440000e+15
1.259686358768396250e+15
1.259686358868323000e+15
1.259686358968252250e+15
1.259686359068050000e+15
1.259686359167849000e+15
1.259686359267617000e+15
1.259686359367354250e+15
1.259686359467121000e+15
1.259686359566919000e+15
1.259686359666816000e+15
1.259686359766615000e+15
1.259686359866479750e+15
1.259686359966344000e+15
1.259686360066238000e+15
1.259686360166116000e+15
1.259686360265992000e+15
1.259686360365871250e+15
1.259686360465782250e+15
1.259686360565626000e+15
1.259686360665374000e+15
1.259686360765157000e+15
1.259686360864971000e+15
1.259686360964783250e+15
1.259686361064601000e+15
1.259686361164443000e+15
1.259686361264257000e+15
1.259686361364004750e+15
1.259686361463756000e+15
1.259686361563377250e+15
1.259686361663032000e+15
1.259686361762749000e+15
1.259686361862499000e+15
1.259686361962312000e+15
1.259686362062156000e+15
1.259686362162047000e+15
1.259686362261846000e+15
1.259686362361611750e+15
1.259686362461408000e+15
1.259686362561238000e+15
1.259686362661034000e+15
1.259686362760800000e+15
1.259686362860597250e+15
1.259686362960394250e+15
1.259686363060226250e+15
1.259686363160089000e+15
1.259686363260016000e+15
1.259686363359976000e+15
1.259686363459839000e+15
1.259686363559640250e+15
1.259686363659438750e+15
1.259686363759365000e+15
1.259686363859357000e+15
1.259686363959292000e+15
1.259686364059244750e+15
1.259686364159205000e+15
1.259686364259132000e+15
1.259686364359054000e+15
1.259686364458953750e+15
1.259686364558914000e+15
1.259686364658906000e+15
1.259686364758770000e+15
1.259686364858568000e+15
1.259686364958493000e+15
1.259686365058487250e+15
1.259686365158448000e+15
1.259686365258376000e+15
1.259686365358334000e+15
1.259686365458325750e+15
1.259686365558189250e+15
1.259686365658022250e+15
1.259686365757885000e+15
1.259686365857813000e+15
1.259686365957740000e+15
1.259686366057539000e+15
1.259686366157307250e+15
1.259686366257139250e+15
1.259686366356970000e+15
1.259686366456834000e+15
1.259686366556600750e+15
1.259686366656278750e+15
1.259686366755976000e+15
1.259686366855904000e+15
1.259686366955927000e+15
1.259686367055887000e+15
1.259686367155815000e+15
1.259686367255720250e+15
1.259686367355600000e+15
1.259686367455500250e+15
1.259686367555397000e+15
1.259686367655292000e+15
1.259686367755125000e+15
1.259686367854955000e+15
1.259686367954851000e+15
1.259686368054747000e+15
1.259686368154641750e+15
1.259686368254570000e+15
1.259686368354400250e+15
1.259686368454200000e+15
1.259686368554097000e+15
1.259686368653993250e+15
1.259686368753919750e+15
1.259686368853846000e+15
1.259686368953774000e+15
1.259686369053670250e+15
1.259686369153662000e+15
1.259686369253654000e+15
1.259686369353675750e+15
1.259686369453699000e+15
1.259686369553691000e+15
1.259686369653651000e+15
1.259686369753611000e+15
1.259686369853475000e+15
1.259686369953337000e+15
1.259686370053200000e+15
1.259686370153065000e+15
1.259686370252961250e+15
1.259686370352919000e+15
1.259686370452911000e+15
1.259686370552743000e+15
1.259686370652511000e+15
1.259686370752311000e+15
1.259686370852141000e+15
1.259686370952037000e+15
1.259686371051996000e+15
1.259686371151861000e+15
1.259686371251660000e+15
1.259686371351523000e+15
1.259686371451322000e+15
1.259686371551154250e+15
1.259686371651051000e+15
1.259686371751010000e+15
1.259686371850997000e+15
1.259686371950896000e+15
1.259686372050696250e+15
1.259686372150528000e+15
1.259686372250392000e+15
1.259686372350318250e+15
1.259686372450214000e+15
1.259686372550078250e+15
1.259686372649975000e+15
1.259686372749838000e+15
1.259686372849668000e+15
1.259686372949499000e+15
1.259686373049396000e+15
1.259686373149291000e+15
1.259686373249187000e+15
1.259686373349050000e+15
1.259686373448977000e+15
1.259686373548905750e+15
1.259686373648706000e+15
1.259686373748473000e+15
1.259686373848272000e+15
1.259686373948072000e+15
1.259686374047872000e+15
1.259686374147703250e+15
1.259686374247566000e+15
1.259686374347397000e+15
1.259686374447299000e+15
1.259686374547158000e+15
1.259686374646957250e+15
1.259686374746756000e+15
1.259686374846651000e+15
1.259686374946516000e+15
1.259686375046475000e+15
1.259686375146339000e+15
1.259686375246233000e+15
1.259686375346033000e+15
1.259686375445833000e+15
1.259686375545696000e+15
1.259686375645528000e+15
1.259686375745423000e+15
1.259686375845383000e+15
1.259686375945279000e+15
1.259686376045175000e+15
1.259686376145108000e+15
1.259686376245029000e+15
1.259686376345021000e+15
1.259686376445076000e+15
1.259686376545069000e+15
1.259686376644940750e+15
1.259686376744827000e+15
1.259686376844765250e+15
1.259686376944713000e+15
1.259686377044674000e+15
1.259686377144537250e+15
1.259686377244369000e+15
1.259686377344200250e+15
1.259686377444064250e+15
1.259686377543991000e+15
1.259686377643855000e+15
1.259686377743759750e+15
1.259686377843677000e+15
1.259686377943669000e+15
1.259686378043630000e+15
1.259686378143557000e+15
1.259686378243484000e+15
1.259686378343443000e+15
1.259686378443274000e+15
1.259686378543146750e+15
1.259686378643035250e+15
1.259686378742961000e+15
1.259686378842825250e+15
1.259686378942721000e+15
1.259686379042713000e+15
1.259686379142737250e+15
1.259686379242760000e+15
1.259686379342750000e+15
1.259686379442742000e+15
1.259686379542669000e+15
1.259686379642535000e+15
1.259686379742462250e+15
1.259686379842389000e+15
1.259686379942348000e+15
1.259686380042307750e+15
1.259686380142236000e+15
1.259686380242227750e+15
1.259686380342155000e+15
1.259686380442018000e+15
1.259686380541818000e+15
1.259686380641618000e+15
1.259686380741481000e+15
1.259686380841467250e+15
1.259686380941495000e+15
1.259686381041423000e+15
1.259686381141287000e+15
1.259686381241183000e+15
1.259686381341143000e+15
1.259686381441133000e+15
1.259686381541156000e+15
1.259686381641180000e+15
1.259686381741141000e+15
1.259686381841101250e+15
1.259686381940964000e+15
1.259686382040890250e+15
1.259686382140818000e+15
1.259686382240778000e+15
1.259686382340771250e+15
1.259686382440729250e+15
1.259686382540655750e+15
1.259686382640582000e+15
1.259686382740479000e+15
1.259686382840344000e+15
1.259686382940276250e+15
1.259686383040165000e+15
1.259686383140125000e+15
1.259686383240021000e+15
1.259686383339917000e+15
1.259686383439813250e+15
1.259686383539738000e+15
1.259686383639763000e+15
1.259686383739691000e+15
1.259686383839618000e+15
1.259686383939547000e+15
1.259686384039440250e+15
1.259686384139209000e+15
1.259686384238975000e+15
1.259686384338840000e+15
1.259686384438703000e+15
1.259686384538630000e+15
1.259686384638559000e+15
1.259686384738484750e+15
1.259686384838414000e+15
1.259686384938341250e+15
1.259686385038173000e+15
1.259686385137971250e+15
1.259686385237868000e+15
1.259686385337828750e+15
1.259686385437819000e+15
1.259686385537875000e+15
1.259686385637833000e+15
1.259686385737825250e+15
1.259686385837726000e+15
1.259686385937584000e+15
1.259686386037512000e+15
1.259686386137310000e+15
1.259686386237110000e+15
1.259686386336975000e+15
1.259686386436869750e+15
1.259686386536765000e+15
1.259686386636661000e+15
1.259686386736556000e+15
1.259686386836453000e+15
1.259686386936380000e+15
1.259686387036308000e+15
1.259686387136234000e+15
1.259686387236162000e+15
1.259686387336154000e+15
1.259686387436113000e+15
1.259686387536041000e+15
1.259686387635936000e+15
1.259686387735831000e+15
1.259686387835696000e+15
1.259686387935527750e+15
1.259686388035455000e+15
1.259686388135414000e+15
1.259686388235373000e+15
1.259686388335269250e+15
1.259686388435133000e+15
1.259686388535061000e+15
1.259686388634956750e+15
1.259686388734851000e+15
1.259686388834689250e+15
1.259686388934515000e+15
1.259686389034378000e+15
1.259686389134240750e+15
1.259686389234072000e+15
1.259686389333943750e+15
1.259686389433865000e+15
1.259686389533760000e+15
1.259686389633662000e+15
1.259686389733390000e+15
1.259686389833159000e+15
1.259686389932990000e+15
1.259686390032853000e+15
1.259686390132716250e+15
1.259686390232548000e+15
1.259686390332445000e+15
1.259686390432372000e+15
1.259686390532363000e+15
1.259686390632290000e+15
1.259686390732122000e+15
1.259686390831954000e+15
1.259686390931850000e+15
1.259686391031808000e+15
1.259686391131768000e+15
1.259686391231631000e+15
1.259686391331464000e+15
1.259686391431391000e+15
1.259686391531318000e+15
1.259686391631213000e+15
1.259686391731141000e+15
1.259686391831038000e+15
1.259686391930951750e+15
1.259686392030765000e+15
1.259686392130564000e+15
1.259686392230395000e+15
1.259686392330290750e+15
1.259686392430219000e+15
1.259686392530081000e+15
1.259686392629946000e+15
1.259686392729841000e+15
1.259686392829609250e+15
1.259686392929345250e+15
1.259686393029143000e+15
1.259686393128975250e+15
1.259686393228839000e+15
1.259686393328767000e+15
1.259686393428598250e+15
1.259686393528396750e+15
1.259686393628325000e+15
1.259686393728316750e+15
1.259686393828276000e+15
1.259686393928203000e+15
1.259686394028163000e+15
1.259686394128153750e+15
1.259686394228146000e+15
1.259686394328139000e+15
1.259686394427970000e+15
1.259686394527769000e+15
1.259686394627632000e+15
1.259686394727496750e+15
1.259686394827424000e+15
1.259686394927262000e+15
1.259686395027062250e+15
1.259686395126918000e+15
1.259686395226814000e+15
1.259686395326716000e+15
1.259686395426605000e+15
1.259686395526501000e+15
1.259686395626460000e+15
1.259686395726419000e+15
1.259686395826284000e+15
1.259686395926147000e+15
1.259686396025881000e+15
1.259686396125682000e+15
1.259686396225514250e+15
1.259686396325472750e+15
1.259686396425465000e+15
1.259686396525488000e+15
1.259686396625447000e+15
1.259686396725439000e+15
1.259686396825399000e+15
1.259686396925359000e+15
1.259686397025350000e+15
1.259686397125310250e+15
1.259686397225396250e+15
1.259686397325484000e+15
1.259686397425508000e+15
1.259686397525499750e+15
1.259686397625491250e+15
1.259686397725482000e+15
1.259686397825409250e+15
1.259686397925274250e+15
1.259686398025009750e+15
1.259686398124808000e+15
1.259686398224736250e+15
1.259686398324727000e+15
1.259686398424752000e+15
1.259686398524808000e+15
1.259686398624863250e+15
1.259686398724821000e+15
1.259686398824654000e+15
1.259686398924517000e+15
1.259686399024381000e+15
1.259686399124313000e+15
1.259686399224300250e+15
1.259686399324163000e+15
1.259686399423994000e+15
1.259686399523891000e+15
1.259686399623881750e+15
1.259686399723906000e+15
1.259686399823961000e+15
1.259686399924080250e+15
1.259686400024231000e+15
1.259686400124192000e+15
1.259686400224119000e+15
1.259686400324111000e+15
1.259686400424166000e+15
1.259686400524093000e+15
1.259686400624021000e+15
1.259686400723982000e+15
1.259686400823973000e+15
1.259686400923932000e+15
1.259686401023891000e+15
1.259686401123851000e+15
1.259686401223779000e+15
1.259686401323803000e+15
1.259686401423761750e+15
1.259686401523657000e+15
1.259686401623552000e+15
1.259686401723448000e+15
1.259686401823350000e+15
1.259686401923206000e+15
1.259686402023076000e+15
1.259686402122938750e+15
1.259686402222734000e+15
1.259686402322534000e+15
1.259686402422334000e+15
1.259686402522228000e+15
1.259686402622092000e+15
1.259686402721892000e+15
1.259686402821724000e+15
1.259686402921587000e+15
1.259686403021386250e+15
1.259686403121185000e+15
1.259686403220989000e+15
1.259686403320945000e+15
1.259686403420935750e+15
1.259686403520938250e+15
1.259686403620951000e+15
1.259686403720912000e+15
1.259686403820871000e+15
1.259686403920895000e+15
1.259686404020949000e+15
1.259686404120941250e+15
1.259686404220836000e+15
1.259686404320797000e+15
1.259686404420853250e+15
1.259686404520844000e+15
1.259686404620739000e+15
1.259686404720667000e+15
1.259686404820625000e+15
1.259686404920554000e+15
1.259686405020450000e+15
1.259686405120312000e+15
1.259686405220152250e+15
1.259686405319976000e+15
1.259686405419776000e+15
1.259686405519575000e+15
1.259686405619502000e+15
1.259686405719462000e+15
1.259686405819454000e+15
1.259686405919542000e+15
1.259686406019469000e+15
1.259686406119459750e+15
1.259686406219514750e+15
1.259686406319571000e+15
1.259686406419530000e+15
1.259686406519459000e+15
1.259686406619451000e+15
1.259686406719410000e+15
1.259686406819273000e+15
1.259686406919168000e+15
1.259686407019129000e+15
1.259686407119120000e+15
1.259686407219176000e+15
1.259686407319229750e+15
1.259686407419190000e+15
1.259686407519213000e+15
1.259686407619152000e+15
1.259686407719101250e+15
1.259686407819125000e+15
1.259686407919020250e+15
1.259686408018979000e+15
1.259686408119035000e+15
1.259686408219091000e+15
1.259686408319114000e+15
1.259686408419137000e+15
1.259686408519161000e+15
1.259686408619247000e+15
1.259686408719303000e+15
1.259686408819296000e+15
1.259686408919255000e+15
1.259686409019245250e+15
1.259686409119302000e+15
1.259686409219325000e+15
1.259686409319316000e+15
1.259686409419181000e+15
1.259686409519075750e+15
1.259686409619035000e+15
1.259686409719058000e+15
1.259686409819114250e+15
1.259686409919170000e+15
1.259686410019194250e+15
1.259686410119190000e+15
1.259686410219144000e+15
1.259686410319040000e+15
1.259686410418935000e+15
1.259686410518863000e+15
1.259686410618790750e+15
1.259686410718718000e+15
1.259686410818678000e+15
1.259686410918669000e+15
1.259686411018661000e+15
1.259686411118653000e+15
1.259686411218644000e+15
1.259686411318635000e+15
1.259686411418690000e+15
1.259686411518778000e+15
1.259686411618802000e+15
1.259686411718826000e+15
1.259686411818818000e+15
1.259686411918777000e+15
1.259686412018640000e+15
1.259686412118503000e+15
1.259686412218432250e+15
1.259686412318423000e+15
1.259686412418383000e+15
1.259686412518310000e+15
1.259686412618205000e+15
1.259686412718101000e+15
1.259686412817970000e+15
1.259686412917733250e+15
1.259686413017531000e+15
1.259686413117363000e+15
1.259686413217260000e+15
1.259686413317155000e+15
1.259686413417113000e+15
1.259686413517105000e+15
1.259686413617128250e+15
1.259686413717089000e+15
1.259686413817048000e+15
1.259686413916880000e+15
1.259686414016679000e+15
1.259686414116543000e+15
1.259686414216406750e+15
1.259686414316270750e+15
1.259686414416204000e+15
1.259686414516124000e+15
1.259686414616117000e+15
1.259686414716012000e+15
1.259686414815877000e+15
1.259686414915676000e+15
1.259686415015442750e+15
1.259686415115242000e+15
1.259686415215106000e+15
1.259686415314969750e+15
1.259686415414864000e+15
1.259686415514760000e+15
1.259686415614688000e+15
1.259686415714552250e+15
1.259686415814478750e+15
1.259686415914470000e+15
1.259686416014520000e+15
1.259686416114428000e+15
1.259686416214369000e+15
1.259686416314217000e+15
1.259686416413997000e+15
1.259686416513780000e+15
1.259686416613560000e+15
1.259686416713311000e+15
1.259686416813187750e+15
1.259686416913097750e+15
1.259686417012975000e+15
1.259686417112853000e+15
1.259686417212730250e+15
1.259686417312672250e+15
1.259686417412613750e+15
1.259686417512491000e+15
1.259686417612370000e+15
1.259686417712310000e+15
1.259686417812124000e+15
1.259686417911969250e+15
1.259686418011914000e+15
1.259686418111840000e+15
1.259686418211700000e+15
1.259686418311526000e+15
1.259686418411322000e+15
1.259686418511249750e+15
1.259686418611212000e+15
1.259686418711164000e+15
1.259686418811022000e+15
1.259686418910917000e+15
1.259686419010745000e+15
1.259686419110609750e+15
1.259686419210506000e+15
1.259686419310496000e+15
1.259686419410520000e+15
1.259686419510445750e+15
1.259686419610312000e+15
1.259686419710207000e+15
1.259686419810039000e+15
1.259686419909901250e+15
1.259686420009827750e+15
1.259686420109820750e+15
1.259686420209781250e+15
1.259686420309708000e+15
1.259686420409699000e+15
1.259686420509626000e+15
1.259686420609554000e+15
1.259686420709483250e+15
1.259686420809378000e+15
1.259686420909305000e+15
1.259686421009232000e+15
1.259686421109224000e+15
1.259686421209247000e+15
1.259686421309208000e+15
1.259686421409166750e+15
1.259686421509157000e+15
1.259686421609117000e+15
1.259686421709109000e+15
1.259686421809038000e+15
1.259686421908901000e+15
1.259686422008762750e+15
1.259686422108659000e+15
1.259686422208523000e+15
1.259686422308324000e+15
1.259686422408155000e+15
1.259686422508050000e+15
1.259686422607977250e+15
1.259686422708001000e+15
1.259686422808025000e+15
1.259686422907952000e+15
1.259686423007848000e+15
1.259686423107710000e+15
1.259686423207638000e+15
1.259686423307535250e+15
1.259686423407399000e+15
1.259686423507358000e+15
1.259686423607316000e+15
1.259686423707308000e+15
1.259686423807299750e+15
1.259686423907259000e+15
1.259686424007219000e+15
1.259686424107147000e+15
1.259686424207137750e+15
1.259686424307097250e+15
1.259686424407024750e+15
1.259686424506888750e+15
1.259686424606814750e+15
1.259686424706840000e+15
1.259686424806863000e+15
1.259686424906951000e+15
1.259686425007070000e+15
1.259686425107126000e+15
1.259686425207054250e+15
1.259686425306980250e+15
1.259686425407004000e+15
1.259686425506963000e+15
1.259686425606924000e+15
1.259686425706850000e+15
1.259686425806780000e+15
1.259686425906770000e+15
1.259686426006761000e+15
1.259686426106721000e+15
1.259686426206679750e+15
1.259686426306672750e+15
1.259686426406598000e+15
1.259686426506558000e+15
1.259686426606519000e+15
1.259686426706446250e+15
1.259686426806406000e+15
1.259686426906332000e+15
1.259686427006324000e+15
1.259686427106346750e+15
1.259686427206372000e+15
1.259686427306491000e+15
1.259686427406579000e+15
1.259686427506569750e+15
1.259686427606497000e+15
1.259686427706488750e+15
1.259686427806449000e+15
1.259686427906344000e+15
1.259686428006272000e+15
1.259686428106231000e+15
1.259686428206222000e+15
1.259686428306150000e+15
1.259686428406046000e+15
1.259686428506006000e+15
1.259686428605934250e+15
1.259686428705920000e+15
1.259686428805947000e+15
1.259686428905907250e+15
1.259686429005899000e+15
1.259686429105827000e+15
1.259686429205690250e+15
1.259686429305617000e+15
1.259686429405543750e+15
1.259686429505473000e+15
1.259686429605401000e+15
1.259686429705328000e+15
1.259686429805327000e+15
1.259686429905126000e+15
1.259686430004922750e+15
1.259686430104687000e+15
1.259686430204421000e+15
1.259686430304284000e+15
1.259686430404181000e+15
1.259686430504013000e+15
1.259686430603845000e+15
1.259686430703643000e+15
1.259686430803410000e+15
1.259686430903179250e+15
1.259686431002978750e+15
1.259686431102809000e+15
1.259686431202704000e+15
1.259686431302505000e+15
1.259686431402305000e+15
1.259686431502073000e+15
1.259686431601775000e+15
1.259686431701443250e+15
1.259686431801151000e+15
1.259686431901077000e+15
1.259686432000904750e+15
1.259686432100644000e+15
1.259686432200414000e+15
1.259686432300181250e+15
1.259686432399980000e+15
1.259686432499811250e+15
1.259686432599675000e+15
1.259686432699579000e+15
1.259686432799434000e+15
1.259686432899361000e+15
1.259686432999321000e+15
1.259686433099216000e+15
1.259686433199081000e+15
1.259686433298912000e+15
1.259686433398805750e+15
1.259686433498638000e+15
1.259686433598471000e+15
1.259686433698303000e+15
1.259686433798102000e+15
1.259686433897996250e+15
1.259686433997860000e+15
1.259686434097693000e+15
1.259686434197492000e+15
1.259686434297290750e+15
1.259686434397218000e+15
1.259686434497083000e+15
1.259686434596946000e+15
1.259686434696778000e+15
1.259686434796608250e+15
1.259686434896440000e+15
1.259686434996240750e+15
1.259686435095912000e+15
1.259686435195550250e+15
1.259686435295254000e+15
1.259686435395215000e+15
1.259686435495111000e+15
1.259686435594974000e+15
1.259686435694773000e+15
1.259686435794572000e+15
1.259686435894501000e+15
1.259686435994493000e+15
1.259686436094356000e+15
1.259686436194218000e+15
1.259686436294018000e+15
1.259686436393819000e+15
1.259686436493585750e+15
1.259686436593416000e+15
1.259686436693344000e+15
1.259686436793240000e+15
1.259686436893136000e+15
1.259686436992872000e+15
1.259686437092645000e+15
1.259686437192470000e+15
1.259686437292270250e+15
1.259686437392134000e+15
1.259686437491996000e+15
1.259686437591796000e+15
1.259686437691596000e+15
1.259686437791433000e+15
1.259686437891356000e+15
1.259686437991154000e+15
1.259686438090953000e+15
1.259686438190786000e+15
1.259686438290617000e+15
1.259686438390480000e+15
1.259686438490311750e+15
1.259686438590175750e+15
1.259686438690104000e+15
1.259686438790032000e+15
1.259686438889862000e+15
1.259686438989629000e+15
1.259686439089461000e+15
1.259686439189390000e+15
1.259686439289317250e+15
1.259686439389276000e+15
1.259686439489107250e+15
1.259686439589035000e+15
1.259686439688963000e+15
1.259686439788891000e+15
1.259686439888754000e+15
1.259686439988521000e+15
1.259686440088353000e+15
1.259686440188281000e+15
1.259686440288241250e+15
1.259686440388135000e+15
1.259686440487999000e+15
1.259686440587798750e+15
1.259686440687561000e+15
1.259686440787430000e+15
1.259686440887357000e+15
1.259686440987348000e+15
1.259686441087308000e+15
1.259686441187237000e+15
1.259686441287196250e+15
1.259686441387122250e+15
1.259686441487051000e+15
1.259686441587010000e+15
1.259686441687002250e+15
1.259686441786929750e+15
1.259686441886825000e+15
1.259686441986688250e+15
1.259686442086615000e+15
1.259686442186512000e+15
1.259686442286344000e+15
1.259686442386207000e+15
1.259686442486134000e+15
1.259686442586061000e+15
1.259686442686022000e+15
1.259686442785886000e+15
1.259686442885749000e+15
1.259686442985612250e+15
1.259686443085473000e+15
1.259686443185340000e+15
1.259686443285235250e+15
1.259686443385131000e+15
1.259686443485057000e+15
1.259686443584857000e+15
1.259686443684657750e+15
1.259686443784462000e+15
1.259686443884320000e+15
1.259686443984183000e+15
1.259686444084111000e+15
1.259686444184039000e+15
1.259686444283966000e+15
1.259686444383765000e+15
1.259686444483564750e+15
1.259686444583493000e+15
1.259686444683485000e+15
1.259686444783476000e+15
1.259686444883467000e+15
1.259686444983491000e+15
1.259686445083482000e+15
1.259686445183441000e+15
1.259686445283369750e+15
1.259686445383298000e+15
1.259686445483224250e+15
1.259686445583056000e+15
1.259686445682856000e+15
1.259686445782720000e+15
1.259686445882615000e+15
1.259686445982542000e+15
1.259686446082511000e+15
1.259686446182398000e+15
1.259686446282262000e+15
1.259686446382189000e+15
1.259686446482082750e+15
1.259686446581851000e+15
1.259686446681620000e+15
1.259686446781419000e+15
1.259686446881184750e+15
1.259686446980954000e+15
1.259686447080721000e+15
1.259686447180554000e+15
1.259686447280449000e+15
1.259686447380376000e+15
1.259686447480335000e+15
1.259686447580231000e+15
1.259686447680095000e+15
1.259686447780053750e+15
1.259686447879854000e+15
1.259686447979653000e+15
1.259686448079486250e+15
1.259686448179285000e+15
1.259686448279085000e+15
1.259686448379040000e+15
1.259686448478907000e+15
1.259686448578739250e+15
1.259686448678603000e+15
1.259686448778433000e+15
1.259686448878265250e+15
1.259686448978097000e+15
1.259686449077961000e+15
1.259686449177857250e+15
1.259686449277751000e+15
1.259686449377679000e+15
1.259686449477638000e+15
1.259686449577508000e+15
1.259686449677398000e+15
1.259686449777325000e+15
1.259686449877251750e+15
1.259686449977180000e+15
1.259686450077109000e+15
1.259686450176972000e+15
1.259686450276900000e+15
1.259686450376762000e+15
1.259686450476625000e+15
1.259686450576522000e+15
1.259686450676258000e+15
1.259686450776023750e+15
1.259686450875856000e+15
1.259686450975656000e+15
1.259686451075496000e+15
1.259686451175351000e+15
1.259686451275181750e+15
1.259686451374981000e+15
1.259686451474846000e+15
1.259686451574774000e+15
1.259686451674668000e+15
1.259686451774564000e+15
1.259686451874523000e+15
1.259686451974580000e+15
1.259686452074507000e+15
1.259686452174371000e+15
1.259686452274264750e+15
1.259686452374160000e+15
1.259686452474090000e+15
1.259686452574049000e+15
1.259686452674041000e+15
1.259686452773934000e+15
1.259686452873863000e+15
1.259686452973726000e+15
1.259686453073623000e+15
1.259686453173581000e+15
1.259686453273541000e+15
1.259686453373437250e+15
1.259686453473364000e+15
1.259686453573324000e+15
1.259686453673188000e+15
1.259686453773082000e+15
1.259686453872977000e+15
1.259686453972873000e+15
1.259686454072769000e+15
1.259686454172697000e+15
1.259686454272591000e+15
1.259686454372519000e+15
1.259686454472478000e+15
1.259686454572407000e+15
1.259686454672368000e+15
1.259686454772326000e+15
1.259686454872253000e+15
1.259686454972148000e+15
1.259686455072077000e+15
1.259686455172004000e+15
1.259686455271932250e+15
1.259686455371826000e+15
1.259686455471690000e+15
1.259686455571618000e+15
1.259686455671610000e+15
1.259686455771474000e+15
1.259686455871304000e+15
1.259686455971232000e+15
1.259686456071223000e+15
1.259686456171120000e+15
1.259686456271079000e+15
1.259686456371038000e+15
1.259686456470901000e+15
1.259686456570797000e+15
1.259686456670629000e+15
1.259686456770493000e+15
1.259686456870388000e+15
1.259686456970294000e+15
1.259686457070179000e+15
1.259686457170139000e+15
1.259686457270130000e+15
1.259686457370091000e+15
1.259686457470049000e+15
1.259686457570040000e+15
1.259686457669937250e+15
1.259686457769864000e+15
1.259686457869792000e+15
1.259686457969653750e+15
1.259686458069422000e+15
1.259686458169223000e+15
1.259686458269122750e+15
1.259686458369014000e+15
1.259686458468940000e+15
1.259686458568932000e+15
1.259686458668924000e+15
1.259686458768884000e+15
1.259686458868811250e+15
1.259686458968737750e+15
1.259686459068666000e+15
1.259686459168626000e+15
1.259686459268617750e+15
1.259686459368449000e+15
1.259686459468312000e+15
1.259686459568176000e+15
1.259686459668103250e+15
1.259686459768032000e+15
1.259686459867863250e+15
1.259686459967727000e+15
1.259686460067653000e+15
1.259686460167645250e+15
1.259686460267541000e+15
1.259686460367405250e+15
1.259686460467267000e+15
1.259686460567168000e+15
1.259686460667027000e+15
1.259686460766858750e+15
1.259686460866658000e+15
1.259686460966559250e+15
1.259686461066448000e+15
1.259686461166281000e+15
1.259686461266145000e+15
1.259686461366041000e+15
1.259686461465935000e+15
1.259686461565862000e+15
1.259686461665854000e+15
1.259686461765687000e+15
1.259686461865550000e+15
1.259686461965413000e+15
1.259686462065340000e+15
1.259686462165300250e+15
1.259686462265260250e+15
1.259686462365252000e+15
1.259686462465114000e+15
1.259686462565009000e+15
1.259686462664969250e+15
1.259686462764929000e+15
1.259686462864889250e+15
1.259686462964881000e+15
1.259686463064807000e+15
1.259686463164710000e+15
1.259686463264567000e+15
1.259686463364399000e+15
1.259686463464198750e+15
1.259686463564094000e+15
1.259686463663957000e+15
1.259686463763886250e+15
1.259686463863877000e+15
1.259686463963900750e+15
1.259686464063891000e+15
1.259686464163847000e+15
1.259686464263842000e+15
1.259686464363674250e+15
1.259686464463506000e+15
1.259686464563432000e+15
1.259686464663296000e+15
1.259686464763192000e+15
1.259686464863040000e+15
1.259686464962860750e+15
1.259686465062687000e+15
1.259686465162613750e+15
1.259686465262618000e+15
1.259686465362598250e+15
1.259686465462590000e+15
1.259686465562614000e+15
1.259686465662636000e+15
1.259686465762564000e+15
1.259686465862459000e+15
1.259686465962323000e+15
1.259686466062250750e+15
1.259686466162241000e+15
1.259686466262181000e+15
1.259686466362069250e+15
1.259686466461961000e+15
1.259686466561823750e+15
1.259686466661650000e+15
1.259686466761519250e+15
1.259686466861415000e+15
1.259686466961375000e+15
1.259686467061302000e+15
1.259686467161261000e+15
1.259686467261220000e+15
1.259686467361212000e+15
1.259686467461141000e+15
1.259686467561004000e+15
1.259686467660900000e+15
1.259686467760794000e+15
1.259686467860753000e+15
1.259686467960746000e+15
1.259686468060802000e+15
1.259686468160891000e+15
1.259686468261041000e+15
1.259686468361063000e+15
1.259686468461055000e+15
1.259686468561047000e+15
1.259686468660943000e+15
1.259686468760870000e+15
1.259686468860894000e+15
1.259686468961045000e+15
1.259686469061132000e+15
1.259686469161156000e+15
1.259686469261117000e+15
1.259686469361107000e+15
1.259686469461100000e+15
1.259686469561026000e+15
1.259686469660889250e+15
1.259686469760817000e+15
1.259686469860808250e+15
1.259686469960641000e+15
1.259686470060505750e+15
1.259686470160320000e+15
1.259686470260101000e+15
1.259686470359978250e+15
1.259686470459825000e+15
1.259686470559702250e+15
1.259686470659522000e+15
1.259686470759265250e+15
1.259686470859016000e+15
1.259686470958732000e+15
1.259686471058515000e+15
1.259686471158264250e+15
1.259686471258016000e+15
1.259686471357830000e+15
1.259686471457674000e+15
1.259686471557485750e+15
1.259686471657365000e+15
1.259686471757273000e+15
1.259686471857184000e+15
1.259686471957124000e+15
1.259686472057031000e+15
1.259686472156990000e+15
1.259686472256915000e+15
1.259686472356842000e+15
1.259686472456738000e+15
1.259686472556664000e+15
1.259686472656495000e+15
1.259686472756326000e+15
1.259686472856157000e+15
1.259686472956051750e+15
1.259686473055978000e+15
1.259686473155938000e+15
1.259686473255865000e+15
1.259686473355762000e+15
1.259686473455562000e+15
1.259686473555360000e+15
1.259686473655285000e+15
1.259686473755280000e+15
1.259686473855208250e+15
1.259686473955103000e+15
1.259686474054998250e+15
1.259686474154861000e+15
1.259686474254662000e+15
1.259686474354558000e+15
1.259686474454485000e+15
1.259686474554412250e+15
1.259686474654307000e+15
1.259686474754299000e+15
1.259686474854163250e+15
1.259686474954026000e+15
1.259686475053902000e+15
1.259686475153721000e+15
1.259686475253617000e+15
1.259686475353481000e+15
1.259686475453284000e+15
1.259686475553143000e+15
1.259686475652951000e+15
1.259686475752743000e+15
1.259686475852671000e+15
1.259686475952663000e+15
1.259686476052589000e+15
1.259686476152547750e+15
1.259686476252477000e+15
1.259686476352340000e+15
1.259686476452204000e+15
1.259686476552162250e+15
1.259686476652155250e+15
1.259686476752146000e+15
1.259686476852074250e+15
1.259686476951874000e+15
1.259686477051672000e+15
1.259686477151574250e+15
1.259686477251560000e+15
1.259686477351584250e+15
1.259686477451416000e+15
1.259686477551278000e+15
1.259686477651173000e+15
1.259686477751101000e+15
1.259686477851062000e+15
1.259686477950989000e+15
1.259686478050883000e+15
1.259686478150811000e+15
1.259686478250808000e+15
1.259686478350794750e+15
1.259686478450723000e+15
1.259686478550618250e+15
1.259686478650545000e+15
1.259686478750503750e+15
1.259686478850401000e+15
1.259686478950201000e+15
1.259686479050000000e+15
1.259686479149927000e+15
1.259686479249918000e+15
1.259686479349910000e+15
1.259686479449934000e+15
1.259686479549958000e+15
1.259686479649982000e+15
1.259686479750004000e+15
1.259686479849932000e+15
1.259686479949860000e+15
1.259686480049852000e+15
1.259686480149875250e+15
1.259686480249899000e+15
1.259686480349953000e+15
1.259686480449911750e+15
1.259686480549841000e+15
1.259686480649769000e+15
1.259686480749760000e+15
1.259686480849591000e+15
1.259686480949461000e+15
1.259686481049350000e+15
1.259686481149246000e+15
1.259686481249142250e+15
1.259686481349004000e+15
1.259686481448805000e+15
1.259686481548605000e+15
1.259686481648435750e+15
1.259686481748237000e+15
1.259686481848097750e+15
1.259686481947898000e+15
1.259686482047699000e+15
1.259686482147567000e+15
1.259686482247554000e+15
1.259686482347511750e+15
1.259686482447535000e+15
1.259686482547592250e+15
1.259686482647615000e+15
1.259686482747543000e+15
1.259686482847470000e+15
1.259686482947398000e+15
1.259686483047326000e+15
1.259686483147221000e+15
1.259686483247184000e+15
1.259686483347171000e+15
1.259686483447131000e+15
1.259686483547059000e+15
1.259686483646955000e+15
1.259686483746851250e+15
1.259686483846713000e+15
1.259686483946614000e+15
1.259686484046536000e+15
1.259686484146401000e+15
1.259686484246297000e+15
1.259686484346256000e+15
1.259686484446087000e+15
1.259686484545790000e+15
1.259686484645494000e+15
1.259686484745230000e+15
1.259686484845029000e+15
1.259686484944860000e+15
1.259686485044789000e+15
1.259686485144717000e+15
1.259686485244675750e+15
1.259686485344635000e+15
1.259686485444531000e+15
1.259686485544458250e+15
1.259686485644385750e+15
1.259686485744314000e+15
1.259686485844242000e+15
1.259686485944168000e+15
1.259686486044064000e+15
1.259686486143992000e+15
1.259686486243919250e+15
1.259686486343814000e+15
1.259686486443773000e+15
1.259686486543765000e+15
1.259686486643725750e+15
1.259686486743653000e+15
1.259686486843549000e+15
1.259686486943410250e+15
1.259686487043370000e+15
1.259686487143331000e+15
1.259686487243130000e+15
1.259686487342963000e+15
1.259686487442857000e+15
1.259686487542753250e+15
1.259686487642648000e+15
1.259686487742544000e+15
1.259686487842310000e+15
1.259686487942046000e+15
1.259686488041878000e+15
1.259686488141806000e+15
1.259686488241802000e+15
1.259686488341789000e+15
1.259686488441780000e+15
1.259686488541771000e+15
1.259686488641827000e+15
1.259686488741947000e+15
1.259686488842002000e+15
1.259686488942058000e+15
1.259686489042049000e+15
1.259686489141976000e+15
1.259686489241904000e+15
1.259686489341833000e+15
1.259686489441856250e+15
1.259686489541944000e+15
1.259686489641998000e+15
1.259686489741958000e+15
1.259686489841886000e+15
1.259686489941813000e+15
1.259686490041806000e+15
1.259686490141795750e+15
1.259686490241850750e+15
1.259686490341907000e+15
1.259686490441898750e+15
1.259686490541795000e+15
1.259686490641658000e+15
1.259686490741521000e+15
1.259686490841417000e+15
1.259686490941344000e+15
1.259686491041273000e+15
1.259686491141168000e+15
1.259686491241041000e+15
1.259686491340830000e+15
1.259686491440599000e+15
1.259686491540429750e+15
1.259686491640327000e+15
1.259686491740293000e+15
1.259686491840148000e+15
1.259686491940013000e+15
1.259686492039940000e+15
1.259686492139740000e+15
1.259686492239571000e+15
1.259686492339497750e+15
1.259686492439363000e+15
1.259686492539226000e+15
1.259686492639152000e+15
1.259686492739112250e+15
1.259686492839103000e+15
1.259686492939032000e+15
1.259686493038927000e+15
1.259686493138856000e+15
1.259686493238782250e+15
1.259686493338741000e+15
1.259686493438733000e+15
1.259686493538725750e+15
1.259686493638717250e+15
1.259686493738611000e+15
1.259686493838540000e+15
1.259686493938498000e+15
1.259686494038459000e+15
1.259686494138355000e+15
1.259686494238282000e+15
1.259686494338241000e+15
1.259686494438200000e+15
1.259686494538065000e+15
1.259686494637897000e+15
1.259686494737792000e+15
1.259686494837687000e+15
1.259686494937678000e+15
1.259686495037670250e+15
1.259686495137662000e+15
1.259686495237557250e+15
1.259686495337452000e+15
1.259686495437284000e+15
1.259686495536989000e+15
1.259686495636660000e+15
1.259686495736394000e+15
1.259686495836130000e+15
1.259686495935866000e+15
1.259686496035666000e+15
1.259686496135562250e+15
1.259686496235521000e+15
1.259686496335512000e+15
1.259686496435504000e+15
1.259686496535400250e+15
