3.518669307231903076e-01 1.156422030180692673e-02 4.923671949654817581e-03 -2.494087966624647379e-04 4.360059276223182678e-03 1.472328510135412216e-02
3.544090986251831055e-01 9.865319356322288513e-03 5.872149020433425903e-03 -1.621370320208370686e-04 1.034817192703485489e-02 1.273819524794816971e-02
3.425138890743255615e-01 9.697359055280685425e-03 1.682572625577449799e-02 -2.807118231430649757e-03 8.827818557620048523e-03 1.284482982009649277e-02
3.270177543163299561e-01 7.403372786939144135e-03 1.194633916020393372e-02 -4.379601159598678350e-04 9.880216093733906746e-04 1.317687518894672394e-02
3.263828754425048828e-01 1.208558864891529083e-02 1.136389281600713730e-02 -9.484689799137413502e-04 -2.208400517702102661e-03 1.284030918031930923e-02
3.261213004589080811e-01 7.897697389125823975e-03 4.965148866176605225e-03 2.228188794106245041e-03 -1.746685360558331013e-03 1.278989296406507492e-02
3.183936178684234619e-01 7.911883294582366943e-03 1.286762207746505737e-02 -6.882111774757504463e-04 -2.814087783917784691e-03 1.213581208139657974e-02
3.185302019119262695e-01 1.880248822271823883e-02 4.386310465633869171e-03 -2.774760359898209572e-03 -3.080105176195502281e-03 1.176191493868827820e-02
3.143294751644134521e-01 1.517266035079956055e-02 6.982593913562595844e-04 -4.067652393132448196e-03 -2.106287982314825058e-03 1.160351559519767761e-02
3.137813806533813477e-01 1.790492422878742218e-02 -1.285895984619855881e-02 5.968743353150784969e-04 -5.874699447304010391e-03 1.195254083722829819e-02
3.194613158702850342e-01 9.906250983476638794e-03 -6.218044552952051163e-03 1.485385582782328129e-03 -1.124889939092099667e-03 1.227944251149892807e-02
3.148336708545684814e-01 3.796727163717150688e-03 3.131479490548372269e-03 2.759658033028244972e-03 4.309797193855047226e-03 1.112150214612483978e-02
3.149168193340301514e-01 4.092529416084289551e-03 1.006402354687452316e-02 6.038990104570984840e-04 3.214546246454119682e-03 1.195008121430873871e-02
3.089342117309570312e-01 4.679563920944929123e-03 5.256304983049631119e-03 1.315681613050401211e-03 -1.284966128878295422e-03 1.240915153175592422e-02
3.060845136642456055e-01 1.575335487723350525e-02 1.160002592951059341e-02 -5.312990979291498661e-04 1.764930784702301025e-04 1.166535727679729462e-02
3.156965672969818115e-01 4.225915297865867615e-03 3.615122986957430840e-03 -1.797989010810852051e-03 2.908864524215459824e-03 1.170729193836450577e-02
3.026812076568603516e-01 1.045034080743789673e-02 7.343229837715625763e-03 -2.488152589648962021e-03 -4.113734234124422073e-03 1.138143707066774368e-02
3.044459223747253418e-01 9.950337000191211700e-03 8.269228041172027588e-03 -5.059651448391377926e-04 -8.691191673278808594e-03 1.174563169479370117e-02
3.055518865585327148e-01 -4.162264522165060043e-03 -3.526418237015604973e-03 2.740669064223766327e-03 -8.533934131264686584e-03 1.176871825009584427e-02
3.097863197326660156e-01 3.178298939019441605e-03 -2.363367821089923382e-05 4.947551526129245758e-03 -5.138331558555364609e-03 1.227546297013759613e-02
2.999386489391326904e-01 -6.852713413536548615e-04 -2.326989080756902695e-03 1.499894191510975361e-03 2.434483729302883148e-03 1.103839837014675140e-02
3.300292789936065674e-01 6.536499131470918655e-03 1.562266697874292731e-04 -2.127325860783457756e-03 5.660599097609519958e-03 1.249264460057020187e-02
3.386824727058410645e-01 1.491821650415658951e-02 -6.227570120245218277e-03 -1.766954199410974979e-03 3.570927772670984268e-03 1.244607288390398026e-02
3.288328945636749268e-01 7.650687359273433685e-03 -1.692602527327835560e-03 1.707562187220901251e-04 -7.272654329426586628e-04 1.235049031674861908e-02
3.166929483413696289e-01 3.516797674819827080e-03 1.009304542094469070e-02 -1.823374070227146149e-03 2.479914110153913498e-03 1.087032351642847061e-02
3.436680436134338379e-01 2.129170671105384827e-02 1.337092369794845581e-02 -3.929649479687213898e-03 8.804950863122940063e-03 1.262711919844150543e-02
3.273386061191558838e-01 5.261842161417007446e-03 6.577074993401765823e-03 -3.007322666235268116e-04 6.476954557001590729e-03 1.249242294579744339e-02
3.238735795021057129e-01 -6.483210716396570206e-03 9.060706943273544312e-03 6.443311925977468491e-03 1.544009544886648655e-03 1.156204193830490112e-02
3.168357610702514648e-01 -9.336533956229686737e-03 5.616093520075082779e-03 5.475877318531274796e-03 -1.754683442413806915e-03 1.183673739433288574e-02
3.362768292427062988e-01 -7.169798947870731354e-03 9.985356591641902924e-03 2.538056811317801476e-03 -5.954096559435129166e-04 1.293329335749149323e-02
3.225131034851074219e-01 1.331516262143850327e-02 3.394186729565262794e-03 -6.880017928779125214e-03 -8.783396333456039429e-04 1.201929338276386261e-02
3.314382433891296387e-01 1.132416725158691406e-02 -4.773166030645370483e-03 -5.178750492632389069e-03 -1.817941665649414062e-03 1.293327845633029938e-02
3.499373793601989746e-01 -4.005703143775463104e-03 -8.602897636592388153e-03 2.534237690269947052e-03 -8.940885891206562519e-04 1.370778307318687439e-02
3.594984710216522217e-01 -7.747453637421131134e-03 6.042179185897111893e-03 5.696499720215797424e-03 1.967974007129669189e-03 1.306018792092800140e-02
3.737511038780212402e-01 -4.214299842715263367e-03 9.065586142241954803e-03 1.581032294780015945e-03 3.928726539015769958e-03 1.337469555437564850e-02
3.724159598350524902e-01 1.516599953174591064e-02 4.349151626229286194e-03 -3.303794888779520988e-03 3.344094846397638321e-03 1.421000063419342041e-02
3.715906143188476562e-01 8.091805502772331238e-03 2.700033597648143768e-03 -2.457822847645729780e-04 -1.204152242280542850e-03 1.397340558469295502e-02
3.885874152183532715e-01 9.215928614139556885e-03 7.600394543260335922e-03 1.294319954467937350e-04 -2.753239823505282402e-03 1.492768153548240662e-02
3.986020684242248535e-01 1.105604227632284164e-02 4.654958844184875488e-03 -3.575652372092008591e-04 -1.836500829085707664e-03 1.520633138716220856e-02
4.139798581600189209e-01 2.585133304819464684e-03 -2.218968700617551804e-03 2.604196546599268913e-03 -1.584415091201663017e-03 1.672590896487236023e-02
4.141511619091033936e-01 2.327519468963146210e-03 -1.606095815077424049e-03 4.864666610956192017e-03 -2.191004808992147446e-03 1.706482842564582825e-02
4.282465577125549316e-01 1.060663908720016479e-02 7.957889698445796967e-03 2.165439072996377945e-03 -3.315669251605868340e-03 1.730376668274402618e-02
4.416669607162475586e-01 1.889035664498806000e-02 5.187061615288257599e-03 -5.192412529140710831e-03 -2.283698413521051407e-03 1.865530200302600861e-02
4.506809711456298828e-01 1.746460422873497009e-02 1.926178345456719398e-03 -4.628216847777366638e-03 -2.065045555355027318e-05 1.996687985956668854e-02
4.587696194648742676e-01 8.208811283111572266e-03 -1.495238626375794411e-03 -2.256031730212271214e-04 7.461723289452493191e-04 2.064613252878189087e-02
4.527123570442199707e-01 7.028727792203426361e-03 3.948088735342025757e-03 1.970051089301705360e-03 1.301155309192836285e-03 1.956135593354701996e-02
4.540601074695587158e-01 7.061684504151344299e-03 6.811773870140314102e-03 1.365312607958912849e-03 7.867524400353431702e-04 1.958590745925903320e-02
4.539493024349212646e-01 1.440610550343990326e-02 8.695143274962902069e-03 -8.095007506199181080e-04 1.472966978326439857e-03 1.918222196400165558e-02
4.534697234630584717e-01 1.437104493379592896e-02 5.802261177450418472e-03 -1.378477551043033600e-03 1.399909378960728645e-03 1.884685270488262177e-02
4.522862136363983154e-01 1.527210790663957596e-02 6.074006203562021255e-03 -1.944794435985386372e-03 1.081897877156734467e-03 1.839909702539443970e-02
4.489466845989227295e-01 1.437698677182197571e-02 4.150916822254657745e-03 -1.423396635800600052e-03 4.799668386112898588e-04 1.774711348116397858e-02
4.412061572074890137e-01 1.180129125714302063e-02 6.655358709394931793e-03 -1.173267606645822525e-03 1.029975028359331191e-04 1.674532890319824219e-02
4.382155537605285645e-01 1.325598731637001038e-02 7.634538691490888596e-03 -1.466399640776216984e-03 4.888063267571851611e-05 1.632307656109333038e-02
4.381038248538970947e-01 1.400783285498619080e-02 6.164431571960449219e-03 -1.565250102430582047e-03 1.058692461811006069e-03 1.498889457434415817e-02
4.334621131420135498e-01 1.286590006202459335e-02 4.242830909788608551e-03 -8.416453492827713490e-04 4.569092998281121254e-04 1.415843516588211060e-02
4.335252344608306885e-01 1.425486523658037186e-02 6.291279103606939316e-03 -8.566791657358407974e-04 1.004190780804492533e-04 1.355159934610128403e-02
4.271729886531829834e-01 1.229185517877340317e-02 6.106683984398841858e-03 -5.255849682725965977e-04 6.003744783811271191e-04 1.211268641054630280e-02
4.214125871658325195e-01 1.189713180065155029e-02 7.196498103439807892e-03 -7.803519256412982941e-04 1.372541766613721848e-03 1.083028782159090042e-02
4.218379855155944824e-01 1.130656618624925613e-02 5.712644662708044052e-03 -7.058107876218855381e-04 6.551728583872318268e-04 9.629212319850921631e-03
4.172573387622833252e-01 9.166986681520938873e-03 7.456396240741014481e-03 -6.692009046673774719e-04 -2.495708176866173744e-04 8.062707260251045227e-03
4.101095497608184814e-01 6.857748609036207199e-03 5.488562397658824921e-03 -9.203404770232737064e-04 -4.313785029808059335e-05 6.207642611116170883e-03
4.097754657268524170e-01 9.001526050269603729e-03 5.670232232660055161e-03 -1.249114720849320292e-04 6.329520256258547306e-04 4.637394566088914871e-03
4.042119681835174561e-01 5.365573335438966751e-03 5.141770932823419571e-03 1.780883176252245903e-04 1.936567132361233234e-04 2.958232769742608070e-03
4.074607789516448975e-01 6.813942454755306244e-03 6.928358692675828934e-03 7.434781291522085667e-04 -2.751652791630476713e-04 1.107892021536827087e-03
3.964615762233734131e-01 -3.507389919832348824e-04 5.503977183252573013e-03 -3.399323031771928072e-04 -9.979926981031894684e-04 -7.506879046559333801e-04
4.010618925094604492e-01 -9.425248717889189720e-04 4.973928444087505341e-03 5.675500869983807206e-05 -1.793047180399298668e-03 -2.440880751237273216e-03
4.003942310810089111e-01 -1.501726219430565834e-03 6.410331465303897858e-03 3.924219636246562004e-04 -2.942799590528011322e-03 -4.447633866220712662e-03
4.016835987567901611e-01 -2.500687260180711746e-03 3.429375821724534035e-03 3.261291421949863434e-04 -3.007344435900449753e-03 -6.231723818928003311e-03
4.102906584739685059e-01 -5.620321026071906090e-04 2.424103207886219025e-03 -2.603496795927640051e-06 -5.511653143912553787e-04 -8.086878806352615356e-03
4.141907393932342529e-01 -3.522227285429835320e-03 1.959466841071844101e-03 -8.644473273307085037e-04 1.982772722840309143e-03 -9.518964216113090515e-03
4.160905182361602783e-01 -4.926770459860563278e-03 3.538908436894416809e-03 -2.101616235449910164e-03 2.521921647712588310e-03 -1.157953124493360519e-02
4.146753251552581787e-01 -5.358733236789703369e-03 5.438738036900758743e-03 -2.241878071799874306e-03 2.092230133712291718e-03 -1.395119074732065201e-02
4.106445014476776123e-01 -4.905843175947666168e-03 8.335655555129051208e-03 -6.463594618253409863e-04 1.304161734879016876e-03 -1.540606468915939331e-02
4.097115099430084229e-01 -3.271041670814156532e-03 7.677603513002395630e-03 -7.863325299695134163e-04 -2.119941200362518430e-04 -1.655847951769828796e-02
4.014617204666137695e-01 -1.409855857491493225e-02 7.384454831480979919e-03 -3.159111947752535343e-04 -1.069633290171623230e-03 -1.877764053642749786e-02
4.018156230449676514e-01 -1.006905268877744675e-02 6.519801914691925049e-03 -1.526517793536186218e-03 -1.146735856309533119e-03 -2.023324929177761078e-02
4.023133516311645508e-01 -9.439774788916110992e-03 5.463390611112117767e-03 -2.938536694273352623e-03 -9.699068032205104828e-04 -2.123756892979145050e-02
3.925854563713073730e-01 -1.819386892020702362e-02 -1.349063008092343807e-03 -2.719518728554248810e-03 -1.399829750880599022e-03 -2.135116420686244965e-02
3.912498652935028076e-01 -2.302527427673339844e-02 2.468470949679613113e-03 1.360598602332174778e-03 -1.093497266992926598e-03 -2.199424430727958679e-02
3.894612789154052734e-01 -1.988717354834079742e-02 6.773182656615972519e-03 7.421634509228169918e-04 -7.414826541207730770e-04 -2.281601354479789734e-02
3.919760882854461670e-01 -1.640144921839237213e-02 5.760688334703445435e-03 -7.009690161794424057e-04 -1.359991147182881832e-03 -2.369749359786510468e-02
3.934406936168670654e-01 -2.066396363079547882e-02 3.030773019418120384e-03 -7.680497219553217292e-06 -1.414064317941665649e-03 -2.412752062082290649e-02
3.951916098594665527e-01 -2.600505389273166656e-02 1.547967432998120785e-03 2.375682117417454720e-03 -4.992744288756512105e-05 -2.458258159458637238e-02
4.090756773948669434e-01 -2.925672754645347595e-02 3.606224199756979942e-03 3.108643461018800735e-03 6.467254715971648693e-04 -2.528698928654193878e-02
4.117625057697296143e-01 -2.488561719655990601e-02 5.479151383042335510e-03 1.905166660435497761e-03 8.867446449585258961e-04 -2.546763233840465546e-02
4.152773022651672363e-01 -2.166628465056419373e-02 7.928669452667236328e-03 -3.023318422492593527e-04 5.831630551256239414e-04 -2.553487010300159454e-02
4.206638634204864502e-01 -1.844680681824684143e-02 8.255633525550365448e-03 -2.294823294505476952e-03 2.242151094833388925e-04 -2.545813284814357758e-02
4.201049506664276123e-01 -1.842961274087429047e-02 2.219807356595993042e-03 -1.794718671590089798e-03 3.938685113098472357e-04 -2.524418197572231293e-02
4.296470880508422852e-01 -3.240608051419258118e-02 1.158962026238441467e-03 1.768569462001323700e-03 4.388033412396907806e-04 -2.494232915341854095e-02
4.345959424972534180e-01 -2.414572797715663910e-02 5.494593642652034760e-03 2.595665166154503822e-03 5.704882787540555000e-04 -2.476732619106769562e-02
4.412138462066650391e-01 -1.638440042734146118e-02 6.946268491446971893e-03 -2.764900855254381895e-04 5.712031852453947067e-04 -2.500332705676555634e-02
4.452592730522155762e-01 -1.678984425961971283e-02 3.086721524596214294e-03 -2.261572051793336868e-03 3.179561172146350145e-04 -2.459688670933246613e-02
4.520317018032073975e-01 -2.051800303161144257e-02 2.399486489593982697e-03 -1.292936969548463821e-03 1.313218614086508751e-03 -2.416411601006984711e-02
4.576826989650726318e-01 -1.643822714686393738e-02 8.503583259880542755e-03 -1.249818829819560051e-03 2.478293841704726219e-03 -2.406862750649452209e-02
4.665905833244323730e-01 -1.402520108968019485e-02 9.694378823041915894e-03 -3.141655819490551949e-03 1.356014749035239220e-03 -2.420479245483875275e-02
4.655312001705169678e-01 -1.334000565111637115e-02 6.167364772409200668e-03 -3.879314986988902092e-03 -2.132174813596066087e-05 -2.439180389046669006e-02
4.702522456645965576e-01 -1.658750511705875397e-02 3.906732890754938126e-03 -3.292145440354943275e-03 -2.903523272834718227e-04 -2.484281547367572784e-02
4.705303311347961426e-01 -1.982833072543144226e-02 -2.367560751736164093e-03 -8.931382908485829830e-04 1.876834721770137548e-04 -2.499104291200637817e-02
4.887120127677917480e-01 -1.950301229953765869e-02 6.632121745496988297e-03 -6.968935485929250717e-04 1.077123801223933697e-03 -2.526210620999336243e-02
4.913156032562255859e-01 -1.855205185711383820e-02 6.144932121969759464e-04 -1.335430424660444260e-03 1.883923076093196869e-03 -2.550650574266910553e-02
5.078755617141723633e-01 -1.429575029760599136e-02 7.740036118775606155e-03 -1.833168556913733482e-03 2.495068823918700218e-03 -2.517041377723217010e-02
5.134038329124450684e-01 -1.662171259522438049e-02 5.447482224553823471e-03 -1.957653556019067764e-03 2.339747967198491096e-03 -2.391494251787662506e-02
5.228409171104431152e-01 -1.428565103560686111e-02 5.509617272764444351e-03 -1.018148846924304962e-03 1.533958478830754757e-03 -2.401691861450672150e-02
5.226823091506958008e-01 -1.670636609196662903e-02 6.862793117761611938e-03 -1.042015152052044868e-03 2.506563905626535416e-04 -2.385380491614341736e-02
5.314301252365112305e-01 -1.744971610605716705e-02 3.318024799227714539e-03 -4.439781187102198601e-04 -3.987439558841288090e-04 -2.448481880128383636e-02
5.418739318847656250e-01 -1.724966056644916534e-02 3.546496387571096420e-03 -5.297580501064658165e-04 2.357132179895415902e-04 -2.441287972033023834e-02
5.515509247779846191e-01 -1.511929184198379517e-02 2.908419352024793625e-03 -7.043785881251096725e-04 2.106298052240163088e-04 -2.368794195353984833e-02
5.508604645729064941e-01 -1.303479634225368500e-02 3.055588342249393463e-03 -9.516042191535234451e-04 4.877758328802883625e-05 -2.250450477004051208e-02
5.610687136650085449e-01 -1.642887480556964874e-02 4.193742293864488602e-03 -6.398967234417796135e-04 1.014837180264294147e-03 -2.172274328768253326e-02
5.737173557281494141e-01 -1.595105603337287903e-02 5.085667129606008530e-03 -6.047015776857733727e-04 1.913170330226421356e-03 -2.156231552362442017e-02
5.824921131134033203e-01 -1.599974930286407471e-02 6.024203263223171234e-03 -3.485600464046001434e-04 2.106780419126152992e-03 -2.170722186565399170e-02
5.874791145324707031e-01 -1.578454114496707916e-02 5.391838960349559784e-03 2.273756253998726606e-04 1.841640216298401356e-03 -2.116501331329345703e-02
5.788791775703430176e-01 -1.560003869235515594e-02 6.987288128584623337e-03 8.177019190043210983e-04 1.445459318347275257e-03 -2.051321044564247131e-02
5.803665518760681152e-01 -1.484173908829689026e-02 7.883032783865928650e-03 3.389353223610669374e-04 5.158404237590730190e-04 -1.911162771284580231e-02
5.834817886352539062e-01 -1.574884541332721710e-02 6.809678860008716583e-03 9.395575034432113171e-04 -1.027878352033440024e-05 -1.832979731261730194e-02
5.714834928512573242e-01 -1.506200898438692093e-02 7.189169526100158691e-03 -2.924061263911426067e-04 -3.615192836150527000e-04 -1.821088604629039764e-02
5.736557841300964355e-01 -1.330406777560710907e-02 6.752183660864830017e-03 -6.943155312910676003e-04 -6.971756811253726482e-04 -1.875221356749534607e-02
5.769951939582824707e-01 -1.369918603450059891e-02 6.297656334936618805e-03 2.619032165966928005e-04 -5.464127752929925919e-04 -1.845717057585716248e-02
5.752661824226379395e-01 -1.418375130742788315e-02 7.079728413373231888e-03 1.076593413017690182e-03 2.367889392189681530e-04 -1.820343174040317535e-02
5.758063793182373047e-01 -1.178785692900419235e-02 7.486647926270961761e-03 4.892926663160324097e-04 5.538098630495369434e-04 -1.842065900564193726e-02
5.822797417640686035e-01 -9.485187008976936340e-03 7.848427630960941315e-03 -8.390304283238947392e-04 6.926014320924878120e-04 -1.839143782854080200e-02
5.866745710372924805e-01 -9.276447817683219910e-03 6.769052240997552872e-03 -3.658656787592917681e-04 9.677993948571383953e-04 -1.844849064946174622e-02
5.892958045005798340e-01 -1.407718658447265625e-02 5.878765601664781570e-03 1.646202988922595978e-03 7.228350732475519180e-04 -1.857569068670272827e-02
5.880334973335266113e-01 -1.756071485579013824e-02 7.941161282360553741e-03 4.180522635579109192e-03 9.599174954928457737e-04 -1.849220879375934601e-02
5.905539393424987793e-01 -1.925734430551528931e-02 6.375720258802175522e-03 5.366828292608261108e-03 1.303478959016501904e-03 -1.817483641207218170e-02
5.900502800941467285e-01 -1.874362677335739136e-02 5.594095215201377869e-03 5.252195522189140320e-03 1.347611891105771065e-03 -1.692306250333786011e-02
5.919752717018127441e-01 -2.099012397229671478e-02 6.748221814632415771e-03 6.290699820965528488e-03 1.064185053110122681e-03 -1.524600200355052948e-02
5.948194265365600586e-01 -1.783728413283824921e-02 6.267581135034561157e-03 6.557621527463197708e-03 7.240992854349315166e-04 -1.161484327167272568e-02
5.968234539031982422e-01 -1.774402335286140442e-02 9.754098020493984222e-03 7.293671835213899612e-03 -2.447007864248007536e-04 -8.395177312195301056e-03
6.029548645019531250e-01 -1.217512134462594986e-02 8.340704254806041718e-03 5.935781169682741165e-03 -7.909427513368427753e-04 -5.632350686937570572e-03
6.057262420654296875e-01 -8.359699510037899017e-03 6.608803290873765945e-03 5.964024458080530167e-03 -1.236423267982900143e-03 -3.080891445279121399e-03
6.059620976448059082e-01 -5.614985711872577667e-03 5.008691921830177307e-03 5.032013636082410812e-03 -1.151254633441567421e-03 -2.365623950026929379e-04
6.161038279533386230e-01 -5.382124800235033035e-05 9.131477214395999908e-03 4.428525455296039581e-03 -8.097384124994277954e-06 2.434994559735059738e-03
6.249641180038452148e-01 4.983236547559499741e-03 6.834462285041809082e-03 1.052922685630619526e-03 2.688606269657611847e-03 5.360813345760107040e-03
6.250610351562500000e-01 6.451203953474760056e-03 4.995912313461303711e-03 6.453071255236864090e-04 4.167923238128423691e-03 8.296077139675617218e-03
6.318379044532775879e-01 4.908270668238401413e-03 2.831919118762016296e-03 2.170874504372477531e-03 4.057954996824264526e-03 1.024240721017122269e-02
6.344484090805053711e-01 3.420022083446383476e-03 1.118281297385692596e-02 4.576220642775297165e-03 3.901369636878371239e-03 1.246057823300361633e-02
6.297664046287536621e-01 1.868855208158493042e-02 1.946295052766799927e-02 -2.729052212089300156e-04 2.894899109378457069e-03 1.391857117414474487e-02
6.360349059104919434e-01 1.855599880218505859e-02 3.890816122293472290e-03 -2.866424154490232468e-03 -4.399273020680993795e-04 1.441955752670764923e-02
6.474384069442749023e-01 1.944172754883766174e-02 5.125381983816623688e-03 -2.060264581814408302e-03 -1.351448823697865009e-03 1.515465695410966873e-02
6.480718255043029785e-01 1.224680617451667786e-02 3.943212796002626419e-03 1.090709469281136990e-03 -1.674949191510677338e-03 1.561344042420387268e-02
6.492183208465576172e-01 1.834963448345661163e-02 1.350766234099864960e-02 -1.310950319748371840e-04 -7.989006116986274719e-04 1.443596743047237396e-02
6.597148180007934570e-01 2.145092375576496124e-02 4.227038472890853882e-03 -2.560127293691039085e-03 -9.209761628881096840e-04 1.457803137600421906e-02
6.539582014083862305e-01 2.103375829756259918e-02 7.159514352679252625e-03 -3.326935926452279091e-03 -3.583002253435552120e-04 1.499455887824296951e-02
6.633546352386474609e-01 1.608411781489849091e-02 5.532975774258375168e-03 -2.216122345998883247e-03 9.589907131157815456e-04 1.387685630470514297e-02
6.682524681091308594e-01 1.461915113031864166e-02 8.747582323849201202e-03 -1.331266015768051147e-03 2.007311210036277771e-03 1.335557457059621811e-02
6.794618964195251465e-01 1.643873006105422974e-02 9.323594160377979279e-03 -2.113242633640766144e-03 2.938142046332359314e-03 1.315846946090459824e-02
6.814774870872497559e-01 1.483788620680570602e-02 5.512246862053871155e-03 -1.404702081345021725e-03 2.137009985744953156e-03 1.208783127367496490e-02
6.787880659103393555e-01 1.303210854530334473e-02 8.998923003673553467e-03 -1.758479920681566000e-04 -7.320904114749282598e-05 1.140042953193187714e-02
6.786229610443115234e-01 1.590014435350894928e-02 9.542539715766906738e-03 -3.702890826389193535e-04 -2.304629888385534286e-03 1.085896044969558716e-02
