3.659935593605041504e-01 2.531560510396957397e-02 6.206174381077289581e-03 2.598670253064483404e-04 3.868599655106663704e-03 1.527179218828678131e-02
3.578483462333679199e-01 9.850096888840198517e-03 6.534124258905649185e-03 -6.956356082810088992e-05 1.025500148534774780e-02 1.290957536548376083e-02
3.400253951549530029e-01 5.712030921131372452e-03 1.647843234241008759e-02 -2.965470543131232262e-03 8.923285640776157379e-03 1.292473636567592621e-02
1.341595202684402466e-01 1.848874986171722412e-02 4.271815530955791473e-03 -3.666825359687209129e-04 1.152517157606780529e-03 8.096438832581043243e-03
3.477462530136108398e-01 -6.524201016873121262e-03 1.348971389234066010e-02 -1.104313414543867111e-03 -1.983066555112600327e-03 1.321988739073276520e-02
3.543989956378936768e-01 1.647901535034179688e-02 8.028045296669006348e-03 2.411549445241689682e-03 -1.363429822959005833e-03 1.382828876376152039e-02
3.483255803585052490e-01 -1.254029385745525360e-02 1.506259106099605560e-02 -1.075106440111994743e-03 -2.671918366104364395e-03 1.342017855495214462e-02
3.191710710525512695e-01 1.615891978144645691e-02 4.362317733466625214e-03 -2.776531036943197250e-03 -3.068705787882208824e-03 1.182269863784313202e-02
3.175798952579498291e-01 1.149614434689283371e-02 8.641412714496254921e-04 -4.203350748866796494e-03 -2.110888715833425522e-03 1.165117044001817703e-02
3.117173910140991211e-01 1.875455863773822784e-02 -1.270908210426568985e-02 6.585055380128324032e-04 -5.876176524907350540e-03 1.187776587903499603e-02
3.158386945724487305e-01 8.243495598435401917e-03 -7.476479746401309967e-03 1.453772187232971191e-03 -1.535454182885587215e-03 1.203763857483863831e-02
3.151370286941528320e-01 1.514730975031852722e-04 3.136466955766081810e-03 2.719294279813766479e-03 4.296731669455766678e-03 1.107297744601964951e-02
3.052806258201599121e-01 1.161935366690158844e-02 4.730940330773591995e-03 3.188531263731420040e-04 2.369112800806760788e-03 1.110152620822191238e-02
3.089732229709625244e-01 1.241516880691051483e-02 5.711933597922325134e-03 1.451530028134584427e-03 -1.187291811220347881e-03 1.243398338556289673e-02
3.030505478382110596e-01 1.615861989557743073e-02 1.212523598223924637e-02 1.736289705149829388e-04 1.148052979260683060e-04 1.136905048042535782e-02
3.067063391208648682e-01 2.140415273606777191e-02 3.556465031579136848e-03 -1.523427781648933887e-03 2.832957776263356209e-03 1.104438491165637970e-02
3.000232279300689697e-01 1.255098450928926468e-02 6.631676107645034790e-03 -2.526463707908987999e-03 -4.327201750129461288e-03 1.102867722511291504e-02
2.830116748809814453e-01 8.952394127845764160e-03 7.341024465858936310e-03 -4.708871711045503616e-04 -8.476884104311466217e-03 1.030011568218469620e-02
3.058692514896392822e-01 -4.897106438875198364e-03 -3.057568799704313278e-03 2.861606888473033905e-03 -8.370144292712211609e-03 1.185166463255882263e-02
2.399977445602416992e-01 -4.449398815631866455e-02 1.641159411519765854e-03 4.528320860117673874e-03 -5.051535088568925858e-03 4.796267487108707428e-03
2.366396188735961914e-01 -1.058007255196571350e-01 -4.280197899788618088e-04 1.362716779112815857e-03 2.175630070269107819e-03 5.326445214450359344e-03
3.160832822322845459e-01 -4.195525869727134705e-02 7.699121488258242607e-04 -2.174525056034326553e-03 5.595863331109285355e-03 1.222065463662147522e-02
3.680039942264556885e-01 1.088874638080596924e-01 -6.672409363090991974e-03 -1.613444881513714790e-03 3.709524171426892281e-03 1.477164216339588165e-02
1.773592233657836914e-01 -6.697820127010345459e-02 -3.943825140595436096e-03 -8.382770465686917305e-05 -9.810774354264140129e-04 1.048719417303800583e-02
3.137569427490234375e-01 1.092606596648693085e-02 9.668908081948757172e-03 -1.882576267234981060e-03 2.338260179385542870e-03 1.025434862822294235e-02
3.448878228664398193e-01 2.346732281148433685e-02 1.412270404398441315e-02 -3.853702684864401817e-03 8.976276032626628876e-03 1.280901487916707993e-02
3.271203339099884033e-01 8.623625151813030243e-03 6.830241996794939041e-03 -2.604875771794468164e-04 6.466027814894914627e-03 1.251410413533449173e-02
3.290018141269683838e-01 -1.190205919556319714e-03 9.274576790630817413e-03 6.460472010076045990e-03 1.519058365374803543e-03 1.174775883555412292e-02
2.760724723339080811e-01 -4.198051989078521729e-02 4.144508391618728638e-03 5.417435895651578903e-03 -1.862079021520912647e-03 8.368333801627159119e-03
3.824684321880340576e-01 5.414567887783050537e-02 9.954090230166912079e-03 2.881179330870509148e-03 -1.126021961681544781e-03 1.457272656261920929e-02
3.218773305416107178e-01 2.240868285298347473e-02 1.478341291658580303e-03 -6.887608207762241364e-03 -1.210705027915537357e-03 1.178812608122825623e-02
3.312736153602600098e-01 7.764065172523260117e-03 -4.886141978204250336e-03 -5.233230069279670715e-03 -1.868116087280213833e-03 1.264786161482334137e-02
5.075754523277282715e-01 1.918999999761581421e-01 -7.397388108074665070e-03 2.585413865745067596e-03 -1.100165653042495251e-03 6.614407058805227280e-03
3.522425889968872070e-01 -1.608627662062644958e-02 6.487835198640823364e-03 5.721030756831169128e-03 1.986070070415735245e-03 1.296635903418064117e-02
3.630122244358062744e-01 -3.795182332396507263e-02 9.610021486878395081e-03 1.688011107034981251e-03 3.841639263555407524e-03 1.320056617259979248e-02
2.777728438377380371e-01 7.723457366228103638e-02 2.237777225673198700e-03 -1.902859774418175220e-03 3.461889224126935005e-03 4.527312237769365311e-03
2.869871556758880615e-01 -1.644127070903778076e-02 1.831237808801233768e-03 1.404715440003201365e-04 -4.127913853153586388e-04 9.942345321178436279e-03
3.921195268630981445e-01 7.397883106023073196e-03 7.399358786642551422e-03 5.660258830175735056e-05 -2.893146360293030739e-03 1.515023596584796906e-02
5.172147154808044434e-01 6.416549533605575562e-02 5.582753568887710571e-03 -6.440939614549279213e-05 -5.181276937946677208e-04 2.156185731291770935e-02
4.306349754333496094e-01 1.733290962874889374e-02 -1.436150749213993549e-03 2.657203236594796181e-03 -1.736950245685875416e-03 1.718248799443244934e-02
4.011033475399017334e-01 -2.001426368951797485e-02 -1.349763595499098301e-03 4.632484633475542068e-03 -2.043101470917463303e-03 1.763832569122314453e-02
4.358808994293212891e-01 2.535028383135795593e-02 7.956426590681076050e-03 2.786443568766117096e-03 -2.734346082434058189e-03 1.727721281349658966e-02
4.429466426372528076e-01 1.845472492277622223e-02 5.240685772150754929e-03 -5.218227859586477280e-03 -2.433856483548879623e-03 1.849109306931495667e-02
4.484433531761169434e-01 1.648040860891342163e-02 1.786082983016967773e-03 -4.591095261275768280e-03 1.487273548264056444e-04 1.950258575379848480e-02
1.523172557353973389e-01 -1.095023602247238159e-01 -1.895288471132516861e-03 -8.482164121232926846e-04 3.426293260417878628e-04 1.147877052426338196e-02
2.367245256900787354e-01 -1.066173017024993896e-01 2.749995328485965729e-03 1.932409359142184258e-03 1.581044401973485947e-03 2.043831534683704376e-02
2.475382089614868164e-01 -1.170434802770614624e-01 7.059230934828519821e-03 1.053925487212836742e-03 1.125887851230800152e-03 2.099769748747348785e-02
3.783355653285980225e-01 -2.463256008923053741e-02 8.862318471074104309e-03 -4.998362273909151554e-04 1.719535444863140583e-03 1.516235619783401489e-02
2.199803292751312256e-01 -5.405284836888313293e-02 2.163228578865528107e-03 -2.028285758569836617e-03 8.134024683386087418e-04 8.176307193934917450e-03
2.306734323501586914e-01 -2.796485833823680878e-02 2.111839130520820618e-03 -1.851339824497699738e-03 9.191045537590980530e-04 8.201286196708679199e-03
3.389040231704711914e-01 -3.097858652472496033e-02 3.053703811019659042e-03 -1.611231011338531971e-03 6.639152998104691505e-04 1.971148140728473663e-02
2.942153215408325195e-01 -2.749642170965671539e-02 4.978977143764495850e-03 -1.508543267846107483e-03 1.485097454860806465e-04 1.558659225702285767e-02
3.437550663948059082e-01 -2.463449537754058838e-02 6.530495360493659973e-03 -1.693639671429991722e-03 1.603922428330406547e-04 1.809686608612537384e-02
3.518621027469635010e-01 -1.299454830586910248e-02 5.769398994743824005e-03 -2.092590089887380600e-03 7.795874262228608131e-04 1.067845243960618973e-02
2.118288129568099976e-01 9.749257005751132965e-03 1.719092368148267269e-03 -5.053682834841310978e-04 8.657646831125020981e-04 2.018557395786046982e-03
4.620687663555145264e-02 -4.201041162014007568e-02 1.731000083964318037e-04 -3.368651377968490124e-04 -3.749804454855620861e-05 -9.616918396204710007e-04
7.545118778944015503e-02 -4.239855799823999405e-03 -4.660293052438646555e-04 2.377158307353965938e-05 4.806848592124879360e-04 -6.064942106604576111e-03
4.940854012966156006e-02 1.191762834787368774e-02 5.608100909739732742e-04 -2.509408514015376568e-04 2.312608994543552399e-04 -1.739715598523616791e-02
5.711437016725540161e-02 -7.304096594452857971e-03 -2.009327756240963936e-03 -2.767540281638503075e-04 1.843802165240049362e-04 -1.369273103773593903e-02
5.233710631728172302e-02 -1.406594552099704742e-02 1.133057172410190105e-03 -1.258597330888733268e-04 -3.194050805177539587e-05 -9.303944185376167297e-03
1.850191503763198853e-02 -1.501453481614589691e-02 -1.261566067114472389e-04 -2.185168268624693155e-04 5.964750744169577956e-05 -1.283611543476581573e-02
8.054569363594055176e-02 -2.446157485246658325e-02 4.450463457033038139e-04 2.927295281551778316e-05 5.242255865596234798e-04 -1.258398685604333878e-02
4.207340255379676819e-02 -3.488090261816978455e-02 5.361530347727239132e-04 1.359408488497138023e-04 2.241703623440116644e-04 -1.519778929650783539e-02
1.770056635141372681e-01 -2.158457040786743164e-02 4.874319303780794144e-03 9.621877688914537430e-04 -1.513511961093172431e-04 -1.144492253661155701e-02
4.124221503734588623e-01 3.848847467452287674e-03 5.982489325106143951e-03 -4.868085961788892746e-04 -5.258723394945263863e-04 2.496425295248627663e-04
5.764470696449279785e-01 3.323433920741081238e-02 3.395825624465942383e-03 2.366645494475960732e-04 -6.086717476136982441e-04 3.886756021529436111e-03
4.760701954364776611e-01 1.731102913618087769e-02 9.032493457198143005e-03 1.126368530094623566e-03 -1.750478520989418030e-03 4.628309980034828186e-04
4.565118849277496338e-01 1.285631395876407623e-02 2.383965067565441132e-03 1.560784585308283567e-05 -3.328869352117180824e-03 -3.178725251927971840e-03
5.269310474395751953e-01 3.790638223290443420e-02 2.210662001743912697e-03 -6.970090907998383045e-05 -5.571920773945748806e-04 -5.687476368620991707e-04
5.214800834655761719e-01 4.944832623004913330e-02 -6.799128837883472443e-03 4.464283701963722706e-04 -2.409204025752842426e-04 -5.899474024772644043e-03
3.040308654308319092e-01 -3.817164152860641479e-02 3.485644236207008362e-03 -2.041856292635202408e-03 2.499489579349756241e-03 -1.622994989156723022e-02
2.210437953472137451e-01 -4.231681674718856812e-02 5.232462659478187561e-03 -2.580836182460188866e-03 1.983485417440533638e-03 -1.869165711104869843e-02
1.852920502424240112e-01 -4.811180010437965393e-02 3.507920773699879646e-03 -6.434802780859172344e-04 1.030249171890318394e-03 -1.697074249386787415e-02
1.595673561096191406e-01 -7.066230475902557373e-02 3.895583096891641617e-03 -1.276325085200369358e-03 -4.195895744487643242e-04 -1.708495430648326874e-02
4.070198535919189453e-01 -7.492455095052719116e-02 6.129709072411060333e-03 -1.832198759075254202e-04 -4.036920727230608463e-04 -1.778145506978034973e-02
4.041331112384796143e-01 -7.145134359598159790e-02 5.178904626518487930e-03 -2.130974899046123028e-04 -4.232099454384297132e-04 -2.350192703306674957e-02
4.033967554569244385e-01 -1.142514590173959732e-02 5.825440865010023117e-03 -2.552815480157732964e-03 -8.388137212023139000e-04 -2.145036868751049042e-02
3.948311805725097656e-01 -1.793510839343070984e-02 6.257622153498232365e-04 -2.315671881660819054e-03 -8.879116503521800041e-04 -2.128406986594200134e-02
3.735957443714141846e-01 -3.594320639967918396e-02 2.765254117548465729e-03 2.917797246482223272e-06 -3.107910742983222008e-04 -2.199959196150302887e-02
3.735758066177368164e-01 -3.594379872083663940e-02 4.439648240804672241e-03 4.477764377952553332e-06 -3.432339581195265055e-04 -2.306436747312545776e-02
3.835831880569458008e-01 -4.028305411338806152e-02 4.674902651458978653e-03 -1.666661846684291959e-04 -4.107418353669345379e-04 -2.373383939266204834e-02
3.835775554180145264e-01 -4.029097035527229309e-02 3.809308633208274841e-03 -5.524589505512267351e-05 -3.585209778975695372e-04 -2.427487075328826904e-02
3.864804506301879883e-01 -4.289530217647552490e-02 8.138988632708787918e-04 8.155198884196579456e-06 -3.269765875302255154e-04 -2.492874674499034882e-02
3.498684167861938477e-01 -8.072763681411743164e-03 7.243018597364425659e-03 1.225024810992181301e-03 -2.419991942588239908e-04 -2.209712564945220947e-02
4.023939669132232666e-01 -3.244939446449279785e-02 3.861083649098873138e-03 3.824402811005711555e-04 -2.545744937378913164e-04 -2.543146349489688873e-02
3.948869407176971436e-01 -2.109343558549880981e-02 4.717218223959207535e-03 1.105214469134807587e-04 -3.239013603888452053e-04 -2.478493563830852509e-02
3.964208364486694336e-01 -4.258300736546516418e-02 2.679883502423763275e-03 -1.232364913448691368e-03 -2.241321053588762879e-04 -2.303580194711685181e-02
3.565333783626556396e-01 -6.956246495246887207e-02 -3.406470641493797302e-03 -1.075072912499308586e-03 -3.473774995654821396e-04 -2.089341357350349426e-02
2.033373415470123291e-01 -6.863392144441604614e-02 1.044536009430885315e-03 1.718630781397223473e-03 4.429867840372025967e-04 -2.052404172718524933e-02
4.295283555984497070e-01 -2.279006689786911011e-02 5.689724348485469818e-03 2.425891114398837090e-03 2.098999975714832544e-04 -2.434570714831352234e-02
3.955787122249603271e-01 -2.555376663804054260e-02 4.543376155197620392e-03 1.100978915928862989e-04 -3.313628258183598518e-04 -2.274383977055549622e-02
4.410434365272521973e-01 -1.329737622290849686e-02 1.563636586070060730e-03 -1.290187705308198929e-03 -4.821153124794363976e-04 -2.417499572038650513e-02
4.229395091533660889e-01 -1.141009759157896042e-02 -9.152395650744438171e-04 -1.892723958007991314e-04 -3.342792042531073093e-04 -2.379913628101348877e-02
3.550623059272766113e-01 -1.607173122465610504e-02 2.538528293371200562e-03 -4.118588403798639774e-04 -8.940471161622554064e-05 -1.900881715118885040e-02
3.721889555454254150e-01 6.247978657484054565e-03 6.006455980241298676e-03 -2.023909473791718483e-03 -1.925248652696609497e-04 -2.023716643452644348e-02
4.660039842128753662e-01 -9.264471009373664856e-03 5.475342273712158203e-03 -3.379553789272904396e-03 -4.169741296209394932e-04 -2.485339343547821045e-02
4.656803309917449951e-01 -1.510832551866769791e-02 2.455866895616054535e-03 -2.751995809376239777e-03 -8.862859685905277729e-04 -2.473911456763744354e-02
4.670276343822479248e-01 -2.031881548464298248e-02 -2.927845343947410583e-03 -9.188686963170766830e-04 -2.812585444189608097e-05 -2.445238083600997925e-02
4.427347779273986816e-01 5.762008950114250183e-04 6.345005705952644348e-03 -4.905763780698180199e-04 1.063794828951358795e-03 -2.547753974795341492e-02
2.717130184173583984e-01 3.325214236974716187e-02 -6.203999510034918785e-04 -1.516857533715665340e-03 1.985934330150485039e-03 -2.268769405782222748e-02
2.823509573936462402e-01 6.474908441305160522e-02 6.205249112099409103e-03 -1.610576990060508251e-03 2.455398440361022949e-03 -2.666114643216133118e-02
2.938845455646514893e-01 5.144422501325607300e-02 3.222327213734388351e-03 -1.902988646179437637e-03 2.394611248746514320e-03 -2.557262033224105835e-02
1.848693639039993286e-01 8.151986449956893921e-02 2.788574434816837311e-03 -8.443205733783543110e-04 1.491791219450533390e-03 -2.649122662842273712e-02
1.545852422714233398e-02 9.546606242656707764e-02 1.814456423744559288e-03 -1.125484937801957130e-03 1.847016683313995600e-04 -2.329091541469097137e-02
2.023576796054840088e-01 5.282414332032203674e-02 5.986102623865008354e-04 -5.455315695144236088e-04 -4.567265277728438377e-04 -2.442366629838943481e-02
2.263854742050170898e-01 4.415622726082801819e-02 1.591713284142315388e-03 -7.895195158198475838e-04 3.126678348053246737e-04 -2.519523911178112030e-02
2.862588465213775635e-01 3.085915744304656982e-02 1.172484597191214561e-03 -8.285010117106139660e-04 1.080924266716465354e-04 -2.470153942704200745e-02
5.546187162399291992e-01 -1.324075181037187576e-02 1.480857608839869499e-03 -7.225570152513682842e-04 2.406116109341382980e-04 -2.287621051073074341e-02
5.652973651885986328e-01 -1.534635201096534729e-02 4.163336008787155151e-03 -6.924907793290913105e-04 1.020410913042724133e-03 -2.174734324216842651e-02
6.685409694910049438e-02 2.723309397697448730e-02 1.995912462007254362e-04 -8.588886703364551067e-04 1.882825396023690701e-03 -1.969714835286140442e-02
3.672122359275817871e-01 5.591854918748140335e-03 3.532311180606484413e-03 -4.515278560575097799e-04 2.181073185056447983e-03 -2.314301766455173492e-02
4.032730162143707275e-01 5.885262507945299149e-04 3.537190612405538559e-03 5.049591418355703354e-04 1.923306263051927090e-03 -2.344628237187862396e-02
5.692639946937561035e-01 -1.681206002831459045e-02 6.730038672685623169e-03 8.473561611026525497e-04 1.384608563967049122e-03 -2.049259282648563385e-02
5.832089781761169434e-01 -1.498637720942497253e-02 7.422476541250944138e-03 4.899646155536174774e-04 4.518462810665369034e-04 -1.921739801764488220e-02
5.975432991981506348e-01 -1.742446422576904297e-02 7.403125055134296417e-03 9.518844890408217907e-04 -2.039282990153878927e-04 -1.738733425736427307e-02
5.957622528076171875e-01 -1.495440304279327393e-02 7.625534664839506149e-03 -9.504011541139334440e-05 -5.313875153660774231e-04 -1.727041602134704590e-02
5.791956186294555664e-01 -1.397607196122407913e-02 7.006046362221240997e-03 -6.550267571583390236e-04 -7.903455407358705997e-04 -1.825629174709320068e-02
5.864335298538208008e-01 -1.407767459750175476e-02 6.781771779060363770e-03 2.846632560249418020e-04 -7.370745879597961903e-04 -1.779008470475673676e-02
5.772392153739929199e-01 -1.474134624004364014e-02 7.182001601904630661e-03 1.021679840050637722e-03 2.475739456713199615e-04 -1.818453520536422729e-02
5.771398544311523438e-01 -1.244410313665866852e-02 7.455843966454267502e-03 4.866406088694930077e-04 5.382414092309772968e-04 -1.819124259054660797e-02
5.802442431449890137e-01 -1.056045945733785629e-02 7.943271659314632416e-03 -8.648071088828146458e-04 7.008486427366733551e-04 -1.833274215459823608e-02
5.719569325447082520e-01 -1.041355635970830917e-02 4.043650813400745392e-03 -1.024643774144351482e-03 5.837719800183549523e-05 -1.681231521070003510e-02
5.842964053153991699e-01 -1.493164245039224625e-02 5.828394088894128799e-03 1.657576416619122028e-03 7.225516019389033318e-04 -1.853289268910884857e-02
5.853346586227416992e-01 -1.867177151143550873e-02 8.059703744947910309e-03 4.184529185295104980e-03 9.782369015738368034e-04 -1.845494098961353302e-02
5.881406068801879883e-01 -1.983414217829704285e-02 6.404635496437549591e-03 5.362561903893947601e-03 1.302550546824932098e-03 -1.810888573527336121e-02
5.883987545967102051e-01 -1.882164366543292999e-02 5.585225299000740051e-03 5.252379924058914185e-03 1.342777162790298462e-03 -1.684387773275375366e-02
5.939517021179199219e-01 -1.985134556889533997e-02 6.697880104184150696e-03 6.407822482287883759e-03 9.073170367628335953e-04 -1.511139795184135437e-02
5.971851944923400879e-01 -1.728943921625614166e-02 6.248867139220237732e-03 6.599013693630695343e-03 6.402283906936645508e-04 -1.160660572350025177e-02
5.975835919380187988e-01 -1.698894239962100983e-02 9.821876883506774902e-03 7.260279264301061630e-03 -2.371228183619678020e-04 -8.229027502238750458e-03
6.021338701248168945e-01 -1.147326361387968063e-02 8.350496180355548859e-03 5.980047397315502167e-03 -8.112927316688001156e-04 -5.416721571236848831e-03
6.028785705566406250e-01 -9.488279931247234344e-03 7.030715700238943100e-03 5.923182703554630280e-03 -1.246387138962745667e-03 -3.119054250419139862e-03
5.957374572753906250e-01 -9.089883416891098022e-03 5.163559690117835999e-03 5.014330148696899414e-03 -1.203056890517473221e-03 -3.329528844915330410e-04
6.138634681701660156e-01 -1.057580113410949707e-03 9.140226058661937714e-03 4.402359481900930405e-03 1.649480691412463784e-05 2.580048982053995132e-03
5.999783873558044434e-01 -2.260149456560611725e-03 6.997547578066587448e-03 1.071721781045198441e-03 2.689019544050097466e-03 5.385455209761857986e-03
5.952176451683044434e-01 2.651650924235582352e-03 4.715356975793838501e-03 6.674753385595977306e-04 4.510196857154369354e-03 8.676976896822452545e-03
5.284309983253479004e-01 -2.043026313185691833e-02 2.491345396265387535e-03 2.233751816675066948e-03 4.303351975977420807e-03 1.126872282475233078e-02
6.334280967712402344e-01 3.857052884995937347e-03 1.120410021394491196e-02 4.618736449629068375e-03 3.913523629307746887e-03 1.245674770325422287e-02
6.298962235450744629e-01 1.903121732175350189e-02 1.960602216422557831e-02 -2.594705147203058004e-04 2.962705912068486214e-03 1.408789120614528656e-02
6.349197030067443848e-01 1.837947778403759003e-02 3.897822927683591843e-03 -2.867661649361252785e-03 -4.418227763380855322e-04 1.445617061108350754e-02
6.444022655487060547e-01 1.853014528751373291e-02 5.165664479136466980e-03 -2.034810371696949005e-03 -1.334203174337744713e-03 1.523023191839456558e-02
6.613189578056335449e-01 9.527587331831455231e-03 6.098134443163871765e-03 9.544794447720050812e-04 -1.807772787287831306e-03 1.574874296784400940e-02
6.457920074462890625e-01 1.927832886576652527e-02 1.320393942296504974e-02 3.299355448689311743e-04 -5.719920154660940170e-04 1.448951102793216705e-02
6.577293872833251953e-01 1.951875723898410797e-02 3.203633707016706467e-03 -2.074068412184715271e-03 -5.445869755931198597e-04 1.508423965424299240e-02
6.552998423576354980e-01 2.005451731383800507e-02 6.694642361253499985e-03 -2.972303889691829681e-03 -4.409568646224215627e-05 1.555185113102197647e-02
6.587190628051757812e-01 1.647136919200420380e-02 5.173947662115097046e-03 -2.574554411694407463e-03 8.332244469784200191e-04 1.407128386199474335e-02
6.658773422241210938e-01 1.413826830685138702e-02 8.385227993130683899e-03 -1.543156220577657223e-03 1.907376572489738464e-03 1.347787957638502121e-02
6.754984259605407715e-01 1.529302261769771576e-02 8.557695895433425903e-03 -2.345266053453087807e-03 2.801069524139165878e-03 1.328107621520757675e-02
6.778292059898376465e-01 1.416816189885139465e-02 5.593165289610624313e-03 -1.713526900857686996e-03 2.037141239270567894e-03 1.233331020921468735e-02
6.734304428100585938e-01 1.474488433450460434e-02 8.852730505168437958e-03 -6.520369206555187702e-04 -5.355968605726957321e-04 1.108896546065807343e-02
6.808233857154846191e-01 1.491467282176017761e-02 7.415761705487966537e-03 8.830128936097025871e-04 -1.967853866517543793e-03 1.117090042680501938e-02
