3.512072265148162842e-01 1.447760593146085739e-02 5.405699834227561951e-03 -4.500738868955522776e-04 4.516880027949810028e-03 1.465199701488018036e-02
3.514069914817810059e-01 1.357100717723369598e-02 7.032301276922225952e-03 -4.542238602880388498e-04 1.019442360848188400e-02 1.278339326381683350e-02
3.474188446998596191e-01 1.566870883107185364e-02 1.633398048579692841e-02 -2.635516226291656494e-03 8.763096295297145844e-03 1.318231690675020218e-02
3.273089528083801270e-01 1.789839565753936768e-02 1.125656161457300186e-02 -3.917881695087999105e-04 8.177630370482802391e-04 1.346609927713871002e-02
3.273055255413055420e-01 1.748535223305225372e-02 1.136659551411867142e-02 -9.413183433935046196e-04 -2.175749745219945908e-03 1.292867958545684814e-02
3.260969519615173340e-01 9.466196410357952118e-03 5.338683724403381348e-03 2.145955106243491173e-03 -1.831563073210418224e-03 1.276012789458036423e-02
3.217390477657318115e-01 1.728890836238861084e-02 1.204694714397192001e-02 -4.964753170497715473e-04 -2.546458737924695015e-03 1.244507264345884323e-02
3.148275911808013916e-01 1.765343360602855682e-02 3.966222982853651047e-03 -2.775685163214802742e-03 -3.109208773821592331e-03 1.168370619416236877e-02
3.169049620628356934e-01 2.233026549220085144e-02 1.558311516419053078e-03 -3.853710135444998741e-03 -2.012938261032104492e-03 1.173277478665113449e-02
3.128925561904907227e-01 1.300507504492998123e-02 -1.260084938257932663e-02 6.510174716822803020e-04 -6.001838017255067825e-03 1.177114341408014297e-02
3.201335072517395020e-01 9.865549392998218536e-03 -6.244392599910497665e-03 1.315221074037253857e-03 -1.043012132868170738e-03 1.221030484884977341e-02
3.190357387065887451e-01 5.582696758210659027e-03 3.540765726938843727e-03 2.492125611752271652e-03 4.310650750994682312e-03 1.146769523620605469e-02
3.166438043117523193e-01 9.423804469406604767e-03 1.029151491820812225e-02 8.154907263815402985e-04 3.006672719493508339e-03 1.190299820154905319e-02
3.111291527748107910e-01 8.859533816576004028e-03 5.429507698863744736e-03 1.391774509102106094e-03 -1.284642377868294716e-03 1.242274884134531021e-02
3.048785626888275146e-01 1.197175681591033936e-02 1.049359049648046494e-02 -7.180122775025665760e-04 2.530130441300570965e-04 1.181928161531686783e-02
3.171679675579071045e-01 1.538941171020269394e-02 5.339514929801225662e-03 -1.586784841492772102e-03 2.828272059559822083e-03 1.162048801779747009e-02
3.086346685886383057e-01 1.254674606025218964e-02 7.556623779237270355e-03 -2.331524621695280075e-03 -4.343513865023851395e-03 1.149727776646614075e-02
3.026754856109619141e-01 8.570566773414611816e-03 8.599803782999515533e-03 -4.947264678776264191e-04 -8.661089465022087097e-03 1.145548932254314423e-02
3.101551532745361328e-01 4.251806996762752533e-03 -2.719547599554061890e-03 2.640045480802655220e-03 -8.524700067937374115e-03 1.207680907100439072e-02
3.114019334316253662e-01 5.868645384907722473e-03 -1.942935050465166569e-04 4.971074871718883514e-03 -5.077445413917303085e-03 1.236864086240530014e-02
3.214845657348632812e-01 1.313430257141590118e-02 -4.774522501975297928e-03 1.207416295073926449e-03 1.585889142006635666e-03 1.228427607566118240e-02
3.315148055553436279e-01 1.777854375541210175e-02 3.245118423365056515e-04 -1.899135066196322441e-03 5.608139559626579285e-03 1.239606086164712906e-02
3.304196000099182129e-01 7.476604543626308441e-03 -3.726473543792963028e-03 -1.813072129152715206e-03 3.849304514005780220e-03 1.203092560172080994e-02
3.254869878292083740e-01 4.445541184395551682e-03 -6.707500433549284935e-04 4.424550861585885286e-04 -3.015389665961265564e-04 1.183034479618072510e-02
3.330199122428894043e-01 2.003605663776397705e-02 5.893207155168056488e-03 -2.369976835325360298e-03 9.498824947513639927e-04 1.182590704411268234e-02
3.437586724758148193e-01 2.433115988969802856e-02 1.424395944923162460e-02 -4.001105669885873795e-03 8.529871702194213867e-03 1.311112008988857269e-02
3.206251859664916992e-01 -1.780702732503414154e-03 9.105135686695575714e-03 2.695627335924655199e-05 6.674550008028745651e-03 1.217902731150388718e-02
3.246338069438934326e-01 -5.493677221238613129e-03 9.668588638305664062e-03 6.591350771486759186e-03 1.533950329758226871e-03 1.146381255239248276e-02
3.182394206523895264e-01 -6.880383007228374481e-03 5.701325368136167526e-03 5.523135419934988022e-03 -1.571980188600718975e-03 1.228685304522514343e-02
3.366176187992095947e-01 5.620833486318588257e-03 8.791006170213222504e-03 2.680067904293537140e-03 -4.487038531806319952e-04 1.240122783929109573e-02
3.280854821205139160e-01 2.198437415063381195e-02 3.282422898337244987e-03 -6.663515232503414154e-03 -8.307712851092219353e-04 1.204015035182237625e-02
3.401780426502227783e-01 1.881061494350433350e-02 -4.045340232551097870e-03 -5.315724294632673264e-03 -2.050184179097414017e-03 1.296060811728239059e-02
3.469947278499603271e-01 -7.910704589448869228e-04 -6.530457176268100739e-03 2.353973686695098877e-03 -1.150259166024625301e-03 1.341154053807258606e-02
3.624483048915863037e-01 4.608246963471174240e-04 6.278846412897109985e-03 5.624638870358467102e-03 2.135268179699778557e-03 1.263100095093250275e-02
3.766606748104095459e-01 1.186830736696720123e-02 8.712418377399444580e-03 1.627465826459228992e-03 4.091476555913686752e-03 1.326091028749942780e-02
3.774913847446441650e-01 2.118692360818386078e-02 5.436849780380725861e-03 -3.140193177387118340e-03 3.399988170713186264e-03 1.449093408882617950e-02
3.722177147865295410e-01 9.918738156557083130e-03 4.261523950845003128e-03 -5.083036739961244166e-05 -1.056829001754522324e-03 1.436474174261093140e-02
3.904343843460083008e-01 1.049800403416156769e-02 7.495532743632793427e-03 6.943495100131258368e-05 -2.775911241769790649e-03 1.505873352289199829e-02
4.027608335018157959e-01 1.407997030764818192e-02 4.818170331418514252e-03 -4.302263259887695312e-04 -1.891421386972069740e-03 1.526887528598308563e-02
4.173916578292846680e-01 8.745400235056877136e-03 -1.351924613118171692e-03 2.410862827673554420e-03 -1.701508532278239727e-03 1.684437505900859833e-02
4.197582006454467773e-01 7.697186432778835297e-03 -1.048982609063386917e-03 4.810056183487176895e-03 -2.087638946250081062e-03 1.733454503118991852e-02
4.252187013626098633e-01 1.193338353186845779e-02 7.388313300907611847e-03 2.395711140707135201e-03 -2.914342563599348068e-03 1.713322661817073822e-02
4.406648576259613037e-01 2.547704987227916718e-02 3.750050906091928482e-03 -5.144679453223943710e-03 -2.220457419753074646e-03 1.822621002793312073e-02
4.515068829059600830e-01 2.302198670804500580e-02 2.138718031346797943e-03 -4.522365517914295197e-03 -2.753263106569647789e-05 1.955789141356945038e-02
4.535739421844482422e-01 9.703992865979671478e-03 -8.254388230852782726e-04 -2.579577267169952393e-04 6.547374650835990906e-04 2.007944509387016296e-02
4.618273675441741943e-01 1.494789309799671173e-02 4.596784245222806931e-03 1.872514258138835430e-03 1.348967547528445721e-03 1.980972848832607269e-02
4.571355581283569336e-01 1.448850985616445541e-02 6.866764742881059647e-03 1.298707444220781326e-03 8.236466092057526112e-04 1.970121078193187714e-02
4.560420215129852295e-01 1.871022023260593414e-02 8.838552981615066528e-03 -8.116857497952878475e-04 1.581699470989406109e-03 1.913055591285228729e-02
4.542311429977416992e-01 1.957012340426445007e-02 6.239461246877908707e-03 -1.403301837854087353e-03 1.446493435651063919e-03 1.888806745409965515e-02
4.546020328998565674e-01 2.100569941103458405e-02 6.741045974195003510e-03 -1.936567132361233234e-03 1.129301846958696842e-03 1.856372132897377014e-02
4.495714306831359863e-01 1.899878680706024170e-02 4.399112425744533539e-03 -1.424406422302126884e-03 4.555119958240538836e-04 1.753130927681922913e-02
4.486865103244781494e-01 1.772931963205337524e-02 7.517672143876552582e-03 -1.211266382597386837e-03 1.857279276009649038e-04 1.684452779591083527e-02
4.401219785213470459e-01 1.612391509115695953e-02 7.498810999095439911e-03 -1.447259448468685150e-03 5.299363692756742239e-05 1.608964242041110992e-02
4.412028491497039795e-01 1.615466549992561340e-02 6.546659395098686218e-03 -1.535182469524443150e-03 1.037812908180058002e-03 1.504258625209331512e-02
4.379692375659942627e-01 1.413440611213445663e-02 5.206733010709285736e-03 -8.387516136281192303e-04 4.924252862110733986e-04 1.429912541061639786e-02
4.323303997516632080e-01 1.416595000773668289e-02 6.424531340599060059e-03 -8.088952745310962200e-04 1.066392724169418216e-04 1.326776109635829926e-02
4.254301786422729492e-01 1.190496049821376801e-02 5.901274271309375763e-03 -5.375676555559039116e-04 5.553414230234920979e-04 1.196216139942407608e-02
4.211661219596862793e-01 1.155915483832359314e-02 7.567900698632001877e-03 -8.011021418496966362e-04 1.297421054914593697e-03 1.061471831053495407e-02
4.220354557037353516e-01 1.132872793823480606e-02 7.015975657850503922e-03 -7.215685909613966942e-04 6.533364648930728436e-04 9.481952525675296783e-03
4.151036739349365234e-01 8.906147442758083344e-03 7.800846360623836517e-03 -6.242049857974052429e-04 -2.212832623627036810e-04 7.845079526305198669e-03
4.101842939853668213e-01 6.259258836507797241e-03 5.330275744199752808e-03 -8.367268601432442665e-04 -5.276641604723408818e-05 6.092443596571683884e-03
4.107823967933654785e-01 5.580992437899112701e-03 6.388708949089050293e-03 -8.167236956069245934e-05 5.713891005143523216e-04 4.419750533998012543e-03
4.071184396743774414e-01 3.745107445865869522e-03 5.855007562786340714e-03 4.213380743749439716e-04 1.734562101773917675e-04 2.794920466840267181e-03
4.042915701866149902e-01 3.848997410386800766e-03 7.055982481688261032e-03 7.101271767169237137e-04 -2.266376250190660357e-04 8.982509025372564793e-04
3.977094292640686035e-01 2.043377142399549484e-03 6.112045608460903168e-03 -1.508392160758376122e-04 -9.092836407944560051e-04 -9.720415109768509865e-04
3.972776532173156738e-01 -1.102756941691040993e-04 6.239134818315505981e-03 2.335184108233079314e-04 -1.716211671009659767e-03 -2.768805716186761856e-03
3.967205882072448730e-01 -1.366405398584902287e-03 7.316029630601406097e-03 4.698690609075129032e-04 -2.839705673977732658e-03 -4.541489295661449432e-03
4.060262739658355713e-01 -4.131571389734745026e-03 4.253701306879520416e-03 5.968657787889242172e-04 -2.894113538786768913e-03 -6.399228237569332123e-03
4.120825827121734619e-01 -5.273342132568359375e-03 3.333210246637463570e-03 3.092530241701751947e-04 -4.114178882446140051e-04 -8.266542106866836548e-03
4.226981401443481445e-01 -2.148820785805583000e-03 2.361693652346730232e-03 -8.389315335080027580e-04 1.929112477228045464e-03 -9.481203742325305939e-03
4.194209873676300049e-01 -1.111462363041937351e-03 4.016559105366468430e-03 -1.997773302718997002e-03 2.514319261536002159e-03 -1.150014344602823257e-02
4.184746146202087402e-01 -5.644010845571756363e-03 6.311046890914440155e-03 -2.088350476697087288e-03 2.078968798741698265e-03 -1.421833690255880356e-02
4.137733578681945801e-01 -8.357098326086997986e-03 9.590778499841690063e-03 -4.730656219180673361e-04 1.353017869405448437e-03 -1.556523703038692474e-02
4.065613448619842529e-01 -1.345171127468347549e-02 8.242317475378513336e-03 -4.825325740966945887e-04 -1.701365545159205794e-04 -1.685877516865730286e-02
4.025903940200805664e-01 -1.019063219428062439e-02 7.758025079965591431e-03 -1.253070076927542686e-04 -9.390094783157110214e-04 -1.875930652022361755e-02
4.022567868232727051e-01 -1.186781097203493118e-02 6.530921906232833862e-03 -1.380089204758405685e-03 -1.009546569548547268e-03 -2.059755846858024597e-02
4.051740169525146484e-01 -7.741496432572603226e-03 5.971993785351514816e-03 -2.799356821924448013e-03 -7.397917797788977623e-04 -2.134906500577926636e-02
3.937172293663024902e-01 -1.641712523996829987e-02 -3.350806655362248421e-04 -2.302714623510837555e-03 -1.362525159493088722e-03 -2.128865756094455719e-02
3.908099532127380371e-01 -2.051662094891071320e-02 2.573157893493771553e-03 1.424900139681994915e-03 -1.032950240187346935e-03 -2.197289839386940002e-02
3.881989419460296631e-01 -1.539247296750545502e-02 6.513441912829875946e-03 7.212102646008133888e-04 -6.336744991131126881e-04 -2.293715253472328186e-02
3.933745920658111572e-01 -1.575416326522827148e-02 6.497929804027080536e-03 -5.326429381966590881e-04 -1.061098417267203331e-03 -2.368412539362907410e-02
3.948261737823486328e-01 -1.661681570112705231e-02 2.969586290419101715e-03 1.854220463428646326e-04 -1.356277382001280785e-03 -2.409489266574382782e-02
4.023661911487579346e-01 -2.190323919057846069e-02 1.390366582199931145e-03 2.478230744600296021e-03 -1.242275175172835588e-04 -2.499969303607940674e-02
4.088589251041412354e-01 -2.463039569556713104e-02 3.626043908298015594e-03 3.104027127847075462e-03 6.730091990903019905e-04 -2.525833994150161743e-02
4.142719507217407227e-01 -1.826933585107326508e-02 5.402398761361837387e-03 1.889621722511947155e-03 9.672861779108643532e-04 -2.558054774999618530e-02
4.188131093978881836e-01 -1.632792875170707703e-02 7.722992449998855591e-03 -3.017689159605652094e-04 7.555334595963358879e-04 -2.581716701388359070e-02
4.233835637569427490e-01 -1.640104316174983978e-02 7.883960381150245667e-03 -2.229760168120265007e-03 3.745725844055414200e-04 -2.563802152872085571e-02
4.254240393638610840e-01 -1.642129197716712952e-02 2.794004278257489204e-03 -1.608984428457915783e-03 4.117785138078033924e-04 -2.553129196166992188e-02
4.300094842910766602e-01 -2.564201503992080688e-02 1.844624290242791176e-03 1.897151232697069645e-03 3.822417347691953182e-04 -2.496526762843132019e-02
4.354934096336364746e-01 -2.290819212794303894e-02 5.168557632714509964e-03 2.619275823235511780e-03 6.327602895908057690e-04 -2.473133057355880737e-02
4.413851797580718994e-01 -1.770155131816864014e-02 6.593677680939435959e-03 -3.165887319482862949e-04 7.390754763036966324e-04 -2.497194707393646240e-02
4.475083947181701660e-01 -1.481156796216964722e-02 2.976177725940942764e-03 -2.205792581662535667e-03 3.825330932158976793e-04 -2.478235587477684021e-02
4.538548886775970459e-01 -1.553434599190950394e-02 2.547287847846746445e-03 -1.198036945424973965e-03 1.229333924129605293e-03 -2.422245219349861145e-02
4.604171812534332275e-01 -1.650440320372581482e-02 8.391058072447776794e-03 -1.320299808867275715e-03 2.529413439333438873e-03 -2.421677671372890472e-02
4.678049683570861816e-01 -1.420840434730052948e-02 9.358336217701435089e-03 -3.112151287496089935e-03 1.491788774728775024e-03 -2.429426461458206177e-02
4.694551825523376465e-01 -1.284002419561147690e-02 6.169703789055347443e-03 -3.770361887291073799e-03 4.884271766059100628e-05 -2.457396872341632843e-02
4.746015071868896484e-01 -1.495814044028520584e-02 3.940673545002937317e-03 -3.097807522863149643e-03 -1.955092011485248804e-04 -2.508960105478763580e-02
4.788568615913391113e-01 -1.764137297868728638e-02 -1.470515504479408264e-03 -5.642523756250739098e-04 1.663857401581481099e-04 -2.547108009457588196e-02
4.938402175903320312e-01 -1.781541854143142700e-02 6.151704117655754089e-03 -7.441327325068414211e-04 1.207812107168138027e-03 -2.571008726954460144e-02
4.997403323650360107e-01 -1.777690649032592773e-02 1.365185133181512356e-03 -1.179854618385434151e-03 1.943314913660287857e-03 -2.592807263135910034e-02
5.116952657699584961e-01 -1.614724844694137573e-02 7.939065806567668915e-03 -1.911242143251001835e-03 2.665514126420021057e-03 -2.515237964689731598e-02
5.269016027450561523e-01 -1.557573117315769196e-02 6.132872309535741806e-03 -1.775535754859447479e-03 2.247844124212861061e-03 -2.463312074542045593e-02
5.309724807739257812e-01 -1.696939766407012939e-02 6.017568986862897873e-03 -8.185282349586486816e-04 1.359398127533495426e-03 -2.407834306359291077e-02
5.344198346138000488e-01 -1.868588663637638092e-02 7.089630700647830963e-03 -1.053207437507808208e-03 2.714401343837380409e-04 -2.397167123854160309e-02
5.387650728225708008e-01 -1.807834766805171967e-02 4.212236963212490082e-03 -2.087402244796976447e-04 -2.454169443808495998e-04 -2.495337650179862976e-02
5.468895435333251953e-01 -1.702056638896465302e-02 4.325905349105596542e-03 -5.124430754221975803e-04 4.108627326786518097e-04 -2.465486526489257812e-02
5.623724460601806641e-01 -1.674508862197399139e-02 3.469506744295358658e-03 -6.310098688118159771e-04 1.924275420606136322e-04 -2.393310144543647766e-02
5.626626610755920410e-01 -1.392641663551330566e-02 3.618164220824837685e-03 -7.025398081168532372e-04 1.592316693859174848e-04 -2.294310927391052246e-02
5.837943553924560547e-01 -1.686198823153972626e-02 4.884530790150165558e-03 -4.369700036477297544e-04 1.167428446933627129e-03 -2.236304432153701782e-02
5.853199958801269531e-01 -1.559041719883680344e-02 5.900281947106122971e-03 -4.007309325970709324e-04 2.076535485684871674e-03 -2.213551476597785950e-02
5.891475677490234375e-01 -1.562165934592485428e-02 6.321526132524013519e-03 -2.658211742527782917e-04 2.154176123440265656e-03 -2.199691161513328552e-02
5.944169163703918457e-01 -1.583278737962245941e-02 6.049561314284801483e-03 4.345841007307171822e-04 1.774407690390944481e-03 -2.130247466266155243e-02
5.857330560684204102e-01 -1.662145741283893585e-02 7.896225899457931519e-03 9.398551774211227894e-04 1.548658008687198162e-03 -2.039284259080886841e-02
5.802775025367736816e-01 -1.514035649597644806e-02 8.092874661087989807e-03 4.501234216149896383e-04 5.425838753581047058e-04 -1.920013688504695892e-02
5.718308091163635254e-01 -1.641707867383956909e-02 7.376687601208686829e-03 1.373989623971283436e-03 1.015596499200910330e-04 -1.846840232610702515e-02
5.650253891944885254e-01 -1.501780562102794647e-02 7.281179539859294891e-03 -1.695705286692827940e-04 -2.100229321513324976e-04 -1.817701943218708038e-02
5.651148557662963867e-01 -1.364774256944656372e-02 7.884378544986248016e-03 -6.858581327833235264e-04 -4.523950337897986174e-04 -1.841505803167819977e-02
5.665820837020874023e-01 -1.503705605864524841e-02 8.051985874772071838e-03 3.716641804203391075e-04 -2.389959990978240967e-04 -1.819669082760810852e-02
5.720521211624145508e-01 -1.417715288698673248e-02 8.375612087547779083e-03 1.142218941822648048e-03 5.255212890915572643e-04 -1.810584776103496552e-02
5.746947526931762695e-01 -1.124573498964309692e-02 8.698221296072006226e-03 5.514097865670919418e-04 7.952495361678302288e-04 -1.864036917686462402e-02
5.858704447746276855e-01 -8.741290308535099030e-03 9.393518790602684021e-03 -8.270152029581367970e-04 1.031884574331343174e-03 -1.849278435111045837e-02
5.793160200119018555e-01 -1.084155682474374771e-02 8.067557588219642639e-03 -3.758282400667667389e-04 1.225089770741760731e-03 -1.863622665405273438e-02
5.829350352287292480e-01 -1.598631963133811951e-02 7.267824374139308929e-03 1.560429111123085022e-03 9.621559875085949898e-04 -1.841852068901062012e-02
5.809709429740905762e-01 -1.803685910999774933e-02 9.224278852343559265e-03 4.042404703795909882e-03 1.205141074024140835e-03 -1.832866296172142029e-02
5.779913663864135742e-01 -2.245640568435192108e-02 7.171300239861011505e-03 5.334380548447370529e-03 1.548334839753806591e-03 -1.803205907344818115e-02
5.846388339996337891e-01 -2.128863520920276642e-02 6.605659145861864090e-03 5.255681462585926056e-03 1.599422655999660492e-03 -1.669783331453800201e-02
5.908529162406921387e-01 -2.191386930644512177e-02 7.344541139900684357e-03 6.268075667321681976e-03 1.301110140047967434e-03 -1.547554135322570801e-02
5.909262895584106445e-01 -1.952401921153068542e-02 6.564846262335777283e-03 6.535212509334087372e-03 8.858229266479611397e-04 -1.181494537740945816e-02
5.993945598602294922e-01 -1.701227016746997833e-02 1.002769079059362411e-02 7.221455685794353485e-03 -1.592759508639574051e-05 -8.220723830163478851e-03
6.017503142356872559e-01 -1.120786741375923157e-02 8.571831509470939636e-03 5.951643921434879303e-03 -6.710712332278490067e-04 -5.610527470707893372e-03
6.065525412559509277e-01 -9.574528783559799194e-03 7.005073595792055130e-03 5.943230353295803070e-03 -9.911496890708804131e-04 -3.002848941832780838e-03
6.072984933853149414e-01 -6.454072892665863037e-03 4.902344662696123123e-03 5.082281306385993958e-03 -1.102457172237336636e-03 -1.106740091927349567e-04
6.167682409286499023e-01 -2.850441960617899895e-04 9.889555163681507111e-03 4.419418517500162125e-03 4.355667915660887957e-04 2.343910746276378632e-03
6.216514706611633301e-01 5.454184953123331070e-03 7.521556224673986435e-03 1.089009572751820087e-03 3.013384761288762093e-03 5.466985516250133514e-03
6.265915036201477051e-01 8.806794881820678711e-03 4.627435933798551559e-03 7.691239588893949986e-04 4.179129842668771744e-03 8.152209222316741943e-03
6.349408626556396484e-01 6.523955613374710083e-03 2.722421195358037949e-03 2.152327215299010277e-03 3.875780617818236351e-03 1.031650323420763016e-02
6.357674598693847656e-01 5.282986909151077271e-03 1.135978475213050842e-02 4.619129002094268799e-03 4.041164182126522064e-03 1.263208035379648209e-02
6.323241591453552246e-01 1.563713513314723969e-02 2.083309553563594818e-02 -6.689305882900953293e-04 3.397908993065357208e-03 1.419097092002630234e-02
6.392525434494018555e-01 2.026522159576416016e-02 3.593659494072198868e-03 -2.971398411318659782e-03 -7.376321591436862946e-04 1.438050623983144760e-02
6.480654478073120117e-01 2.003019861876964569e-02 5.023427307605743408e-03 -2.129717729985713959e-03 -1.352897146716713905e-03 1.514760870486497879e-02
6.566244363784790039e-01 1.442023459821939468e-02 3.679630579426884651e-03 1.095985993742942810e-03 -1.867348561063408852e-03 1.553195621818304062e-02
6.535563468933105469e-01 1.868207380175590515e-02 1.409107632935047150e-02 -1.254282105946913362e-04 -3.952877596020698547e-04 1.451884303241968155e-02
6.592248082160949707e-01 2.118973061442375183e-02 4.026139155030250549e-03 -2.593210432678461075e-03 -9.446307667531073093e-04 1.431586220860481262e-02
6.545335650444030762e-01 2.036560885608196259e-02 6.747507490217685699e-03 -3.296022769063711166e-03 -3.144220972899347544e-04 1.488973945379257202e-02
6.624861955642700195e-01 1.809512265026569366e-02 5.810448434203863144e-03 -2.078861463814973831e-03 9.076542919501662254e-04 1.361809857189655304e-02
6.647515296936035156e-01 1.622090116143226624e-02 8.840682916343212128e-03 -1.290761982090771198e-03 2.061068080365657806e-03 1.321669202297925949e-02
6.784492731094360352e-01 1.652111671864986420e-02 9.871764108538627625e-03 -2.168105216696858406e-03 3.005748149007558823e-03 1.309140492230653763e-02
6.825287938117980957e-01 1.543547119945287704e-02 6.886763498187065125e-03 -1.873767701908946037e-03 2.093885792419314384e-03 1.186767872422933578e-02
6.811196804046630859e-01 1.432372070848941803e-02 9.999465197324752808e-03 -6.029552314430475235e-04 -9.586028318153694272e-05 1.114136632531881332e-02
6.821470856666564941e-01 1.567259617149829865e-02 1.025397330522537231e-02 -7.040877826511859894e-04 -2.383101498708128929e-03 1.075344439595937729e-02
