3.448416292667388916e-01 1.455602981150150299e-02 1.320832408964633942e-03 -4.855837614741176367e-04 2.661989768967032433e-03 1.464276108890771866e-02
3.380083441734313965e-01 1.642932184040546417e-02 5.754395853728055954e-03 -8.985319436760619283e-05 8.897221647202968597e-03 1.261629909276962280e-02
3.292847573757171631e-01 8.326296694576740265e-03 1.682370714843273163e-02 -3.274633549153804779e-03 6.981618236750364304e-03 1.222825888544321060e-02
3.102049231529235840e-01 8.440971374511718750e-03 1.033370569348335266e-02 -5.120085552334785461e-04 -7.479651249013841152e-04 1.243304088711738586e-02
3.131204247474670410e-01 9.528901427984237671e-03 1.086902339011430740e-02 -7.946569821797311306e-04 -2.791512990370392799e-03 1.236279215663671494e-02
3.182648718357086182e-01 -1.702465582638978958e-03 2.924313303083181381e-03 2.381086815148591995e-03 -3.206051886081695557e-03 1.222396083176136017e-02
3.100207149982452393e-01 8.033886551856994629e-04 1.033992692828178406e-02 -9.447129559703171253e-04 -3.135454375296831131e-03 1.172721665352582932e-02
3.054176568984985352e-01 6.220333278179168701e-03 1.376541331410408020e-03 -2.893019001930952072e-03 -4.604605957865715027e-03 1.123376470059156418e-02
3.036027550697326660e-01 1.265058014541864395e-02 -1.038547488860785961e-04 -3.808059496805071831e-03 -2.535965759307146072e-03 1.104049943387508392e-02
2.951602339744567871e-01 4.809961654245853424e-03 -1.747411303222179413e-02 1.046188292093575001e-03 -7.120538037270307541e-03 1.084119640290737152e-02
3.002923130989074707e-01 1.005140040069818497e-02 -1.312428712844848633e-02 2.907576505094766617e-03 -2.859615953639149666e-03 1.198233570903539658e-02
2.922767698764801025e-01 -8.718922734260559082e-03 1.538996002636849880e-03 2.448585815727710724e-03 4.356289282441139221e-03 9.897533804178237915e-03
2.990137934684753418e-01 -1.336540095508098602e-03 1.193381100893020630e-02 1.216552453115582466e-03 2.279503038153052330e-03 1.071206852793693542e-02
2.920157015323638916e-01 1.461499836295843124e-03 3.209354588761925697e-03 1.962057547643780708e-03 -2.233033999800682068e-03 1.131418719887733459e-02
2.750306427478790283e-01 2.618862781673669815e-03 8.272197097539901733e-03 -8.133443188853561878e-04 8.052648627199232578e-04 1.033700816333293915e-02
2.914373874664306641e-01 5.400263704359531403e-03 4.534900654107332230e-03 -1.246865373104810715e-03 2.185262506827712059e-03 1.020040269941091537e-02
2.827580869197845459e-01 2.461844123899936676e-03 6.172117777168750763e-03 -2.549374476075172424e-03 -4.311349242925643921e-03 9.732041507959365845e-03
2.745127081871032715e-01 -4.170564468950033188e-03 6.245675962418317795e-03 -8.156880358001217246e-05 -9.481396526098251343e-03 9.882668033242225647e-03
2.864674031734466553e-01 -1.196346711367368698e-02 -7.267734967172145844e-03 3.842663485556840897e-03 -7.496421691030263901e-03 1.072278246283531189e-02
2.881025969982147217e-01 -1.358331739902496338e-02 -4.157475195825099945e-03 5.539233796298503876e-03 -5.615613423287868500e-03 1.137914601713418961e-02
2.917134761810302734e-01 -1.507754623889923096e-02 -7.539611309766769409e-03 1.290444517508149147e-03 1.685027265921235085e-03 1.104774791747331619e-02
3.113998770713806152e-01 -7.095108274370431900e-03 2.373073220951482654e-04 -2.305325819179415703e-03 4.834048915654420853e-03 1.131140161305665970e-02
3.150939941406250000e-01 8.658535778522491455e-03 -5.001559387892484665e-03 -1.308928709477186203e-03 3.095740219578146935e-03 1.143174432218074799e-02
2.961581647396087646e-01 -4.188919439911842346e-03 -4.681621678173542023e-03 1.067352597601711750e-03 -1.746931346133351326e-03 1.052993163466453552e-02
3.170264661312103271e-01 1.491494104266166687e-02 6.112455739639699459e-04 -1.970657613128423691e-03 -4.082858795300126076e-04 1.140093151479959488e-02
3.178941309452056885e-01 7.243974134325981140e-03 1.676751114428043365e-02 -4.629031755030155182e-03 6.227771751582622528e-03 1.197563577443361282e-02
3.049649596214294434e-01 -3.854715730994939804e-03 9.569259360432624817e-03 3.777723177336156368e-04 6.353929173201322556e-03 1.096592657268047333e-02
2.938855588436126709e-01 -2.745522558689117432e-02 9.803863242268562317e-03 7.470050361007452011e-03 2.369889698456972837e-04 9.710541926324367523e-03
2.860516607761383057e-01 -2.853810228407382965e-02 2.673623617738485336e-03 6.067632231861352921e-03 -2.951986156404018402e-03 1.019200123846530914e-02
3.034096956253051758e-01 -1.187925878912210464e-02 7.229810580611228943e-03 2.820808673277497292e-03 -2.214428270235657692e-03 1.115564163774251938e-02
3.048875033855438232e-01 1.198352687060832977e-02 1.032463740557432175e-03 -7.004585582762956619e-03 -1.627132645808160305e-03 1.168883126229047775e-02
3.155182003974914551e-01 1.252246182411909103e-02 -8.590854704380035400e-03 -5.139439366757869720e-03 -1.976345898583531380e-03 1.239018142223358154e-02
3.168496787548065186e-01 -1.360145211219787598e-02 -1.153264287859201431e-02 2.863889792934060097e-03 -1.865458209067583084e-03 1.233466714620590210e-02
3.295816481113433838e-01 -1.998084038496017456e-02 3.876133821904659271e-03 6.432052701711654663e-03 7.237085374072194099e-04 1.152429077774286270e-02
3.440459072589874268e-01 -9.294879622757434845e-03 7.418725639581680298e-03 1.770024304278194904e-03 2.597542479634284973e-03 1.175758522003889084e-02
3.586332798004150391e-01 4.340207669883966446e-03 5.636805202811956406e-03 -3.377167740836739540e-03 2.967151347547769547e-03 1.409064140170812607e-02
3.490270376205444336e-01 -8.585851639509201050e-03 2.096131443977355957e-03 -4.667093744501471519e-04 -1.038542017340660095e-03 1.342104934155941010e-02
3.602668046951293945e-01 -7.647363469004631042e-03 5.639620590955018997e-03 1.431982673238962889e-04 -3.866850165650248528e-03 1.370334904640913010e-02
3.784384727478027344e-01 2.140223514288663864e-04 3.158048726618289948e-03 -4.356579447630792856e-04 -3.343249438330531120e-03 1.444626878947019577e-02
3.986541926860809326e-01 -2.660346683114767075e-03 -5.580263212323188782e-03 2.662934362888336182e-03 -3.076103283092379570e-03 1.604975387454032898e-02
4.068244099617004395e-01 -7.133945822715759277e-03 -2.727042650803923607e-03 5.030645523220300674e-03 -3.032420761883258820e-03 1.705513335764408112e-02
4.067374765872955322e-01 -6.136752199381589890e-03 3.560057142749428749e-03 1.864484627731144428e-03 -4.150614608079195023e-03 1.644695736467838287e-02
4.215480387210845947e-01 1.454629469662904739e-02 3.688739845529198647e-03 -5.632971413433551788e-03 -3.486269153654575348e-03 1.780457049608230591e-02
4.305060803890228271e-01 1.552172098308801651e-02 1.630243787076324224e-05 -4.599516745656728745e-03 -6.882051238790154457e-04 1.911834441125392914e-02
4.294101595878601074e-01 -1.745744608342647552e-03 -3.788766451179981232e-03 -3.069106605835258961e-04 -8.498062379658222198e-04 1.908364705741405487e-02
4.263934493064880371e-01 -9.683540090918540955e-03 4.023967776447534561e-03 1.879370538517832756e-03 -6.086929934099316597e-04 1.875195279717445374e-02
4.232398569583892822e-01 -6.389628164470195770e-03 5.744981113821268082e-03 1.168271992355585098e-03 -4.821206093765795231e-04 1.860073022544384003e-02
4.310100376605987549e-01 1.303359866142272949e-03 7.983577437698841095e-03 -1.101682777516543865e-03 9.546282235532999039e-04 1.846901886165142059e-02
4.274098575115203857e-01 4.852697718888521194e-03 5.560799967497587204e-03 -1.466478337533771992e-03 7.732842350378632545e-04 1.775788329541683197e-02
4.198659956455230713e-01 5.002644844353199005e-03 5.341511685401201248e-03 -1.945879776030778885e-03 5.770346615463495255e-04 1.689286716282367706e-02
4.274552166461944580e-01 8.391159586608409882e-03 3.445765934884548187e-03 -1.242314465343952179e-03 1.787903020158410072e-04 1.662760041654109955e-02
4.256888628005981445e-01 9.277267381548881531e-03 7.896448485553264618e-03 -1.377484528347849846e-03 -7.136054337024688721e-04 1.622379943728446960e-02
4.153947532176971436e-01 9.831890463829040527e-03 5.969980265945196152e-03 -1.416733139194548130e-03 -2.484158176230266690e-05 1.524059288203716278e-02
4.202612042427062988e-01 1.178114302456378937e-02 5.754490382969379425e-03 -1.855469541624188423e-03 4.395357391331344843e-04 1.434860192239284515e-02
4.125950336456298828e-01 1.023271400481462479e-02 4.514902830123901367e-03 -1.322669442743062973e-03 -6.456869887188076973e-04 1.311305910348892212e-02
4.095098376274108887e-01 1.299219857901334763e-02 3.966589458286762238e-03 -1.084779738448560238e-03 -5.420214147306978703e-04 1.202218700200319290e-02
4.105541110038757324e-01 1.119586359709501266e-02 4.030749667435884476e-03 -8.123354637064039707e-04 -3.537983866408467293e-04 1.108144782483577728e-02
4.071206748485565186e-01 1.066937949508428574e-02 5.568824708461761475e-03 -7.098076748661696911e-04 -1.277611154364421964e-04 9.864595718681812286e-03
4.028711020946502686e-01 1.050424575805664062e-02 6.373607553541660309e-03 -1.003147335723042488e-03 -8.925052825361490250e-04 8.142187260091304779e-03
4.080755412578582764e-01 1.056563761085271835e-02 9.372598491609096527e-03 -8.569816709496080875e-04 -1.141031738370656967e-03 7.238400168716907501e-03
4.084884524345397949e-01 8.436008356511592865e-03 7.582595571875572205e-03 -6.903756293468177319e-04 -1.857275143265724182e-03 5.824150517582893372e-03
4.040175378322601318e-01 8.693867363035678864e-03 1.041167788207530975e-02 3.488541988190263510e-04 -1.155186444520950317e-03 3.996640909463167191e-03
4.007151126861572266e-01 4.995175171643495560e-03 1.009170431643724442e-02 7.056954782456159592e-04 -1.351109007373452187e-03 2.822000067681074142e-03
4.024544060230255127e-01 4.995631519705057144e-03 9.489558637142181396e-03 1.572373323142528534e-03 -1.763505861163139343e-03 1.037852372974157333e-03
3.931351602077484131e-01 -3.330151084810495377e-04 7.496441714465618134e-03 1.645620795898139477e-04 -2.363863633945584297e-03 -9.565307991579174995e-04
3.944596946239471436e-01 -2.148190978914499283e-03 8.408028632402420044e-03 6.553191924467682838e-04 -2.475893590599298477e-03 -2.629121998324990273e-03
3.901160061359405518e-01 -3.074614563956856728e-03 1.099061965942382812e-02 9.080885211005806923e-04 -3.526952583342790604e-03 -4.862264264374971390e-03
4.003987610340118408e-01 -3.632487030699849129e-03 3.359531285241246223e-03 1.259736018255352974e-03 -4.972312133759260178e-03 -6.730125751346349716e-03
4.063192903995513916e-01 -2.376614604145288467e-03 2.494083717465400696e-03 9.160764748230576515e-04 -1.401408226229250431e-03 -8.386206813156604767e-03
4.114707410335540771e-01 -5.526734050363302231e-03 1.366622513160109520e-03 -2.304919325979426503e-04 1.111960387788712978e-03 -9.729682467877864838e-03
4.131466746330261230e-01 -6.199653260409832001e-03 3.219690872356295586e-03 -1.732575125060975552e-03 1.145530492067337036e-03 -1.170230936259031296e-02
4.111871421337127686e-01 -5.602221004664897919e-03 6.818153429776430130e-03 -1.387632451951503754e-03 3.714947961270809174e-04 -1.383057143539190292e-02
4.067786335945129395e-01 -7.124303840100765228e-03 9.286215528845787048e-03 5.470659016282297671e-05 1.654231164138764143e-04 -1.541698817163705826e-02
4.039829075336456299e-01 -7.101499009877443314e-03 7.329299580305814743e-03 8.463265839964151382e-04 -1.654619351029396057e-03 -1.644073985517024994e-02
3.987224698066711426e-01 -1.292729377746582031e-02 6.582787726074457169e-03 1.285528560401871800e-04 -2.526407362893223763e-03 -1.866118051111698151e-02
4.000749886035919189e-01 -1.155146397650241852e-02 4.842263180762529373e-03 -1.252698479220271111e-03 -1.674798782914876938e-03 -2.019937708973884583e-02
3.967290222644805908e-01 -1.258848421275615692e-02 4.069176036864519119e-03 -2.968220505863428116e-03 -2.362040802836418152e-03 -2.136305533349514008e-02
3.922221064567565918e-01 -1.500009838491678238e-02 -3.104806877672672272e-03 -1.834347262047231197e-03 -3.878824179992079735e-03 -2.130569703876972198e-02
3.881146013736724854e-01 -2.014818787574768066e-02 -8.658765582367777824e-04 2.018439350649714470e-03 -3.328244201838970184e-03 -2.178789302706718445e-02
3.870796561241149902e-01 -2.148943208158016205e-02 3.541086101904511452e-03 6.178781040944159031e-04 -1.552068744786083698e-03 -2.285702340304851532e-02
3.884815573692321777e-01 -1.796996779739856720e-02 1.641459297388792038e-03 -1.891679130494594574e-04 -2.046505687758326530e-03 -2.368181571364402771e-02
3.932291269302368164e-01 -2.095544710755348206e-02 -4.259677138179540634e-03 3.341260598972439766e-04 -2.435659058392047882e-03 -2.385826967656612396e-02
3.983438909053802490e-01 -2.493934892117977142e-02 -4.260145593434572220e-03 3.025160171091556549e-03 -2.015326404944062233e-03 -2.500405162572860718e-02
3.996412158012390137e-01 -3.030543029308319092e-02 -2.042737323790788651e-03 3.793270792812108994e-03 -7.349823135882616043e-06 -2.509218826889991760e-02
4.130250513553619385e-01 -2.509019151329994202e-02 3.009240143001079559e-03 2.604188164696097374e-03 4.801974864676594734e-05 -2.534919418394565582e-02
4.235277473926544189e-01 -2.716917172074317932e-02 4.815167747437953949e-03 2.827199350576847792e-04 -1.410406664945185184e-03 -2.562311850488185883e-02
4.188843667507171631e-01 -1.920806989073753357e-02 4.805194213986396790e-03 -1.838672673329710960e-03 -1.341853872872889042e-03 -2.540918998420238495e-02
4.171971380710601807e-01 -1.789501123130321503e-02 -2.568538766354322433e-04 -1.313560642302036285e-03 -1.218420802615582943e-03 -2.516255900263786316e-02
4.268922805786132812e-01 -2.518791519105434418e-02 -3.222932107746601105e-03 2.684471663087606430e-03 -1.124577713198959827e-03 -2.481479756534099579e-02
4.301738142967224121e-01 -2.641468681395053864e-02 -3.644990210887044668e-04 2.987642306834459305e-03 -1.124134141718968749e-04 -2.446576207876205444e-02
4.330106675624847412e-01 -1.585625112056732178e-02 -7.866799132898449898e-04 1.051696162903681397e-04 -2.918379032053053379e-04 -2.480961382389068604e-02
4.392839372158050537e-01 -1.750253885984420776e-02 -1.970043405890464783e-03 -1.872116466984152794e-03 -7.810491370037198067e-04 -2.447330765426158905e-02
4.456838071346282959e-01 -1.974865421652793884e-02 -2.218481618911027908e-03 -1.103150309063494205e-03 2.633523545227944851e-04 -2.387640252709388733e-02
4.560274779796600342e-01 -1.546305138617753983e-02 4.860891494899988174e-03 -1.118332496844232082e-03 9.215541067533195019e-04 -2.416654489934444427e-02
4.621323347091674805e-01 -1.182307396084070206e-02 4.108484368771314621e-03 -2.989377127960324287e-03 -2.188412327086552978e-05 -2.431913465261459351e-02
4.661676883697509766e-01 -9.082812815904617310e-03 7.671541534364223480e-04 -3.134473459795117378e-03 -3.051842795684933662e-03 -2.469565160572528839e-02
4.671785235404968262e-01 -1.312301121652126312e-02 -5.293466965667903423e-04 -2.717969939112663269e-03 -2.320641418918967247e-03 -2.500433661043643951e-02
4.671784639358520508e-01 -1.756357587873935699e-02 -5.449729505926370621e-03 7.879360055085271597e-05 -1.658145105466246605e-03 -2.466719038784503937e-02
4.765533804893493652e-01 -1.316287927329540253e-02 1.790450885891914368e-03 -1.638939138501882553e-04 3.981196787208318710e-04 -2.507373690605163574e-02
4.837926030158996582e-01 -1.510684564709663391e-02 -3.417966188862919807e-03 -6.917911814525723457e-04 1.359199639409780502e-03 -2.525770664215087891e-02
4.979494810104370117e-01 -1.255075260996818542e-02 5.458881147205829620e-03 -1.563721685670316219e-03 2.182889496907591820e-03 -2.500170469284057617e-02
5.103956460952758789e-01 -1.204354688525199890e-02 4.828762263059616089e-03 -1.681925263255834579e-03 2.129270695149898529e-03 -2.414552308619022369e-02
5.179110169410705566e-01 -1.249011140316724777e-02 6.356387864798307419e-03 -1.032484346069395542e-03 9.800156112760305405e-05 -2.422025986015796661e-02
5.190106630325317383e-01 -1.268288027495145798e-02 7.265225518494844437e-03 -1.564441132359206676e-03 -1.282038167119026184e-03 -2.429845742881298065e-02
5.303254723548889160e-01 -1.459573768079280853e-02 -5.389538127928972244e-04 2.997178526129573584e-04 -1.814407762140035629e-03 -2.465259842574596405e-02
5.347259640693664551e-01 -1.364553719758987427e-02 3.910036757588386536e-04 4.604373243637382984e-04 -9.745286079123616219e-04 -2.462573535740375519e-02
5.387639403343200684e-01 -1.062580570578575134e-02 -8.568589109927415848e-04 -2.959923876915127039e-04 -3.625317185651510954e-04 -2.403224818408489227e-02
5.438792705535888672e-01 -1.026067417114973068e-02 -2.408001106232404709e-03 -5.702906055375933647e-04 -5.185356130823493004e-04 -2.283598296344280243e-02
5.535817742347717285e-01 -1.230372954159975052e-02 -2.618903294205665588e-03 3.978940658271312714e-04 2.293335710419341922e-04 -2.198681235313415527e-02
5.685533881187438965e-01 -1.511684618890285492e-02 2.789503429085016251e-03 1.932824670802801847e-04 1.328104175627231598e-03 -2.142119966447353363e-02
5.676192045211791992e-01 -1.411085762083530426e-02 -1.515421783551573753e-03 7.503919187001883984e-04 1.086052739992737770e-03 -2.164144441485404968e-02
5.742364525794982910e-01 -1.576217450201511383e-02 1.058456138707697392e-03 1.360998256132006645e-03 7.351242238655686378e-04 -2.096673846244812012e-02
5.671781897544860840e-01 -1.397656649351119995e-02 4.446942824870347977e-03 1.153612625785171986e-03 6.281128153204917908e-04 -2.030966430902481079e-02
5.751388072967529297e-01 -1.516281906515359879e-02 6.057665683329105377e-03 7.254685624502599239e-04 -3.304282727185636759e-04 -1.875873841345310211e-02
5.733421444892883301e-01 -1.573039032518863678e-02 5.795838776975870132e-03 1.022908720187842846e-03 -5.952432984486222267e-04 -1.832388155162334442e-02
5.731416344642639160e-01 -1.457404810935258865e-02 6.264709867537021637e-03 -4.780649032909423113e-04 -1.085428753867745399e-03 -1.812127791345119476e-02
5.703921318054199219e-01 -1.352112367749214172e-02 1.071437541395425797e-02 -1.753063639625906944e-03 -6.477007409557700157e-04 -1.845505274832248688e-02
5.748156905174255371e-01 -1.369279902428388596e-02 4.500636830925941467e-03 -1.955843181349337101e-04 -1.108831609599292278e-03 -1.848657988011837006e-02
5.718415379524230957e-01 -1.401434000581502914e-02 6.726021412760019302e-03 1.232648035511374474e-03 -3.781772102229297161e-04 -1.822287030518054962e-02
5.748576521873474121e-01 -1.183247938752174377e-02 9.245034307241439819e-03 4.354419070295989513e-04 -1.702646113699302077e-04 -1.850372739136219025e-02
5.790528059005737305e-01 -8.706016466021537781e-03 6.745721679180860519e-03 -7.307250634767115116e-04 1.610910258023068309e-04 -1.833243109285831451e-02
5.839694142341613770e-01 -8.402952924370765686e-03 8.760798722505569458e-03 -6.932801334187388420e-04 5.103831645101308823e-04 -1.834742911159992218e-02
5.881564021110534668e-01 -1.274094358086585999e-02 6.292124744504690170e-03 1.129916403442621231e-03 -1.539046643301844597e-04 -1.838634535670280457e-02
5.881947875022888184e-01 -1.515759527683258057e-02 6.915556266903877258e-03 4.090003669261932373e-03 3.461470769252628088e-04 -1.815894432365894318e-02
5.901200175285339355e-01 -1.735318638384342194e-02 5.786101799458265305e-03 5.261796992272138596e-03 3.792813513427972794e-04 -1.784260943531990051e-02
5.893734693527221680e-01 -1.691783405840396881e-02 2.092101145535707474e-03 6.491497624665498734e-03 -5.502164131030440331e-04 -1.654076762497425079e-02
5.905215740203857422e-01 -1.962887868285179138e-02 4.915006924420595169e-03 6.158619653433561325e-03 1.526112901046872139e-04 -1.505162753164768219e-02
5.957696437835693359e-01 -1.862959191203117371e-02 5.896495655179023743e-03 6.947972346097230911e-03 -5.978672998026013374e-04 -1.127471588551998138e-02
6.024727821350097656e-01 -1.510786265134811401e-02 6.689641159027814865e-03 8.205555379390716553e-03 -2.129521919414401054e-03 -8.187308907508850098e-03
6.011995077133178711e-01 -1.036497298628091812e-02 3.922936040908098221e-03 6.697795819491147995e-03 -3.084477735683321953e-03 -5.493112839758396149e-03
6.037154793739318848e-01 -8.200921118259429932e-03 2.303381683304905891e-03 6.341401021927595139e-03 -3.187802154570817947e-03 -2.919856458902359009e-03
6.022365093231201172e-01 -5.393662024289369583e-03 -1.766548259183764458e-03 4.930389579385519028e-03 -3.305020043626427650e-03 4.653052747016772628e-05
6.093207001686096191e-01 -3.878211136907339096e-03 5.367599427700042725e-03 3.856348572298884392e-03 -7.458592299371957779e-04 2.316219499334692955e-03
6.188092231750488281e-01 4.292692523449659348e-03 1.745400601066648960e-03 2.889819443225860596e-04 1.759551698341965675e-03 5.455747712403535843e-03
6.183086037635803223e-01 5.970795638859272003e-03 3.296394133940339088e-04 7.893996371421962976e-05 3.414508420974016190e-03 8.194318972527980804e-03
6.190458536148071289e-01 -5.389750003814697266e-04 -2.383505692705512047e-03 1.615953864529728889e-03 3.426174866035580635e-03 1.030377671122550964e-02
6.300975680351257324e-01 1.273518428206443787e-03 6.152809131890535355e-03 4.004827700555324554e-03 2.423091558739542961e-03 1.273112278431653976e-02
6.260592937469482422e-01 1.151100639253854752e-02 1.465262845158576965e-02 -1.622274634428322315e-03 1.611459883861243725e-03 1.410120259970426559e-02
6.292846202850341797e-01 1.300264336168766022e-02 -4.648274625651538372e-06 -3.263289574533700943e-03 -9.548490052111446857e-04 1.419387757778167725e-02
6.379989981651306152e-01 1.485791243612766266e-02 1.238557626493275166e-03 -2.679209457710385323e-03 -1.817330601625144482e-03 1.521457731723785400e-02
6.370756030082702637e-01 9.157451801002025604e-03 6.167270475998520851e-04 6.065667257644236088e-04 -3.069117432460188866e-03 1.561357825994491577e-02
6.389471888542175293e-01 1.512830145657062531e-02 6.770519074052572250e-03 -1.266469247639179230e-03 -1.267482293769717216e-03 1.445034984499216080e-02
6.500218510627746582e-01 2.047068625688552856e-02 9.044752805493772030e-04 -2.542247064411640167e-03 -1.426933100447058678e-03 1.459396444261074066e-02
6.430400609970092773e-01 2.005211822688579559e-02 2.650280483067035675e-03 -2.810474252328276634e-03 -7.664839504286646843e-04 1.490116864442825317e-02
6.588677763938903809e-01 1.669679768383502960e-02 9.146549273282289505e-04 -2.869002753868699074e-03 2.342707011848688126e-05 1.384352799504995346e-02
6.616008877754211426e-01 1.398180425167083740e-02 6.174868904054164886e-03 -1.179297803901135921e-03 1.438232720829546452e-03 1.335433684289455414e-02
6.740507483482360840e-01 1.752710342407226562e-02 1.005474105477333069e-02 -2.801385940983891487e-03 2.142049139365553856e-03 1.314564701169729233e-02
6.761447787284851074e-01 1.616910099983215332e-02 7.027071435004472733e-03 -2.043890533968806267e-03 1.729697454720735550e-03 1.202548947185277939e-02
6.749058961868286133e-01 1.493577565997838974e-02 1.088153570890426636e-02 -8.144070161506533623e-04 -6.153847789391875267e-04 1.135182566940784454e-02
6.745660305023193359e-01 1.585910655558109283e-02 9.654243476688861847e-03 -6.409131456166505814e-04 -3.430439857766032219e-03 1.069488283246755600e-02
