3.310094773769378662e-01 6.980349775403738022e-03 3.730041906237602234e-03 -2.519287227187305689e-04 4.470598883926868439e-03 1.356585323810577393e-02
3.264600634574890137e-01 -9.745412971824407578e-04 5.752283148467540741e-03 -8.041205728659406304e-05 1.016596332192420959e-02 1.149847637861967087e-02
3.258786201477050781e-01 1.021272409707307816e-02 1.559763960540294647e-02 -2.815112471580505371e-03 8.539506234228610992e-03 1.237194333225488663e-02
3.102094531059265137e-01 8.069678209722042084e-03 9.827584028244018555e-03 -5.721031920984387398e-04 8.926843875087797642e-04 1.271462161093950272e-02
3.113285601139068604e-01 5.436631850898265839e-03 1.029497385025024414e-02 -8.724912768229842186e-04 -2.149872016161680222e-03 1.216511614620685577e-02
3.133156299591064453e-01 -3.429510863497853279e-03 3.800590522587299347e-03 2.230532001703977585e-03 -1.791847404092550278e-03 1.195175200700759888e-02
3.092021644115447998e-01 -3.113977145403623581e-04 1.117763947695493698e-02 -7.587330183014273643e-04 -2.712080487981438637e-03 1.192964427173137665e-02
2.995783388614654541e-01 7.092211395502090454e-03 2.589917043223977089e-03 -2.637581666931509972e-03 -3.199591301381587982e-03 1.096310652792453766e-02
3.014397621154785156e-01 9.676345624029636383e-03 8.411461021751165390e-05 -3.999581094831228256e-03 -1.983669819310307503e-03 1.093313377350568771e-02
2.889688313007354736e-01 -1.228858623653650284e-02 -1.453544199466705322e-02 8.466607541777193546e-04 -5.928948521614074707e-03 1.078576035797595978e-02
2.938840389251708984e-01 -4.186122678220272064e-03 -7.627105340361595154e-03 1.802214537747204304e-03 -1.131032360717654228e-03 1.066462509334087372e-02
2.974047064781188965e-01 -5.327985621988773346e-03 2.542508300393819809e-03 2.793840831145644188e-03 4.239665810018777847e-03 1.002061273902654648e-02
2.938094139099121094e-01 -3.028332954272627831e-03 9.290942922234535217e-03 4.676778044085949659e-04 3.095647552981972694e-03 1.056818198412656784e-02
2.946161925792694092e-01 -3.970620222389698029e-03 4.888582974672317505e-03 1.339896931312978268e-03 -1.123493420891463757e-03 1.167865749448537827e-02
2.743081152439117432e-01 2.535611158236861229e-03 8.958267048001289368e-03 -6.615516031160950661e-04 -1.195672157336957753e-04 9.908435866236686707e-03
2.917281985282897949e-01 -1.397424726746976376e-03 3.986402880400419235e-03 -1.813853625208139420e-03 2.823459217324852943e-03 1.026948168873786926e-02
2.782720029354095459e-01 1.005706191062927246e-02 7.261751219630241394e-03 -2.250283025205135345e-03 -3.969050478190183640e-03 9.575318545103073120e-03
2.733932137489318848e-01 -5.961454939097166061e-03 7.571087684482336044e-03 -4.655403026845306158e-04 -8.611788973212242126e-03 9.675488807260990143e-03
2.885175645351409912e-01 -2.379083260893821716e-02 -4.501811228692531586e-03 3.113481914624571800e-03 -8.356514386832714081e-03 1.089272554963827133e-02
2.860429883003234863e-01 -2.845066785812377930e-02 -1.825689105316996574e-04 4.611237440258264542e-03 -5.281898658722639084e-03 1.147571858018636703e-02
2.919680774211883545e-01 -6.270840764045715332e-03 -5.973977036774158478e-03 1.165281166322529316e-03 1.253394177183508873e-03 1.121015567332506180e-02
3.100394010543823242e-01 7.826927467249333858e-04 2.996494295075535774e-04 -2.107202773913741112e-03 5.522296298295259476e-03 1.166478637605905533e-02
3.137316107749938965e-01 2.445806283503770828e-03 -5.011378321796655655e-03 -1.685002120211720467e-03 3.831002628430724144e-03 1.149498578161001205e-02
3.038824200630187988e-01 -1.386136375367641449e-02 -1.626370474696159363e-03 2.503093564882874489e-04 -4.104033869225531816e-04 1.122799608856439590e-02
3.062008023262023926e-01 1.113773416727781296e-02 5.322770681232213974e-03 -2.212420105934143066e-03 8.543219300918281078e-04 1.052828691899776459e-02
3.152590692043304443e-01 1.396339759230613708e-02 1.317428518086671829e-02 -3.922021947801113129e-03 8.255833759903907776e-03 1.131772436201572418e-02
3.110509216785430908e-01 -1.354750990867614746e-02 7.661752402782440186e-03 3.556535812094807625e-04 6.964233238250017166e-03 1.154954079538583755e-02
2.992233335971832275e-01 -3.374871984124183655e-02 8.389472030103206635e-03 6.595011800527572632e-03 1.611237064935266972e-03 1.063300576061010361e-02
2.801812589168548584e-01 -4.894037544727325439e-02 4.544051364064216614e-03 5.539757665246725082e-03 -1.585192047059535980e-03 1.090994849801063538e-02
3.042623698711395264e-01 -2.880198881030082703e-02 9.552625007927417755e-03 2.154580783098936081e-03 -4.830141842830926180e-04 1.159460470080375671e-02
3.103201091289520264e-01 1.631362922489643097e-02 3.030005376785993576e-03 -6.663892418146133423e-03 -8.374861790798604488e-04 1.145521830767393112e-02
3.138530850410461426e-01 9.219974279403686523e-03 -5.427450407296419144e-03 -5.147876683622598648e-03 -1.951571670360863209e-03 1.222504675388336182e-02
3.052133917808532715e-01 -2.526568435132503510e-02 -8.206038735806941986e-03 2.687339205294847488e-03 -8.258635061793029308e-04 1.201553177088499069e-02
3.191462159156799316e-01 -3.946883231401443481e-02 6.083065643906593323e-03 5.529079120606184006e-03 2.177021000534296036e-03 1.152116991579532623e-02
3.412504792213439941e-01 -2.039531059563159943e-02 9.005920030176639557e-03 1.491634757257997990e-03 4.122205078601837158e-03 1.195106375962495804e-02
3.488265573978424072e-01 7.682549767196178436e-03 3.957175649702548981e-03 -3.080603433772921562e-03 3.361113835126161575e-03 1.323383394628763199e-02
3.370687961578369141e-01 -7.947489619255065918e-03 2.157703507691621780e-03 4.411444024299271405e-05 -1.125229755416512489e-03 1.256212126463651657e-02
3.600325286388397217e-01 -4.185521975159645081e-03 6.793235428631305695e-03 4.848013122682459652e-05 -2.731464337557554245e-03 1.354914903640747070e-02
3.756304979324340820e-01 2.655142685398459435e-03 3.794897580519318581e-03 -4.132493340875953436e-04 -1.836729701608419418e-03 1.415089890360832214e-02
3.878276348114013672e-01 -8.679201826453208923e-03 -2.749178558588027954e-03 2.414460759609937668e-03 -1.696806517429649830e-03 1.568002067506313324e-02
3.932202160358428955e-01 -1.102125551551580429e-02 -2.536301268264651299e-03 4.877099767327308655e-03 -2.107455627992749214e-03 1.655078306794166565e-02
4.019387662410736084e-01 2.569772768765687943e-03 6.550684105604887009e-03 2.436168259009718895e-03 -3.211282892152667046e-03 1.563669554889202118e-02
4.093919992446899414e-01 1.316405367106199265e-02 4.029043018817901611e-03 -5.170434713363647461e-03 -2.248768694698810577e-03 1.708242297172546387e-02
4.161951839923858643e-01 3.048485144972801208e-03 1.890750601887702942e-03 -4.536531399935483932e-03 1.494999305577948689e-04 1.854713074862957001e-02
4.100358784198760986e-01 -1.817000098526477814e-02 -1.354733482003211975e-03 -2.393650356680154800e-04 8.969624177552759647e-04 1.843979395925998688e-02
4.049649238586425781e-01 -1.634985953569412231e-02 3.389456309378147125e-03 2.003403846174478531e-03 1.313447603024542332e-03 1.782924868166446686e-02
4.228469133377075195e-01 -9.694444015622138977e-03 6.069067399948835373e-03 1.358966459520161152e-03 8.217843715101480484e-04 1.855401135981082916e-02
4.301319122314453125e-01 -3.020196920260787010e-03 7.994819432497024536e-03 -8.497858652845025063e-04 1.454247278161346912e-03 1.858963631093502045e-02
4.297661185264587402e-01 1.741271582432091236e-03 5.164396949112415314e-03 -1.328889979049563408e-03 1.422227942384779453e-03 1.816308870911598206e-02
4.305649399757385254e-01 3.009337000548839569e-03 5.368711426854133606e-03 -1.860899152234196663e-03 1.121689798310399055e-03 1.780546829104423523e-02
4.269405305385589600e-01 3.659523092210292816e-03 3.295776899904012680e-03 -1.362847280688583851e-03 5.169802461750805378e-04 1.692860387265682220e-02
4.239899516105651855e-01 8.719924837350845337e-03 5.694109480828046799e-03 -1.191923627629876137e-03 1.648385950829833746e-04 1.613702997565269470e-02
4.111781716346740723e-01 7.668693084269762039e-03 5.904959980398416519e-03 -1.458530197851359844e-03 9.518642764305695891e-05 1.525399740785360336e-02
4.138411879539489746e-01 1.447549276053905487e-02 4.559543915092945099e-03 -1.548714819364249706e-03 1.024112687446177006e-03 1.368275657296180725e-02
4.149328470230102539e-01 1.367356348782777786e-02 3.225140040740370750e-03 -7.652911008335649967e-04 4.861212510149925947e-04 1.307006925344467163e-02
4.143197238445281982e-01 1.398534979671239853e-02 4.818359389901161194e-03 -8.320905035361647606e-04 1.628876489121466875e-04 1.241072081029415131e-02
4.134556651115417480e-01 1.274499390274286270e-02 4.613372497260570526e-03 -5.700116744264960289e-04 6.596419261768460274e-04 1.119961403310298920e-02
4.009040892124176025e-01 1.348596345633268356e-02 5.431571975350379944e-03 -7.470198324881494045e-04 1.321373623795807362e-03 9.332499466836452484e-03
4.069221019744873047e-01 1.529002189636230469e-02 4.915536381304264069e-03 -5.067563033662736416e-04 6.442106678150594234e-04 8.472715504467487335e-03
4.047506749629974365e-01 1.030915323644876480e-02 6.338634528219699860e-03 -6.282139220274984837e-04 -2.137589908670634031e-04 7.036059629172086716e-03
4.041737318038940430e-01 6.899425759911537170e-03 4.794355481863021851e-03 -9.174608858302235603e-04 8.351888391189277172e-05 5.878153257071971893e-03
4.010329842567443848e-01 7.339986972510814667e-03 5.243138410151004791e-03 -1.548176369396969676e-04 6.280239322222769260e-04 4.113505128771066666e-03
3.932239115238189697e-01 2.718569245189428329e-03 4.883481189608573914e-03 2.965789171867072582e-04 2.867146977223455906e-04 2.347065135836601257e-03
3.994003832340240479e-01 3.130304161459207535e-03 6.058229133486747742e-03 7.352428510785102844e-04 -2.373698516748845577e-04 7.826352957636117935e-04
3.872859776020050049e-01 -3.981232643127441406e-03 4.906264133751392365e-03 -2.836811181623488665e-04 -9.274474577978253365e-04 -1.231859787367284298e-03
3.887040913105010986e-01 -4.058605991303920746e-03 4.979090299457311630e-03 1.758661528583616018e-04 -1.708492636680603027e-03 -3.032934619113802910e-03
3.882152140140533447e-01 -4.303399007767438889e-03 6.478081922978162766e-03 4.016677266918122768e-04 -2.816161606460809708e-03 -4.971253685653209686e-03
3.925391137599945068e-01 -5.247529596090316772e-03 3.393496619537472725e-03 5.628715734928846359e-04 -2.886157482862472534e-03 -6.629887036979198456e-03
4.031523466110229492e-01 -3.015934955328702927e-03 1.368071185424923897e-03 2.006441063713282347e-04 -6.191430729813873768e-04 -8.571842685341835022e-03
4.048093557357788086e-01 -7.475136313587427139e-03 1.192702446132898331e-03 -7.591287139803171158e-04 1.892043976113200188e-03 -9.840671904385089874e-03
4.024418890476226807e-01 -1.005121972411870956e-02 3.212865209206938744e-03 -1.969882985576987267e-03 2.447124803438782692e-03 -1.209484599530696869e-02
4.046906530857086182e-01 -8.989861235022544861e-03 5.631243344396352768e-03 -2.018084283918142319e-03 2.103520091623067856e-03 -1.399058196693658829e-02
3.988355994224548340e-01 -1.072059292346239090e-02 8.316453546285629272e-03 -4.742396122310310602e-04 1.274253241717815399e-03 -1.528872549533843994e-02
3.917329609394073486e-01 -1.041802391409873962e-02 7.352975197136402130e-03 -4.716647381428629160e-04 -1.685617753537371755e-04 -1.653854362666606903e-02
3.834877610206604004e-01 -1.755097508430480957e-02 6.737238727509975433e-03 -1.670890487730503082e-04 -1.041117357090115547e-03 -1.855370961129665375e-02
3.899852335453033447e-01 -1.529140584170818329e-02 5.637259222567081451e-03 -1.449462841264903545e-03 -1.115698367357254028e-03 -2.019239403307437897e-02
3.816887438297271729e-01 -1.513705775141716003e-02 4.373955540359020233e-03 -2.927807625383138657e-03 -9.641784708946943283e-04 -2.131245844066143036e-02
3.688007891178131104e-01 -2.598365396261215210e-02 -2.461914904415607452e-03 -2.515516709536314011e-03 -1.415145117789506912e-03 -2.104665338993072510e-02
3.694434762001037598e-01 -3.157797455787658691e-02 1.028186641633510590e-03 1.374955521896481514e-03 -1.094651990570127964e-03 -2.193054743111133575e-02
3.680181503295898438e-01 -2.206545509397983551e-02 5.344242323189973831e-03 6.699368241243064404e-04 -7.285216124728322029e-04 -2.258390188217163086e-02
3.703785240650177002e-01 -2.267303131520748138e-02 4.700893070548772812e-03 -6.081646424718201160e-04 -1.263700309209525585e-03 -2.335852198302745819e-02
3.666847050189971924e-01 -3.352490812540054321e-02 1.689726137556135654e-03 1.053515807143412530e-04 -1.291442662477493286e-03 -2.372602559626102448e-02
3.747110366821289062e-01 -4.159789904952049255e-02 5.747645627707242966e-05 2.409582724794745445e-03 -7.826142973499372602e-05 -2.442335523664951324e-02
3.736337721347808838e-01 -4.117784276604652405e-02 2.627634676173329353e-03 3.084989264607429504e-03 6.117801531217992306e-04 -2.463792078197002411e-02
3.830644190311431885e-01 -2.851708047091960907e-02 4.828514065593481064e-03 1.895326306112110615e-03 8.985770400613546371e-04 -2.470159530639648438e-02
3.949952423572540283e-01 -2.835900336503982544e-02 6.721251178532838821e-03 -2.777036570478230715e-04 5.516698001883924007e-04 -2.459391579031944275e-02
3.949726521968841553e-01 -2.703829482197761536e-02 7.037623319774866104e-03 -2.237644046545028687e-03 2.839941589627414942e-04 -2.423707582056522369e-02
3.934195637702941895e-01 -2.466662600636482239e-02 1.697665080428123474e-03 -1.675243838690221310e-03 3.836355754174292088e-04 -2.430439554154872894e-02
4.036651551723480225e-01 -3.511252999305725098e-02 7.651574560441076756e-04 1.799702760763466358e-03 4.239012778270989656e-04 -2.392627298831939697e-02
4.098372757434844971e-01 -2.688920870423316956e-02 4.183187615126371384e-03 2.631769981235265732e-03 5.477350787259638309e-04 -2.368472144007682800e-02
4.076486825942993164e-01 -1.537319831550121307e-02 5.443039350211620331e-03 -2.631025272421538830e-04 5.391889717429876328e-04 -2.411001920700073242e-02
4.086518287658691406e-01 -1.852151192724704742e-02 1.899553113617002964e-03 -2.201758790761232376e-03 3.545199870131909847e-04 -2.347335405647754669e-02
4.128895401954650879e-01 -1.997289992868900299e-02 1.890114042907953262e-03 -1.339487382210791111e-03 1.455487916246056557e-03 -2.316562645137310028e-02
4.230041801929473877e-01 -1.250914391130208969e-02 7.440218701958656311e-03 -1.241120626218616962e-03 2.360890619456768036e-03 -2.305076830089092255e-02
4.308080673217773438e-01 -2.778270281851291656e-03 8.224749006330966949e-03 -3.014716785401105881e-03 1.251386245712637901e-03 -2.356715127825737000e-02
4.319190084934234619e-01 -6.343859247863292694e-03 4.917498212307691574e-03 -3.748971503227949142e-03 -1.468461414333432913e-05 -2.354998886585235596e-02
4.310938715934753418e-01 -6.525736302137374878e-03 2.728786319494247437e-03 -3.223634557798504829e-03 -1.262296282220631838e-04 -2.398991771042346954e-02
4.298870265483856201e-01 -1.179292425513267517e-02 -2.640084829181432724e-03 -7.781186141073703766e-04 2.736725145950913429e-04 -2.428299188613891602e-02
4.536672532558441162e-01 -7.426410913467407227e-03 5.493732169270515442e-03 -8.174477261491119862e-04 1.293739769607782364e-03 -2.517338469624519348e-02
4.508978128433227539e-01 -1.840582233853638172e-03 1.995381317101418972e-04 -1.304364413954317570e-03 2.048724330961704254e-03 -2.535748481750488281e-02
4.795278608798980713e-01 -4.151731729507446289e-03 6.894446909427642822e-03 -1.793501316569745541e-03 2.570856362581253052e-03 -2.523513138294219971e-02
4.918315410614013672e-01 -7.108877412974834442e-03 5.070273298770189285e-03 -1.821852172724902630e-03 2.277094172313809395e-03 -2.430854178965091705e-02
5.065648555755615234e-01 -6.971938535571098328e-03 5.069739185273647308e-03 -8.028394659049808979e-04 1.380076282657682896e-03 -2.450381219387054443e-02
5.021675825119018555e-01 -4.025206901133060455e-03 5.856289062649011612e-03 -9.192111901938915253e-04 1.531765446998178959e-04 -2.491004951298236847e-02
5.181409716606140137e-01 -1.021321117877960205e-02 2.387055661529302597e-03 -3.739396343007683754e-04 -2.703253703657537699e-04 -2.521321922540664673e-02
5.293723940849304199e-01 -1.321449037641286850e-02 2.843759953975677490e-03 -5.675721331499516964e-04 4.175368812866508961e-04 -2.485685609281063080e-02
5.326016545295715332e-01 -8.066761307418346405e-03 1.989833312109112740e-03 -7.430508267134428024e-04 2.034506615018472075e-04 -2.446636557579040527e-02
5.344489216804504395e-01 -7.886292412877082825e-03 1.843470497988164425e-03 -9.595389710739254951e-04 1.606685982551425695e-04 -2.322750166058540344e-02
5.492000579833984375e-01 -1.224389392882585526e-02 3.060038900002837181e-03 -6.084017222747206688e-04 1.147723989561200142e-03 -2.274164557456970215e-02
5.651395320892333984e-01 -1.472429744899272919e-02 4.127115942537784576e-03 -5.446839495562016964e-04 1.978819258511066437e-03 -2.166208066046237946e-02
5.639911890029907227e-01 -1.359429024159908295e-02 4.855357576161623001e-03 -2.298896433785557747e-04 2.170722698792815208e-03 -2.199929952621459961e-02
5.760712027549743652e-01 -1.411128975450992584e-02 4.803445190191268921e-03 3.798342077061533928e-04 1.850290223956108093e-03 -2.145189419388771057e-02
5.760629177093505859e-01 -1.358305662870407104e-02 6.575199309736490250e-03 8.387471898458898067e-04 1.549395150505006313e-03 -2.103815600275993347e-02
5.792133212089538574e-01 -1.379706058651208878e-02 7.251685019582509995e-03 3.876271657645702362e-04 5.833651521243155003e-04 -1.932416856288909912e-02
5.859806537628173828e-01 -1.588254608213901520e-02 6.340770982205867767e-03 9.764712303876876831e-04 1.319133298238739371e-05 -1.839385367929935455e-02
5.707135796546936035e-01 -1.509535219520330429e-02 6.227943580597639084e-03 -3.160245250910520554e-04 -3.744525311049073935e-04 -1.818163879215717316e-02
5.709843039512634277e-01 -1.479780580848455429e-02 6.338378414511680603e-03 -6.134542636573314667e-04 -6.681841332465410233e-04 -1.846778020262718201e-02
5.748592019081115723e-01 -1.414932310581207275e-02 5.667098332196474075e-03 2.241156034870073199e-04 -5.178025458008050919e-04 -1.847481913864612579e-02
5.633827447891235352e-01 -1.466521434485912323e-02 6.487563718110322952e-03 1.106848940253257751e-03 2.901665575336664915e-04 -1.802321895956993103e-02
5.696409344673156738e-01 -1.216967124491930008e-02 7.054502610117197037e-03 6.017151172272861004e-04 5.906826700083911419e-04 -1.839592680335044861e-02
5.762739777565002441e-01 -8.566534146666526794e-03 7.213010918349027634e-03 -7.812484400346875191e-04 7.041477365419268608e-04 -1.813475415110588074e-02
5.815932154655456543e-01 -8.670671842992305756e-03 6.595215760171413422e-03 -3.934150154236704111e-04 1.008244929835200310e-03 -1.817195303738117218e-02
5.842110514640808105e-01 -1.299466006457805634e-02 5.592565983533859253e-03 1.709020230919122696e-03 7.347145583480596542e-04 -1.843268983066082001e-02
5.804539322853088379e-01 -1.672055013477802277e-02 7.318238727748394012e-03 4.125351551920175552e-03 9.556000586599111557e-04 -1.831558719277381897e-02
5.779290199279785156e-01 -1.944846101105213165e-02 5.571531131863594055e-03 5.392875988036394119e-03 1.300310483202338219e-03 -1.789024472236633301e-02
5.786714553833007812e-01 -1.913016289472579956e-02 4.766742233186960220e-03 5.442726891487836838e-03 1.309517188929021358e-03 -1.672838628292083740e-02
5.750092267990112305e-01 -2.346027083694934845e-02 6.038980558514595032e-03 6.377134472131729126e-03 1.081274356693029404e-03 -1.531044952571392059e-02
5.805872678756713867e-01 -2.074438147246837616e-02 5.384159274399280548e-03 6.642708089202642441e-03 7.323128520511090755e-04 -1.188752986490726471e-02
5.813691616058349609e-01 -2.167977765202522278e-02 8.330132812261581421e-03 7.373121101409196854e-03 -3.572525456547737122e-04 -8.134311065077781677e-03
5.880910754203796387e-01 -1.573074981570243835e-02 6.864427588880062103e-03 6.026193033903837204e-03 -9.273196337744593620e-04 -5.977029446512460709e-03
5.872151255607604980e-01 -1.376437582075595856e-02 5.527459550648927689e-03 5.963379982858896255e-03 -1.305298414081335068e-03 -3.203748958185315132e-03
5.800500512123107910e-01 -1.476964261382818222e-02 4.031652119010686874e-03 5.058765411376953125e-03 -1.257007475942373276e-03 -4.112970200367271900e-04
6.011554002761840820e-01 -5.102564115077257156e-03 8.288430981338024139e-03 4.327327944338321686e-03 -2.902738924603909254e-05 2.283396665006875992e-03
6.003879904747009277e-01 -2.743946155533194542e-03 5.955691449344158173e-03 1.105434726923704147e-03 2.551890211179852486e-03 4.991161171346902847e-03
6.031057834625244141e-01 -1.052137231454253197e-04 4.173029214143753052e-03 6.984185893088579178e-04 4.114721436053514481e-03 7.504518143832683563e-03
5.979515910148620605e-01 -7.826248183846473694e-03 2.301845466718077660e-03 2.128778025507926941e-03 3.899573115631937981e-03 9.635078720748424530e-03
5.981020331382751465e-01 -9.690660052001476288e-03 9.954474866390228271e-03 4.692190326750278473e-03 3.801676211878657341e-03 1.201160531491041183e-02
5.939852595329284668e-01 5.440074019134044647e-03 1.808847300708293915e-02 -9.079855226445943117e-05 2.815576735883951187e-03 1.332948170602321625e-02
6.118576526641845703e-01 8.843018673360347748e-03 2.717860043048858643e-03 -2.877233084291219711e-03 -6.681645754724740982e-04 1.386279705911874771e-02
6.192058920860290527e-01 1.059118006378412247e-02 3.762834239751100540e-03 -1.957146218046545982e-03 -1.435883925296366215e-03 1.472186483442783356e-02
6.262033581733703613e-01 4.708910360932350159e-03 2.411802532151341438e-03 1.011012471280992031e-03 -1.836005598306655884e-03 1.538760960102081299e-02
6.322990059852600098e-01 1.513964403420686722e-02 1.201246585696935654e-02 2.350097056478261948e-04 -7.076504989527165890e-04 1.429338753223419189e-02
6.451663374900817871e-01 1.857675984501838684e-02 3.262646496295928955e-03 -2.607475966215133667e-03 -9.295158088207244873e-04 1.442471798509359360e-02
6.341450810432434082e-01 1.758534833788871765e-02 5.238322075456380844e-03 -3.092694096267223358e-03 -3.481505846139043570e-04 1.483845245093107224e-02
6.485207676887512207e-01 1.523680891841650009e-02 4.448789171874523163e-03 -2.183380536735057831e-03 9.245652472600340843e-04 1.393582392483949661e-02
6.619457602500915527e-01 1.397753693163394928e-02 7.373238448053598404e-03 -1.217180513776838779e-03 2.017600229009985924e-03 1.364956144243478775e-02
6.726732254028320312e-01 1.765223219990730286e-02 8.557244203984737396e-03 -2.098874421790242195e-03 2.929728711023926735e-03 1.337829325348138809e-02
6.768792867660522461e-01 1.556421909481287003e-02 6.111414637416601181e-03 -1.574039226397871971e-03 2.228417666628956795e-03 1.203815266489982605e-02
6.736428737640380859e-01 1.454642880707979202e-02 9.026415646076202393e-03 -2.640489838086068630e-04 -3.965862561017274857e-06 1.126249320805072784e-02
6.680743694305419922e-01 1.728600636124610901e-02 8.762928657233715057e-03 -2.564911264926195145e-04 -2.298079198226332664e-03 1.085667125880718231e-02
