3.300852477550506592e-01 7.511442527174949646e-03 3.576322225853800774e-03 -1.888092083390802145e-04 4.199224524199962616e-03 1.370086427778005600e-02
3.194587230682373047e-01 -8.667124435305595398e-03 4.889064002782106400e-03 -2.472065680194646120e-04 9.867292828857898712e-03 1.161490939557552338e-02
3.235943615436553955e-01 8.331600576639175415e-03 1.590041071176528931e-02 -2.823802409693598747e-03 8.569192141294479370e-03 1.201548241078853607e-02
3.121222555637359619e-01 8.425395935773849487e-03 1.013450697064399719e-02 -5.512441275641322136e-04 9.590397239662706852e-04 1.265148073434829712e-02
3.066028058528900146e-01 4.838318563997745514e-03 9.997041895985603333e-03 -9.143405477516353130e-04 -2.182995900511741638e-03 1.201268099248409271e-02
3.080603778362274170e-01 -2.498135436326265335e-03 3.406641073524951935e-03 2.216590102761983871e-03 -1.798072829842567444e-03 1.179222669452428818e-02
3.078680038452148438e-01 2.435828791931271553e-04 1.131111104041337967e-02 -7.435828447341918945e-04 -2.759916940703988075e-03 1.194842718541622162e-02
2.976437807083129883e-01 7.491787895560264587e-03 2.305326517671346664e-03 -2.699262928217649460e-03 -3.283882746472954750e-03 1.100987847894430161e-02
3.019739687442779541e-01 9.948644787073135376e-03 2.055441145785152912e-04 -3.997283056378364563e-03 -1.951702288351953030e-03 1.094000972807407379e-02
2.865788936614990234e-01 -2.013861667364835739e-04 -1.455251593142747879e-02 7.809161324985325336e-04 -5.975693464279174805e-03 1.084607560187578201e-02
2.974337041378021240e-01 -3.040462033823132515e-03 -7.829535752534866333e-03 1.757186255417764187e-03 -1.242183614522218704e-03 1.100557856261730194e-02
2.981537580490112305e-01 -5.616877693682909012e-03 2.438993891701102257e-03 2.750597894191741943e-03 4.188945051282644272e-03 1.020647492259740829e-02
3.020742237567901611e-01 6.200908101163804531e-04 9.706563316285610199e-03 5.880302633158862591e-04 3.176960395649075508e-03 1.113503333181142807e-02
2.953266501426696777e-01 -3.564148209989070892e-03 4.958437290042638779e-03 1.383214257657527924e-03 -1.100946683436632156e-03 1.164481695741415024e-02
2.777298092842102051e-01 2.981373108923435211e-03 8.937894366681575775e-03 -7.083612727001309395e-04 -1.836082374211400747e-04 1.023711543530225754e-02
2.982590794563293457e-01 7.347585633397102356e-04 4.242506343871355057e-03 -1.765874098055064678e-03 2.871026750653982162e-03 1.081996038556098938e-02
2.854837477207183838e-01 9.192099794745445251e-03 7.510542403906583786e-03 -2.195858163759112358e-03 -3.864016383886337280e-03 1.007207669317722321e-02
2.735782861709594727e-01 -5.252345465123653412e-03 7.613848429173231125e-03 -4.376184660941362381e-04 -8.613205514848232269e-03 9.726059623062610626e-03
2.910007536411285400e-01 -2.169580943882465363e-02 -4.599496722221374512e-03 2.989897038787603378e-03 -8.275017142295837402e-03 1.089936401695013046e-02
2.873411476612091064e-01 -2.179155312478542328e-02 -2.082143910229206085e-04 4.712895024567842484e-03 -5.448526702821254730e-03 1.147078536450862885e-02
2.901403903961181641e-01 -8.310477249324321747e-03 -6.075516343116760254e-03 1.064753741957247257e-03 9.712619357742369175e-04 1.141203660517930984e-02
3.107932209968566895e-01 1.343350973911583424e-03 5.327997496351599693e-05 -2.106176689267158508e-03 5.512111820280551910e-03 1.181106362491846085e-02
3.157356083393096924e-01 5.851753521710634232e-03 -4.837268032133579254e-03 -1.647123368456959724e-03 4.003136884421110153e-03 1.147616561502218246e-02
3.113314211368560791e-01 -8.337490260601043701e-03 -2.221832051873207092e-03 3.137634193990379572e-04 -5.392018938437104225e-04 1.130749098956584930e-02
2.917008399963378906e-01 3.165746107697486877e-03 7.097905501723289490e-03 -2.395007293671369553e-03 1.196652650833129883e-03 1.012555975466966629e-02
3.090717792510986328e-01 7.351618725806474686e-03 1.361419912427663803e-02 -4.025801084935665131e-03 8.268724195659160614e-03 1.118789985775947571e-02
3.131336271762847900e-01 -4.595153965055942535e-03 7.902322337031364441e-03 4.538068315014243126e-04 7.090232335031032562e-03 1.161896344274282455e-02
3.069548010826110840e-01 -3.072950243949890137e-02 7.906218990683555603e-03 6.579766049981117249e-03 1.528802094981074333e-03 1.069076918065547943e-02
2.861015796661376953e-01 -4.278231039643287659e-02 4.387552384287118912e-03 5.538745317608118057e-03 -1.675400882959365845e-03 1.081384997814893723e-02
3.102182149887084961e-01 -2.200722135603427887e-02 8.693034760653972626e-03 2.167676575481891632e-03 -8.541443385183811188e-04 1.133810915052890778e-02
3.133126199245452881e-01 1.750005036592483521e-02 2.598026767373085022e-03 -6.725854240357875824e-03 -1.049602753482758999e-03 1.144087407737970352e-02
3.116094768047332764e-01 8.691958151757717133e-03 -5.307521671056747437e-03 -5.209614522755146027e-03 -1.839515287429094315e-03 1.203885860741138458e-02
3.033187091350555420e-01 -2.380529604852199554e-02 -7.832203060388565063e-03 2.699307166039943695e-03 -5.430401652120053768e-04 1.216756459325551987e-02
3.200903236865997314e-01 -3.840010613203048706e-02 6.420504301786422729e-03 5.569749046117067337e-03 2.106366446241736412e-03 1.147997565567493439e-02
3.492968678474426270e-01 -1.359440106898546219e-02 9.143408387899398804e-03 1.542505109682679176e-03 4.008491057902574539e-03 1.202814746648073196e-02
3.494260311126708984e-01 9.386181831359863281e-03 3.731613513082265854e-03 -3.014193847775459290e-03 3.457877319306135178e-03 1.324538607150316238e-02
3.403688967227935791e-01 -7.273515220731496811e-03 1.848177751526236534e-03 1.084729592548683286e-05 -1.118929474614560604e-03 1.279941760003566742e-02
3.600080311298370361e-01 -4.182981792837381363e-03 6.786242127418518066e-03 4.384438943816348910e-05 -2.772489329800009727e-03 1.355441752821207047e-02
3.770469427108764648e-01 3.058240981772542000e-03 3.827112028375267982e-03 -4.204103024676442146e-04 -1.837884774431586266e-03 1.422670111060142517e-02
3.865540921688079834e-01 -8.216524496674537659e-03 -3.049083054065704346e-03 2.455957932397723198e-03 -1.562186051160097122e-03 1.540648937225341797e-02
3.938565254211425781e-01 -9.623531252145767212e-03 -2.767363097518682480e-03 4.884657450020313263e-03 -2.022189786657691002e-03 1.645449548959732056e-02
4.054554104804992676e-01 3.946252400055527687e-04 7.083410862833261490e-03 2.344027627259492874e-03 -3.347859717905521393e-03 1.610667444765567780e-02
4.110478460788726807e-01 1.200922112911939621e-02 4.408128093928098679e-03 -5.214396398514509201e-03 -2.348977839574217796e-03 1.726915501058101654e-02
4.179805219173431396e-01 2.445784164592623711e-03 1.839129021391272545e-03 -4.655172117054462433e-03 8.968187466962262988e-05 1.873301900923252106e-02
4.114584624767303467e-01 -1.691931486129760742e-02 -1.305302837863564491e-03 -3.064574557356536388e-04 9.705528500489890575e-04 1.843799464404582977e-02
4.097301661968231201e-01 -1.517623476684093475e-02 3.216172102838754654e-03 1.981159206479787827e-03 1.371324295178055763e-03 1.792735420167446136e-02
4.249467253684997559e-01 -7.386278361082077026e-03 6.162062287330627441e-03 1.397721702232956886e-03 7.704191957600414753e-04 1.859304495155811310e-02
4.294407367706298828e-01 -1.735556754283607006e-03 8.026207797229290009e-03 -8.275649743154644966e-04 1.421204069629311562e-03 1.839704997837543488e-02
4.268742799758911133e-01 1.896240748465061188e-03 5.079831928014755249e-03 -1.308509614318609238e-03 1.465105102397501469e-03 1.790397986769676208e-02
4.257607161998748779e-01 3.264938713982701302e-03 5.094300955533981323e-03 -1.910400460474193096e-03 1.134517369791865349e-03 1.746377721428871155e-02
4.247400760650634766e-01 4.261494148522615433e-03 3.268208820372819901e-03 -1.349225640296936035e-03 5.467598093673586845e-04 1.676226966083049774e-02
4.196828007698059082e-01 8.668012917041778564e-03 5.509213544428348541e-03 -1.215020194649696350e-03 1.383867056574672461e-04 1.584608852863311768e-02
4.085166454315185547e-01 8.286845870316028595e-03 5.867531523108482361e-03 -1.426323899067938328e-03 5.338474875316023827e-05 1.497577875852584839e-02
4.081794023513793945e-01 1.297927461564540863e-02 4.530429840087890625e-03 -1.560506294481456280e-03 1.007964136078953743e-03 1.346355769783258438e-02
4.153583943843841553e-01 1.350575033575296402e-02 3.245936706662178040e-03 -7.919811760075390339e-04 5.557508557103574276e-04 1.312279980629682541e-02
4.162059128284454346e-01 1.403210312128067017e-02 5.074472166597843170e-03 -8.617246639914810658e-04 8.701735350769013166e-05 1.253636553883552551e-02
4.135546088218688965e-01 1.305182185024023056e-02 4.447478335350751877e-03 -5.611116066575050354e-04 5.716464947909116745e-04 1.123952679336071014e-02
4.035270810127258301e-01 1.346372626721858978e-02 5.625145975500345230e-03 -7.828518864698708057e-04 1.321591553278267384e-03 9.548268280923366547e-03
4.075600504875183105e-01 1.381486933678388596e-02 5.036395043134689331e-03 -6.728831212967634201e-04 6.873239181004464626e-04 8.590005338191986084e-03
4.079850316047668457e-01 1.077758520841598511e-02 6.472999695688486099e-03 -6.509988452307879925e-04 -2.455139765515923500e-04 7.298727519810199738e-03
4.043416082859039307e-01 7.136233150959014893e-03 4.693099763244390488e-03 -8.899315726011991501e-04 3.990729601355269551e-05 5.921587813645601273e-03
4.013687074184417725e-01 7.511661853641271591e-03 5.218200385570526123e-03 -6.990197289269417524e-05 6.754435016773641109e-04 4.267384763807058334e-03
3.951554298400878906e-01 3.325589234009385109e-03 4.948903806507587433e-03 2.628197253216058016e-04 2.796179323922842741e-04 2.504446078091859818e-03
3.984886109828948975e-01 2.987492829561233521e-03 6.139383651316165924e-03 6.942556938156485558e-04 -2.595995320007205009e-04 7.148748263716697693e-04
3.887153863906860352e-01 -2.247169846668839455e-03 4.924626089632511139e-03 -2.753911539912223816e-04 -9.299474768340587616e-04 -1.168557093478739262e-03
3.913839161396026611e-01 -3.466360270977020264e-03 4.857995547354221344e-03 1.225843589054420590e-04 -1.726835034787654877e-03 -2.845916897058486938e-03
3.897568583488464355e-01 -3.747918643057346344e-03 6.120252888649702072e-03 3.920355229638516903e-04 -2.911688294261693954e-03 -4.859915468841791153e-03
3.938994705677032471e-01 -4.947664216160774231e-03 3.462509019300341606e-03 4.989106091670691967e-04 -2.880803076550364494e-03 -6.528388243168592453e-03
4.034968018531799316e-01 -3.355718916282057762e-03 2.903766930103302002e-03 3.595920279622077942e-04 -3.926198405679315329e-04 -8.337470702826976776e-03
4.048254191875457764e-01 -7.633115630596876144e-03 2.077021170407533646e-03 -7.562969694845378399e-04 2.048228867352008820e-03 -9.741851128637790680e-03
4.048655331134796143e-01 -9.077767841517925262e-03 3.304874291643500328e-03 -1.988007454201579094e-03 2.494052285328507423e-03 -1.185625139623880386e-02
4.049882292747497559e-01 -8.868969045579433441e-03 5.267851054668426514e-03 -2.075792523100972176e-03 2.073150593787431717e-03 -1.402261201292276382e-02
3.978849947452545166e-01 -1.102703437209129333e-02 7.842709310352802277e-03 -5.154187092557549477e-04 1.242657192051410675e-03 -1.547311153262853622e-02
3.942609727382659912e-01 -1.001755148172378540e-02 6.910021416842937469e-03 -5.444218986667692661e-04 -2.580064174253493547e-04 -1.661776565015316010e-02
3.875474929809570312e-01 -1.623708941042423248e-02 6.438984535634517670e-03 -2.307454124093055725e-04 -1.126382849179208279e-03 -1.854526624083518982e-02
3.919157683849334717e-01 -1.353341434150934219e-02 5.758740939199924469e-03 -1.472522621043026447e-03 -1.121248118579387665e-03 -2.007892727851867676e-02
3.843979835510253906e-01 -1.385692413896322250e-02 4.471926018595695496e-03 -2.944420091807842255e-03 -9.950080420821905136e-04 -2.119541913270950317e-02
3.706541955471038818e-01 -2.537073008716106415e-02 -2.149772364646196365e-03 -2.625794382765889168e-03 -1.354069565422832966e-03 -2.113107033073902130e-02
3.723810017108917236e-01 -3.090016357600688934e-02 1.120887580327689648e-03 1.369169098325073719e-03 -1.080898102372884750e-03 -2.192410267889499664e-02
3.715020716190338135e-01 -2.281099557876586914e-02 5.628854036331176758e-03 6.854585953988134861e-04 -7.126685231924057007e-04 -2.260018140077590942e-02
3.761081695556640625e-01 -2.202440798282623291e-02 4.500523209571838379e-03 -6.184080266393721104e-04 -1.355774351395666599e-03 -2.339302189648151398e-02
3.712946176528930664e-01 -3.294968977570533752e-02 1.730255200527608395e-03 4.823567360290326178e-05 -1.335910055786371231e-03 -2.362938225269317627e-02
3.774279057979583740e-01 -4.178518801927566528e-02 1.518669014330953360e-04 2.373267896473407745e-03 -9.254407632397487760e-05 -2.441460639238357544e-02
3.792253732681274414e-01 -4.104361683130264282e-02 2.610918832942843437e-03 3.110678168013691902e-03 6.098260637372732162e-04 -2.464116178452968597e-02
3.920831680297851562e-01 -2.889844030141830444e-02 4.822276532649993896e-03 1.934599131345748901e-03 9.037053096108138561e-04 -2.491311170160770416e-02
3.972362875938415527e-01 -2.781325019896030426e-02 6.754899397492408752e-03 -2.421192475594580173e-04 5.414190236479043961e-04 -2.481228299438953400e-02
4.031915366649627686e-01 -2.483655139803886414e-02 7.060267031192779541e-03 -2.222175942733883858e-03 2.956642420031130314e-04 -2.445055544376373291e-02
3.979062139987945557e-01 -2.381052076816558838e-02 1.655439496971666813e-03 -1.737944548949599266e-03 4.124705155845731497e-04 -2.454833313822746277e-02
4.061585664749145508e-01 -3.390246257185935974e-02 6.310604512691497803e-04 1.744977897033095360e-03 4.220835107844322920e-04 -2.425972558557987213e-02
4.126655161380767822e-01 -2.647709101438522339e-02 4.245255142450332642e-03 2.646377077326178551e-03 5.362353404052555561e-04 -2.402422204613685608e-02
4.125316441059112549e-01 -1.506808679550886154e-02 5.532947368919849396e-03 -1.992675533983856440e-04 5.363494274206459522e-04 -2.421690151095390320e-02
4.190889000892639160e-01 -2.068316563963890076e-02 1.869111438281834126e-03 -2.191376406699419022e-03 3.133334103040397167e-04 -2.389293909072875977e-02
4.267833828926086426e-01 -2.385487966239452362e-02 1.927510369569063187e-03 -1.283188816159963608e-03 1.409618882462382317e-03 -2.346081845462322235e-02
4.312552213668823242e-01 -1.258521247655153275e-02 7.473595440387725830e-03 -1.190311042591929436e-03 2.388276159763336182e-03 -2.354398742318153381e-02
4.369786381721496582e-01 -4.204141907393932343e-03 8.064834401011466980e-03 -3.058350179344415665e-03 1.291330787353217602e-03 -2.387656830251216888e-02
4.365198910236358643e-01 -6.439781282097101212e-03 4.905317910015583038e-03 -3.740204731002449989e-03 -5.571531801251694560e-05 -2.382763102650642395e-02
4.365174174308776855e-01 -8.106812834739685059e-03 2.829084871336817741e-03 -3.215603763237595558e-03 -1.764479820849373937e-04 -2.418066374957561493e-02
4.412520527839660645e-01 -1.414132118225097656e-02 -2.719543175771832466e-03 -8.513476350344717503e-04 2.461070835124701262e-04 -2.455031313002109528e-02
4.609458446502685547e-01 -7.666167803108692169e-03 5.590993445366621017e-03 -6.917493301443755627e-04 1.098371576517820358e-03 -2.564016543328762054e-02
4.596234261989593506e-01 -4.105614963918924332e-03 1.758057042025029659e-04 -1.276292488910257816e-03 2.024976303800940514e-03 -2.559731341898441315e-02
4.900092184543609619e-01 -6.636725738644599915e-03 7.043214049190282822e-03 -1.731772208586335182e-03 2.560734516009688377e-03 -2.537736855447292328e-02
4.975804686546325684e-01 -9.235158562660217285e-03 4.867101553827524185e-03 -1.853715279139578342e-03 2.389127621427178383e-03 -2.415003627538681030e-02
5.058745741844177246e-01 -7.620533462613821030e-03 4.874130710959434509e-03 -8.448753505945205688e-04 1.439509214833378792e-03 -2.433850243687629700e-02
5.063639879226684570e-01 -5.640088114887475967e-03 5.784038454294204712e-03 -9.368868195451796055e-04 1.714310201350599527e-04 -2.478963881731033325e-02
5.228666663169860840e-01 -1.196096092462539673e-02 2.465313766151666641e-03 -3.449619689490646124e-04 -3.171837306581437588e-04 -2.486873976886272430e-02
5.294587016105651855e-01 -1.339760981500148773e-02 2.881838707253336906e-03 -5.645764176733791828e-04 3.810668713413178921e-04 -2.484271489083766937e-02
5.342628955841064453e-01 -9.410949423909187317e-03 1.923294388689100742e-03 -6.962729967199265957e-04 1.813660346670076251e-04 -2.374991215765476227e-02
5.357046723365783691e-01 -8.149220608174800873e-03 1.954315463081002235e-03 -9.587399545125663280e-04 1.401916670147329569e-04 -2.303823642432689667e-02
5.477363467216491699e-01 -1.233250461518764496e-02 3.107137978076934814e-03 -6.063561304472386837e-04 1.145747140981256962e-03 -2.237626723945140839e-02
5.635980963706970215e-01 -1.508180517703294754e-02 4.105297848582267761e-03 -5.305336089804768562e-04 1.975866034626960754e-03 -2.139699645340442657e-02
5.672859549522399902e-01 -1.419634558260440826e-02 4.918249789625406265e-03 -2.587795606814324856e-04 2.143539953976869583e-03 -2.180445007979869843e-02
5.747998356819152832e-01 -1.456425245851278305e-02 4.710554610937833786e-03 3.434917307458817959e-04 1.819749362766742706e-03 -2.133809588849544525e-02
5.706700086593627930e-01 -1.388605870306491852e-02 6.336589343845844269e-03 8.559016860090196133e-04 1.461877720430493355e-03 -2.083419822156429291e-02
5.763186216354370117e-01 -1.425821520388126373e-02 7.138208486139774323e-03 4.109162255190312862e-04 5.160399014130234718e-04 -1.922933571040630341e-02
5.813532471656799316e-01 -1.534368749707937241e-02 6.280783098191022873e-03 9.754684870131313801e-04 -2.101958671119064093e-06 -1.843447424471378326e-02
5.688120722770690918e-01 -1.465787924826145172e-02 6.222202442586421967e-03 -3.157078754156827927e-04 -3.895680129062384367e-04 -1.817023754119873047e-02
5.681516528129577637e-01 -1.423605810850858688e-02 6.237889640033245087e-03 -5.866514402441680431e-04 -6.887080380693078041e-04 -1.861660927534103394e-02
5.701165795326232910e-01 -1.414309255778789520e-02 5.632571876049041748e-03 2.153554523829370737e-04 -5.399746005423367023e-04 -1.844687759876251221e-02
5.648344159126281738e-01 -1.455617509782314301e-02 6.457714363932609558e-03 1.105397357605397701e-03 2.719054464250802994e-04 -1.803879812359809875e-02
5.663065910339355469e-01 -1.272578909993171692e-02 6.784159690141677856e-03 6.039696163497865200e-04 5.631818203255534172e-04 -1.847898215055465698e-02
5.725351572036743164e-01 -9.272777475416660309e-03 7.030209992080926895e-03 -7.747715571895241737e-04 6.445763865485787392e-04 -1.819535903632640839e-02
5.800061821937561035e-01 -8.774795569479465485e-03 6.428703665733337402e-03 -3.895260160788893700e-04 9.936470305547118187e-04 -1.821216382086277008e-02
5.838697552680969238e-01 -1.285467948764562607e-02 5.583598278462886810e-03 1.665337127633392811e-03 7.280854624696075916e-04 -1.831221021711826324e-02
5.825884342193603516e-01 -1.631439104676246643e-02 7.008001673966646194e-03 4.188404884189367294e-03 8.771175052970647812e-04 -1.828099042177200317e-02
5.855655074119567871e-01 -1.696616783738136292e-02 5.625615827739238739e-03 5.375797394663095474e-03 1.273515634238719940e-03 -1.770066097378730774e-02
5.840280652046203613e-01 -1.824330352246761322e-02 4.750156309455633163e-03 5.417466163635253906e-03 1.296644448302686214e-03 -1.661689952015876770e-02
5.839743018150329590e-01 -1.977073587477207184e-02 5.993063561618328094e-03 6.364603992551565170e-03 1.047755940817296505e-03 -1.505003869533538818e-02
5.858159661293029785e-01 -1.936589926481246948e-02 5.407763645052909851e-03 6.647042930126190186e-03 7.248917245306074619e-04 -1.184203010052442551e-02
5.865505337715148926e-01 -1.952577941119670868e-02 8.538049645721912384e-03 7.365418598055839539e-03 -3.093234554398804903e-04 -8.061330765485763550e-03
5.890108942985534668e-01 -1.521035283803939819e-02 6.877743639051914215e-03 6.011997349560260773e-03 -8.954476797953248024e-04 -5.769895389676094055e-03
5.872895717620849609e-01 -1.299739070236682892e-02 5.506353452801704407e-03 5.962586496025323868e-03 -1.342872390523552895e-03 -3.052514279261231422e-03
5.833687186241149902e-01 -1.265962608158588409e-02 3.907709848135709763e-03 5.045061465352773666e-03 -1.272281049750745296e-03 -3.154139267280697823e-04
5.999909043312072754e-01 -4.777859896421432495e-03 8.318791165947914124e-03 4.377373028546571732e-03 -3.383937291800975800e-05 2.224309137091040611e-03
6.026460528373718262e-01 -1.697936095297336578e-03 5.936730653047561646e-03 1.099133631214499474e-03 2.593050478026270866e-03 5.223300307989120483e-03
6.097276210784912109e-01 2.230612095445394516e-03 4.320911131799221039e-03 6.979386089369654655e-04 4.219710826873779297e-03 7.925885729491710663e-03
6.094095706939697266e-01 -3.559663658961653709e-03 2.341549377888441086e-03 2.174295252189040184e-03 4.032178781926631927e-03 1.015350222587585449e-02
6.099520325660705566e-01 -5.382763221859931946e-03 1.000493485480546951e-02 4.671303089708089828e-03 3.841948229819536209e-03 1.241339650005102158e-02
6.053883433341979980e-01 9.987236000597476959e-03 1.751542836427688599e-02 -2.275732549605891109e-05 2.363848034292459488e-03 1.356301270425319672e-02
6.160849332809448242e-01 1.021180488169193268e-02 2.677104203030467033e-03 -2.958803437650203705e-03 -6.688956636935472488e-04 1.400992553681135178e-02
6.260725259780883789e-01 1.302589382976293564e-02 3.812457900494337082e-03 -1.997553976252675056e-03 -1.418595667928457260e-03 1.494237314909696579e-02
6.278764009475708008e-01 5.265085957944393158e-03 2.350505441427230835e-03 1.043465803377330303e-03 -1.826558727771043777e-03 1.539163757115602493e-02
6.353222727775573730e-01 1.528085861355066299e-02 1.210252940654754639e-02 1.034305678331293166e-04 -7.086324039846658707e-04 1.436761673539876938e-02
6.502615213394165039e-01 1.914062723517417908e-02 3.295433241873979568e-03 -2.665849635377526283e-03 -9.427784825675189495e-04 1.465451717376708984e-02
6.362375617027282715e-01 1.748452894389629364e-02 5.324953235685825348e-03 -3.135811071842908859e-03 -3.950156387872993946e-04 1.494906190782785416e-02
6.483364701271057129e-01 1.545434910804033279e-02 4.312757868319749832e-03 -2.202976495027542114e-03 9.698926005512475967e-04 1.405743230134248734e-02
6.607537865638732910e-01 1.399250514805316925e-02 7.346714381128549576e-03 -1.212898292578756809e-03 2.027139766141772270e-03 1.381155382841825485e-02
6.709110140800476074e-01 1.678568311035633087e-02 8.516989648342132568e-03 -2.080035163089632988e-03 2.945698099210858345e-03 1.338523346930742264e-02
6.763976812362670898e-01 1.560669578611850739e-02 6.090930663049221039e-03 -1.632168656215071678e-03 2.220745896920561790e-03 1.209450140595436096e-02
6.732923984527587891e-01 1.501747593283653259e-02 8.764215745031833649e-03 -3.050974919460713863e-04 -1.268247870029881597e-04 1.107100304216146469e-02
6.674205064773559570e-01 1.738152652978897095e-02 8.765823207795619965e-03 -3.552821581251919270e-04 -2.331329276785254478e-03 1.079974323511123657e-02
