3.032530616808298274e-01 -7.321749286709845761e-03 -9.394561326614016272e-03 -3.722771558025271435e-04 -3.933425948625753413e-03 -1.437625416541816505e-02
3.084860173383784931e-01 -1.787302236754495510e-02 -1.366277430068012569e-02 -2.792541212503392976e-04 -1.052958191954678907e-02 -1.246434255172211569e-02
3.194776816513850703e-01 -3.510646734968166788e-02 -1.726560213906946570e-02 3.176599780373366190e-03 -7.994409503843467879e-03 -1.242387940501152137e-02
3.118039193305443546e-01 -3.887435399073922021e-02 -1.306480731364272931e-02 2.239600877632211327e-04 -3.468650139747447760e-04 -1.270745896341067376e-02
2.969662603173148230e-01 -1.344550814881725377e-02 -8.510377361055707426e-03 8.711568082254808913e-04 2.282410833950110265e-03 -1.252325418575344143e-02
2.758597914745878343e-01 -5.555687885153688318e-03 6.459490876274276037e-04 -2.526656930802009208e-03 1.546402064536781841e-03 -1.253125812711314638e-02
2.795832757794476375e-01 -4.172093738682429442e-03 6.204978316160217680e-03 1.055339417518088001e-03 3.353270552303383792e-03 -1.215867359924356628e-02
2.615221124786207829e-01 -1.006421754658433886e-02 -6.251822582923328292e-03 2.107312203643625474e-03 3.222360868480161553e-03 -1.156875467931127791e-02
2.848518527337853823e-01 -1.390244665184801887e-02 -5.456303324460099434e-03 4.299772747750002858e-03 9.600656728969153434e-04 -1.146672806815572827e-02
2.832303817077119201e-01 -6.436828072217470192e-03 -1.948960143454368842e-03 -1.113818624865887692e-03 6.041897765088833500e-03 -1.138186248658874106e-02
3.012617517818742541e-01 -2.423476438743517314e-02 3.491712725093023498e-03 -2.234223422342234127e-03 1.008100810081008405e-03 -1.192419241924183061e-02
3.059616692357767787e-01 -3.049994044495552004e-02 -1.808298642837132333e-03 -2.960000000000000825e-03 -4.640000000000000027e-03 -1.119200000000009076e-02
3.080623413317176151e-01 -3.858250228758461353e-02 -1.524861833541981196e-02 -1.652682430714450424e-04 -2.992989720678508343e-03 -1.123370019251018065e-02
2.969026234981719803e-01 -2.276225853988829428e-02 -1.419884992824188043e-02 -1.525983778912587494e-03 1.395814558926604214e-03 -1.185741463903087177e-02
2.882398467231631067e-01 -2.003541518674617494e-02 -2.022016971675796165e-02 -4.868588109448273010e-04 1.442581651321118421e-03 -1.170060682402097180e-02
3.083228810101511508e-01 -2.366495688730842553e-02 -1.501289624737987827e-02 2.659477742217050342e-03 -3.788732906604598202e-03 -1.069973814372999869e-02
3.121529392282679782e-01 -3.215468818912019938e-02 -1.528306348991991838e-02 1.821271491403439165e-03 4.486205517792884144e-03 -1.069472211115555203e-02
3.116538220290645533e-01 -2.700322832795530939e-02 -1.265224153773496923e-02 3.637126669930752223e-04 8.168546847990086623e-03 -1.102828765275428759e-02
3.083627209046035933e-01 -2.036604434139213660e-02 -1.817565689628257777e-02 -1.695339318061269730e-03 6.460103481750583028e-03 -1.162218152340347560e-02
3.073155957088143930e-01 -1.551876591667177702e-02 -1.412321998274013168e-02 -5.655178685095935132e-03 6.084386650904793394e-03 -1.202146039829045214e-02
3.124228184234599803e-01 -1.367436059400413406e-02 -6.933068993978675106e-03 -1.077469992610493319e-03 -1.774480238061953118e-03 -1.173533582313113915e-02
3.163262634608710044e-01 -1.228904287690395572e-02 -9.711833165432181419e-03 2.043063594335845640e-03 -4.522951476102070843e-03 -1.191984274325647540e-02
3.159249284357141807e-01 -6.921142539717557891e-03 -2.582571298274691923e-02 2.050282401159595185e-03 -4.588394062078273057e-03 -1.192082771030147058e-02
3.177150083618320298e-01 -1.040029328129800194e-02 -2.007136125593697237e-02 1.469926503674794669e-04 1.474926253687315614e-03 -1.170841457927100648e-02
3.249747070159236251e-01 -1.226710309324583782e-02 -1.568758151885430580e-02 2.400552126989214145e-04 -3.220740770377185369e-04 -1.098652690118726710e-02
3.209831212847418791e-01 -1.274410701855930445e-02 -2.359800801264338999e-02 3.979488857976705950e-03 -8.468119539226650824e-03 -1.263035394448537053e-02
3.215568054547228161e-01 -1.410445906537037553e-02 -2.056791277227353054e-02 2.359598868192408396e-04 -7.832668446364118506e-03 -1.184898567243574362e-02
3.226525843422899942e-01 -1.777846528858004205e-02 -6.133986306763594687e-03 -5.979595503823346633e-03 -1.844790065286402384e-03 -1.100684808433324141e-02
3.177946632101750213e-01 -1.413792376410655076e-02 -4.219702541061389790e-03 -5.443899062935408061e-03 2.549835626667638216e-03 -1.195872908907115104e-02
3.185718304437215598e-01 -1.097886356957258891e-02 4.467823990741188848e-03 -2.401663767072611221e-03 1.536784850120983398e-03 -1.180834683144369596e-02
3.195621651317520628e-01 -1.193391069181853415e-03 9.332281491461395882e-04 6.831795664227606826e-03 1.547970731263918417e-03 -1.190928509748665799e-02
3.256610910473297094e-01 -3.713633029959664995e-03 -8.100603173106315797e-04 4.423312944651212712e-03 1.507698141071054602e-03 -1.254951655873631777e-02
3.415547615875970666e-01 -1.909821216501104979e-02 4.779386222861655396e-03 -3.225515992516480440e-03 -1.230578371834760920e-04 -1.298510299840932580e-02
3.470357393884275776e-01 -1.678255623201660093e-02 -5.195696645271255997e-04 -5.676838419209607155e-03 -1.823911955977989153e-03 -1.237918959479736812e-02
3.558894244915205562e-01 -1.087194737783342240e-02 2.227458816345331046e-03 -1.625379953040534224e-03 -2.974099488542254841e-03 -1.268178591580061514e-02
3.636389132109897337e-01 -1.064937364894059935e-02 3.534055406664131545e-03 3.202551642770013092e-03 -3.270542124102627027e-03 -1.425900373947644288e-02
3.752963380980028907e-01 -1.633397907014884701e-02 1.479464176322771787e-02 -4.190613026819960357e-05 9.967672413793103852e-04 -1.392381066411244039e-02
3.876081603556583710e-01 -1.866423716830725027e-02 2.383949062324224044e-02 -3.622693718540386876e-04 3.166671217789429962e-03 -1.436516388593062424e-02
3.948146265624182805e-01 -1.667510270867085531e-02 1.820942495815874862e-02 2.710325239028687767e-04 1.791214945793496429e-03 -1.461375365043801090e-02
4.050702063588261237e-01 -2.066915799177189428e-02 1.876371288649237440e-02 -2.571928946710032218e-03 1.109832374280709339e-03 -1.592294220665500110e-02
4.121188254169526610e-01 -2.461515719885255804e-02 1.750998432172399741e-02 -4.390860175961610636e-03 2.129535374100196676e-03 -1.695630044353959795e-02
4.140391291099941862e-01 -1.306211760710679175e-02 2.051836629838767537e-02 -2.329806348572565147e-03 4.658614493910960032e-03 -1.668197244959079492e-02
4.115657821889236456e-01 3.846871260755457128e-03 1.298684391236744687e-02 5.240957819857729530e-03 3.026750826570483860e-03 -1.730688307784792462e-02
4.169215641013210849e-01 2.253869919701894427e-03 5.352848771850186524e-03 3.938002818053724062e-03 -3.327121494477523864e-04 -1.840825417026497809e-02
4.340144580700687205e-01 -6.119354016785476247e-03 4.691106092092037910e-02 -5.558610347413155605e-04 -1.169707573106723401e-03 -1.871132216945758930e-02
4.370216019253864714e-01 -1.029547111386379388e-02 4.106001406930985531e-02 -1.789161024492203454e-03 -1.342120790871178474e-03 -1.896070646358178485e-02
4.190190829697180153e-01 -1.358780660480395823e-03 3.307732259883542497e-02 -1.341641762573916744e-03 -6.176820572445923258e-05 -1.895738902160973641e-02
4.101641956049608684e-01 1.567533094522832390e-02 2.352260974597425794e-02 9.187349879903911488e-04 -9.477582065652526838e-04 -1.843274619695761327e-02
4.053286276094590912e-01 2.204157135116696295e-02 2.633140343053455568e-02 1.249999999999998725e-03 -1.317945643485211784e-03 -1.800559552358106316e-02
4.177647056000120540e-01 4.170225004840946714e-03 1.825806673947509562e-02 1.854056657790218972e-03 -7.525288787501474390e-04 -1.789437330158418979e-02
4.119281610440120867e-01 1.070858246487355753e-02 2.252034911333597456e-02 8.148555983782994555e-04 -3.403573752440062854e-04 -1.701686771109664140e-02
3.997957373794026048e-01 2.668465812972750303e-02 1.592825157577676398e-02 9.374375374775114483e-04 1.589046572056768917e-04 -1.614831101339191805e-02
3.936162765419295440e-01 3.322383627753089375e-02 5.994842168342789587e-03 1.467794854083925024e-03 -7.179925292422913554e-05 -1.613120177407775455e-02
3.985193595732756666e-01 2.471745841712402747e-02 -1.855318162721956033e-03 1.299207873259719667e-03 -8.201312209953596924e-04 -1.541346615458474151e-02
4.001057422290443810e-01 2.328100141106391463e-02 2.003573537605303143e-02 8.056133056133069591e-04 -4.088037741883892412e-04 -1.495182312490004987e-02
3.962523696549629104e-01 2.490808363544122148e-02 2.100739041919443689e-02 6.055866734560267023e-04 7.092456535971480055e-05 -1.414217647486722823e-02
3.838589871859716673e-01 3.849272229825816821e-02 1.643882381472406770e-02 1.290374208520477417e-04 -6.111772414000063956e-04 -1.169639195366657149e-02
3.776477728582109950e-01 4.741261014875985946e-02 1.714105726442669356e-02 7.704699866918819249e-04 -1.117681785889392551e-03 -1.041735458629764605e-02
3.854417015703474614e-01 2.598688447076524452e-02 1.391304944158699292e-02 7.863080489169526222e-04 -6.853968507713204808e-04 -9.164934857325541737e-03
3.813361406540969889e-01 2.729300538463769188e-02 1.561099276356919807e-02 6.162251445270305102e-04 4.111192790438060116e-04 -7.696915244085070218e-03
3.855743937564355961e-01 1.686789477218932423e-02 1.357196610767298466e-02 6.029647435897454374e-04 1.702724358974498140e-05 -6.013621794871804038e-03
3.741615693412267962e-01 3.399849904579392568e-02 1.184731055649166677e-02 2.498725649918613157e-05 -7.656095391350421601e-04 -4.402754595156463217e-03
3.704477583002240837e-01 3.544388663888751317e-02 1.249961758008205463e-02 -2.425905398775235120e-04 -9.812651051225715815e-05 -2.681216041867294508e-03
3.750259571513141488e-01 2.208355460043085264e-02 1.229437311813927694e-02 -6.455551774526124137e-04 5.604820145324993950e-04 -8.297135536561684810e-04
3.698555287981486472e-01 2.764375553915113942e-02 1.221859072969900054e-02 2.587774513918053554e-04 9.391922946266209951e-04 8.033091541274774800e-04
3.755911661219038522e-01 1.320745949035813382e-02 9.485892956888440988e-03 -1.109676010987617045e-04 1.525349729857561169e-03 2.559531389277967806e-03
3.517220034609289669e-01 7.501430214069153279e-02 8.964929475678463803e-04 -7.899684012639416665e-05 3.067877284908603758e-03 4.867805287788472962e-03
3.741201557094465668e-01 4.814204377264805906e-02 1.086142014134754575e-03 -3.171490600582287035e-04 2.869348593839104924e-03 6.950266625313878018e-03
3.783892406345463755e-01 4.988778470536828213e-02 -5.722990079852166177e-04 -3.726595164515485300e-05 4.408289401926921889e-04 8.612979458280349207e-03
3.882656554458926990e-01 3.395181180629720102e-02 4.576596903427693490e-04 8.751575283551046728e-04 -2.050369066431957394e-03 9.834770258646537838e-03
3.830892896115724033e-01 4.714936340967693790e-02 -5.911008826530324799e-04 1.953178229784604831e-03 -2.341088510769734517e-03 1.181899942767337779e-02
3.767726419006991456e-01 5.473058146347717368e-02 -2.223949445785085733e-03 2.075601924558122171e-03 -1.853537525882505664e-03 1.402306668933991224e-02
3.783153633424478635e-01 4.623307353145437310e-02 -2.859450011432565757e-03 6.920553644291542938e-04 -1.544123529882391113e-03 1.532422593807502426e-02
3.756591802769104760e-01 4.672864176825280297e-02 5.197534906041895256e-05 7.319911979195084517e-04 2.064124247549418598e-04 1.637023296415515694e-02
3.814500894359354466e-01 3.400839140516042497e-02 3.948000810383777565e-03 5.198856251624638840e-04 1.360700645857911700e-03 1.832696806702529754e-02
3.678502929017140044e-01 5.390400475213195236e-02 2.482229489035552798e-03 1.863974813852381550e-03 1.071410724101744131e-03 2.014691919444306506e-02
3.711437967363832025e-01 4.239271648398821452e-02 4.075820032506193014e-03 3.107149354193196496e-03 1.029652537747862773e-03 2.095597598690187788e-02
3.630121833641438700e-01 4.826121388519733629e-02 2.124712937594681970e-03 2.168021680216801732e-03 1.258012580125801323e-03 2.102221022210231868e-02
3.710389174435627657e-01 2.819038891371233521e-02 2.084032551855562101e-03 -1.441236144843232930e-03 1.177375990724915771e-03 2.144363487351703956e-02
3.696192965891292870e-01 3.054325710467993560e-02 -1.617293024876543866e-04 -5.757738382193769563e-04 1.098791147818335701e-03 2.237422570698287261e-02
3.677129253234884265e-01 3.508518591587510976e-02 -2.358233107558512821e-03 8.793844308983717615e-04 1.329069651244129150e-03 2.351653842310385406e-02
3.711739642174614051e-01 3.522277121669902672e-02 -2.708860453698867105e-03 -2.400936365182479876e-05 1.489580936565260572e-03 2.381828913276174894e-02
3.749198056097662324e-01 3.408156074408887765e-02 -3.728451163848298892e-03 -2.284400083631041561e-03 4.181552083049264461e-05 2.464570436426775576e-02
3.865050525054052888e-01 2.322645214132052285e-02 -2.509091748231649134e-03 -3.016642510870108304e-03 -3.828277275226147150e-04 2.490779149382780361e-02
3.877689635360598852e-01 2.663913628668290734e-02 -3.383386467434752742e-03 -1.673267722835654813e-03 -7.791246599455914097e-04 2.511701872299573410e-02
3.922082381912574967e-01 2.748036492487159962e-02 -3.109731148952318922e-03 5.307981058505959436e-04 -3.517446352126373985e-04 2.516655608372791661e-02
3.851277631487848296e-01 3.753398709233075198e-02 -4.626851435610034556e-03 2.411916528280746898e-03 -4.001520577819571434e-05 2.509253516336204526e-02
4.003863140648362684e-01 2.151624794776844929e-02 -1.832639905970496379e-03 1.639213177674715477e-03 -7.546377738685431996e-04 2.497201343355190395e-02
4.049086957142885024e-01 1.584369603795157677e-02 -4.920259969524602489e-04 -2.099300839174826541e-03 -4.145869132367782910e-04 2.435789033448800336e-02
4.153171772875876577e-01 8.976221959292063693e-03 2.170348345845487994e-03 -2.463221689952095703e-03 -2.680241221709954414e-04 2.400316028442564878e-02
4.224931003947703378e-01 1.045469373804142586e-02 5.754771544295503305e-03 7.407185269597556894e-04 -2.549031368080129523e-04 2.445470721125965474e-02
4.285797573222074885e-01 1.101574957236954415e-02 6.970709818023306491e-03 2.238500758890837796e-03 -1.926764762017284098e-04 2.414636141380912052e-02
4.380832265343548859e-01 7.435872193894784397e-03 4.076177317561246669e-03 7.754963176432914202e-04 -1.302833813640730297e-03 2.344400416266414003e-02
4.430857056364696511e-01 7.729249341104523635e-03 3.447091173043805197e-03 1.526137352361713051e-03 -2.366212959166325274e-03 2.364512806152550828e-02
4.491885022440395558e-01 9.965367511929558789e-03 8.469186380040365572e-03 3.444141689373297552e-03 -9.518619436875569439e-04 2.389009990917344631e-02
4.536323692775895977e-01 5.934077679262681967e-03 1.616693359399860169e-02 3.647630765537316494e-03 4.541407836429297478e-04 2.466064479988789096e-02
4.533509817805770337e-01 1.705834978329917942e-02 1.602169365761386965e-02 3.647594278283485328e-03 4.541362408722612680e-04 2.466039811943586749e-02
4.649260095801854842e-01 8.677590266846129177e-03 1.383201109351747497e-02 5.749310082790065916e-04 -1.029876414830218343e-04 2.486901571811383008e-02
4.719083323815347342e-01 1.007462841789714264e-02 1.219547437762532986e-02 1.008447681661528861e-03 -4.410253612315976398e-04 2.494475816351594821e-02
4.802196524398598121e-01 1.510109153692705368e-02 5.736653445603158950e-03 1.268498942917548142e-03 -1.517810842075870484e-03 2.541984123818262845e-02
4.927345775902065572e-01 1.356210922802661249e-02 7.710257000051977394e-03 2.193026412893938053e-03 -1.777563162258443677e-03 2.488770647885774762e-02
5.014664024637401907e-01 1.216315661910589291e-02 8.437595371638134320e-03 2.154495533972813643e-03 -1.966452284025326739e-03 2.366344259179607376e-02
5.081030419747605276e-01 1.190335949343692204e-02 1.146988095385952089e-02 1.287021863383829229e-03 -7.804068907630188831e-04 2.346516647348029921e-02
5.167846295256377509e-01 9.873901291772223601e-03 1.367348541707138522e-02 1.447957216138537990e-03 6.994215447302350782e-04 2.336195292319994538e-02
5.245005888942460004e-01 1.127419343803647001e-02 1.628425544121392052e-02 6.287927179814759016e-04 1.065953369530502678e-03 2.389412328329614324e-02
5.374351585264423026e-01 1.045387515499338754e-02 2.021285788917982079e-02 8.917567608188131743e-04 4.188250854182739647e-04 2.393815817159793136e-02
5.449447741276836066e-01 1.152709164390902132e-02 2.053514243416249690e-02 1.151723949858647145e-03 5.381377887263759331e-04 2.293085111218190822e-02
5.534403701408140419e-01 8.784903529634157868e-03 1.772040415374607353e-02 1.003769133099388557e-03 6.828429461223932320e-04 2.191296001919547029e-02
5.607856527408977554e-01 9.460907694239640772e-03 1.507526996525074964e-02 5.469726513674305407e-04 -5.309734513274338812e-04 2.157792110394482141e-02
5.559684781270725074e-01 1.297907680417414999e-02 1.396025976168361118e-02 8.144543156085419511e-04 -1.284139626450279785e-03 2.172144663075736837e-02
5.577099965804231951e-01 1.222582177494690309e-02 1.359707830846699876e-02 5.665026870231802941e-04 -1.258490720449564719e-03 2.146708737599235806e-02
5.571669971254123999e-01 1.215098661680665514e-02 1.429829684395729321e-02 -7.005043631414679462e-05 -1.073773116643982973e-03 2.096209270674891101e-02
5.622796688261166853e-01 9.574316126071909239e-03 1.459968156107181204e-02 -3.280625227190114715e-04 -4.952744456561253674e-04 2.013631406761168946e-02
5.600000164698483163e-01 8.747193388815951987e-03 1.500723555459919194e-02 2.099832013438943416e-05 2.199824014078870953e-04 1.879249660027195595e-02
5.523724531291783757e-01 9.340487275723485458e-03 1.353076946499364580e-02 -6.007837178615706673e-04 8.466951897316971065e-04 1.779359430604985845e-02
5.482697963696507859e-01 1.059338024069466679e-02 1.330480936875468034e-02 6.252125722745739645e-04 1.284436708480884114e-03 1.785607106416173609e-02
5.453124505674517009e-01 1.132488511808577014e-02 1.129639350151827835e-02 9.716856792255606882e-04 1.367086306412762129e-03 1.819660955324274923e-02
5.524192399054336233e-01 8.485779414836362028e-03 9.909969322343729209e-03 -4.019839206431739093e-04 1.218951241950321776e-03 1.781028758849648175e-02
5.501856927273062192e-01 7.787601701491647654e-03 7.944977391133901945e-03 -9.841279366317643405e-04 3.900507065918566610e-04 1.781531599107891856e-02
5.496156168012438226e-01 1.177957627162604624e-02 4.378287257103966393e-03 -2.026020278373346468e-04 1.907911472907658165e-04 1.800341607006582939e-02
5.401928837366039016e-01 1.600948249341585874e-02 -2.977660695199763454e-04 8.840972506975761178e-04 1.290141915610723653e-04 1.797397713748500117e-02
5.507086195767477710e-01 1.220634557168404771e-02 2.293331381872465956e-03 3.591292865431537575e-04 -2.180785082629758910e-04 1.793076225401147444e-02
5.509268867758577715e-01 1.145170254506919401e-02 1.652516672958054440e-03 -1.896156782896409130e-03 -2.372468457986393357e-04 1.785259789841117314e-02
5.545980875095201101e-01 6.069744637752054472e-03 3.428450696749310144e-03 -3.821001028385437315e-03 -2.206535738889950176e-04 1.783200375410604055e-02
5.508504975106073287e-01 6.461172243070987219e-03 2.396116622243665666e-03 -4.981011393164100701e-03 -7.975214871077355864e-04 1.759244453327984611e-02
5.542102595823905631e-01 5.720853057310734853e-03 4.307780271679942201e-03 -4.993168776755625184e-03 -6.557974314600603432e-04 1.652063029419800419e-02
5.592062736502519948e-01 2.801015993443776043e-03 6.452631959179818376e-03 -5.828484594005558378e-03 -5.898466398736313928e-04 1.506308359826461635e-02
5.604998945532249088e-01 -8.550993815738492385e-04 4.736406073219285098e-03 -6.238060470279947062e-03 -7.561285418521163527e-04 1.096986487702896265e-02
5.669351309358480195e-01 -4.762975689557874363e-03 8.515225233313815714e-03 -6.914666787642334903e-03 7.331125527378320236e-04 7.512589030531294579e-03
5.539546815272050617e-01 2.145485950861715247e-03 -1.051700046428289846e-03 -5.399068089583647714e-03 9.008467358084060270e-04 5.226714765268911100e-03
5.633580425333425401e-01 -2.525117166898117188e-03 4.314523978190201378e-03 -5.556000080014403264e-03 1.446260326858835781e-03 2.741493468824270866e-03
5.693779557879538045e-01 -4.295261043860613796e-03 4.736645575173384880e-03 -4.750760121619460735e-03 1.198191710673707309e-03 -2.790446471434611538e-04
5.726341739344921189e-01 -4.033273901948960377e-03 2.593915520444304429e-03 -4.066037907285249310e-03 1.208453724399864704e-04 -2.627705391702662638e-03
5.785766178464174514e-01 -5.361847598428587380e-03 5.122834580264246096e-03 -7.670335377424424526e-04 -2.535804885843837096e-03 -5.781715039050839590e-03
5.646670837905374274e-01 -7.454541342572615532e-03 5.519268113245943790e-03 -9.436419369703267926e-04 -3.765552060585419195e-03 -8.232324244184718517e-03
5.790901149492196920e-01 -1.066476763557822754e-02 1.161181620557971521e-02 -2.471222073827759793e-03 -3.996656581900115239e-03 -1.025375453133103507e-02
5.791348804930275262e-01 -1.295434986938484925e-02 1.211857205698671849e-02 -4.795767322771644740e-03 -3.382541206593054489e-03 -1.253600576092179369e-02
5.892064403186572097e-01 -9.825051778825491522e-03 2.093173411466016376e-02 1.282371637897429788e-03 -1.416306010055074817e-03 -1.408309928135207528e-02
5.847259323337791193e-01 -2.911367955567231020e-03 2.220989620883773163e-02 2.350021363830577525e-03 8.527350248638637621e-04 -1.372739752179555350e-02
5.895667575515427528e-01 -4.871084119496684600e-03 2.216540929951585359e-02 1.815745795588615723e-03 1.983722278880956352e-03 -1.466694662747219761e-02
5.963258957404120597e-01 -8.604607921688140967e-03 1.938417133705812312e-02 -1.983495873968490943e-03 1.470367591897973761e-03 -1.494973743435871853e-02
6.009210086484021440e-01 1.738875031934775540e-03 1.727648237068730649e-02 5.292689359148069735e-04 1.684202868237500653e-03 -1.401016705619145299e-02
6.079861827949802899e-01 1.405747654559807340e-03 1.912790628320455710e-02 1.973881567105977442e-03 1.368917864928102975e-03 -1.381947801091949063e-02
6.057307072178192975e-01 2.282054093624085421e-03 1.482015567399042055e-02 2.709940445261600685e-03 6.954714417043052080e-04 -1.429513569687031020e-02
6.173904188052277142e-01 -5.630802356288498560e-04 1.503774611240518526e-02 1.418624194645646663e-03 -8.933930929609025691e-04 -1.340689903557564823e-02
6.215965922802826338e-01 -4.034821431974434697e-04 1.546272479514896464e-02 6.924188316113720877e-04 -1.741951312597117942e-03 -1.276522276440500252e-02
6.285087661752166710e-01 -2.289264331211479306e-03 1.922690202096888346e-02 1.828786378142597526e-03 -2.507078043558728063e-03 -1.290354852586597656e-02
6.314226692021200904e-01 2.954144583144113529e-04 2.113802393274729144e-02 1.282004655222579318e-03 -1.889365725923771019e-03 -1.168078993308122385e-02
6.378066038248575431e-01 -6.931592989525338713e-03 2.884614617393969904e-02 8.463313981954261479e-04 8.633179787967507372e-04 -1.079647078807737318e-02
6.421386875492366419e-01 -7.190244434807486172e-03 2.857654893741696372e-02 5.501485401058304808e-04 2.467666269892871377e-03 -1.035579606493759047e-02
