7.790856529027223587e-03
8.723967708647251129e-03
8.378426544368267059e-03
7.921085692942142487e-03
8.280851878225803375e-03
8.198346011340618134e-03
8.624168112874031067e-03
8.015281520783901215e-03
8.420217782258987427e-03
8.755369111895561218e-03
8.272176608443260193e-03
8.736817166209220886e-03
8.684493601322174072e-03
8.990695700049400330e-03
9.253802709281444550e-03
8.247994817793369293e-03
8.698167279362678528e-03
8.209868334233760834e-03
7.080457173287868500e-03
7.203207351267337799e-03
7.314322981983423233e-03
7.788148708641529083e-03
7.052390836179256439e-03
7.606621831655502319e-03
8.274522610008716583e-03
8.393200114369392395e-03
9.404755197465419769e-03
8.476740680634975433e-03
8.442832157015800476e-03
9.743952192366123199e-03
7.358314935117959976e-03
7.472968194633722305e-03
6.493697408586740494e-03
6.830666214227676392e-03
8.015757426619529724e-03
7.022696547210216522e-03
8.032773621380329132e-03
8.130367845296859741e-03
7.846674881875514984e-03
7.649583276361227036e-03
8.393737487494945526e-03
9.266187436878681183e-03
8.254614658653736115e-03
8.229035884141921997e-03
7.735115475952625275e-03
8.728549815714359283e-03
8.095360361039638519e-03
8.185998536646366119e-03
8.442707359790802002e-03
8.243963122367858887e-03
8.215423673391342163e-03
8.911783806979656219e-03
9.029599837958812714e-03
9.028092026710510254e-03
8.866153657436370850e-03
9.388088248670101166e-03
9.045500308275222778e-03
7.878133095800876617e-03
7.616037502884864807e-03
8.567130193114280701e-03
7.934398949146270752e-03
7.841696031391620636e-03
7.600949611514806747e-03
8.248845115303993225e-03
7.298006676137447357e-03
7.487725000828504562e-03
7.280299905687570572e-03
7.669620681554079056e-03
6.923976354300975800e-03
7.513593882322311401e-03
8.341950364410877228e-03
7.202019449323415756e-03
7.840446196496486664e-03
8.289890363812446594e-03
8.108457550406455994e-03
7.830292917788028717e-03
8.728021755814552307e-03
8.620882406830787659e-03
8.783290162682533264e-03
8.120194077491760254e-03
9.004828520119190216e-03
8.257512003183364868e-03
8.267356082797050476e-03
7.442561909556388855e-03
8.109752088785171509e-03
8.024526759982109070e-03
7.648787461221218109e-03
7.795724552124738693e-03
9.043392725288867950e-03
7.705078925937414169e-03
8.903500624001026154e-03
8.223808370530605316e-03
8.681179024279117584e-03
8.505171164870262146e-03
8.659113198518753052e-03
8.251719176769256592e-03
8.148321881890296936e-03
7.588047534227371216e-03
8.508571423590183258e-03
7.527952548116445541e-03
