6.339014321565628052e-02
6.095831468701362610e-02
5.596092343330383301e-02
9.974960982799530029e-02
2.328418008983135223e-02
2.010007388889789581e-02
1.614617370069026947e-02
2.059405483305454254e-02
2.391268126666545868e-02
2.753362618386745453e-02
3.889038786292076111e-02
3.575264662504196167e-02
2.581409737467765808e-02
3.791971877217292786e-02
3.260731324553489685e-02
2.492948435246944427e-02
2.050827257335186005e-02
6.646770983934402466e-02
7.181984186172485352e-02
5.473497882485389709e-02
6.564416736364364624e-02
2.265406027436256409e-02
2.167491987347602844e-02
2.191387489438056946e-02
1.499986276030540466e-02
1.833782345056533813e-02
1.967612281441688538e-02
2.948977053165435791e-02
2.641873247921466827e-02
3.471524268388748169e-02
3.500401973724365234e-02
4.524720087647438049e-02
3.950485587120056152e-02
2.785504423081874847e-02
1.992939226329326630e-02
4.958223178982734680e-02
6.130218878388404846e-02
5.630300566554069519e-02
5.728375539183616638e-02
2.342574298381805420e-02
2.669212780892848969e-02
2.052977308630943298e-02
1.836652494966983795e-02
2.155727706849575043e-02
2.200145833194255829e-02
2.857772819697856903e-02
3.225540369749069214e-02
3.427453339099884033e-02
3.278736025094985962e-02
5.129535496234893799e-02
2.993509545922279358e-02
1.577282510697841644e-02
4.504967853426933289e-02
6.300555914640426636e-02
7.162064313888549805e-02
6.805848330259323120e-02
2.544574998319149017e-02
2.744879201054573059e-02
2.264687791466712952e-02
1.853535696864128113e-02
1.566468924283981323e-02
2.053594775497913361e-02
1.663141697645187378e-02
1.572271436452865601e-02
2.258675172924995422e-02
1.920169033110141754e-02
2.275893278419971466e-02
2.678608894348144531e-02
1.845275424420833588e-02
1.274372078478336334e-02
1.192498952150344849e-02
1.306987367570400238e-02
1.379147078841924667e-02
1.380163151770830154e-02
1.279642712324857712e-02
1.352991163730621338e-02
1.065207086503505707e-02
1.292055565863847733e-02
1.433276943862438202e-02
1.197864301502704620e-02
1.196832861751317978e-02
1.034333929419517517e-02
1.369934715330600739e-02
1.572118513286113739e-02
1.595400273799896240e-02
1.961828023195266724e-02
3.470360860228538513e-02
3.121748939156532288e-02
2.700873650610446930e-02
2.877175062894821167e-02
2.660271339118480682e-02
1.627089455723762512e-02
2.384618297219276428e-02
5.846224725246429443e-02
6.500133126974105835e-02
5.518930405378341675e-02
2.244850620627403259e-02
2.337292023003101349e-02
1.975442655384540558e-02
1.675323769450187683e-02
