7.072679698467254639e-03
7.225585635751485825e-03
7.125145290046930313e-03
6.677750032395124435e-03
7.078221067786216736e-03
7.153188344091176987e-03
6.960104219615459442e-03
6.865430623292922974e-03
6.811276543885469437e-03
7.237384561449289322e-03
7.399631664156913757e-03
7.652957458049058914e-03
7.290835026651620865e-03
7.085413206368684769e-03
7.222586777061223984e-03
6.778256502002477646e-03
6.873534526675939560e-03
6.967238150537014008e-03
6.815862841904163361e-03
7.132817525416612625e-03
7.265886757522821426e-03
7.293014787137508392e-03
7.017628289759159088e-03
7.504040375351905823e-03
8.110081776976585388e-03
7.665174081921577454e-03
7.141360081732273102e-03
7.254690863192081451e-03
7.394128479063510895e-03
8.198208175599575043e-03
6.939745973795652390e-03
6.826424971222877502e-03
8.148211054503917694e-03
6.967589259147644043e-03
7.511218078434467316e-03
7.164740934967994690e-03
8.145230822265148163e-03
7.318304851651191711e-03
6.969884969294071198e-03
7.492445409297943115e-03
6.855464540421962738e-03
7.515362463891506195e-03
6.976094562560319901e-03
6.841805763542652130e-03
7.074880879372358322e-03
7.719996850937604904e-03
7.042207755148410797e-03
6.835003849118947983e-03
6.947867106646299362e-03
6.670540198683738708e-03
7.024674676358699799e-03
6.929530762135982513e-03
7.336923852562904358e-03
7.521716877818107605e-03
7.745143026113510132e-03
8.651518262922763824e-03
8.381558582186698914e-03
7.202330045402050018e-03
7.633917964994907379e-03
8.686548098921775818e-03
7.137019187211990356e-03
8.092492818832397461e-03
7.311135064810514450e-03
7.386070210486650467e-03
7.468728348612785339e-03
7.396523840725421906e-03
7.006797939538955688e-03
7.463843096047639847e-03
7.867639884352684021e-03
8.286876603960990906e-03
7.754156831651926041e-03
7.259778678417205811e-03
7.281191647052764893e-03
7.269260473549365997e-03
7.822802290320396423e-03
8.417974226176738739e-03
7.746914867311716080e-03
8.343537338078022003e-03
8.017312735319137573e-03
7.744365371763706207e-03
8.576282300055027008e-03
7.864302955567836761e-03
7.763895671814680099e-03
7.164669688791036606e-03
7.519652135670185089e-03
7.371714804321527481e-03
7.330264896154403687e-03
7.289798464626073837e-03
8.196811191737651825e-03
7.678115740418434143e-03
7.902590557932853699e-03
7.574118673801422119e-03
7.306405808776617050e-03
7.144471630454063416e-03
7.755401544272899628e-03
7.097344379872083664e-03
7.335761561989784241e-03
8.078578859567642212e-03
7.383738178759813309e-03
7.304246537387371063e-03
