6.589237600564956665e-03
7.240930106490850449e-03
7.297351956367492676e-03
7.025836035609245300e-03
9.167133830487728119e-03
7.646885234862565994e-03
8.911776356399059296e-03
7.344269659370183945e-03
7.217335980385541916e-03
7.894827052950859070e-03
7.464646361768245697e-03
8.115532808005809784e-03
8.234789595007896423e-03
7.906999439001083374e-03
7.994496263563632965e-03
8.929991163313388824e-03
8.699827827513217926e-03
7.911008782684803009e-03
7.660986389964818954e-03
7.587645668536424637e-03
7.495455443859100342e-03
9.399124421179294586e-03
8.186270482838153839e-03
8.535379543900489807e-03
7.827038876712322235e-03
8.578857406973838806e-03
8.458025753498077393e-03
8.386164903640747070e-03
7.447032723575830460e-03
7.336591370403766632e-03
7.009639404714107513e-03
7.296135183423757553e-03
6.725569255650043488e-03
7.024409249424934387e-03
6.874334532767534256e-03
6.196445785462856293e-03
6.928946357220411301e-03
6.647842470556497574e-03
7.377650123089551926e-03
7.527419365942478180e-03
7.468898780643939972e-03
8.342035114765167236e-03
6.631481461226940155e-03
7.179794367402791977e-03
7.380675058811903000e-03
6.872200407087802887e-03
6.912568118423223495e-03
7.708919700235128403e-03
8.875890634953975677e-03
8.339435793459415436e-03
7.825843058526515961e-03
8.167616091668605804e-03
8.350854739546775818e-03
8.727098815143108368e-03
8.743713609874248505e-03
8.129918947815895081e-03
7.580210454761981964e-03
7.377885282039642334e-03
8.389635011553764343e-03
7.310210261493921280e-03
7.318106014281511307e-03
7.658094633370637894e-03
8.077125065028667450e-03
8.055879734456539154e-03
8.000931702554225922e-03
8.480742573738098145e-03
7.482556160539388657e-03
7.406906224787235260e-03
7.790865376591682434e-03
7.844205945730209351e-03
6.937458645552396774e-03
7.750038057565689087e-03
7.484520785510540009e-03
7.307746447622776031e-03
8.009077981114387512e-03
7.167564705014228821e-03
7.497686427086591721e-03
7.212369702756404877e-03
7.322286721318960190e-03
7.085690274834632874e-03
7.723398506641387939e-03
8.114897646009922028e-03
7.387058809399604797e-03
8.071505464613437653e-03
7.490099873393774033e-03
8.858541026711463928e-03
9.113884530961513519e-03
8.682159706950187683e-03
8.585013449192047119e-03
8.200916461646556854e-03
8.079907856881618500e-03
7.887140847742557526e-03
8.494484238326549530e-03
7.596687879413366318e-03
7.597341667860746384e-03
7.270874921232461929e-03
8.550083264708518982e-03
7.911142893135547638e-03
7.987030781805515289e-03
7.766811177134513855e-03
8.883019909262657166e-03
8.143945597112178802e-03
8.297868072986602783e-03
9.596161544322967529e-03
7.832512259483337402e-03
7.933959364891052246e-03
8.568336255848407745e-03
7.981704548001289368e-03
7.545313797891139984e-03
7.333676330745220184e-03
7.799444254487752914e-03
8.352730423212051392e-03
8.229891769587993622e-03
8.416566066443920135e-03
8.681354112923145294e-03
8.084115572273731232e-03
7.679636590182781219e-03
8.817544206976890564e-03
8.406843990087509155e-03
8.671474643051624298e-03
8.589321747422218323e-03
8.083107881247997284e-03
8.938612416386604309e-03
8.813005872070789337e-03
8.754486218094825745e-03
8.774559013545513153e-03
9.118465706706047058e-03
8.751059882342815399e-03
8.645268157124519348e-03
1.126091368496417999e-02
8.454605005681514740e-03
8.640330284833908081e-03
8.578439243137836456e-03
9.646498598158359528e-03
8.584603667259216309e-03
9.349135681986808777e-03
9.042380377650260925e-03
8.673848584294319153e-03
9.112237952649593353e-03
9.478923864662647247e-03
8.466404862701892853e-03
9.055365808308124542e-03
7.757328916341066360e-03
7.921395823359489441e-03
7.752527482807636261e-03
7.805845234543085098e-03
7.788604591041803360e-03
8.259333670139312744e-03
8.047269657254219055e-03
8.695870637893676758e-03
7.351129781454801559e-03
7.563143968582153320e-03
8.496434427797794342e-03
7.463034242391586304e-03
7.297327741980552673e-03
7.674415595829486847e-03
7.333956658840179443e-03
7.064831908792257309e-03
6.896773353219032288e-03
8.247640915215015411e-03
7.906883023679256439e-03
8.571175858378410339e-03
8.382896892726421356e-03
8.304651826620101929e-03
7.588812150061130524e-03
8.305793628096580505e-03
9.464165195822715759e-03
9.064166806638240814e-03
7.402097806334495544e-03
8.873282000422477722e-03
8.494311943650245667e-03
1.022096164524555206e-02
8.225170895457267761e-03
8.729503490030765533e-03
8.609754033386707306e-03
8.029590360820293427e-03
8.077647536993026733e-03
9.674031287431716919e-03
8.412125520408153534e-03
8.169690147042274475e-03
7.785847410559654236e-03
8.202562108635902405e-03
8.885757066309452057e-03
8.330927230417728424e-03
9.146584197878837585e-03
8.847598917782306671e-03
8.167050778865814209e-03
9.077376686036586761e-03
7.600156590342521667e-03
8.140432648360729218e-03
8.319525979459285736e-03
9.496900252997875214e-03
9.373574517667293549e-03
9.468384087085723877e-03
8.823201991617679596e-03
8.959946222603321075e-03
9.198240935802459717e-03
8.584473282098770142e-03
8.906484581530094147e-03
8.401667699217796326e-03
