1.103483319282531738e+00
1.641346454620361328e+00
2.107075214385986328e+00
1.123423695564270020e+00
6.633012294769287109e-01
3.279100954532623291e-01
3.380554020404815674e-01
4.102104902267456055e-01
5.286280512809753418e-01
4.983561635017395020e-01
4.840015769004821777e-01
5.963479280471801758e-01
7.030723690986633301e-01
5.659559369087219238e-01
4.998214542865753174e-01
4.136138260364532471e-01
3.589451909065246582e-01
9.551123976707458496e-01
1.726207256317138672e+00
1.980372667312622070e+00
2.201033830642700195e+00
7.879586815834045410e-01
4.157616496086120605e-01
3.650967776775360107e-01
3.490915298461914062e-01
4.222114384174346924e-01
4.511726796627044678e-01
4.254288077354431152e-01
4.821668267250061035e-01
7.736265659332275391e-01
6.967159509658813477e-01
5.544829368591308594e-01
5.252500772476196289e-01
3.882169425487518311e-01
3.400119841098785400e-01
6.436590552330017090e-01
1.743708014488220215e+00
2.140562534332275391e+00
2.820830821990966797e+00
1.016877889633178711e+00
5.398092269897460938e-01
3.820864856243133545e-01
4.194096326828002930e-01
4.639934003353118896e-01
4.242821931838989258e-01
4.859554171562194824e-01
6.096929907798767090e-01
8.608095049858093262e-01
5.697495341300964355e-01
5.258781909942626953e-01
4.397398531436920166e-01
2.886649668216705322e-01
5.462055206298828125e-01
9.339709877967834473e-01
1.773068308830261230e+00
1.796915054321289062e+00
1.889327049255371094e+00
6.151140332221984863e-01
3.727856278419494629e-01
2.977312505245208740e-01
2.895287275314331055e-01
2.811919152736663818e-01
3.327355682849884033e-01
3.544108867645263672e-01
3.829514682292938232e-01
3.815827369689941406e-01
3.790968656539916992e-01
3.943650424480438232e-01
3.351950943470001221e-01
3.116699755191802979e-01
2.848136723041534424e-01
2.823539078235626221e-01
2.871342003345489502e-01
3.058093786239624023e-01
2.935747206211090088e-01
2.895084321498870850e-01
2.970281243324279785e-01
2.993558347225189209e-01
2.756327092647552490e-01
2.946246862411499023e-01
2.932178080081939697e-01
3.115072548389434814e-01
2.887120246887207031e-01
2.907767891883850098e-01
3.346027135848999023e-01
3.776580691337585449e-01
4.743478298187255859e-01
4.692619740962982178e-01
4.392542541027069092e-01
4.126033186912536621e-01
3.700852990150451660e-01
2.687555849552154541e-01
3.979952633380889893e-01
8.063513636589050293e-01
9.720119833946228027e-01
2.231636524200439453e+00
1.537600755691528320e+00
9.645385742187500000e-01
4.077827930450439453e-01
3.777287900447845459e-01
