6.085116043686866760e-02
5.672341212630271912e-02
6.020314618945121765e-02
4.133380576968193054e-02
2.409273013472557068e-02
1.929313130676746368e-02
1.600598171353340149e-02
1.925011351704597473e-02
2.519681304693222046e-02
2.820973098278045654e-02
3.874121978878974915e-02
3.598170354962348938e-02
2.582269161939620972e-02
4.025825485587120056e-02
3.355609998106956482e-02
2.535424008965492249e-02
2.355657145380973816e-02
6.800655275583267212e-02
7.644534111022949219e-02
5.633984506130218506e-02
6.730470061302185059e-02
2.099141106009483337e-02
2.057877555489540100e-02
2.226681075990200043e-02
1.634554006159305573e-02
1.955634169280529022e-02
1.946347951889038086e-02
2.829799428582191467e-02
3.013047203421592712e-02
3.345642611384391785e-02
3.515580669045448303e-02
4.407745599746704102e-02
3.439834713935852051e-02
2.540755644440650940e-02
1.884200610220432281e-02
4.920240491628646851e-02
6.550651043653488159e-02
6.246143952012062073e-02
5.659052729606628418e-02
2.206001244485378265e-02
2.586669288575649261e-02
2.218196168541908264e-02
2.211927622556686401e-02
2.119691483676433563e-02
2.213291265070438385e-02
2.668426558375358582e-02
3.097855485975742340e-02
3.548557311296463013e-02
3.246913477778434753e-02
4.386470094323158264e-02
3.208857774734497070e-02
1.245066709816455841e-02
4.000959545373916626e-02
6.119805201888084412e-02
6.603378057479858398e-02
7.268717139959335327e-02
2.430193871259689331e-02
2.738405019044876099e-02
2.187137864530086517e-02
1.588844321668148041e-02
1.475087832659482956e-02
1.807244308292865753e-02
1.756680198013782501e-02
1.976524852216243744e-02
2.510554343461990356e-02
2.538380026817321777e-02
2.563549019396305084e-02
2.376522682607173920e-02
1.929306425154209137e-02
1.242020633071660995e-02
1.209342759102582932e-02
1.226012874394655228e-02
1.079883798956871033e-02
1.460584439337253571e-02
1.571696065366268158e-02
1.072748843580484390e-02
1.105711888521909714e-02
1.209706719964742661e-02
1.153519563376903534e-02
1.202820613980293274e-02
1.302723214030265808e-02
1.267021428793668747e-02
1.108449697494506836e-02
1.369256991893053055e-02
1.634102314710617065e-02
2.222503535449504852e-02
3.182828053832054138e-02
3.092236071825027466e-02
2.671724930405616760e-02
2.893963642418384552e-02
2.494841068983078003e-02
1.400618907064199448e-02
2.692107111215591431e-02
5.793411657214164734e-02
5.909794941544532776e-02
5.072661489248275757e-02
2.357806265354156494e-02
2.460379898548126221e-02
2.110442705452442169e-02
2.087843045592308044e-02
