1.115922808647155762e+00
1.686125040054321289e+00
1.311560273170471191e+00
1.034700870513916016e+00
6.583150029182434082e-01
3.274083733558654785e-01
3.416332900524139404e-01
4.128197133541107178e-01
5.470868945121765137e-01
5.007269382476806641e-01
5.076206326484680176e-01
6.125084757804870605e-01
7.077806591987609863e-01
5.702716112136840820e-01
4.993625879287719727e-01
4.054451584815979004e-01
3.588539361953735352e-01
9.590341448783874512e-01
1.718102931976318359e+00
1.421926140785217285e+00
1.554584145545959473e+00
6.610064506530761719e-01
3.987714946269989014e-01
3.649654388427734375e-01
3.495963513851165771e-01
4.209983646869659424e-01
4.442168772220611572e-01
4.227911829948425293e-01
4.964930415153503418e-01
7.569685578346252441e-01
6.984732151031494141e-01
5.594155192375183105e-01
5.258769989013671875e-01
3.804650604724884033e-01
3.388119637966156006e-01
6.513564586639404297e-01
1.723907828330993652e+00
1.972176551818847656e+00
2.304025650024414062e+00
1.005679845809936523e+00
5.347422361373901367e-01
3.772345781326293945e-01
4.210766255855560303e-01
4.608900547027587891e-01
4.184625148773193359e-01
4.872334003448486328e-01
6.198148727416992188e-01
8.815464377403259277e-01
5.704932212829589844e-01
5.254980325698852539e-01
4.373421669006347656e-01
2.880913913249969482e-01
5.449041724205017090e-01
9.275802373886108398e-01
1.769269824028015137e+00
1.781796574592590332e+00
1.820388317108154297e+00
6.072447299957275391e-01
3.759022057056427002e-01
2.943991720676422119e-01
2.894663512706756592e-01
2.804728746414184570e-01
3.254978656768798828e-01
3.487762808799743652e-01
3.785765171051025391e-01
3.877981603145599365e-01
3.781313300132751465e-01
3.930034637451171875e-01
3.363783061504364014e-01
3.122797608375549316e-01
2.847363352775573730e-01
2.822248637676239014e-01
2.872356474399566650e-01
3.057061433792114258e-01
2.931524515151977539e-01
2.895298600196838379e-01
2.970813214778900146e-01
2.993072569370269775e-01
2.756923735141754150e-01
2.945132553577423096e-01
2.932344973087310791e-01
3.114456534385681152e-01
2.888498902320861816e-01
2.908771038055419922e-01
3.346602916717529297e-01
3.811213672161102295e-01
4.728664457798004150e-01
4.759094715118408203e-01
4.356107115745544434e-01
4.117932617664337158e-01
3.707213103771209717e-01
2.681118547916412354e-01
3.963095843791961670e-01
8.110643625259399414e-01
9.814563393592834473e-01
2.313405513763427734e+00
1.534416437149047852e+00
9.884002804756164551e-01
4.135135710239410400e-01
3.708218932151794434e-01
