4.217218235135078430e-02
4.250157624483108521e-02
3.913141787052154541e-02
4.207412898540496826e-02
3.715934976935386658e-02
2.663085237145423889e-02
2.263396233320236206e-02
2.127159573137760162e-02
2.719229087233543396e-02
3.426423296332359314e-02
3.637056425213813782e-02
3.884428739547729492e-02
3.695134818553924561e-02
4.460676014423370361e-02
4.109105840325355530e-02
2.509963884949684143e-02
2.636719495058059692e-02
4.731392860412597656e-02
5.104083195328712463e-02
3.728057444095611572e-02
3.794236108660697937e-02
3.930154070258140564e-02
3.172349929809570312e-02
2.654545381665229797e-02
2.436934411525726318e-02
2.461345866322517395e-02
2.695525065064430237e-02
3.286762535572052002e-02
3.495087847113609314e-02
4.297598078846931458e-02
4.276511445641517639e-02
4.271805286407470703e-02
4.022637754678726196e-02
2.908371575176715851e-02
2.483973093330860138e-02
3.766552731394767761e-02
5.299591645598411560e-02
4.629827290773391724e-02
4.647338017821311951e-02
4.196583107113838196e-02
3.492390364408493042e-02
2.728425711393356323e-02
2.270131930708885193e-02
2.524273283779621124e-02
2.842201665043830872e-02
3.460731357336044312e-02
3.692332655191421509e-02
4.305209591984748840e-02
4.049705341458320618e-02
4.631188139319419861e-02
3.329855948686599731e-02
2.380513399839401245e-02
3.563757240772247314e-02
4.847778379917144775e-02
5.199610441923141479e-02
4.854121059179306030e-02
5.362809449434280396e-02
3.838524967432022095e-02
3.150215372443199158e-02
2.705507911741733551e-02
2.379857562482357025e-02
2.391834929585456848e-02
2.527646161615848541e-02
2.270662784576416016e-02
2.819966711103916168e-02
2.835031226277351379e-02
2.534248121082782745e-02
2.557274140417575836e-02
2.738799154758453369e-02
2.376736514270305634e-02
2.316121384501457214e-02
2.476912178099155426e-02
2.481257542967796326e-02
2.404000610113143921e-02
2.265818230807781219e-02
2.110867761075496674e-02
2.410291507840156555e-02
2.304097451269626617e-02
2.376472204923629761e-02
2.195914089679718018e-02
2.331465296447277069e-02
2.557385712862014771e-02
2.488731034100055695e-02
2.338925190269947052e-02
2.993032336235046387e-02
2.660135552287101746e-02
3.551825881004333496e-02
3.677104413509368896e-02
3.243159130215644836e-02
3.584909811615943909e-02
3.119327500462532043e-02
2.477092854678630829e-02
2.842027135193347931e-02
4.176820814609527588e-02
3.569226339459419250e-02
4.828016459941864014e-02
4.811146482825279236e-02
4.219290614128112793e-02
3.081386908888816833e-02
2.486254088580608368e-02
