8.369165472686290741e-03
7.768473122268915176e-03
7.995954714715480804e-03
7.860659621655941010e-03
9.468405507504940033e-03
9.226887486875057220e-03
8.987057954072952271e-03
8.244129829108715057e-03
8.526868186891078949e-03
9.324523620307445526e-03
8.503880351781845093e-03
8.944286033511161804e-03
8.206026628613471985e-03
7.843497209250926971e-03
8.004940114915370941e-03
9.291698224842548370e-03
8.561603724956512451e-03
7.681821938604116440e-03
8.572163060307502747e-03
7.797653321176767349e-03
7.779894396662712097e-03
8.207899518311023712e-03
9.577780030667781830e-03
8.803741075098514557e-03
8.854700252413749695e-03
9.185791946947574615e-03
8.863761089742183685e-03
9.223759174346923828e-03
7.813321426510810852e-03
8.249789476394653320e-03
7.817311212420463562e-03
7.694897241890430450e-03
7.961330004036426544e-03
8.160619996488094330e-03
8.389451541006565094e-03
7.199832703918218613e-03
7.921670563519001007e-03
7.964081130921840668e-03
7.457370869815349579e-03
7.421357091516256332e-03
8.008007891476154327e-03
7.573637645691633224e-03
7.314705755561590195e-03
7.449967786669731140e-03
6.956448778510093689e-03
7.267804816365242004e-03
7.022363133728504181e-03
8.275933563709259033e-03
8.536111563444137573e-03
8.372012525796890259e-03
9.249535389244556427e-03
7.961948402225971222e-03
9.077342227101325989e-03
8.765202946960926056e-03
9.488765150308609009e-03
8.527933619916439056e-03
8.166274055838584900e-03
8.052776567637920380e-03
7.982349954545497894e-03
7.826608605682849884e-03
7.888978347182273865e-03
8.009559474885463715e-03
8.045583963394165039e-03
8.641003631055355072e-03
9.763781912624835968e-03
9.519289247691631317e-03
9.276609867811203003e-03
1.013071741908788681e-02
1.019502151757478714e-02
1.003098394721746445e-02
1.014680974185466766e-02
1.062570977956056595e-02
1.054137572646141052e-02
1.069755759090185165e-02
9.917370043694972992e-03
9.374264627695083618e-03
9.585169143974781036e-03
9.256293065845966339e-03
9.392128325998783112e-03
1.061183586716651917e-02
1.125429011881351471e-02
1.049344707280397415e-02
9.944216348230838776e-03
1.043121423572301865e-02
1.134933810681104660e-02
1.051093731075525284e-02
1.015937048941850662e-02
9.142844006419181824e-03
8.972950279712677002e-03
8.377618156373500824e-03
9.169592522084712982e-03
9.093915112316608429e-03
8.635980077087879181e-03
8.818990550935268402e-03
8.422828279435634613e-03
8.183217607438564301e-03
8.949378505349159241e-03
8.917922154068946838e-03
8.691280148923397064e-03
8.539300411939620972e-03
8.664349094033241272e-03
8.582445792853832245e-03
9.498578496277332306e-03
8.821166120469570160e-03
8.224343881011009216e-03
7.944253273308277130e-03
8.285517804324626923e-03
7.498916704207658768e-03
7.500219158828258514e-03
8.222549222409725189e-03
7.595524191856384277e-03
7.855024188756942749e-03
8.477696217596530914e-03
8.695511147379875183e-03
8.712516166269779205e-03
8.382446132600307465e-03
8.927849121391773224e-03
8.742881938815116882e-03
8.747387677431106567e-03
8.983293548226356506e-03
8.719285018742084503e-03
8.737017400562763214e-03
9.219416417181491852e-03
9.750501252710819244e-03
9.606484323740005493e-03
1.026937551796436310e-02
9.199833497405052185e-03
9.024714119732379913e-03
9.564913809299468994e-03
1.026373822242021561e-02
9.503934532403945923e-03
9.249104186892509460e-03
9.256282821297645569e-03
1.012823358178138733e-02
1.106223464012145996e-02
1.070756465196609497e-02
1.143150683492422104e-02
1.048510149121284485e-02
1.136523950845003128e-02
1.082371734082698822e-02
1.073504425585269928e-02
9.989031590521335602e-03
9.694512002170085907e-03
8.866197429597377777e-03
9.470786899328231812e-03
9.968765079975128174e-03
9.573371149599552155e-03
8.978186175227165222e-03
9.969611652195453644e-03
9.010858833789825439e-03
9.302433580160140991e-03
8.895444683730602264e-03
9.885345585644245148e-03
9.181760251522064209e-03
9.004823863506317139e-03
9.433420374989509583e-03
8.867767639458179474e-03
8.584856055676937103e-03
8.464047685265541077e-03
8.424856700003147125e-03
8.922299370169639587e-03
9.295319207012653351e-03
9.147816337645053864e-03
8.728605695068836212e-03
8.763667196035385132e-03
9.835910983383655548e-03
9.333051741123199463e-03
9.004722349345684052e-03
9.026924148201942444e-03
8.735496550798416138e-03
8.471012115478515625e-03
9.387001395225524902e-03
1.013433746993541718e-02
9.366585873067378998e-03
8.732301183044910431e-03
8.552111685276031494e-03
9.061092510819435120e-03
9.186384268105030060e-03
9.174733422696590424e-03
7.690540980547666550e-03
8.295552805066108704e-03
8.017152547836303711e-03
7.465742062777280807e-03
7.645294535905122757e-03
7.549223955720663071e-03
8.046239614486694336e-03
8.094226010143756866e-03
7.906445302069187164e-03
7.602748461067676544e-03
7.537562400102615356e-03
8.359633386135101318e-03
8.533335290849208832e-03
8.609840646386146545e-03
8.825495839118957520e-03
8.274187333881855011e-03
8.431316353380680084e-03
7.955709472298622131e-03
7.950030267238616943e-03
8.942798711359500885e-03
9.240290150046348572e-03
