7.391852792352437973e-03
6.602039560675621033e-03
7.375056389719247818e-03
6.487120408564805984e-03
6.610140204429626465e-03
7.210162002593278885e-03
6.759954616427421570e-03
7.032145746052265167e-03
6.835944019258022308e-03
6.697631906718015671e-03
6.862099748104810715e-03
8.476476185023784637e-03
9.493766352534294128e-03
1.228145975619554520e-02
1.250710058957338333e-02
1.152530219405889511e-02
1.128039136528968811e-02
1.049745548516511917e-02
1.134051289409399033e-02
8.906464092433452606e-03
9.274832904338836670e-03
9.041937999427318573e-03
8.330674842000007629e-03
9.088202379643917084e-03
8.887151256203651428e-03
9.176013059914112091e-03
8.599629625678062439e-03
8.404552936553955078e-03
8.582769893109798431e-03
8.757487870752811432e-03
8.770225569605827332e-03
9.220476262271404266e-03
1.009171921759843826e-02
1.040811091661453247e-02
9.483532048761844635e-03
9.051213040947914124e-03
7.491604425013065338e-03
7.681287825107574463e-03
7.222479209303855896e-03
6.941594649106264114e-03
7.617599796503782272e-03
7.146048359572887421e-03
7.159052882343530655e-03
7.280645426362752914e-03
7.705123629420995712e-03
7.380270399153232574e-03
6.993373855948448181e-03
6.785719655454158783e-03
6.766556762158870697e-03
6.679165177047252655e-03
6.883962545543909073e-03
6.787010002881288528e-03
6.963679566979408264e-03
7.665653247386217117e-03
7.386855781078338623e-03
8.517591282725334167e-03
8.570277132093906403e-03
7.269821129739284515e-03
7.980440743267536163e-03
7.345301099121570587e-03
7.216253783553838730e-03
7.540917024016380310e-03
7.307915017008781433e-03
8.136461488902568817e-03
7.304656319320201874e-03
7.766603492200374603e-03
7.618691772222518921e-03
7.758205756545066833e-03
7.772233337163925171e-03
8.835187181830406189e-03
7.739970926195383072e-03
7.904979400336742401e-03
7.298842538148164749e-03
7.425432093441486359e-03
7.160531356930732727e-03
7.637262344360351562e-03
8.493558503687381744e-03
9.101646952331066132e-03
8.092454634606838226e-03
8.058303967118263245e-03
8.086189627647399902e-03
7.541691884398460388e-03
8.056320250034332275e-03
7.780682761222124100e-03
7.375227287411689758e-03
7.244412787258625031e-03
7.258469704538583755e-03
7.341615855693817139e-03
8.029474876821041107e-03
7.406281307339668274e-03
7.520403712987899780e-03
7.528762798756361008e-03
7.922282442450523376e-03
7.736371830105781555e-03
7.863612845540046692e-03
7.267378270626068115e-03
8.236452937126159668e-03
7.215608377009630203e-03
7.951026782393455505e-03
7.776990067213773727e-03
