1.437182307243347168e+00
1.701712965965270996e+00
1.311915993690490723e+00
1.825659394264221191e+00
9.653812646865844727e-01
7.251665592193603516e-01
9.195933938026428223e-01
1.067364692687988281e+00
1.097636103630065918e+00
1.353613734245300293e+00
1.154342651367187500e+00
1.370538115501403809e+00
1.359403252601623535e+00
1.519431233406066895e+00
1.110556006431579590e+00
1.192659378051757812e+00
1.504298329353332520e+00
2.040441036224365234e+00
2.389825820922851562e+00
1.422499299049377441e+00
1.729762911796569824e+00
1.366350531578063965e+00
8.264042139053344727e-01
7.896944880485534668e-01
8.143311738967895508e-01
9.488306641578674316e-01
9.779720306396484375e-01
9.260126352310180664e-01
1.278848528861999512e+00
1.311936020851135254e+00
1.333595395088195801e+00
1.428236842155456543e+00
1.032319307327270508e+00
1.124513387680053711e+00
1.026036620140075684e+00
1.235318899154663086e+00
2.619129180908203125e+00
1.971125841140747070e+00
2.305786848068237305e+00
1.512225270271301270e+00
9.638537764549255371e-01
9.006207585334777832e-01
1.018802762031555176e+00
1.033161520957946777e+00
3.292245864868164062e+00
1.032127380371093750e+00
1.242854952812194824e+00
1.318465352058410645e+00
1.196835279464721680e+00
1.152553558349609375e+00
9.316533803939819336e-01
6.531476378440856934e-01
1.185356497764587402e+00
1.465375781059265137e+00
2.186146497726440430e+00
2.182013750076293945e+00
2.082106828689575195e+00
8.644973039627075195e-01
4.935637414455413818e-01
4.397709667682647705e-01
4.280806183815002441e-01
4.046971797943115234e-01
5.061036944389343262e-01
4.665928781032562256e-01
5.450806021690368652e-01
4.392356276512145996e-01
4.801542162895202637e-01
4.108150601387023926e-01
3.657603859901428223e-01
3.159938156604766846e-01
2.974414229393005371e-01
2.967695295810699463e-01
2.961045801639556885e-01
3.299874067306518555e-01
3.136071264743804932e-01
3.037120103836059570e-01
3.069858253002166748e-01
3.079569935798645020e-01
2.839375436305999756e-01
2.991929352283477783e-01
2.995603084564208984e-01
3.183453679084777832e-01
2.977348864078521729e-01
3.457154035568237305e-01
4.317883849143981934e-01
6.168167591094970703e-01
7.683605551719665527e-01
7.101878523826599121e-01
6.776434183120727539e-01
7.472956776618957520e-01
7.372910976409912109e-01
6.757663488388061523e-01
8.449171781539916992e-01
1.406916379928588867e+00
1.230124950408935547e+00
2.569530487060546875e+00
1.896518707275390625e+00
1.430066823959350586e+00
6.999475955963134766e-01
7.371250391006469727e-01
