4.617289453744888306e-02
2.859237045049667358e-02
2.050193212926387787e-02
3.910708054900169373e-02
3.115053847432136536e-02
4.386373609304428101e-02
6.529431045055389404e-02
6.924464553594589233e-02
6.417746841907501221e-02
8.216693997383117676e-02
5.910145118832588196e-02
7.027266174554824829e-02
6.972891837358474731e-02
9.915338456630706787e-02
7.095817476511001587e-02
6.020370870828628540e-02
6.341923773288726807e-02
6.340853124856948853e-02
5.038217455148696899e-02
2.212430350482463837e-02
2.595534548163414001e-02
3.262425959110260010e-02
3.978733718395233154e-02
5.334585532546043396e-02
5.545853823423385620e-02
5.195947736501693726e-02
5.587657541036605835e-02
4.886548593640327454e-02
6.827276945114135742e-02
7.060143351554870605e-02
7.795164734125137329e-02
9.130346029996871948e-02
7.261376082897186279e-02
6.450847536325454712e-02
5.609980598092079163e-02
4.472957924008369446e-02
6.434076279401779175e-02
2.360661514103412628e-02
2.991515770554542542e-02
3.413086012005805969e-02
4.594544321298599243e-02
6.427650153636932373e-02
6.941580772399902344e-02
6.263975054025650024e-02
5.503727495670318604e-02
5.838166177272796631e-02
6.582076102495193481e-02
8.359415829181671143e-02
7.420148700475692749e-02
8.480006456375122070e-02
5.040304735302925110e-02
3.587415069341659546e-02
4.402441903948783875e-02
4.635899513959884644e-02
2.700688503682613373e-02
2.627481333911418915e-02
2.841896936297416687e-02
2.886924520134925842e-02
2.962053194642066956e-02
2.687863819301128387e-02
2.375241741538047791e-02
2.050805278122425079e-02
2.639961056411266327e-02
2.379428967833518982e-02
3.310658782720565796e-02
2.131017483770847321e-02
2.577636390924453735e-02
1.991815119981765747e-02
1.658308878540992737e-02
1.457354426383972168e-02
1.225509401410818100e-02
1.196715608239173889e-02
1.255698688328266144e-02
1.391092967242002487e-02
1.212874148041009903e-02
1.486396510154008865e-02
1.045595854520797729e-02
1.407402660697698593e-02
1.314327213913202286e-02
1.194736827164888382e-02
1.213285978883504868e-02
1.275673788040876389e-02
1.126551721245050430e-02
1.584726013243198395e-02
2.003237046301364899e-02
3.248375654220581055e-02
4.656276851892471313e-02
3.880228847265243530e-02
4.298122972249984741e-02
4.994115605950355530e-02
5.218511819839477539e-02
4.091354832053184509e-02
4.187237843871116638e-02
4.489267989993095398e-02
2.977926470339298248e-02
2.699232473969459534e-02
2.586629986763000488e-02
3.823753818869590759e-02
4.181725159287452698e-02
4.721362516283988953e-02
