7.688248064368963242e-03
8.441936224699020386e-03
9.395521134138107300e-03
7.951474748551845551e-03
7.764803245663642883e-03
8.430304937064647675e-03
7.380928378552198410e-03
7.167037110775709152e-03
8.081794716417789459e-03
1.196548622101545334e-02
1.267696358263492584e-02
1.611181721091270447e-02
1.328703295439481735e-02
1.139790564775466919e-02
8.875780738890171051e-03
1.098756492137908936e-02
1.078539900481700897e-02
1.449150871485471725e-02
1.180417276918888092e-02
1.178193651139736176e-02
9.388500824570655823e-03
1.166091673076152802e-02
1.083321031183004379e-02
1.203524414449930191e-02
8.583986200392246246e-03
1.012717932462692261e-02
9.709077887237071991e-03
9.185794740915298462e-03
1.055546384304761887e-02
1.056181732565164566e-02
8.627397008240222931e-03
8.210389874875545502e-03
9.146724827587604523e-03
1.073579676449298859e-02
1.263832487165927887e-02
1.022376026958227158e-02
8.883247151970863342e-03
9.014389477670192719e-03
7.936116307973861694e-03
8.778668940067291260e-03
8.274978958070278168e-03
9.335053153336048126e-03
8.725982159376144409e-03
7.594723720103502274e-03
8.388795889914035797e-03
1.067284122109413147e-02
8.092827163636684418e-03
7.217908743768930435e-03
8.843862451612949371e-03
9.544439613819122314e-03
1.024124491959810257e-02
1.028890535235404968e-02
1.151998341083526611e-02
1.231602951884269714e-02
1.237107999622821808e-02
1.184822991490364075e-02
1.139801368117332458e-02
1.015130616724491119e-02
1.026036776602268219e-02
9.026750922203063965e-03
9.054598398506641388e-03
9.056919254362583160e-03
9.133573621511459351e-03
7.996342144906520844e-03
8.077125996351242065e-03
7.300950586795806885e-03
9.169676341116428375e-03
1.077685877680778503e-02
9.491356089711189270e-03
9.875101037323474884e-03
8.844056166708469391e-03
9.978353045880794525e-03
8.662994951009750366e-03
9.336460381746292114e-03
8.459363132715225220e-03
8.606511168181896210e-03
9.471483528614044189e-03
1.195140369236469269e-02
1.016648672521114349e-02
8.366208523511886597e-03
9.695380926132202148e-03
8.705522865056991577e-03
7.986379787325859070e-03
7.470960263162851334e-03
7.771061267703771591e-03
7.471743505448102951e-03
7.133739069104194641e-03
7.378515321761369705e-03
8.771175518631935120e-03
7.418515160679817200e-03
8.169599808752536774e-03
9.611244313418865204e-03
1.093600224703550339e-02
1.100673433393239975e-02
9.035093709826469421e-03
9.765322320163249969e-03
1.163446810096502304e-02
1.039329357445240021e-02
1.082776859402656555e-02
1.004764623939990997e-02
