2.600165903568267822e-01
2.132266908884048462e-01
2.997913360595703125e-01
3.324093520641326904e-01
1.269444179534912109e+01
2.648952305316925049e-01
3.182264566421508789e-01
3.581320047378540039e-01
3.267763853073120117e-01
4.244461953639984131e-01
4.637603759765625000e-01
5.439722537994384766e-01
6.609597802162170410e-01
1.058959126472473145e+00
8.827930688858032227e-01
4.822204411029815674e-01
5.333824157714843750e-01
2.934090495109558105e-01
3.979432284832000732e-01
6.342421174049377441e-01
3.723190689086914062e+01
4.558860361576080322e-01
2.397772669792175293e-01
3.104225099086761475e-01
3.345465958118438721e-01
3.675658702850341797e-01
5.195190310478210449e-01
2.946673631668090820e-01
5.579609274864196777e-01
6.644240617752075195e-01
3.910867571830749512e-01
1.075341939926147461e+00
2.313761711120605469e+00
3.901774287223815918e-01
2.466148734092712402e-01
2.698961496353149414e-01
2.028205990791320801e-01
1.954963654279708862e-01
2.185643911361694336e+00
3.066912293434143066e-01
2.298336791992187500e+01
4.226433336734771729e-01
3.864363729953765869e-01
3.186544477939605713e-01
1.701693654060363770e+00
2.868043780326843262e-01
5.852029323577880859e-01
2.957924902439117432e-01
4.380488991737365723e-01
7.830713391304016113e-01
3.691615164279937744e-01
3.062408268451690674e-01
4.409658312797546387e-01
3.709540665149688721e-01
4.224059283733367920e-01
1.845425605773925781e+00
3.572184145450592041e-01
2.256338298320770264e-01
1.213708639144897461e+00
2.056921720504760742e+00
2.769089341163635254e-01
2.488842755556106567e-01
4.233272373676300049e-01
3.030299246311187744e-01
3.074622154235839844e-01
3.203351795673370361e-01
3.063174784183502197e-01
3.363561332225799561e-01
3.122498393058776855e-01
3.025589287281036377e-01
2.874479889869689941e-01
2.856024801731109619e-01
2.873001694679260254e-01
3.030836582183837891e-01
2.901386022567749023e-01
2.879455983638763428e-01
3.182705938816070557e-01
3.028037250041961670e-01
2.787174582481384277e-01
3.062901198863983154e-01
2.990699410438537598e-01
3.525611758232116699e-01
2.887036204338073730e-01
3.484598398208618164e-01
3.046297430992126465e-01
3.298141658306121826e-01
5.223403573036193848e-01
3.041209280490875244e-01
2.949195504188537598e-01
4.061346352100372314e-01
3.488030731678009033e-01
4.044115543365478516e-01
3.146719932556152344e-01
3.573043048381805420e-01
2.158401310443878174e-01
1.504357814788818359e+00
6.840361356735229492e-01
2.373833209276199341e-01
6.432343125343322754e-01
3.176992535591125488e-01
