1.160121522843837738e-02
2.849556878209114075e-02
1.127227209508419037e-02
2.393485419452190399e-02
1.806993782520294189e-02
9.794671088457107544e-03
7.770565804094076157e-03
8.914181962609291077e-03
1.252801623195409775e-02
9.971414692699909210e-03
1.337421126663684845e-02
1.342365238815546036e-02
1.937444880604743958e-02
6.422966718673706055e-02
2.416384965181350708e-02
1.872476562857627869e-02
1.364512275904417038e-02
9.910131804645061493e-03
1.257751509547233582e-02
2.426439896225929260e-02
2.593009546399116516e-02
6.200757622718811035e-02
1.742365397512912750e-02
1.141082867980003357e-02
8.206170983612537384e-03
1.052253600209951401e-02
9.760666638612747192e-03
1.112159900367259979e-02
2.675728313624858856e-02
1.083140261471271515e-02
1.390454918146133423e-02
5.641638487577438354e-02
2.496347390115261078e-02
1.970805227756500244e-02
1.207141764461994171e-02
1.666853204369544983e-02
1.097682956606149673e-02
1.240628492087125778e-02
2.265916764736175537e-02
1.766959391534328461e-02
1.095057558268308640e-02
8.881329558789730072e-03
8.830058388411998749e-03
1.320331450551748276e-02
8.175328373908996582e-03
1.105195283889770508e-02
2.225792780518531799e-02
1.190442685037851334e-02
1.706915348768234253e-02
3.393545746803283691e-02
1.830038055777549744e-02
1.224516052752733231e-02
1.419796422123908997e-02
1.042355410754680634e-02
1.054048817604780197e-02
1.066441927105188370e-02
1.582099497318267822e-02
9.795521385967731476e-03
2.915743179619312286e-02
1.184860244393348694e-02
8.695487864315509796e-03
7.728524506092071533e-03
8.830907754600048065e-03
8.998368866741657257e-03
7.977330125868320465e-03
7.827974855899810791e-03
8.879114873707294464e-03
9.477734565734863281e-03
7.947048172354698181e-03
9.548229165375232697e-03
8.500580675899982452e-03
8.055489510297775269e-03
8.292928338050842285e-03
8.957921527326107025e-03
7.651897612959146500e-03
8.606887422502040863e-03
7.858213968575000763e-03
7.758293300867080688e-03
8.044932037591934204e-03
7.542079780250787735e-03
8.319632150232791901e-03
9.256385266780853271e-03
8.652618154883384705e-03
8.016756735742092133e-03
8.077005855739116669e-03
8.929784409701824188e-03
1.102750562131404877e-02
1.149230636656284332e-02
1.689475215971469879e-02
1.382599771022796631e-02
1.259982399642467499e-02
1.589780300855636597e-02
8.753260597586631775e-03
1.461087819188833237e-02
1.379220467060804367e-02
1.051407121121883392e-02
6.163651496171951294e-02
1.062222793698310852e-01
1.933969557285308838e-02
1.081423368304967880e-02
