6.726299412548542023e-03
6.945841014385223389e-03
6.453812588006258011e-03
7.354377768933773041e-03
6.948764435946941376e-03
6.595073733478784561e-03
6.685574073344469070e-03
8.546517230570316315e-03
7.775389123708009720e-03
6.709602195769548416e-03
1.030549965798854828e-02
6.838269066065549850e-03
6.728814449161291122e-03
6.744476035237312317e-03
6.402469240128993988e-03
7.023309357464313507e-03
7.090737577527761459e-03
6.679432000964879990e-03
6.725988816469907761e-03
6.936141289770603180e-03
7.164739072322845459e-03
6.829280871897935867e-03
1.306854002177715302e-02
6.641902960836887360e-03
7.073873188346624374e-03
9.421111084520816803e-03
7.917786017060279846e-03
7.145850360393524170e-02
6.357272714376449585e-02
6.693367660045623779e-02
7.282610051333904266e-03
7.294984534382820129e-03
7.673487067222595215e-03
7.536387071013450623e-03
7.000715006142854691e-03
6.304672919213771820e-03
1.932238601148128510e-02
7.055837195366621017e-03
2.953953854739665985e-02
2.060281857848167419e-02
6.648371461778879166e-03
7.802886888384819031e-03
6.359992083162069321e-03
6.189388222992420197e-03
6.465113721787929535e-03
6.788373459130525589e-03
6.975071504712104797e-03
3.547127172350883484e-02
2.244704775512218475e-02
6.453824229538440704e-03
7.575072813779115677e-03
4.337708652019500732e-02
1.111311372369527817e-02
1.141994073987007141e-02
8.249524049460887909e-03
1.277971547096967697e-02
8.206661790609359741e-03
6.624258588999509811e-03
8.431079797446727753e-03
7.021727971732616425e-03
8.134927600622177124e-03
7.136119063943624496e-03
6.979967001825571060e-03
7.278992794454097748e-03
7.565758656710386276e-03
1.044410094618797302e-02
7.761664222925901413e-03
8.681678213179111481e-03
1.100329868495464325e-02
6.941837258636951447e-03
7.727967575192451477e-03
6.745233666151762009e-03
6.860034540295600891e-03
1.177583821117877960e-02
8.967643603682518005e-03
7.218847516924142838e-03
7.150068879127502441e-03
8.923966437578201294e-03
1.177046634256839752e-02
7.087713573127985001e-03
6.850919686257839203e-03
7.738383021205663681e-03
8.722523227334022522e-03
8.345958776772022247e-03
6.541384384036064148e-03
6.863474380224943161e-03
7.217997685074806213e-03
8.198836818337440491e-03
7.474848534911870956e-03
1.101086474955081940e-02
8.915803395211696625e-03
7.683229632675647736e-03
1.456373091787099838e-02
6.749877240508794785e-03
9.397708810865879059e-03
7.351221051067113876e-03
6.737689953297376633e-03
6.262880750000476837e-03
7.819327525794506073e-03
1.781586930155754089e-02
