5.659703016281127930e-01
2.014857828617095947e-01
2.321706563234329224e-01
2.659240663051605225e-01
2.651039958000183105e-01
2.635200619697570801e-01
3.093323409557342529e-01
3.614121377468109131e-01
3.264193236827850342e-01
3.069626092910766602e-01
4.572392106056213379e-01
4.125741720199584961e-01
3.959382772445678711e-01
5.120537281036376953e-01
6.886445283889770508e-01
5.845886468887329102e-01
2.627394199371337891e-01
2.999999999999999889e-01
1.856087595224380493e-01
1.950599700212478638e-01
8.853068947792053223e-01
2.510568201541900635e-01
8.344210982322692871e-01
2.861555814743041992e-01
3.179933428764343262e-01
3.522558808326721191e-01
3.053760528564453125e-01
2.922141253948211670e-01
8.507125973701477051e-01
3.923084437847137451e-01
9.824865460395812988e-01
2.999999999999999889e-01
9.178900122642517090e-01
2.966428399085998535e-01
2.521690726280212402e-01
4.024914801120758057e-01
2.999999999999999889e-01
2.422946393489837646e-01
3.073685467243194580e-01
2.952723801136016846e-01
2.588468492031097412e-01
3.114742040634155273e-01
3.557896614074707031e-01
3.202576339244842529e-01
3.019385337829589844e-01
2.850301861763000488e-01
3.772411644458770752e-01
2.999999999999999889e-01
3.222079575061798096e-01
5.553236603736877441e-01
3.466148078441619873e-01
2.710877358913421631e-01
5.622364282608032227e-01
2.920466363430023193e-01
2.733626365661621094e-01
2.426059395074844360e-01
2.536850571632385254e-01
2.198738157749176025e-01
2.216530293226242065e-01
2.508843839168548584e-01
2.742749154567718506e-01
2.500894665718078613e-01
2.939227223396301270e-01
3.017053902149200439e-01
3.082287311553955078e-01
2.982464432716369629e-01
3.299721777439117432e-01
4.210532903671264648e-01
3.126911818981170654e-01
3.024584949016571045e-01
2.919941842555999756e-01
2.849071919918060303e-01
2.875929474830627441e-01
3.106906414031982422e-01
3.157708942890167236e-01
2.904409170150756836e-01
2.961158156394958496e-01
3.002150356769561768e-01
2.784667313098907471e-01
2.940912544727325439e-01
2.909348607063293457e-01
3.106059134006500244e-01
2.983185648918151855e-01
3.003228008747100830e-01
2.986458837985992432e-01
3.020436763763427734e-01
3.193927109241485596e-01
3.203389048576354980e-01
2.890506684780120850e-01
3.388996124267578125e-01
3.472124934196472168e-01
2.504552900791168213e-01
2.711784243583679199e-01
4.801239073276519775e-01
2.102703452110290527e-01
9.378651976585388184e-01
2.999999999999999889e-01
2.999999999999999889e-01
7.118670344352722168e-01
3.363543152809143066e-01
